"STATION","DATE","LATITUDE","LONGITUDE","ELEVATION","NAME","CDSD","CDSD_ATTRIBUTES","CLDD","CLDD_ATTRIBUTES","DP01","DP01_ATTRIBUTES","DP10","DP10_ATTRIBUTES","DP1X","DP1X_ATTRIBUTES","DT00","DT00_ATTRIBUTES","DT32","DT32_ATTRIBUTES","DX32","DX32_ATTRIBUTES","DX70","DX70_ATTRIBUTES","DX90","DX90_ATTRIBUTES","EMNT","EMNT_ATTRIBUTES","EMXP","EMXP_ATTRIBUTES","EMXT","EMXT_ATTRIBUTES","HDSD","HDSD_ATTRIBUTES","HTDD","HTDD_ATTRIBUTES","PRCP","PRCP_ATTRIBUTES","TAVG","TAVG_ATTRIBUTES","TMAX","TMAX_ATTRIBUTES","TMIN","TMIN_ATTRIBUTES"
"ASN00017096","1972-12","-28.1125","140.2102","39.0","MOOMBA, AS","","","397.4",",a","1",",a","0",",a","0",",a","0",",a","0",",a","0",",a","31",",a","29",",a","13.5",",a,10,","1.0",",,a,26,","49.1",",a,23,","","","0.0",",a","1.0",",,,a","31.15",",a","40.43",",,,a","21.87",",,,a"
"ASN00017096","1973-01","-28.1125","140.2102","39.0","MOOMBA, AS","","","446.2",",a","2",",a","2",",a","0",",a","0",",a","0",",a","0",",a","31",",a","29",",a","16.5",",a,15,","12.2",",,a,28,","47.8",",a,03,","0.0","a","0.0",",a","15.8",",,,a","32.73",",a","39.89",",,,a","25.56",",,,a"
"ASN00017096","1973-02","-28.1125","140.2102","39.0","MOOMBA, AS","","","304.3",",a","8",",a","1",",a","0",",a","0",",a","0",",a","0",",a","28",",a","20",",a","17.6",",a,09,","15.5",",,a,10,","43.7",",a,03,","0.0","a","0.0",",a","22.4",",,,a","29.20",",a","34.85",",,,a","23.55",",,,a"
"ASN00017096","1973-03","-28.1125","140.2102","39.0","MOOMBA, AS","","","274.9",",a","2",",a","1",",a","0",",a","0",",a","0",",a","0",",a","31",",a","23",",a","9.4",",a,30,","3.8",",,a,30,","42.5",",a,12,+","4.0","a","4.0",",a","4.3",",,,a","27.07",",a","34.35",",,,a","19.79",",,,a"
"ASN00017096","1973-04","-28.1125","140.2102","39.0","MOOMBA, AS","","","138.9","2,a","2",",a","2",",a","0",",a","0","1,a","0","1,a","0","1,a","29","1,a","15","1,a","8.0","1,a,02,","15.0",",,a,26,","35.5","1,a,17,","5.5","a","1.5","1,a","25.9",",,,a","23.39","2,a","30.45","1,,,a","16.33","1,,,a"
"ASN00017096","1973-05","-28.1125","140.2102","39.0","MOOMBA, AS","","","43.8",",a","1",",a","1",",a","0",",a","0",",a","0",",a","0",",a","25",",a","1",",a","5.4",",a,16,","3.0",",,a,01,","32.2",",a,09,","42.1","a","36.6",",a","3.0",",,,a","18.56",",a","25.42",",,,a","11.71",",,,a"
"ASN00017096","1973-06","-28.1125","140.2102","39.0","MOOMBA, AS","","","10.9",",a","6",",a","3",",a","0",",a","0",",a","0",",a","0",",a","9",",a","0",",a","3.5",",a,16,","8.9",",,a,25,","27.8",",a,01,","184.8","a","142.7",",a","25.3",",,,a","13.94",",a","19.16",",,,a","8.72",",,,a"
"ASN00017096","1973-07","-28.1125","140.2102","39.0","MOOMBA, AS","3.5","a","3.5",",a","3",",a","1",",a","0",",a","0",",a","0",",a","0",",a","14",",a","0",",a","3.3",",a,23,","4.3",",,a,17,","27.0",",a,15,","289.9","a","105.1",",a","5.6",",,,a","15.05",",a","20.97",",,,a","9.14",",,,a"
"ASN00017096","1973-08","-28.1125","140.2102","39.0","MOOMBA, AS","11.6","a","8.1",",a","6",",a","5",",a","0",",a","0",",a","0",",a","0",",a","7",",a","0",",a","3.7",",a,10,+","12.7",",,a,17,","32.0",",a,06,","423.2","a","133.3",",a","42.0",",,,a","14.29",",a","20.35",",,,a","8.24",",,,a"
"ASN00017096","1973-09","-28.1125","140.2102","39.0","MOOMBA, AS","61.7","a","50.1",",a","1",",a","0",",a","0",",a","0",",a","0",",a","0",",a","25",",a","3",",a","5.0",",a,05,","1.3",",,a,01,","37.7",",a,30,","466.0","a","42.8",",a","1.3",",,,a","18.58",",a","26.20",",,,a","10.95",",,,a"
"ASN00017096","1973-10","-28.1125","140.2102","39.0","MOOMBA, AS","200.7","a","139.0",",a","5",",a","3",",a","0",",a","0",",a","0",",a","0",",a","31",",a","9",",a","7.6",",a,10,","24.9",",,a,26,","39.0",",a,25,","472.7","a","6.7",",a","36.8",",,,a","22.60",",a","29.60",",,,a","15.61",",,,a"
"ASN00017096","1973-11","-28.1125","140.2102","39.0","MOOMBA, AS","396.1","a","195.4",",a","4",",a","2",",a","0",",a","0",",a","0",",a","0",",a","30",",a","13",",a","12.0",",a,29,","10.2",",,a,02,","41.0",",a,20,","472.7","a","0.0",",a","20.2",",,,a","24.85",",a","31.96",",,,a","17.73",",,,a"
"ASN00017096","1973-12","-28.1125","140.2102","39.0","MOOMBA, AS","713.7","a","317.6",",a","6",",a","3",",a","0",",a","0",",a","0",",a","0",",a","31",",a","23",",a","14.3",",a,06,","15.0",",,a,31,","42.8",",a,21,","472.7","a","0.0",",a","24.0",",,,a","28.58",",a","35.38",",,,a","21.78",",,,a"
"ASN00017096","1974-01","-28.1125","140.2102","39.0","MOOMBA, AS","997.6","a","283.9",",a","16",",a","14",",a","5",",a","0",",a","0",",a","0",",a","31",",a","17",",a","16.4",",a,08,","136.8",",,a,29,","38.8",",a,04,+","0.0","a","0.0",",a","439.4",",,,a","27.49",",a","32.40",",,,a","22.58",",,,a"
"ASN00017096","1974-02","-28.1125","140.2102","39.0","MOOMBA, AS","1305.7","a","308.1",",a","6",",a","6",",a","2",",a","0",",a","0",",a","0",",a","28",",a","22",",a","17.9",",a,07,","55.2",",,a,19,","41.3",",a,05,","0.0","a","0.0",",a","105.2",",,,a","29.34",",a","36.05",",,,a","22.63",",,,a"
"ASN00017096","1974-03","-28.1125","140.2102","39.0","MOOMBA, AS","","","","","0",",a","0",",a","0",",a","","","","","0",",a","31",",a","23",",a","","","0.0",",,a,31,+","42.1",",a,10,","","","","","0.0",",,,a","","","34.83",",,,a","",""
"ASN00017096","1974-04","-28.1125","140.2102","39.0","MOOMBA, AS","","","109.0",",a","7",",a","7",",a","1",",a","0",",a","0",",a","0",",a","29",",a","4",",a","9.8",",a,30,","30.8",",,a,18,","36.5",",a,01,","","","5.6",",a","109.5",",,,a","21.78",",a","26.59",",,,a","16.96",",,,a"
"ASN00017096","1974-05","-28.1125","140.2102","39.0","MOOMBA, AS","","","21.6",",a","7",",a","4",",a","1",",a","0",",a","0",",a","0",",a","12",",a","0",",a","4.6",",a,30,","46.8",",,a,09,","26.2",",a,07,","","","93.3",",a","87.2",",,,a","16.02",",a","20.66",",,,a","11.38",",,,a"
"ASN00017096","1974-06","-28.1125","140.2102","39.0","MOOMBA, AS","","","0.0",",a","0",",a","0",",a","0",",a","0",",a","0",",a","0",",a","5",",a","0",",a","0.7",",a,21,+","0.0",",,a,30,+","25.0",",a,28,","","","186.8",",a","0.0",",,,a","12.11",",a","18.77",",,,a","5.44",",,,a"
"ASN00017096","1974-07","-28.1125","140.2102","39.0","MOOMBA, AS","0.5","a","0.5",",a","3",",a","1",",a","0",",a","0",",a","0",",a","0",",a","11",",a","0",",a","2.6",",a,10,","4.0",",,a,07,","25.8",",a,17,","","","157.7",",a","5.2",",,,a","13.26",",a","19.78",",,,a","6.75",",,,a"
"ASN00017096","1974-08","-28.1125","140.2102","39.0","MOOMBA, AS","0.5","a","0.0","2,a","4",",a","3",",a","0",",a","0","1,a","0","1,a","0","1,a","17","1,a","0","1,a","2.0","1,a,17,","13.2",",,a,24,","25.2","1,a,18,","","","131.4","1,a","28.6",",,,a","13.75","2,a","20.89","1,,,a","6.61","1,,,a"
"ASN00017096","1974-09","-28.1125","140.2102","39.0","MOOMBA, AS","9.6","a","9.1",",a","5",",a","2",",a","0",",a","0",",a","0",",a","0",",a","17",",a","0",",a","2.5",",a,21,","8.2",",,a,05,","32.0",",a,13,","","","93.1",",a","15.7",",,,a","15.53",",a","22.72",",,,a","8.34",",,,a"
"ASN00017096","1974-10","-28.1125","140.2102","39.0","MOOMBA, AS","99.7","a","90.1",",a","6",",a","5",",a","1",",a","0",",a","0",",a","0",",a","30",",a","4",",a","2.6",",a,20,","28.0",",,a,02,","36.8",",a,30,","","","15.9",",a","66.2",",,,a","20.73",",a","27.74",",,,a","13.72",",,,a"
"ASN00017096","1974-11","-28.1125","140.2102","39.0","MOOMBA, AS","264.2","a","164.5",",a","2",",a","2",",a","0",",a","0",",a","0",",a","0",",a","30",",a","13",",a","6.7",",a,03,","8.6",",,a,13,","42.3",",a,11,","","","3.8",",a","11.6",",,,a","23.69",",a","31.79",",,,a","15.59",",,,a"
"ASN00017096","1974-12","-28.1125","140.2102","39.0","MOOMBA, AS","526.5","a","262.3","2,a","1",",a","0",",a","0",",a","0","1,a","0","1,a","0","1,a","30","1,a","26","1,a","11.9","1,a,11,","0.6",",,a,28,","42.3","1,a,08,","","","0.0","1,a","0.6",",,,a","27.41","2,a","36.31","1,,,a","18.52","1,,,a"
"ASN00017096","1975-01","-28.1125","140.2102","39.0","MOOMBA, AS","806.7","a","280.2",",a","2",",a","2",",a","0",",a","0",",a","0",",a","0",",a","31",",a","25",",a","10.9",",a,11,","6.9",",,a,02,","45.6",",a,24,","0.0","a","0.0",",a","10.7",",,,a","27.37",",a","37.03",",,,a","17.72",",,,a"
"ASN00017096","1975-02","-28.1125","140.2102","39.0","MOOMBA, AS","1075.8","a","269.1",",a","7",",a","5",",a","1",",a","0",",a","0",",a","0",",a","28",",a","19",",a","14.4",",a,28,","26.6",",,a,13,","42.7",",a,03,","0.0","a","0.0",",a","62.8",",,,a","27.94",",a","34.89",",,,a","21.00",",,,a"
"ASN00017096","1975-03","-28.1125","140.2102","39.0","MOOMBA, AS","1265.9","a","190.1","3,a","1",",a","1",",a","0",",a","0","2,a","0","2,a","0","2,a","29","2,a","19","2,a","8.6","2,a,21,","3.0",",,a,17,","39.0","2,a,14,","1.8","a","1.8","2,a","3.2",",,,a","25.08","3,a","32.96","2,,,a","17.19","2,,,a"
"ASN00017096","1975-04","-28.1125","140.2102","39.0","MOOMBA, AS","1349.5","a","83.6",",a","1",",a","0",",a","0",",a","0",",a","0",",a","0",",a","30",",a","4",",a","9.9",",a,24,","1.8",",,a,22,","35.0",",a,05,","5.3","a","3.5",",a","1.8",",,,a","21.00",",a","28.83",",,,a","13.18",",,,a"
"ASN00017096","1975-05","-28.1125","140.2102","39.0","MOOMBA, AS","1376.0","a","26.5",",a","0",",a","0",",a","0",",a","0",",a","0",",a","0",",a","31",",a","0",",a","4.9",",a,24,","0.0",",,a,31,+","31.2",",a,21,","53.7","a","48.4",",a","0.0",",,,a","17.63",",a","25.77",",,,a","9.48",",,,a"
"ASN00017096","1975-06","-28.1125","140.2102","39.0","MOOMBA, AS","1376.1","a","0.1",",a","3",",a","1",",a","1",",a","0",",a","0",",a","0",",a","10",",a","0",",a","1.0",",a,16,","31.1",",,a,20,","28.0",",a,04,","209.4","a","155.7",",a","33.5",",,,a","13.15",",a","19.78",",,,a","6.51",",,,a"
"ASN00017096","1975-07","-28.1125","140.2102","39.0","MOOMBA, AS","6.5","a","6.5",",a","1",",a","1",",a","0",",a","0",",a","0",",a","0",",a","17",",a","0",",a","3.7",",a,05,","6.4",",,a,01,","29.7",",a,12,","325.9","a","116.5",",a","6.4",",,,a","14.79",",a","21.68",",,,a","7.89",",,,a"
"ASN00017096","1975-08","-28.1125","140.2102","39.0","MOOMBA, AS","11.5","a","5.0",",a","4",",a","2",",a","0",",a","0",",a","0",",a","0",",a","12",",a","0",",a","1.7",",a,17,","3.4",",,a,27,+","30.6",",a,26,","464.1","a","138.2",",a","9.6",",,,a","14.04",",a","21.05",",,,a","7.03",",,,a"
"ASN00017096","1975-09","-28.1125","140.2102","39.0","MOOMBA, AS","73.9","a","62.4",",a","7",",a","5",",a","0",",a","0",",a","0",",a","0",",a","23",",a","5",",a","2.3",",a,05,","15.4",",,a,23,","35.4",",a,17,","509.3","a","45.2",",a","37.4",",,,a","18.91",",a","25.79",",,,a","12.03",",,,a"
"ASN00017096","1975-10","-28.1125","140.2102","39.0","MOOMBA, AS","161.6","a","87.7",",a","5",",a","2",",a","1",",a","0",",a","0",",a","0",",a","30",",a","5",",a","9.4",",a,12,","49.0",",,a,23,","35.3",",a,29,","527.3","a","18.0",",a","60.0",",,,a","20.58",",a","27.47",",,,a","13.69",",,,a"
"ASN00017096","1975-11","-28.1125","140.2102","39.0","MOOMBA, AS","391.5","a","229.9",",a","2",",a","1",",a","0",",a","0",",a","0",",a","0",",a","29",",a","18",",a","13.1",",a,02,","8.3",",,a,05,","41.0",",a,29,","527.3","a","0.0",",a","9.3",",,,a","26.00",",a","33.70",",,,a","18.29",",,,a"
"ASN00017096","1975-12","-28.1125","140.2102","39.0","MOOMBA, AS","697.3","a","305.8",",a","9",",a","7",",a","2",",a","0",",a","0",",a","0",",a","31",",a","21",",a","14.5",",a,19,","80.2",",,a,13,","40.8",",a,09,","527.3","a","0.0",",a","173.8",",,,a","28.20",",a","34.05",",,,a","22.34",",,,a"
"ASN00017096","1976-01","-28.1125","140.2102","39.0","MOOMBA, AS","947.2","a","249.9",",a","4",",a","3",",a","0",",a","0",",a","0",",a","0",",a","31",",a","17",",a","13.2",",a,26,","18.4",",,a,11,","39.5",",a,08,","0.0","a","0.0",",a","37.8",",,,a","26.39",",a","32.59",",,,a","20.19",",,,a"
"ASN00017096","1976-02","-28.1125","140.2102","39.0","MOOMBA, AS","1196.8","a","249.6",",a","8",",a","5",",a","2",",a","0",",a","0",",a","0",",a","29",",a","17",",a","17.5",",a,11,","78.2",",,a,10,","38.6",",a,29,","0.0","a","0.0",",a","161.6",",,,a","26.94",",a","32.43",",,,a","21.45",",,,a"
"ASN00017096","1976-03","-28.1125","140.2102","39.0","MOOMBA, AS","1410.9","a","214.1",",a","3",",a","3",",a","0",",a","0",",a","0",",a","0",",a","31",",a","20",",a","12.6",",a,23,","12.6",",,a,20,","36.0",",a,16,","0.0","a","0.0",",a","33.6",",,,a","25.24",",a","31.87",",,,a","18.61",",,,a"
"ASN00017096","1976-04","-28.1125","140.2102","39.0","MOOMBA, AS","1496.4","a","85.5",",a","2",",a","1",",a","1",",a","0",",a","0",",a","0",",a","29",",a","4",",a","7.4",",a,29,","33.0",",,a,12,","35.6",",a,02,","19.4","a","19.4",",a","34.8",",,,a","20.53",",a","27.31",",,,a","13.76",",,,a"
"ASN00017096","1976-05","-28.1125","140.2102","39.0","MOOMBA, AS","1502.6","a","6.2",",a","0",",a","0",",a","0",",a","0",",a","0",",a","0",",a","22",",a","0",",a","4.9",",a,26,","0.0",",,a,31,+","29.0",",a,03,","108.3","a","88.9",",a","0.0",",,,a","15.67",",a","22.97",",,,a","8.36",",,,a"
"ASN00017096","1976-06","-28.1125","140.2102","39.0","MOOMBA, AS","1504.8","a","2.2",",a","0",",a","0",",a","0",",a","0",",a","0",",a","0",",a","11",",a","0",",a","2.2",",a,16,","0.0",",,a,30,+","27.5",",a,01,","269.8","a","161.5",",a","0.0",",,,a","13.02",",a","20.32",",,,a","5.72",",,,a"
"ASN00017096","1976-07","-28.1125","140.2102","39.0","MOOMBA, AS","0.0","a","0.0",",a","4",",a","2",",a","0",",a","0",",a","0",",a","0",",a","9",",a","0",",a","1.0",",a,20,","5.0",",,a,13,","25.0",",a,27,","460.1","a","190.3",",a","10.2",",,,a","12.20",",a","19.56",",,,a","4.83",",,,a"
"ASN00017096","1976-08","-28.1125","140.2102","39.0","MOOMBA, AS","6.9","a","6.9",",a","0",",a","0",",a","0",",a","0",",a","0",",a","0",",a","18",",a","0",",a","1.0",",a,15,","0.0",",,a,31,+","28.3",",a,30,+","601.4","a","141.3",",a","0.0",",,,a","14.00",",a","21.90",",,,a","6.09",",,,a"
"ASN00017096","1976-09","-28.1125","140.2102","39.0","MOOMBA, AS","18.8","a","11.9",",a","2",",a","1",",a","0",",a","0",",a","0",",a","0",",a","27",",a","0",",a","3.3",",a,10,","2.6",",,a,09,","32.0",",a,29,","652.8","a","51.4",",a","3.8",",,,a","17.02",",a","25.42",",,,a","8.61",",,,a"
"ASN00017096","1976-10","-28.1125","140.2102","39.0","MOOMBA, AS","87.8","a","69.0",",a","10",",a","6",",a","0",",a","0",",a","0",",a","0",",a","29",",a","3",",a","8.4",",a,18,","11.6",",,a,05,","35.4",",a,26,","680.0","a","27.2",",a","46.6",",,,a","19.68",",a","26.08",",,,a","13.27",",,,a"
"ASN00017096","1976-11","-28.1125","140.2102","39.0","MOOMBA, AS","276.1","a","188.3",",a","6",",a","2",",a","0",",a","0",",a","0",",a","0",",a","30",",a","15",",a","10.6",",a,03,","8.8",",,a,15,","40.6",",a,10,","681.0","a","1.0",",a","16.2",",,,a","24.58",",a","32.37",",,,a","16.79",",,,a"
"ASN00017096","1976-12","-28.1125","140.2102","39.0","MOOMBA, AS","599.8","a","323.7",",a","1",",a","0",",a","0",",a","0",",a","0",",a","0",",a","31",",a","28",",a","14.4",",a,01,","0.4",",,a,11,","44.4",",a,31,","681.0","a","0.0",",a","0.4",",,,a","28.77",",a","37.04",",,,a","20.51",",,,a"
"ASN00017096","1977-01","-28.1125","140.2102","39.0","MOOMBA, AS","938.0","a","338.2",",a","3",",a","3",",a","0",",a","0",",a","0",",a","0",",a","31",",a","26",",a","16.6",",a,15,","17.6",",,a,02,","44.4",",a,11,","0.0","a","0.0",",a","25.8",",,,a","29.24",",a","37.06",",,,a","21.42",",,,a"
"ASN00017096","1977-02","-28.1125","140.2102","39.0","MOOMBA, AS","1282.0","a","344.0",",a","4",",a","2",",a","0",",a","0",",a","0",",a","0",",a","28",",a","26",",a","18.0",",a,28,","3.4",",,a,19,","43.9",",a,01,","0.0","a","0.0",",a","10.3",",,,a","30.62",",a","37.69",",,,a","23.54",",,,a"
"ASN00017096","1977-03","-28.1125","140.2102","39.0","MOOMBA, AS","1521.9","a","239.9",",a","2",",a","1",",a","0",",a","0",",a","0",",a","0",",a","31",",a","21",",a","12.1",",a,18,","5.0",",,a,30,","38.5",",a,05,","0.0","a","0.0",",a","6.6",",,,a","26.07",",a","33.65",",,,a","18.50",",,,a"
"ASN00017096","1977-04","-28.1125","140.2102","39.0","MOOMBA, AS","1615.1","a","93.2",",a","1",",a","0",",a","0",",a","0",",a","0",",a","0",",a","30",",a","6",",a","8.2",",a,27,+","0.8",",,a,23,","35.5",",a,05,","5.9","a","5.9",",a","0.8",",,,a","21.25",",a","28.98",",,,a","13.51",",,,a"
"ASN00017096","1977-05","-28.1125","140.2102","39.0","MOOMBA, AS","1626.2","a","11.1",",a","3",",a","2",",a","0",",a","0",",a","0",",a","0",",a","22",",a","0",",a","4.2",",a,22,","18.2",",,a,27,","29.8",",a,04,","70.8","a","64.9",",a","22.8",",,,a","16.60",",a","23.15",",,,a","10.05",",,,a"
"ASN00017096","1977-06","-28.1125","140.2102","39.0","MOOMBA, AS","1628.1","a","1.9",",a","0",",a","0",",a","0",",a","0",",a","0",",a","0",",a","7",",a","0",",a","3.0",",a,29,","0.0",",,a,30,+","28.2",",a,17,","241.1","a","170.3",",a","0.0",",,,a","12.72",",a","19.00",",,,a","6.44",",,,a"
"ASN00017096","1977-07","-28.1125","140.2102","39.0","MOOMBA, AS","0.0","a","0.0",",a","0",",a","0",",a","0",",a","0",",a","0",",a","0",",a","9",",a","0",",a","0.1",",a,03,","0.0",",,a,31,+","25.4",",a,10,","435.8","a","194.7",",a","0.0",",,,a","12.05",",a","19.77",",,,a","4.33",",,,a"
"ASN00017096","1977-08","-28.1125","140.2102","39.0","MOOMBA, AS","21.6","a","21.6",",a","0",",a","0",",a","0",",a","0",",a","0",",a","0",",a","28",",a","1",",a","2.8",",a,01,","0.0",",,a,31,+","32.4",",a,20,","515.8","a","80.0",",a","0.0",",,,a","16.45",",a","25.56",",,,a","7.34",",,,a"
"ASN00017096","1977-09","-28.1125","140.2102","39.0","MOOMBA, AS","83.9","a","62.3",",a","1",",a","1",",a","0",",a","0",",a","0",",a","0",",a","20",",a","7",",a","4.4",",a,15,+","6.0",",,a,02,","36.2",",a,28,","583.4","a","67.6",",a","6.0",",,,a","18.15",",a","25.92",",,,a","10.39",",,,a"
"ASN00017096","1977-10","-28.1125","140.2102","39.0","MOOMBA, AS","269.0","a","185.1",",a","2",",a","1",",a","0",",a","0",",a","0",",a","0",",a","31",",a","15",",a","8.8",",a,17,","8.4",",,a,28,","41.2",",a,31,","583.6","a","0.2",",a","9.4",",,,a","24.30",",a","32.16",",,,a","16.44",",,,a"
"ASN00017096","1977-11","-28.1125","140.2102","39.0","MOOMBA, AS","506.7","a","237.7",",a","4",",a","4",",a","0",",a","0",",a","0",",a","0",",a","30",",a","19",",a","13.2",",a,16,","16.4",",,a,27,","41.7",",a,09,","583.6","a","0.0",",a","39.4",",,,a","26.26",",a","33.24",",,,a","19.27",",,,a"
"ASN00017096","1977-12","-28.1125","140.2102","39.0","MOOMBA, AS","848.4","a","341.7",",a","2",",a","1",",a","0",",a","0",",a","0",",a","0",",a","31",",a","28",",a","16.7",",a,02,","6.6",",,a,02,","42.7",",a,24,","583.6","a","0.0",",a","7.2",",,,a","29.35",",a","36.99",",,,a","21.72",",,,a"
"ASN00017096","1978-01","-28.1125","140.2102","39.0","MOOMBA, AS","1228.0","a","379.6",",a","3",",a","2",",a","0",",a","0",",a","0",",a","0",",a","31",",a","29",",a","14.7",",a,29,","4.0",",,a,24,","43.9",",a,02,","0.0","a","0.0",",a","8.4",",,,a","30.58",",a","37.95",",,,a","23.20",",,,a"
"ASN00017096","1978-02","-28.1125","140.2102","39.0","MOOMBA, AS","1586.6","a","358.6",",a","2",",a","1",",a","0",",a","0",",a","0",",a","0",",a","28",",a","27",",a","19.5",",a,24,","3.4",",,a,25,","42.0",",a,21,","0.0","a","0.0",",a","3.8",",,,a","31.14",",a","38.47",",,,a","23.81",",,,a"
"ASN00017096","1978-03","-28.1125","140.2102","39.0","MOOMBA, AS","1858.7","a","272.1",",a","2",",a","1",",a","0",",a","0",",a","0",",a","0",",a","31",",a","20",",a","13.3",",a,27,","4.2",",,a,30,","41.1",",a,13,","0.0","a","0.0",",a","5.8",",,,a","27.11",",a","34.00",",,,a","20.22",",,,a"
"ASN00017096","1978-04","-28.1125","140.2102","39.0","MOOMBA, AS","1938.1","a","79.4",",a","0",",a","0",",a","0",",a","0",",a","0",",a","0",",a","30",",a","7",",a","4.8",",a,28,","0.0",",,a,30,+","34.9",",a,21,","15.2","a","15.2",",a","0.0",",,,a","20.47",",a","28.45",",,,a","12.50",",,,a"
"ASN00017096","1978-05","-28.1125","140.2102","39.0","MOOMBA, AS","1979.5","a","41.4",",a","4",",a","3",",a","0",",a","0",",a","0",",a","0",",a","22",",a","3",",a","4.2",",a,15,","12.2",",,a,31,","33.2",",a,02,","74.8","a","59.6",",a","21.4",",,,a","17.74",",a","24.50",",,,a","10.99",",,,a"
"ASN00017096","1978-06","-28.1125","140.2102","39.0","MOOMBA, AS","1979.5","a","0.0",",a","3",",a","2",",a","0",",a","0",",a","0",",a","0",",a","2",",a","0",",a","4.2",",a,13,","12.4",",,a,11,","23.4",",a,24,","236.8","a","162.0",",a","25.8",",,,a","12.93",",a","18.33",",,,a","7.54",",,,a"
"ASN00017096","1978-07","-28.1125","140.2102","39.0","MOOMBA, AS","1.4","a","1.4",",a","4",",a","3",",a","0",",a","0",",a","0",",a","0",",a","6",",a","0",",a","1.8",",a,28,","13.6",",,a,09,","27.7",",a,22,","436.1","a","199.3",",a","29.6",",,,a","11.95",",a","17.59",",,,a","6.31",",,,a"
"ASN00017096","1978-08","-28.1125","140.2102","39.0","MOOMBA, AS","3.0","a","1.6",",a","8",",a","0",",a","0",",a","0",",a","0",",a","0",",a","7",",a","0",",a","1.7",",a,15,","2.4",",,a,19,","27.7",",a,01,","600.5","a","164.4",",a","11.0",",,,a","13.08",",a","19.44",",,,a","6.73",",,,a"
"ASN00017096","1978-09","-28.1125","140.2102","39.0","MOOMBA, AS","21.4","a","18.4",",a","2",",a","2",",a","0",",a","0",",a","0",",a","0",",a","21",",a","1",",a","4.2",",a,15,","15.6",",,a,06,","32.3",",a,25,","676.7","a","76.2",",a","25.0",",,,a","16.41",",a","23.39",",,,a","9.42",",,,a"
"ASN00017096","1978-10","-28.1125","140.2102","39.0","MOOMBA, AS","104.6","a","83.2",",a","8",",a","6",",a","1",",a","0",",a","0",",a","0",",a","28",",a","6",",a","8.6",",a,01,","29.0",",,a,21,","34.3",",a,12,","689.5","a","12.8",",a","79.0",",,,a","20.60",",a","27.58",",,,a","13.62",",,,a"
"ASN00017096","1978-11","-28.1125","140.2102","39.0","MOOMBA, AS","306.3","a","201.7",",a","2",",a","1",",a","0",",a","0",",a","0",",a","0",",a","30",",a","16",",a","11.6",",a,14,","7.8",",,a,19,","42.4",",a,28,","689.5","a","0.0",",a","10.0",",,,a","25.06",",a","32.45",",,,a","17.67",",,,a"
"ASN00017096","1978-12","-28.1125","140.2102","39.0","MOOMBA, AS","576.9","a","270.6",",a","2",",a","0",",a","0",",a","0",",a","0",",a","0",",a","31",",a","25",",a","12.6",",a,05,","2.4",",,a,03,","40.6",",a,31,","689.5","a","0.0",",a","4.4",",,,a","27.06",",a","34.97",",,,a","19.15",",,,a"
"ASN00017096","1979-01","-28.1125","140.2102","39.0","MOOMBA, AS","1008.9","a","432.0",",a","4",",a","3",",a","2",",a","0",",a","0",",a","0",",a","31",",a","28",",a","21.1",",a,16,","79.8",",,a,18,","45.6",",a,15,","0.0","a","0.0",",a","115.6",",,,a","32.27",",a","39.31",",,,a","25.23",",,,a"
"ASN00017096","1979-02","-28.1125","140.2102","39.0","MOOMBA, AS","1300.3","a","291.4",",a","2",",a","1",",a","0",",a","0",",a","0",",a","0",",a","28",",a","22",",a","18.3",",a,18,","3.8",",,a,22,","42.7",",a,15,","0.0","a","0.0",",a","5.2",",,,a","28.74",",a","35.11",",,,a","22.38",",,,a"
"ASN00017096","1979-03","-28.1125","140.2102","39.0","MOOMBA, AS","1572.3","a","272.0",",a","1",",a","0",",a","0",",a","0",",a","0",",a","0",",a","31",",a","26",",a","12.4",",a,26,","0.6",",,a,03,","41.4",",a,01,","0.0","a","0.0",",a","0.6",",,,a","27.11",",a","34.75",",,,a","19.46",",,,a"
"ASN00017096","1979-04","-28.1125","140.2102","39.0","MOOMBA, AS","1669.7","a","97.4",",a","7",",a","1",",a","0",",a","0",",a","0",",a","0",",a","29",",a","4",",a","9.5",",a,13,","5.8",",,a,26,","34.4",",a,02,","2.1","a","2.1",",a","13.4",",,,a","21.51",",a","27.88",",,,a","15.13",",,,a"
"ASN00017096","1979-05","-28.1125","140.2102","39.0","MOOMBA, AS","1695.9","a","26.2",",a","7",",a","7",",a","0",",a","0",",a","0",",a","0",",a","11",",a","1",",a","5.4",",a,19,","25.2",",,a,23,","33.6",",a,02,","88.5","a","86.4",",a","64.0",",,,a","16.39",",a","21.61",",,,a","11.17",",,,a"
"ASN00017096","1979-06","-28.1125","140.2102","39.0","MOOMBA, AS","1702.0","a","6.1",",a","2",",a","1",",a","0",",a","0",",a","0",",a","0",",a","14",",a","0",",a","4.4",",a,30,","19.2",",,a,27,","26.8",",a,05,","192.7","a","104.2",",a","19.8",",,,a","15.06",",a","21.69",",,,a","8.43",",,,a"
"ASN00017096","1979-07","-28.1125","140.2102","39.0","MOOMBA, AS","0.0","a","0.0",",a","2",",a","1",",a","0",",a","0",",a","0",",a","0",",a","9",",a","0",",a","2.0",",a,23,","8.8",",,a,26,","25.2",",a,16,","372.8","a","180.1",",a","10.8",",,,a","12.52",",a","19.79",",,,a","5.26",",,,a"
"ASN00017096","1979-08","-28.1125","140.2102","39.0","MOOMBA, AS","9.8","a","9.8",",a","2",",a","2",",a","0",",a","0",",a","0",",a","0",",a","18",",a","0",",a","3.2",",a,14,","3.6",",,a,27,","28.5",",a,26,+","477.7","a","104.9",",a","6.2",",,,a","15.27",",a","22.38",",,,a","8.15",",,,a"
"ASN00017096","1979-09","-28.1125","140.2102","39.0","MOOMBA, AS","67.5","a","57.7",",a","6",",a","2",",a","0",",a","0",",a","0",",a","0",",a","24",",a","3",",a","4.0",",a,06,","19.2",",,a,27,","36.1",",a,24,","513.5","a","35.8",",a","32.4",",,,a","19.06",",a","26.19",",,,a","11.93",",,,a"
"ASN00017096","1979-10","-28.1125","140.2102","39.0","MOOMBA, AS","196.6","a","129.1",",a","2",",a","1",",a","0",",a","0",",a","0",",a","0",",a","31",",a","10",",a","8.1",",a,14,","3.8",",,a,19,","38.6",",a,22,","516.2","a","2.7",",a","4.6",",,,a","22.41",",a","30.30",",,,a","14.52",",,,a"
"ASN00017096","1979-11","-28.1125","140.2102","39.0","MOOMBA, AS","504.2","a","307.6",",a","2",",a","1",",a","0",",a","0",",a","0",",a","0",",a","30",",a","30",",a","14.6",",a,27,","2.8",",,a,15,","42.1",",a,19,","516.2","a","0.0",",a","3.4",",,,a","28.59",",a","36.90",",,,a","20.27",",,,a"
"ASN00017096","1979-12","-28.1125","140.2102","39.0","MOOMBA, AS","875.6","a","371.4",",a","1",",a","0",",a","0",",a","0",",a","0",",a","0",",a","31",",a","31",",a","17.4",",a,19,+","1.4",",,a,29,","46.2",",a,12,","516.2","a","0.0",",a","1.4",",,,a","30.31",",a","38.78",",,,a","21.85",",,,a"
"ASN00017096","1980-01","-28.1125","140.2102","39.0","MOOMBA, AS","1234.6","a","359.0",",a","2",",a","1",",a","0",",a","0",",a","0",",a","0",",a","31",",a","28",",a","17.3",",a,12,","5.6",",,a,04,","45.1",",a,25,","0.0","a","0.0",",a","7.2",",,,a","29.91",",a","37.58",",,,a","22.25",",,,a"
"ASN00017096","1980-02","-28.1125","140.2102","39.0","MOOMBA, AS","1595.4","a","360.8",",a","1",",a","0",",a","0",",a","0",",a","0",",a","0",",a","29",",a","29",",a","16.2",",a,26,","0.8",",,a,03,","44.1",",a,21,","0.0","a","0.0",",a","0.8",",,,a","30.77",",a","38.44",",,,a","23.11",",,,a"
"ASN00017096","1980-03","-28.1125","140.2102","39.0","MOOMBA, AS","1908.0","a","312.6",",a","1",",a","0",",a","0",",a","0",",a","0",",a","0",",a","31",",a","25",",a","14.8",",a,31,+","0.8",",,a,09,","41.3",",a,21,","0.0","a","0.0",",a","0.8",",,,a","28.42",",a","36.12",",,,a","20.72",",,,a"
"ASN00017096","1980-04","-28.1125","140.2102","39.0","MOOMBA, AS","2063.8","a","155.8",",a","6",",a","4",",a","1",",a","0",",a","0",",a","0",",a","29",",a","13",",a","10.5",",a,29,","33.6",",,a,23,","38.8",",a,05,","5.8","a","5.8",",a","57.4",",,,a","23.33",",a","29.96",",,,a","16.71",",,,a"
"ASN00017096","1980-05","-28.1125","140.2102","39.0","MOOMBA, AS","2096.6","a","32.8",",a","3",",a","0",",a","0",",a","0",",a","0",",a","0",",a","27",",a","0",",a","5.5",",a,23,","2.2",",,a,27,","30.3",",a,07,","49.8","a","44.0",",a","5.4",",,,a","17.97",",a","24.43",",,,a","11.51",",,,a"
"ASN00017096","1980-06","-28.1125","140.2102","39.0","MOOMBA, AS","2096.6","a","0.0",",a","2",",a","0",",a","0",",a","0",",a","0",",a","0",",a","9",",a","0",",a","1.7",",a,14,","1.6",",,a,10,","25.2",",a,25,","205.3","a","155.5",",a","2.6",",,,a","13.15",",a","19.88",",,,a","6.42",",,,a"
"ASN00017096","1980-07","-28.1125","140.2102","39.0","MOOMBA, AS","0.0","a","0.0",",a","3",",a","1",",a","0",",a","0",",a","0",",a","0",",a","5",",a","0",",a","1.6",",a,24,","9.2",",,a,28,","24.4",",a,12,","382.8","a","177.5",",a","11.6",",,,a","12.61",",a","19.11",",,,a","6.11",",,,a"
"ASN00017096","1980-08","-28.1125","140.2102","39.0","MOOMBA, AS","8.1","a","8.1",",a","3",",a","2",",a","0",",a","0",",a","0",",a","0",",a","22",",a","0",",a","2.8",",a,05,","13.8",",,a,25,","30.6",",a,23,","474.2","a","91.4",",a","24.6",",,,a","15.65",",a","23.48",",,,a","7.81",",,,a"
"ASN00017096","1980-09","-28.1125","140.2102","39.0","MOOMBA, AS","81.6","a","73.5",",a","1",",a","0",",a","0",",a","0",",a","0",",a","0",",a","30",",a","8",",a","8.5",",a,19,+","0.4",",,a,17,","38.2",",a,30,","483.6","a","9.4",",a","0.4",",,,a","20.47",",a","29.28",",,,a","11.65",",,,a"
"ASN00017096","1980-10","-28.1125","140.2102","39.0","MOOMBA, AS","261.9","a","180.3",",a","1",",a","0",",a","0",",a","0",",a","0",",a","0",",a","31",",a","16",",a","9.7",",a,12,","1.2",",,a,24,","42.2",",a,19,","483.8","a","0.2",",a","1.2",",,,a","24.14",",a","32.04",",,,a","16.25",",,,a"
"ASN00017096","1980-11","-28.1125","140.2102","39.0","MOOMBA, AS","547.4","a","285.5",",a","1",",a","1",",a","0",",a","0",",a","0",",a","0",",a","30",",a","24",",a","12.4",",a,01,","5.0",",,a,29,","44.4",",a,17,","483.8","a","0.0",",a","5.0",",,,a","27.85",",a","35.91",",,,a","19.79",",,,a"
"ASN00017096","1980-12","-28.1125","140.2102","39.0","MOOMBA, AS","902.3","a","354.9",",a","2",",a","0",",a","0",",a","0",",a","0",",a","0",",a","31",",a","26",",a","13.7",",a,19,","2.0",",,a,14,","46.0",",a,25,","483.8","a","0.0",",a","3.6",",,,a","29.78",",a","37.75",",,,a","21.81",",,,a"
"ASN00017096","1981-01","-28.1125","140.2102","39.0","MOOMBA, AS","1312.0","a","409.7",",a","7",",a","2",",a","1",",a","0",",a","0",",a","0",",a","31",",a","27",",a","19.1",",a,17,","25.8",",,a,17,","41.9",",a,07,","0.0","a","0.0",",a","37.2",",,,a","31.55",",a","37.45",",,,a","25.65",",,,a"
"ASN00017096","1981-02","-28.1125","140.2102","39.0","MOOMBA, AS","1695.0","a","383.0",",a","1",",a","1",",a","0",",a","0",",a","0",",a","0",",a","28",",a","26",",a","19.2",",a,06,","5.4",",,a,13,","43.7",",a,15,","0.0","a","0.0",",a","5.4",",,,a","32.01",",a","39.05",",,,a","24.98",",,,a"
"ASN00017096","1981-03","-28.1125","140.2102","39.0","MOOMBA, AS","1893.5","a","198.5",",a","0",",a","0",",a","0",",a","0",",a","0",",a","0",",a","31",",a","16",",a","9.1",",a,14,","0.2",",,a,01,","39.6",",a,20,+","0.0","a","0.0",",a","0.2",",,,a","24.74",",a","32.13",",,,a","17.35",",,,a"
"ASN00017096","1981-04","-28.1125","140.2102","39.0","MOOMBA, AS","2071.5","a","178.0",",a","1",",a","1",",a","1",",a","0",",a","0",",a","0",",a","30",",a","10",",a","7.4",",a,30,","36.2",",,a,01,","36.9",",a,06,","5.2","a","5.2",",a","36.2",",,,a","24.09",",a","31.38",",,,a","16.81",",,,a"
"ASN00017096","1981-05","-28.1125","140.2102","39.0","MOOMBA, AS","2089.5","a","18.0",",a","4",",a","1",",a","1",",a","0",",a","0",",a","0",",a","25",",a","0",",a","5.3",",a,13,","58.2",",,a,21,","29.6",",a,02,","53.2","a","48.0",",a","64.0",",,,a","17.37",",a","23.40",",,,a","11.33",",,,a"
"ASN00017096","1981-06","-28.1125","140.2102","39.0","MOOMBA, AS","2089.5","a","0.0",",a","4",",a","1",",a","0",",a","0",",a","0",",a","0",",a","5",",a","0",",a","3.0",",a,25,","3.2",",,a,23,","23.7",",a,09,","191.5","a","138.3",",a","5.4",",,,a","13.72",",a","19.11",",,,a","8.33",",,,a"
"ASN00017096","1981-07","-28.1125","140.2102","39.0","MOOMBA, AS","0.0","a","0.0",",a","8",",a","6",",a","0",",a","0",",a","0",",a","0",",a","3",",a","0",",a","2.7",",a,06,","19.0",",,a,28,","23.6",",a,17,","384.9","a","193.4",",a","53.6",",,,a","12.10",",a","17.91",",,,a","6.28",",,,a"
"ASN00017096","1981-08","-28.1125","140.2102","39.0","MOOMBA, AS","1.1","a","1.1",",a","1",",a","0",",a","0",",a","0",",a","0",",a","0",",a","12",",a","0",",a","4.0",",a,14,","0.8",",,a,05,","28.8",",a,20,","509.4","a","124.5",",a","0.8",",,,a","14.35",",a","21.07",",,,a","7.64",",,,a"
"ASN00017096","1981-09","-28.1125","140.2102","39.0","MOOMBA, AS","87.3","a","86.2",",a","2",",a","1",",a","0",",a","0",",a","0",",a","0",",a","26",",a","10",",a","4.5",",a,01,","4.0",",,a,27,","37.0",",a,21,","546.7","a","37.3",",a","5.4",",,,a","19.96",",a","27.96",",,,a","11.96",",,,a"
"ASN00017096","1981-10","-28.1125","140.2102","39.0","MOOMBA, AS","222.6","a","135.3","1,a","1",",a","1",",a","0",",a","0","1,a","0","1,a","0",",a","31",",a","14",",a","5.6","1,a,04,","2.6",",,a,03,","38.0",",a,02,","554.6","a","7.9",",a","2.6",",,,a","22.51","1,a","30.55",",,,a","14.47","1,,,a"
"ASN00017096","1981-11","-28.1125","140.2102","39.0","MOOMBA, AS","461.6","a","239.0",",a","5",",a","1",",a","0",",a","0",",a","0",",a","0",",a","30",",a","18",",a","12.2",",a,20,","10.0",",,a,29,","39.9",",a,02,","554.6","a","0.0",",a","13.4",",,,a","26.30",",a","33.14",",,,a","19.46",",,,a"
"ASN00017096","1981-12","-28.1125","140.2102","39.0","MOOMBA, AS","811.4","a","349.8",",a","3",",a","1",",a","0",",a","0",",a","0",",a","0",",a","31",",a","28",",a","11.6",",a,13,","7.6",",,a,13,","47.6",",a,06,","554.6","a","0.0",",a","9.4",",,,a","29.62",",a","38.00",",,,a","21.23",",,,a"
"ASN00017096","1982-01","-28.1125","140.2102","39.0","MOOMBA, AS","1224.5","a","413.1","1,a","2",",a","1",",a","0",",a","0","1,a","0","1,a","0",",a","31",",a","30",",a","15.2","1,a,14,","4.6",",,a,25,","45.8",",a,10,","0.0","a","0.0",",a","5.0",",,,a","32.11","1,a","39.04",",,,a","25.19","1,,,a"
"ASN00017096","1982-02","-28.1125","140.2102","39.0","MOOMBA, AS","1586.7","a","362.2",",a","2",",a","2",",a","0",",a","0",",a","0",",a","0",",a","28",",a","27",",a","19.0",",a,26,+","7.0",",,a,12,","43.2",",a,09,","0.0","a","0.0",",a","12.6",",,,a","31.27",",a","37.81",",,,a","24.73",",,,a"
"ASN00017096","1982-03","-28.1125","140.2102","39.0","MOOMBA, AS","1849.1","a","262.4",",a","4",",a","3",",a","0",",a","0",",a","0",",a","0",",a","31",",a","17",",a","13.8",",a,10,","5.8",",,a,23,","43.2",",a,08,","0.0","a","0.0",",a","15.0",",,,a","26.80",",a","32.81",",,,a","20.79",",,,a"
"ASN00017096","1982-04","-28.1125","140.2102","39.0","MOOMBA, AS","1971.9","a","122.8",",a","0",",a","0",",a","0",",a","0",",a","0",",a","0",",a","30",",a","11",",a","8.2",",a,28,","0.0",",,a,30,+","33.9",",a,15,","9.2","a","9.2",",a","0.0",",,,a","22.12",",a","29.27",",,,a","14.97",",,,a"
"ASN00017096","1982-05","-28.1125","140.2102","39.0","MOOMBA, AS","1988.8","a","16.9",",a","1",",a","0",",a","0",",a","0",",a","0",",a","0",",a","26",",a","0",",a","5.6",",a,26,","0.8",",,a,28,","30.0",",a,19,","66.2","a","57.0",",a","1.0",",,,a","17.04",",a","24.48",",,,a","9.60",",,,a"
"ASN00017096","1982-06","-28.1125","140.2102","39.0","MOOMBA, AS","1988.8","a","0.0","2,a","0",",a","0",",a","0",",a","0","1,a","0","1,a","0","1,a","9","1,a","0","1,a","0.9","1,a,26,","0.2",",,a,15,","23.4","1,a,10,","242.9","a","176.7","1,a","0.2",",,,a","12.02","2,a","19.19","1,,,a","4.84","1,,,a"
"ASN00017096","1982-07","-28.1125","140.2102","39.0","MOOMBA, AS","0.0","a","0.0",",a","0",",a","0",",a","0",",a","0",",a","1",",a","0",",a","6",",a","0",",a","-0.6",",a,21,","0.0",",,a,31,+","23.5",",a,23,+","446.5","a","203.6",",a","0.0",",,,a","11.76",",a","19.24",",,,a","4.29",",,,a"
"ASN00017096","1982-08","-28.1125","140.2102","39.0","MOOMBA, AS","18.9","a","18.9","1,a","0",",a","0",",a","0",",a","0","1,a","0","1,a","0",",a","29",",a","0",",a","1.8","1,a,01,","0.0",",,a,31,+","32.1",",a,31,","491.1","a","44.6",",a","0.0",",,,a","17.47","1,a","25.94",",,,a","9.00","1,,,a"
"ASN00017096","1982-09","-28.1125","140.2102","39.0","MOOMBA, AS","64.6","a","45.7",",a","2",",a","2",",a","0",",a","0",",a","0",",a","0",",a","23",",a","4",",a","5.5",",a,08,","5.0",",,a,18,","33.8",",a,16,","536.2","a","45.1",",a","7.5",",,,a","18.35",",a","25.35",",,,a","11.36",",,,a"
"ASN00017096","1982-10","-28.1125","140.2102","39.0","MOOMBA, AS","178.7","a","114.1","1,a","0",",a","0",",a","0",",a","0",",a","0",",a","0","1,a","29","1,a","11","1,a","5.9",",a,01,","0.0",",,a,31,+","39.6","1,a,26,","543.6","a","7.4","1,a","0.0",",,,a","21.84","1,a","30.03","1,,,a","13.65",",,,a"
"ASN00017096","1982-11","-28.1125","140.2102","39.0","MOOMBA, AS","","","","","2",",a","1",",a","0",",a","","","","","","","","","","","","","9.2",",,a,16,","","","","","","","11.2",",,,a","","","","","",""
"ASN00017096","1982-12","-28.1125","140.2102","39.0","MOOMBA, AS","","","381.6",",a","0",",a","0",",a","0",",a","0",",a","0",",a","0",",a","31",",a","28",",a","13.8",",a,10,","0.0",",,a,31,+","44.6",",a,27,","","","0.0",",a","0.0",",,,a","30.64",",a","37.97",",,,a","23.31",",,,a"
"ASN00017096","1983-01","-28.1125","140.2102","39.0","MOOMBA, AS","","","360.1",",a","3",",a","2",",a","0",",a","0",",a","0",",a","0",",a","30",",a","26",",a","14.9",",a,12,","16.8",",,a,12,","45.1",",a,08,","0.0","a","0.0",",a","20.6",",,,a","29.95",",a","37.13",",,,a","22.77",",,,a"
"ASN00017096","1983-02","-28.1125","140.2102","39.0","MOOMBA, AS","","","417.4","1,a","1",",a","0",",a","0",",a","0",",a","0",",a","0","1,a","27","1,a","27","1,a","22.1",",a,26,","0.6",",,a,12,","44.8","1,a,09,","0.0","a","0.0","1,a","0.6",",,,a","33.76","1,a","40.74","1,,,a","26.78",",,,a"
"ASN00017096","1983-03","-28.1125","140.2102","39.0","MOOMBA, AS","","","338.6",",a","1",",a","1",",a","0",",a","0",",a","0",",a","0",",a","31",",a","23",",a","15.6",",a,24,","3.2",",,a,19,","42.3",",a,11,","0.0","a","0.0",",a","3.2",",,,a","29.26",",a","35.94",",,,a","22.57",",,,a"
"ASN00017096","1983-04","-28.1125","140.2102","39.0","MOOMBA, AS","","","69.0",",a","2",",a","0",",a","0",",a","0",",a","0",",a","0",",a","27",",a","4",",a","6.9",",a,18,","2.4",",,a,04,","36.8",",a,10,","23.5","a","23.5",",a","3.6",",,,a","19.85",",a","26.18",",,,a","13.52",",,,a"
"ASN00017096","1983-05","-28.1125","140.2102","39.0","MOOMBA, AS","","","11.6",",a","1",",a","0",",a","0",",a","0",",a","0",",a","0",",a","26",",a","0",",a","7.6",",a,31,","2.0",",,a,19,","27.9",",a,10,","53.0","a","29.5",",a","2.0",",,,a","17.75",",a","23.89",",,,a","11.61",",,,a"
"ASN00017096","1983-06","-28.1125","140.2102","39.0","MOOMBA, AS","","","3.6",",a","1",",a","0",",a","0",",a","0",",a","0",",a","0",",a","9",",a","0",",a","3.1",",a,12,","0.4",",,a,27,","28.6",",a,30,","197.9","a","144.9",",a","0.4",",,,a","13.62",",a","20.21",",,,a","7.04",",,,a"
"ASN00017096","1983-07","-28.1125","140.2102","39.0","MOOMBA, AS","0.7","a","0.7",",a","1",",a","1",",a","0",",a","0",",a","0",",a","0",",a","3",",a","0",",a","0.7",",a,22,","8.2",",,a,27,","27.2",",a,26,","409.7","a","211.8",",a","8.2",",,,a","11.52",",a","18.08",",,,a","4.96",",,,a"
"ASN00017096","1983-08","-28.1125","140.2102","39.0","MOOMBA, AS","11.5","a","10.8","1,a","3",",a","2",",a","0",",a","0","1,a","0","1,a","0",",a","19",",a","0",",a","4.0","1,a,05,","8.0",",,a,17,","30.2",",a,24,","507.2","a","97.5",",a","14.8",",,,a","15.36","1,a","22.03",",,,a","8.69","1,,,a"
"ASN00017096","1983-09","-28.1125","140.2102","39.0","MOOMBA, AS","87.8","a","76.3","2,a","1",",a","0",",a","0",",a","0","1,a","0","1,a","0","1,a","28","1,a","6","1,a","7.8","1,a,04,","0.4",",,a,03,","37.2","1,a,23,","512.3","a","5.1","1,a","0.4",",,,a","20.99","2,a","28.52","1,,,a","13.46","1,,,a"
"ASN00017096","1983-10","-28.1125","140.2102","39.0","MOOMBA, AS","251.4","a","163.6",",a","3",",a","1",",a","0",",a","0",",a","0",",a","0",",a","31",",a","12",",a","9.3",",a,06,","16.0",",,a,30,","40.6",",a,28,","516.0","a","3.7",",a","18.4",",,,a","23.49",",a","30.68",",,,a","16.30",",,,a"
"ASN00017096","1983-11","-28.1125","140.2102","39.0","MOOMBA, AS","475.2","a","223.8",",a","3",",a","1",",a","0",",a","0",",a","0",",a","0",",a","30",",a","17",",a","13.4",",a,17,","6.0",",,a,25,","43.0",",a,07,","516.0","a","0.0",",a","9.4",",,,a","25.79",",a","32.69",",,,a","18.89",",,,a"
"ASN00017096","1983-12","-28.1125","140.2102","39.0","MOOMBA, AS","837.1","a","361.9",",a","4",",a","1",",a","0",",a","0",",a","0",",a","0",",a","31",",a","25",",a","14.1",",a,09,","14.6",",,a,02,","43.0",",a,25,","516.0","a","0.0",",a","17.0",",,,a","30.01",",a","36.96",",,,a","23.05",",,,a"
"ASN00017096","1984-01","-28.1125","140.2102","39.0","MOOMBA, AS","1132.5","a","295.4",",a","6",",a","4",",a","3",",a","0",",a","0",",a","0",",a","31",",a","17",",a","17.1",",a,31,","99.0",",,a,14,","41.1",",a,05,","0.0","a","0.0",",a","179.9",",,,a","27.86",",a","33.16",",,,a","22.56",",,,a"
"ASN00017096","1984-02","-28.1125","140.2102","39.0","MOOMBA, AS","1413.0","a","280.5",",a","1",",a","1",",a","0",",a","0",",a","0",",a","0",",a","29",",a","25",",a","13.8",",a,29,","21.8",",,a,15,","39.4",",a,27,","0.0","a","0.0",",a","21.8",",,,a","28.01",",a","34.82",",,,a","21.20",",,,a"
"ASN00017096","1984-03","-28.1125","140.2102","39.0","MOOMBA, AS","1598.3","a","185.3",",a","2",",a","1",",a","0",",a","0",",a","0",",a","0",",a","31",",a","16",",a","9.3",",a,29,","3.4",",,a,13,","39.1",",a,07,","0.6","a","0.6",",a","4.0",",,,a","24.29",",a","32.02",",,,a","16.56",",,,a"
"ASN00017096","1984-04","-28.1125","140.2102","39.0","MOOMBA, AS","1699.8","a","101.5",",a","0",",a","0",",a","0",",a","0",",a","0",",a","0",",a","30",",a","6",",a","7.7",",a,24,","0.2",",,a,20,","34.7",",a,03,","15.3","a","14.7",",a","0.2",",,,a","21.23",",a","28.18",",,,a","14.28",",,,a"
"ASN00017096","1984-05","-28.1125","140.2102","39.0","MOOMBA, AS","1713.3","a","13.5","3,a","1",",a","0",",a","0",",a","0","2,a","0","2,a","0","2,a","25","2,a","0","2,a","3.9","2,a,07,","0.4",",,a,11,","29.1","2,a,02,","73.0","a","57.7","2,a","0.4",",,,a","16.74","3,a","24.40","2,,,a","9.08","2,,,a"
"ASN00017096","1984-06","-28.1125","140.2102","39.0","MOOMBA, AS","","","","","1",",a","1",",a","0",",a","","","","","","","","","","","","","4.0",",,a,18,","","","","","","","4.0",",,,a","","","","","",""
"ASN00017096","1984-07","-28.1125","140.2102","39.0","MOOMBA, AS","0.0","a","0.0",",a","4",",a","2",",a","0",",a","0",",a","0",",a","0",",a","1",",a","0",",a","1.5",",a,01,","23.0",",,a,22,","23.4",",a,07,","","","214.0",",a","32.0",",,,a","11.43",",a","16.88",",,,a","5.98",",,,a"
"ASN00017096","1984-08","-28.1125","140.2102","39.0","MOOMBA, AS","6.8","a","6.8",",a","1",",a","0",",a","0",",a","0",",a","0",",a","0",",a","19",",a","0",",a","2.4",",a,14,","0.6",",,a,05,","28.4",",a,09,","","","120.6",",a","0.6",",,,a","14.66",",a","21.91",",,,a","7.42",",,,a"
"ASN00017096","1984-09","-28.1125","140.2102","39.0","MOOMBA, AS","18.7","a","11.9","2,a","2",",a","1",",a","0",",a","0","1,a","0","1,a","0","1,a","19","1,a","0","1,a","4.0","1,a,05,","13.8",",,a,16,","31.1","1,a,10,","","","81.5","1,a","15.0",",,,a","15.86","2,a","23.09","1,,,a","8.62","1,,,a"
"ASN00017096","1984-10","-28.1125","140.2102","39.0","MOOMBA, AS","136.6","a","117.9",",a","1",",a","1",",a","0",",a","0",",a","0",",a","0",",a","31",",a","10",",a","10.0",",a,17,","14.2",",,a,03,","37.4",",a,13,","","","5.7",",a","14.4",",,,a","21.95",",a","29.39",",,,a","14.52",",,,a"
"ASN00017096","1984-11","-28.1125","140.2102","39.0","MOOMBA, AS","369.5","a","232.9",",a","1",",a","0",",a","0",",a","0",",a","0",",a","0",",a","30",",a","18",",a","12.0",",a,24,","0.4",",,a,23,","40.7",",a,27,","","","0.0",",a","0.4",",,,a","26.10",",a","33.73",",,,a","18.46",",,,a"
"ASN00017096","1984-12","-28.1125","140.2102","39.0","MOOMBA, AS","703.6","a","334.1",",a","1",",a","1",",a","0",",a","0",",a","0",",a","0",",a","31",",a","27",",a","14.1",",a,04,","2.6",",,a,03,","44.0",",a,25,","","","0.0",",a","2.8",",,,a","29.11",",a","36.98",",,,a","21.25",",,,a"
"ASN00017096","1985-01","-28.1125","140.2102","39.0","MOOMBA, AS","1035.6","a","332.0","2,a","0",",a","0",",a","0",",a","0","1,a","0","1,a","0","1,a","30","1,a","28","1,a","15.7","1,a,04,","0.0",",,a,31,+","45.2","1,a,29,","0.0","a","0.0","1,a","0.0",",,,a","29.94","2,a","37.94","1,,,a","21.93","1,,,a"
"ASN00017096","1985-02","-28.1125","140.2102","39.0","MOOMBA, AS","1374.0","a","338.4",",a","0",",a","0",",a","0",",a","0",",a","0",",a","0",",a","28",",a","27",",a","18.2",",a,19,+","0.0",",,a,28,+","43.4",",a,15,","0.0","a","0.0",",a","0.0",",,,a","30.42",",a","37.66",",,,a","23.18",",,,a"
"ASN00017096","1985-03","-28.1125","140.2102","39.0","MOOMBA, AS","1674.8","a","300.8",",a","1",",a","0",",a","0",",a","0",",a","0",",a","0",",a","31",",a","27",",a","14.3",",a,08,","2.0",",,a,16,","38.4",",a,24,+","0.0","a","0.0",",a","2.0",",,,a","28.04",",a","35.30",",,,a","20.77",",,,a"
"ASN00017096","1985-04","-28.1125","140.2102","39.0","MOOMBA, AS","1754.3","a","79.5",",a","0",",a","0",",a","0",",a","0",",a","0",",a","0",",a","30",",a","6",",a","7.2",",a,23,","0.0",",,a,30,+","39.9",",a,13,","17.1","a","17.1",",a","0.0",",,,a","20.42",",a","27.91",",,,a","12.92",",,,a"
"ASN00017096","1985-05","-28.1125","140.2102","39.0","MOOMBA, AS","1784.0","a","29.7","2,a","2",",a","1",",a","0",",a","0","1,a","0","1,a","0","1,a","23","1,a","0","1,a","2.7","1,a,18,","5.6",",,a,31,","32.1","1,a,05,","71.1","a","54.0","1,a","7.0",",,,a","17.46","2,a","24.46","1,,,a","10.47","1,,,a"
"ASN00017096","1985-06","-28.1125","140.2102","39.0","MOOMBA, AS","1784.0","a","0.0",",a","1",",a","1",",a","0",",a","0",",a","0",",a","0",",a","4",",a","0",",a","0.5",",a,26,","13.2",",,a,01,","24.0",",a,18,","258.9","a","187.8",",a","13.2",",,,a","12.07",",a","18.46",",,,a","5.68",",,,a"
"ASN00017096","1985-07","-28.1125","140.2102","39.0","MOOMBA, AS","0.6","a","0.6",",a","0",",a","0",",a","0",",a","0",",a","1",",a","0",",a","12",",a","0",",a","-0.4",",a,13,","0.2",",,a,06,","28.5",",a,28,","430.3","a","171.4",",a","0.2",",,,a","12.82",",a","20.37",",,,a","5.28",",,,a"
"ASN00017096","1985-08","-28.1125","140.2102","39.0","MOOMBA, AS","13.8","a","13.2","3,a","2",",a","1",",a","0",",a","0","2,a","0","2,a","0","3,a","17","3,a","1","3,a","2.2","2,a,01,","3.0",",,a,29,","33.3","3,a,25,","522.6","a","92.3","3,a","4.6",",,,a","15.65","3,a","23.15","3,,,a","8.14","2,,,a"
"ASN00017096","1985-09","-28.1125","140.2102","39.0","MOOMBA, AS","30.9","a","17.1","2,a","0",",a","0",",a","0",",a","0","1,a","0","1,a","0","1,a","22","1,a","2","1,a","3.0","1,a,02,","0.0",",,a,30,+","32.9","1,a,23,+","589.0","a","66.4","1,a","0.0",",,,a","16.53","2,a","23.94","1,,,a","9.11","1,,,a"
"ASN00017096","1985-10","-28.1125","140.2102","39.0","MOOMBA, AS","129.5","a","98.6","4,a","4",",a","3",",a","0",",a","0","2,a","0","2,a","0","3,a","26","3,a","7","3,a","8.7","2,a,24,","8.4",",,a,22,","39.5","3,a,29,","599.9","a","10.9","3,a","20.8",",,,a","21.70","4,a","29.06","3,,,a","14.35","2,,,a"
"ASN00017096","1985-11","-28.1125","140.2102","39.0","MOOMBA, AS","","","","","2","3,a","2","3,a","0","3,a","","","","","","","","","","","","","20.2","3,,a,05,","","","","","","","35.2",",a,,a","","","","","",""
"ASN00017096","1985-12","-28.1125","140.2102","39.0","MOOMBA, AS","","","","","3",",a","2",",a","0",",a","","","","","0","2,a","29","2,a","18","2,a","","","4.6",",,a,07,","41.7","2,a,30,","","","","","10.1",",,,a","","","34.61","2,,,a","",""
"ASN00017096","1986-01","-28.1125","140.2102","39.0","MOOMBA, AS","","","","","1",",a","1",",a","0",",a","","","","","","","","","","","","","4.0",",,a,15,","","","","","","","4.0",",,,a","","","","","",""
"ASN00017096","1986-02","-28.1125","140.2102","39.0","MOOMBA, AS","","","329.3",",a","0",",a","0",",a","0",",a","0",",a","0",",a","0",",a","28",",a","25",",a","17.5",",a,19,","0.2",",,a,19,","45.1",",a,01,","","","0.0",",a","0.2",",,,a","30.09",",a","38.05",",,,a","22.13",",,,a"
"ASN00017096","1986-03","-28.1125","140.2102","39.0","MOOMBA, AS","","","","","0",",a","0",",a","0",",a","","","","","0",",a","31",",a","26",",a","","","0.0",",,a,31,+","43.1",",a,04,","","","","","0.0",",,,a","","","37.73",",,,a","",""
"ASN00017096","1986-04","-28.1125","140.2102","39.0","MOOMBA, AS","","","113.1",",a","1",",a","0",",a","0",",a","0",",a","0",",a","0",",a","28",",a","9",",a","7.5",",a,30,","0.4",",,a,16,","37.7",",a,04,","","","16.8",",a","0.4",",,,a","21.54",",a","29.05",",,,a","14.04",",,,a"
"ASN00017096","1986-05","-28.1125","140.2102","39.0","MOOMBA, AS","","","19.7",",a","2",",a","0",",a","0",",a","0",",a","0",",a","0",",a","27",",a","0",",a","4.0",",a,20,","1.6",",,a,08,","30.5",",a,16,","","","54.2",",a","2.8",",,,a","17.22",",a","24.40",",,,a","10.04",",,,a"
"ASN00017096","1986-06","-28.1125","140.2102","39.0","MOOMBA, AS","","","0.8",",a","1",",a","1",",a","0",",a","0",",a","1",",a","0",",a","7",",a","0",",a","0.0",",a,22,","9.0",",,a,30,","25.6",",a,07,","","","169.4",",a","9.0",",,,a","12.71",",a","19.45",",,,a","5.98",",,,a"
"ASN00017096","1986-07","-28.1125","140.2102","39.0","MOOMBA, AS","0.0","a","0.0","1,a","5",",a","4",",a","1",",a","0",",a","0",",a","0","1,a","1","1,a","0","1,a","1.5",",a,13,","33.8",",,a,01,","22.5","1,a,22,","","","196.9","1,a","81.2",",,,a","11.85","1,a","16.92","1,,,a","6.77",",,,a"
"ASN00017096","1986-08","-28.1125","140.2102","39.0","MOOMBA, AS","0.0","a","0.0","2,a","2",",a","1",",a","0",",a","0","1,a","0","1,a","0","1,a","10","1,a","0","1,a","3.5","1,a,31,","6.0",",,a,24,","25.8","1,a,28,","","","147.6","1,a","7.8",",,,a","13.28","2,a","19.86","1,,,a","6.70","1,,,a"
"ASN00017096","1986-09","-28.1125","140.2102","39.0","MOOMBA, AS","28.6","a","28.6","2,a","1",",a","0",",a","0",",a","0","1,a","0","1,a","0","1,a","24","1,a","2","1,a","4.0","1,a,09,","1.0",",,a,24,","36.1","1,a,24,","","","51.9","1,a","1.0",",,,a","17.53","2,a","25.24","1,,,a","9.81","1,,,a"
"ASN00017096","1986-10","-28.1125","140.2102","39.0","MOOMBA, AS","93.5","a","64.9",",a","6",",a","4",",a","0",",a","0",",a","0",",a","0",",a","31",",a","3",",a","6.9",",a,09,","15.2",",,a,09,","36.0",",a,29,+","","","18.7",",a","31.2",",,,a","19.82",",a","27.59",",,,a","12.05",",,,a"
"ASN00017096","1986-11","-28.1125","140.2102","39.0","MOOMBA, AS","312.6","a","219.1",",a","1",",a","1",",a","0",",a","0",",a","0",",a","0",",a","30",",a","17",",a","12.5",",a,02,","15.4",",,a,12,","41.8",",a,16,","","","0.0",",a","15.6",",,,a","25.64",",a","33.36",",,,a","17.91",",,,a"
"ASN00017096","1986-12","-28.1125","140.2102","39.0","MOOMBA, AS","598.5","a","285.9",",a","3",",a","1",",a","0",",a","0",",a","0",",a","0",",a","31",",a","22",",a","14.4",",a,19,","2.6",",,a,06,","45.0",",a,28,","","","0.0",",a","6.2",",,,a","27.56",",a","34.76",",,,a","20.35",",,,a"
"ASN00017096","1987-01","-28.1125","140.2102","39.0","MOOMBA, AS","987.6","a","389.1",",a","3",",a","1",",a","0",",a","0",",a","0",",a","0",",a","31",",a","27",",a","16.5",",a,28,+","3.6",",,a,13,","45.9",",a,18,","0.0","a","0.0",",a","6.6",",,,a","30.89",",a","38.42",",,,a","23.35",",,,a"
"ASN00017096","1987-02","-28.1125","140.2102","39.0","MOOMBA, AS","1298.2","a","310.6",",a","6",",a","5",",a","2",",a","0",",a","0",",a","0",",a","28",",a","19",",a","18.0",",a,24,+","47.0",",,a,15,","42.5",",a,01,","0.0","a","0.0",",a","108.4",",,,a","29.43",",a","35.08",",,,a","23.78",",,,a"
"ASN00017096","1987-03","-28.1125","140.2102","39.0","MOOMBA, AS","1461.1","a","162.9",",a","1",",a","1",",a","0",",a","0",",a","0",",a","0",",a","30",",a","12",",a","11.0",",a,30,","4.8",",,a,01,","38.0",",a,28,","0.6","a","0.6",",a","4.8",",,,a","23.57",",a","30.65",",,,a","16.49",",,,a"
"ASN00017096","1987-04","-28.1125","140.2102","39.0","MOOMBA, AS","1604.5","a","143.4",",a","0",",a","0",",a","0",",a","0",",a","0",",a","0",",a","30",",a","7",",a","10.0",",a,21,","0.0",",,a,30,+","36.2",",a,06,","2.4","a","1.8",",a","0.0",",,,a","23.05",",a","30.44",",,,a","15.67",",,,a"
"ASN00017096","1987-05","-28.1125","140.2102","39.0","MOOMBA, AS","1636.1","a","31.6",",a","3",",a","1",",a","0",",a","0",",a","0",",a","0",",a","20",",a","0",",a","1.2",",a,29,","6.0",",,a,09,","31.9",",a,02,","93.1","a","90.7",",a","8.4",",,,a","16.43",",a","22.83",",,,a","10.02",",,,a"
"ASN00017096","1987-06","-28.1125","140.2102","39.0","MOOMBA, AS","1641.3","a","5.2","2,a","7",",a","5",",a","0",",a","0","1,a","0","1,a","0","1,a","8","1,a","0","1,a","4.1","1,a,03,","16.2",",,a,12,","28.0","1,a,10,","208.2","a","115.1","1,a","47.9",",,,a","14.40","2,a","19.90","1,,,a","8.90","1,,,a"
"ASN00017096","1987-07","-28.1125","140.2102","39.0","MOOMBA, AS","0.0","a","0.0",",a","0",",a","0",",a","0",",a","0",",a","0",",a","0",",a","8",",a","0",",a","1.5",",a,22,+","0.0",",,a,31,+","24.0",",a,18,","398.9","a","190.7",",a","0.0",",,,a","12.18",",a","19.28",",,,a","5.08",",,,a"
"ASN00017096","1987-08","-28.1125","140.2102","39.0","MOOMBA, AS","3.8","a","3.8",",a","1",",a","0",",a","0",",a","0",",a","0",",a","0",",a","12",",a","0",",a","2.2",",a,04,","0.4",",,a,27,","28.1",",a,22,","543.9","a","145.0",",a","0.6",",,,a","13.78",",a","20.74",",,,a","6.81",",,,a"
"ASN00017096","1987-09","-28.1125","140.2102","39.0","MOOMBA, AS","62.2","a","58.4","2,a","2",",a","0",",a","0",",a","0","1,a","0","1,a","0","1,a","27","1,a","7","1,a","5.0","1,a,12,","0.8",",,a,05,","34.9","1,a,25,","586.8","a","42.9","1,a","1.2",",,,a","18.98","2,a","26.70","1,,,a","11.25","1,,,a"
"ASN00017096","1987-10","-28.1125","140.2102","39.0","MOOMBA, AS","204.4","a","142.2",",a","1",",a","0",",a","0",",a","0",",a","0",",a","0",",a","31",",a","10",",a","9.0",",a,05,","0.6",",,a,03,","39.5",",a,15,","590.6","a","3.8",",a","0.6",",,,a","22.80",",a","30.64",",,,a","14.96",",,,a"
"ASN00017096","1987-11","-28.1125","140.2102","39.0","MOOMBA, AS","452.6","a","248.2",",a","4",",a","0",",a","0",",a","0",",a","0",",a","0",",a","30",",a","18",",a","10.1",",a,12,","0.8",",,a,17,+","45.1",",a,23,","590.6","a","0.0",",a","2.6",",,,a","26.61",",a","34.26",",,,a","18.95",",,,a"
"ASN00017096","1987-12","-28.1125","140.2102","39.0","MOOMBA, AS","785.9","a","333.3","1,a","3","2,a","2","2,a","0","2,a","0",",a","0",",a","0","1,a","30","1,a","24","1,a","10.0",",a,04,","11.2","2,,a,01,","42.8","1,a,20,","590.6","a","0.0","1,a","99.5",",a,,a","29.41","1,a","36.57","1,,,a","22.25",",,,a"
"ASN00017096","1988-01","-28.1125","140.2102","39.0","MOOMBA, AS","1172.0","a","386.1","2,a","0",",a","0",",a","0",",a","0","1,a","0","1,a","0","1,a","30","1,a","28","1,a","18.7","1,a,25,","0.0",",,a,31,+","44.2","1,a,12,","0.0","a","0.0","1,a","0.0",",,,a","31.64","2,a","38.90","1,,,a","24.39","1,,,a"
"ASN00017096","1988-02","-28.1125","140.2102","39.0","MOOMBA, AS","1410.4","a","238.4","4,a","0",",a","0",",a","0",",a","0","2,a","0","2,a","0","3,a","26","3,a","21","3,a","14.8","2,a,08,","0.0",",,a,29,+","42.0","3,a,26,","0.0","a","0.0","3,a","0.0",",,,a","28.05","4,a","35.28","3,,,a","20.82","2,,,a"
"ASN00017096","1988-03","-28.1125","140.2102","39.0","MOOMBA, AS","1651.3","a","240.9","3,a","1",",a","1",",a","1",",a","0","2,a","0","2,a","0","2,a","29","2,a","19","2,a","12.4","2,a,13,","94.4",",,a,31,","40.5","2,a,10,","0.0","a","0.0","2,a","94.4",",,,a","26.98","3,a","33.43","2,,,a","20.53","2,,,a"
"ASN00017096","1988-04","-28.1125","140.2102","39.0","MOOMBA, AS","1752.4","a","101.1",",a","1",",a","1",",a","0",",a","0",",a","0",",a","0",",a","28",",a","0",",a","10.0",",a,28,","13.6",",,a,01,","30.0",",a,26,","4.3","a","4.3",",a","13.8",",,,a","21.56",",a","27.03",",,,a","16.08",",,,a"
"ASN00017096","1988-05","-28.1125","140.2102","39.0","MOOMBA, AS","1793.7","a","41.3","2,a","6",",a","3",",a","1",",a","0","1,a","0","1,a","0","1,a","18","1,a","2","1,a","7.7","1,a,30,","31.4",",,a,16,","32.7","1,a,04,","47.5","a","43.2","1,a","42.4",",,,a","18.23","2,a","23.25","1,,,a","13.21","1,,,a"
"ASN00017096","1988-06","-28.1125","140.2102","39.0","MOOMBA, AS","1793.7","a","0.0",",a","3",",a","0",",a","0",",a","0",",a","0",",a","0",",a","9",",a","0",",a","4.0",",a,07,","1.4",",,a,05,","24.9",",a,04,","180.8","a","133.3",",a","2.6",",,,a","13.89",",a","20.45",",,,a","7.33",",,,a"
"ASN00017096","1988-07","-28.1125","140.2102","39.0","MOOMBA, AS","0.0","a","0.0",",a","4",",a","2",",a","0",",a","0",",a","0",",a","0",",a","8",",a","0",",a","3.6",",a,28,+","17.4",",,a,04,","25.9",",a,25,","327.3","a","146.5",",a","34.0",",,,a","13.61",",a","19.58",",,,a","7.64",",,,a"
"ASN00017096","1988-08","-28.1125","140.2102","39.0","MOOMBA, AS","12.2","a","12.2","2,a","4",",a","2",",a","0",",a","0","1,a","0","1,a","0","1,a","19","1,a","0","1,a","2.3","1,a,11,","9.1",",,a,23,","30.7","1,a,16,","434.3","a","107.0","1,a","16.7",",,,a","14.97","2,a","22.28","1,,,a","7.65","1,,,a"
"ASN00017096","1988-09","-28.1125","140.2102","39.0","MOOMBA, AS","75.6","a","63.4",",a","1",",a","0",",a","0",",a","0",",a","0",",a","0",",a","29",",a","7",",a","5.3",",a,18,","1.8",",,a,06,","38.4",",a,30,","468.1","a","33.8",",a","1.8",",,,a","19.32",",a","27.30",",,,a","11.34",",,,a"
"ASN00017096","1988-10","-28.1125","140.2102","39.0","MOOMBA, AS","294.7","a","219.1",",a","1",",a","0",",a","0",",a","0",",a","0",",a","0",",a","31",",a","16",",a","10.7",",a,23,","1.2",",,a,22,","43.5",",a,04,","468.1","a","0.0",",a","1.2",",,,a","25.40",",a","34.12",",,,a","16.68",",,,a"
"ASN00017096","1988-11","-28.1125","140.2102","39.0","MOOMBA, AS","473.2","a","178.5","2,a","3",",a","0",",a","0",",a","0","1,a","0","1,a","0","1,a","29","1,a","11","1,a","9.0","1,a,05,","0.4",",,a,15,+","41.0","1,a,03,","470.3","a","2.2","1,a","1.2",",,,a","24.88","2,a","32.40","1,,,a","17.37","1,,,a"
"ASN00017096","1988-12","-28.1125","140.2102","39.0","MOOMBA, AS","832.4","a","359.2",",a","5",",a","3",",a","1",",a","0",",a","0",",a","0",",a","31",",a","25",",a","17.4",",a,12,","71.2",",,a,26,","43.0",",a,04,","470.3","a","0.0",",a","96.4",",,,a","29.92",",a","36.86",",,,a","22.98",",,,a"
"ASN00017096","1989-01","-28.1125","140.2102","39.0","MOOMBA, AS","","","","","0",",a","0",",a","0",",a","","","","","","","","","","","","","0.0",",,a,31,+","","","","","","","0.0",",,,a","","","","","",""
"ASN00017096","1989-02","-28.1125","140.2102","39.0","MOOMBA, AS","","","305.0","2,a","0",",a","0",",a","0",",a","0","1,a","0","1,a","0","1,a","27","1,a","24","1,a","16.8","1,a,22,","0.0",",,a,28,+","43.2","1,a,08,","","","0.0","1,a","0.0",",,,a","29.96","2,a","37.81","1,,,a","22.11","1,,,a"
"ASN00017096","1989-03","-28.1125","140.2102","39.0","MOOMBA, AS","","","263.6",",a","8",",a","5",",a","0",",a","0",",a","0",",a","0",",a","30",",a","19",",a","14.2",",a,16,","21.9",",,a,21,","39.9",",a,10,","","","0.6",",a","64.3",",,,a","26.82",",a","32.77",",,,a","20.86",",,,a"
"ASN00017096","1989-04","-28.1125","140.2102","39.0","MOOMBA, AS","","","120.3",",a","4",",a","1",",a","0",",a","0",",a","0",",a","0",",a","30",",a","3",",a","11.8",",a,14,","5.2",",,a,07,","33.5",",a,04,","","","0.0",",a","8.8",",,,a","22.34",",a","27.98",",,,a","16.70",",,,a"
"ASN00017096","1989-05","-28.1125","140.2102","39.0","MOOMBA, AS","","","13.3",",a","2",",a","1",",a","0",",a","0",",a","0",",a","0",",a","26",",a","0",",a","6.5",",a,24,","4.0",",,a,26,","28.5",",a,03,","","","33.4",",a","6.6",",,,a","17.68",",a","23.65",",,,a","11.72",",,,a"
"ASN00017096","1989-06","-28.1125","140.2102","39.0","MOOMBA, AS","","","1.8",",a","3",",a","2",",a","0",",a","0",",a","0",",a","0",",a","6",",a","0",",a","1.3",",a,25,","15.0",",,a,02,","25.2",",a,17,","","","183.6",",a","22.4",",,,a","12.27",",a","17.53",",,,a","7.01",",,,a"
"ASN00017096","1989-07","-28.1125","140.2102","39.0","MOOMBA, AS","0.2","a","0.2","2,a","4",",a","3",",a","0",",a","0","1,a","0","1,a","0","1,a","5","1,a","0","1,a","2.0","1,a,14,+","5.0",",,a,31,","25.0","1,a,28,","","","196.5","1,a","13.9",",,,a","11.66","2,a","17.68","1,,,a","5.63","1,,,a"
"ASN00017096","1989-08","-28.1125","140.2102","39.0","MOOMBA, AS","0.8","a","0.6",",a","1",",a","0",",a","0",",a","0",",a","0",",a","0",",a","7",",a","0",",a","2.6",",a,06,","1.4",",,a,05,","30.4",",a,28,","","","179.3",",a","1.6",",,,a","12.57",",a","19.47",",,,a","5.66",",,,a"
"ASN00017096","1989-09","-28.1125","140.2102","39.0","MOOMBA, AS","39.1","a","38.3",",a","0",",a","0",",a","0",",a","0",",a","0",",a","0",",a","24",",a","3",",a","5.6",",a,01,","0.0",",,a,30,+","34.0",",a,30,","","","46.3",",a","0.0",",,,a","18.07",",a","26.05",",,,a","10.08",",,,a"
"ASN00017096","1989-10","-28.1125","140.2102","39.0","MOOMBA, AS","188.7","a","149.6",",a","3",",a","1",",a","0",",a","0",",a","0",",a","0",",a","31",",a","12",",a","7.0",",a,08,","3.0",",,a,24,","42.7",",a,19,","","","8.3",",a","5.6",",,,a","22.89",",a","30.31",",,,a","15.47",",,,a"
"ASN00017096","1989-11","-28.1125","140.2102","39.0","MOOMBA, AS","367.0","a","178.3","4,a","1","3,a","1","3,a","0","3,a","0","2,a","0","2,a","0","2,a","28","2,a","12","2,a","10.2","2,a,01,","5.4","3,,a,17,","40.9","2,a,15,","","","0.3","2,a","14.4",",a,,a","25.09","4,a","31.99","2,,,a","18.19","2,,,a"
"ASN00017096","1989-12","-28.1125","140.2102","39.0","MOOMBA, AS","696.6","a","329.6",",a","3",",a","1",",a","0",",a","0",",a","0",",a","0",",a","31",",a","28",",a","13.5",",a,07,","7.0",",,a,02,","44.5",",a,25,","","","0.0",",a","9.2",",,,a","28.97",",a","36.99",",,,a","20.94",",,,a"
"ASN00017096","1990-01","-28.1125","140.2102","39.0","MOOMBA, AS","1078.3","a","381.7","2,a","5",",a","3",",a","0",",a","0","1,a","0","1,a","0","1,a","30","1,a","27","1,a","18.7","1,a,17,","21.8",",,a,11,","46.5","1,a,03,","0.0","a","0.0","1,a","50.4",",,,a","31.64","2,a","38.51","1,,,a","24.76","1,,,a"
"ASN00017096","1990-02","-28.1125","140.2102","39.0","MOOMBA, AS","1300.0","a","221.7","3,a","0",",a","0",",a","0",",a","0","2,a","0","2,a","0","1,a","27","1,a","18","1,a","14.7","2,a,02,","0.0",",,a,28,+","40.5","1,a,15,","0.0","a","0.0","1,a","0.0",",,,a","27.18","3,a","33.97","1,,,a","20.38","2,,,a"
"ASN00017096","1990-03","-28.1125","140.2102","39.0","MOOMBA, AS","1589.2","a","289.2",",a","1",",a","0",",a","0",",a","0",",a","0",",a","0",",a","31",",a","27",",a","14.1",",a,20,","0.4",",,a,01,","40.0",",a,10,","0.0","a","0.0",",a","0.6",",,,a","27.66",",a","34.49",",,,a","20.83",",,,a"
"ASN00017096","1990-04","-28.1125","140.2102","39.0","MOOMBA, AS","1692.6","a","103.4",",a","6",",a","3",",a","0",",a","0",",a","0",",a","0",",a","29",",a","2",",a","8.0",",a,28,","13.8",",,a,10,","33.7",",a,07,","7.0","a","7.0",",a","31.8",",,,a","21.55",",a","26.60",",,,a","16.49",",,,a"
"ASN00017096","1990-05","-28.1125","140.2102","39.0","MOOMBA, AS","1734.2","a","41.6",",a","4",",a","2",",a","0",",a","0",",a","0",",a","0",",a","20",",a","0",",a","6.0",",a,22,","20.4",",,a,22,","29.5",",a,12,+","77.7","a","70.7",",a","26.6",",,,a","17.40",",a","23.31",",,,a","11.48",",,,a"
"ASN00017096","1990-06","-28.1125","140.2102","39.0","MOOMBA, AS","1734.2","a","0.0",",a","1",",a","0",",a","0",",a","0",",a","0",",a","0",",a","6",",a","0",",a","2.0",",a,19,","1.0",",,a,17,","23.0",",a,16,+","220.2","a","142.5",",a","1.0",",,,a","13.58",",a","18.57",",,,a","8.59",",,,a"
"ASN00017096","1990-07","-28.1125","140.2102","39.0","MOOMBA, AS","9.1","a","9.1",",a","4",",a","1",",a","0",",a","0",",a","0",",a","0",",a","10",",a","0",",a","2.4",",a,28,","5.6",",,a,27,","28.6",",a,22,","370.0","a","149.8",",a","8.4",",,,a","13.79",",a","19.28",",,,a","8.31",",,,a"
"ASN00017096","1990-08","-28.1125","140.2102","39.0","MOOMBA, AS","10.0","a","0.9","1,a","0","2,a","0","2,a","0","2,a","0","1,a","0","1,a","0",",a","14",",a","0",",a","3.5","1,a,10,","0.0","2,,a,31,+","26.5",",a,29,","491.1","a","121.1",",a","1.2",",a,,a","14.34","1,a","20.75",",,,a","7.93","1,,,a"
"ASN00017096","1990-09","-28.1125","140.2102","39.0","MOOMBA, AS","85.5","a","75.5",",a","0",",a","0",",a","0",",a","0",",a","0",",a","0",",a","28",",a","5",",a","4.9",",a,14,","0.0",",,a,30,+","37.0",",a,24,","526.7","a","35.6",",a","0.0",",,,a","19.67",",a","26.97",",,,a","12.36",",,,a"
"ASN00017096","1990-10","-28.1125","140.2102","39.0","MOOMBA, AS","230.3","a","144.8","2,a","2",",a","1",",a","0",",a","0","1,a","0","1,a","0","1,a","30","1,a","10","1,a","9.8","1,a,20,","19.3",",,a,19,","40.0","1,a,31,","528.9","a","2.2","1,a","20.1",",,,a","23.27","2,a","30.89","1,,,a","15.65","1,,,a"
"ASN00017096","1990-11","-28.1125","140.2102","39.0","MOOMBA, AS","519.4","a","289.1","2,a","0",",a","0",",a","0",",a","0","1,a","0","1,a","0","1,a","29","1,a","23","1,a","11.5","1,a,10,","0.0",",,a,30,+","45.6","1,a,17,","528.9","a","0.0","1,a","0.0",",,,a","28.45","2,a","36.54","1,,,a","20.37","1,,,a"
"ASN00017096","1990-12","-28.1125","140.2102","39.0","MOOMBA, AS","890.3","a","370.9",",a","0",",a","0",",a","0",",a","0",",a","0",",a","0",",a","31",",a","28",",a","13.4",",a,11,","0.0",",,a,31,+","45.5",",a,22,","528.9","a","0.0",",a","0.0",",,,a","30.30",",a","38.35",",,,a","22.25",",,,a"
"ASN00017096","1991-01","-28.1125","140.2102","39.0","MOOMBA, AS","1280.6","a","390.3",",a","5",",a","1",",a","0",",a","0",",a","0",",a","0",",a","31",",a","29",",a","18.0",",a,06,","8.0",",,a,23,","41.4",",a,12,","0.0","a","0.0",",a","13.8",",,,a","30.92",",a","37.47",",,,a","24.37",",,,a"
"ASN00017096","1991-02","-28.1125","140.2102","39.0","MOOMBA, AS","1647.0","a","366.4",",a","3",",a","1",",a","0",",a","0",",a","0",",a","0",",a","28",",a","27",",a","17.0",",a,17,","4.8",",,a,06,","42.5",",a,14,","0.0","a","0.0",",a","6.8",",,,a","31.42",",a","39.00",",,,a","23.84",",,,a"
"ASN00017096","1991-03","-28.1125","140.2102","39.0","MOOMBA, AS","1903.7","a","256.7",",a","1",",a","0",",a","0",",a","0",",a","0",",a","0",",a","31",",a","19",",a","13.0",",a,25,+","0.6",",,a,30,","40.5",",a,18,","0.0","a","0.0",",a","0.6",",,,a","26.61",",a","34.08",",,,a","19.15",",,,a"
"ASN00017096","1991-04","-28.1125","140.2102","39.0","MOOMBA, AS","2015.5","a","111.8",",a","0",",a","0",",a","0",",a","0",",a","0",",a","0",",a","30",",a","9",",a","8.5",",a,27,","0.2",",,a,15,","35.6",",a,09,","6.8","a","6.8",",a","0.2",",,,a","21.83",",a","29.60",",,,a","14.07",",,,a"
"ASN00017096","1991-05","-28.1125","140.2102","39.0","MOOMBA, AS","2025.5","a","10.0",",a","0",",a","0",",a","0",",a","0",",a","0",",a","0",",a","27",",a","0",",a","4.8",",a,10,","0.0",",,a,31,+","31.2",",a,06,","77.0","a","70.2",",a","0.0",",,,a","16.39",",a","23.68",",,,a","9.10",",,,a"
"ASN00017096","1991-06","-28.1125","140.2102","39.0","MOOMBA, AS","2034.9","a","9.4",",a","2",",a","1",",a","0",",a","0",",a","0",",a","0",",a","18",",a","0",",a","5.2",",a,10,","13.4",",,a,06,","29.5",",a,28,","144.2","a","67.2",",a","14.2",",,,a","16.41",",a","22.55",",,,a","10.26",",,,a"
"ASN00017096","1991-07","-28.1125","140.2102","39.0","MOOMBA, AS","0.0","a","0.0",",a","2",",a","2",",a","0",",a","0",",a","0",",a","0",",a","10",",a","0",",a","3.0",",a,15,","8.0",",,a,06,","26.6",",a,20,","292.7","a","148.5",",a","11.2",",,,a","13.54",",a","20.26",",,,a","6.82",",,,a"
"ASN00017096","1991-08","-28.1125","140.2102","39.0","MOOMBA, AS","11.4","a","11.4","2,a","0",",a","0",",a","0",",a","0","1,a","0","1,a","0","1,a","18","1,a","0","1,a","2.7","1,a,18,","0.0",",,a,31,+","32.1","1,a,04,","397.1","a","104.4","1,a","0.0",",,,a","15.15","2,a","22.57","1,,,a","7.72","1,,,a"
"ASN00017096","1991-09","-28.1125","140.2102","39.0","MOOMBA, AS","75.3","a","63.9",",a","2",",a","0",",a","0",",a","0",",a","0",",a","0",",a","30",",a","3",",a","6.3",",a,01,","1.0",",,a,25,+","35.6",",a,25,","414.6","a","17.5",",a","2.0",",,,a","19.88",",a","28.16",",,,a","11.60",",,,a"
"ASN00017096","1991-10","-28.1125","140.2102","39.0","MOOMBA, AS","257.8","a","182.5",",a","0",",a","0",",a","0",",a","0",",a","0",",a","0",",a","31",",a","16",",a","10.9",",a,18,","0.0",",,a,31,+","42.0",",a,30,","414.6","a","0.0",",a","0.0",",,,a","24.22",",a","32.58",",,,a","15.86",",,,a"
"ASN00017096","1991-11","-28.1125","140.2102","39.0","MOOMBA, AS","495.5","a","237.7","2,a","4",",a","1",",a","0",",a","0","1,a","0","1,a","0","1,a","29","1,a","18","1,a","10.0","1,a,30,","3.8",",,a,26,","43.5","1,a,25,","414.6","a","0.0","1,a","7.4",",,,a","26.94","2,a","34.25","1,,,a","19.63","1,,,a"
"ASN00017096","1991-12","-28.1125","140.2102","39.0","MOOMBA, AS","760.9","a","265.4","2,a","1",",a","0",",a","0",",a","0","1,a","0","1,a","0","1,a","30","1,a","19","1,a","13.4","1,a,17,","1.4",",,a,10,","46.0","1,a,27,","414.6","a","0.0","1,a","1.4",",,,a","27.50","2,a","35.02","1,,,a","19.97","1,,,a"
"ASN00017096","1992-01","-28.1125","140.2102","39.0","MOOMBA, AS","1080.8","a","319.9",",a","0",",a","0",",a","0",",a","0",",a","0",",a","0",",a","31",",a","25",",a","13.6",",a,10,","0.2",",,a,30,","46.1",",a,21,","0.0","a","0.0",",a","0.2",",,,a","28.65",",a","36.38",",,,a","20.93",",,,a"
"ASN00017096","1992-02","-28.1125","140.2102","39.0","MOOMBA, AS","1408.4","a","327.6",",a","5",",a","3",",a","1",",a","0",",a","0",",a","0",",a","29",",a","23",",a","17.5",",a,25,","28.0",",,a,06,","42.0",",a,22,","0.0","a","0.0",",a","39.0",",,,a","29.63",",a","36.19",",,,a","23.07",",,,a"
"ASN00017096","1992-03","-28.1125","140.2102","39.0","MOOMBA, AS","1709.0","a","300.6",",a","1",",a","0",",a","0",",a","0",",a","0",",a","0",",a","31",",a","27",",a","13.4",",a,20,","0.4",",,a,01,","40.1",",a,09,","0.0","a","0.0",",a","0.6",",,,a","28.03",",a","35.78",",,,a","20.27",",,,a"
"ASN00017096","1992-04","-28.1125","140.2102","39.0","MOOMBA, AS","1850.3","a","141.3","2,a","1",",a","1",",a","0",",a","0","1,a","0","1,a","0","1,a","29","1,a","13","1,a","7.5","1,a,24,","4.0",",,a,21,","36.5","1,a,03,","14.5","a","14.5","1,a","4.4",",,,a","23.02","2,a","29.71","1,,,a","16.32","1,,,a"
"ASN00017096","1992-05","-28.1125","140.2102","39.0","MOOMBA, AS","1879.7","a","29.4",",a","2",",a","2",",a","0",",a","0",",a","0",",a","0",",a","17",",a","0",",a","6.6",",a,23,","8.4",",,a,11,","31.7",",a,07,","73.7","a","59.2",",a","12.0",",,,a","17.37",",a","22.82",",,,a","11.92",",,,a"
"ASN00017096","1992-06","-28.1125","140.2102","39.0","MOOMBA, AS","1881.5","a","1.8",",a","1",",a","0",",a","0",",a","0",",a","0",",a","0",",a","6",",a","0",",a","1.3",",a,27,","2.0",",,a,17,","26.4",",a,01,","225.7","a","152.0",",a","2.0",",,,a","13.33",",a","19.56",",,,a","7.09",",,,a"
"ASN00017096","1992-07","-28.1125","140.2102","39.0","MOOMBA, AS","0.3","a","0.3",",a","1",",a","1",",a","0",",a","0",",a","0",",a","0",",a","11",",a","0",",a","2.2",",a,08,","21.8",",,a,17,","27.6",",a,30,","390.2","a","164.5",",a","21.8",",,,a","13.04",",a","20.38",",,,a","5.69",",,,a"
"ASN00017096","1992-08","-28.1125","140.2102","39.0","MOOMBA, AS","6.5","a","6.2",",a","4",",a","4",",a","0",",a","0",",a","0",",a","0",",a","13",",a","0",",a","3.3",",a,19,","7.4",",,a,30,","29.6",",a,04,","513.6","a","123.4",",a","21.0",",,,a","14.55",",a","20.94",",,,a","8.16",",,,a"
"ASN00017096","1992-09","-28.1125","140.2102","39.0","MOOMBA, AS","36.2","a","29.7",",a","2",",a","1",",a","0",",a","0",",a","0",",a","0",",a","24",",a","0",",a","6.0",",a,04,","4.8",",,a,24,","31.5",",a,07,","559.9","a","46.3",",a","5.4",",,,a","17.78",",a","24.76",",,,a","10.80",",,,a"
"ASN00017096","1992-10","-28.1125","140.2102","39.0","MOOMBA, AS","161.7","a","125.5",",a","4",",a","1",",a","0",",a","0",",a","0",",a","0",",a","31",",a","9",",a","10.3",",a,19,","13.8",",,a,04,","38.5",",a,27,","563.7","a","3.8",",a","18.0",",,,a","22.26",",a","29.35",",,,a","15.16",",,,a"
"ASN00017096","1992-11","-28.1125","140.2102","39.0","MOOMBA, AS","322.7","a","161.0",",a","4",",a","4",",a","0",",a","0",",a","0",",a","0",",a","29",",a","11",",a","10.7",",a,05,","7.6",",,a,17,","39.8",",a,19,","564.6","a","0.9",",a","27.0",",,,a","23.67",",a","30.94",",,,a","16.40",",,,a"
"ASN00017096","1992-12","-28.1125","140.2102","39.0","MOOMBA, AS","616.5","a","293.8",",a","4",",a","2",",a","0",",a","0",",a","0",",a","0",",a","31",",a","22",",a","14.4",",a,17,","6.6",",,a,17,","42.0",",a,25,","564.6","a","0.0",",a","11.6",",,,a","27.81",",a","34.52",",,,a","21.10",",,,a"
"ASN00017096","1993-01","-28.1125","140.2102","39.0","MOOMBA, AS","1009.2","a","392.7","2,a","7",",a","4",",a","1",",a","0","1,a","0","1,a","0","1,a","30","1,a","29","1,a","19.9","1,a,08,","26.2",",,a,16,","43.3","1,a,22,","0.0","a","0.0","1,a","73.6",",,,a","31.73","2,a","38.96","1,,,a","24.50","1,,,a"
"ASN00017096","1993-02","-28.1125","140.2102","39.0","MOOMBA, AS","1349.3","a","340.1",",a","2",",a","0",",a","0",",a","0",",a","0",",a","0",",a","28",",a","24",",a","14.2",",a,22,","0.6",",,a,21,+","44.9",",a,05,","0.0","a","0.0",",a","1.4",",,,a","30.48",",a","37.84",",,,a","23.12",",,,a"
"ASN00017096","1993-03","-28.1125","140.2102","39.0","MOOMBA, AS","1610.7","a","261.4",",a","3",",a","0",",a","0",",a","0",",a","0",",a","0",",a","31",",a","20",",a","12.4",",a,31,","1.2",",,a,27,+","39.1",",a,23,","0.0","a","0.0",",a","3.6",",,,a","26.76",",a","34.05",",,,a","19.47",",,,a"
"ASN00017096","1993-04","-28.1125","140.2102","39.0","MOOMBA, AS","1783.6","a","172.9",",a","0",",a","0",",a","0",",a","0",",a","0",",a","0",",a","30",",a","10",",a","13.2",",a,10,","0.2",",,a,14,","37.8",",a,13,","0.0","a","0.0",",a","0.2",",,,a","24.10",",a","31.82",",,,a","16.37",",,,a"
"ASN00017096","1993-05","-28.1125","140.2102","39.0","MOOMBA, AS","1823.9","a","40.3",",a","4",",a","3",",a","0",",a","0",",a","0",",a","0",",a","21",",a","0",",a","7.9",",a,28,+","16.4",",,a,12,","29.9",",a,03,+","42.1","a","42.1",",a","28.9",",,,a","18.28",",a","23.78",",,,a","12.77",",,,a"
"ASN00017096","1993-06","-28.1125","140.2102","39.0","MOOMBA, AS","1825.1","a","1.2","2,a","2",",a","0",",a","0",",a","0","1,a","0","1,a","0","1,a","6","1,a","0","1,a","2.1","1,a,25,","1.8",",,a,01,","26.1","1,a,30,","179.9","a","137.8","1,a","2.8",",,,a","13.36","2,a","19.48","1,,,a","7.24","1,,,a"
"ASN00017096","1993-07","-28.1125","140.2102","39.0","MOOMBA, AS","14.2","a","14.2",",a","2",",a","0",",a","0",",a","0",",a","0",",a","0",",a","14",",a","0",",a","3.6",",a,12,","2.0",",,a,07,","30.7",",a,30,","307.1","a","127.2",",a","3.8",",,,a","14.69",",a","21.15",",,,a","8.23",",,,a"
"ASN00017096","1993-08","-28.1125","140.2102","39.0","MOOMBA, AS","33.8","a","19.6",",a","2",",a","1",",a","0",",a","0",",a","0",",a","0",",a","24",",a","1",",a","2.1",",a,05,","19.4",",,a,29,","32.7",",a,31,","389.8","a","82.7",",a","20.6",",,,a","16.30",",a","23.50",",,,a","9.10",",,,a"
"ASN00017096","1993-09","-28.1125","140.2102","39.0","MOOMBA, AS","97.9","a","64.1",",a","3",",a","2",",a","0",",a","0",",a","0",",a","0",",a","23",",a","4",",a","5.5",",a,02,","12.2",",,a,09,","34.7",",a,30,","436.2","a","46.4",",a","17.6",",,,a","18.92",",a","25.61",",,,a","12.23",",,,a"
"ASN00017096","1993-10","-28.1125","140.2102","39.0","MOOMBA, AS","205.0","a","107.1",",a","3","2,a","1","2,a","0","2,a","0",",a","0",",a","0",",a","30",",a","7",",a","9.9",",a,11,+","6.4","2,,a,16,","40.1",",a,24,","444.8","a","8.6",",a","23.4",",a,,a","21.51",",a","28.19",",,,a","14.83",",,,a"
"ASN00017096","1993-11","-28.1125","140.2102","39.0","MOOMBA, AS","496.2","a","291.2",",a","2",",a","0",",a","0",",a","0",",a","0",",a","0",",a","30",",a","25",",a","12.7",",a,05,+","1.8",",,a,14,","43.5",",a,30,","444.8","a","0.0",",a","3.2",",,,a","28.04",",a","35.65",",,,a","20.43",",,,a"
"ASN00017096","1993-12","-28.1125","140.2102","39.0","MOOMBA, AS","787.3","a","291.1",",a","5",",a","2",",a","0",",a","0",",a","0",",a","0",",a","31",",a","20",",a","14.3",",a,28,","15.6",",,a,12,","43.7",",a,03,","444.8","a","0.0",",a","23.4",",,,a","27.72",",a","34.22",",,,a","21.22",",,,a"
"ASN00017096","1994-01","-28.1125","140.2102","39.0","MOOMBA, AS","1191.2","a","403.9",",a","1",",a","0",",a","0",",a","0",",a","0",",a","0",",a","31",",a","30",",a","18.6",",a,10,","1.8",",,a,26,","44.5",",a,02,","0.0","a","0.0",",a","1.8",",,,a","31.36",",a","39.03",",,,a","23.69",",,,a"
"ASN00017096","1994-02","-28.1125","140.2102","39.0","MOOMBA, AS","1516.8","a","325.6",",a","1",",a","0",",a","0",",a","0",",a","0",",a","0",",a","28",",a","20",",a","17.0",",a,13,","1.8",",,a,28,","43.9",",a,07,","0.0","a","0.0",",a","2.2",",,,a","29.96",",a","36.11",",,,a","23.81",",,,a"
"ASN00017096","1994-03","-28.1125","140.2102","39.0","MOOMBA, AS","1740.6","a","223.8",",a","0",",a","0",",a","0",",a","0",",a","0",",a","0",",a","31",",a","24",",a","12.5",",a,15,","0.0",",,a,31,+","35.5",",a,20,","0.0","a","0.0",",a","0.0",",,,a","25.55",",a","32.93",",,,a","18.17",",,,a"
"ASN00017096","1994-04","-28.1125","140.2102","39.0","MOOMBA, AS","1846.3","a","105.7",",a","0",",a","0",",a","0",",a","0",",a","0",",a","0",",a","30",",a","4",",a","9.0",",a,21,","0.0",",,a,30,+","35.8",",a,01,","4.5","a","4.5",",a","0.0",",,,a","21.71",",a","29.39",",,,a","14.02",",,,a"
"ASN00017096","1994-05","-28.1125","140.2102","39.0","MOOMBA, AS","1874.6","a","28.3",",a","0",",a","0",",a","0",",a","0",",a","0",",a","0",",a","27",",a","0",",a","4.0",",a,12,","0.2",",,a,10,","31.6",",a,01,","68.4","a","63.9",",a","0.2",",,,a","17.18",",a","25.14",",,,a","9.23",",,,a"
"ASN00017096","1994-06","-28.1125","140.2102","39.0","MOOMBA, AS","1883.0","a","8.4",",a","2",",a","2",",a","0",",a","0",",a","0",",a","0",",a","8",",a","0",",a","3.5",",a,28,","20.2",",,a,06,","29.5",",a,04,+","196.5","a","128.1",",a","23.2",",,,a","14.35",",a","20.91",",,,a","7.78",",,,a"
"ASN00017096","1994-07","-28.1125","140.2102","39.0","MOOMBA, AS","0.0","a","0.0",",a","0",",a","0",",a","0",",a","0",",a","0",",a","0",",a","11",",a","0",",a","0.8",",a,24,","0.0",",,a,31,+","25.7",",a,11,+","366.0","a","169.5",",a","0.0",",,,a","12.87",",a","20.61",",,,a","5.13",",,,a"
"ASN00017096","1994-08","-28.1125","140.2102","39.0","MOOMBA, AS","3.8","a","3.8",",a","0",",a","0",",a","0",",a","0",",a","1",",a","0",",a","14",",a","0",",a","-0.5",",a,11,","0.0",",,a,31,+","29.0",",a,29,+","517.5","a","151.5",",a","0.0",",,,a","13.57",",a","21.67",",,,a","5.46",",,,a"
"ASN00017096","1994-09","-28.1125","140.2102","39.0","MOOMBA, AS","23.0","a","19.2",",a","0",",a","0",",a","0",",a","0",",a","0",",a","0",",a","29",",a","0",",a","4.5",",a,21,","0.0",",,a,30,+","31.5",",a,12,+","555.4","a","37.9",",a","0.0",",,,a","17.71",",a","25.69",",,,a","9.72",",,,a"
"ASN00017096","1994-10","-28.1125","140.2102","39.0","MOOMBA, AS","171.8","a","148.8",",a","1",",a","0",",a","0",",a","0",",a","0",",a","0",",a","31",",a","15",",a","9.0",",a,04,+","0.6",",,a,28,","38.6",",a,27,","560.1","a","4.7",",a","0.6",",,,a","22.98",",a","31.19",",,,a","14.78",",,,a"
"ASN00017096","1994-11","-28.1125","140.2102","39.0","MOOMBA, AS","391.8","a","220.0",",a","4",",a","1",",a","0",",a","0",",a","0",",a","0",",a","30",",a","16",",a","11.4",",a,02,","13.8",",,a,16,","41.9",",a,27,","560.3","a","0.2",",a","14.9",",,,a","25.66",",a","32.87",",,,a","18.44",",,,a"
"ASN00017096","1994-12","-28.1125","140.2102","39.0","MOOMBA, AS","771.2","a","379.4",",a","1",",a","0",",a","0",",a","0",",a","0",",a","0",",a","31",",a","28",",a","15.6",",a,09,","2.0",",,a,15,","45.6",",a,19,","560.3","a","0.0",",a","2.0",",,,a","30.57",",a","38.15",",,,a","22.99",",,,a"
"ASN00017096","1995-01","-28.1125","140.2102","39.0","MOOMBA, AS","1142.8","a","371.6",",a","8",",a","5",",a","0",",a","0",",a","0",",a","0",",a","31",",a","26",",a","16.4",",a,22,","24.8",",,a,11,","41.9",",a,03,","0.0","a","0.0",",a","85.2",",,,a","30.32",",a","36.79",",,,a","23.85",",,,a"
"ASN00017096","1995-02","-28.1125","140.2102","39.0","MOOMBA, AS","1448.1","a","305.3",",a","1",",a","0",",a","0",",a","0",",a","0",",a","0",",a","28",",a","26",",a","17.6",",a,07,","0.6",",,a,17,","40.0",",a,23,","0.0","a","0.0",",a","0.6",",,,a","29.24",",a","36.10",",,,a","22.38",",,,a"
"ASN00017096","1995-03","-28.1125","140.2102","39.0","MOOMBA, AS","1682.4","a","234.3",",a","0",",a","0",",a","0",",a","0",",a","0",",a","0",",a","31",",a","17",",a","11.7",",a,29,","0.0",",,a,31,+","40.2",",a,02,+","0.0","a","0.0",",a","0.0",",,,a","25.89",",a","33.18",",,,a","18.60",",,,a"
"ASN00017096","1995-04","-28.1125","140.2102","39.0","MOOMBA, AS","1734.4","a","52.0",",a","0",",a","0",",a","0",",a","0",",a","0",",a","0",",a","30",",a","2",",a","8.2",",a,09,","0.0",",,a,30,+","32.7",",a,29,","9.9","a","9.9",",a","0.0",",,,a","19.73",",a","26.69",",,,a","12.77",",,,a"
"ASN00017096","1995-05","-28.1125","140.2102","39.0","MOOMBA, AS","1754.6","a","20.2",",a","6",",a","4",",a","0",",a","0",",a","0",",a","0",",a","16",",a","0",",a","5.9",",a,28,","16.0",",,a,01,","30.5",",a,12,","88.2","a","78.3",",a","40.2",",,,a","16.46",",a","21.58",",,,a","11.33",",,,a"
"ASN00017096","1995-06","-28.1125","140.2102","39.0","MOOMBA, AS","1771.7","a","17.1",",a","2",",a","1",",a","0",",a","0",",a","0",",a","0",",a","14",",a","0",",a","3.2",",a,22,","12.4",",,a,15,","29.5",",a,09,","209.6","a","121.4",",a","14.0",",,,a","14.86",",a","20.67",",,,a","9.04",",,,a"
"ASN00017096","1995-07","-28.1125","140.2102","39.0","MOOMBA, AS","2.6","a","2.6",",a","1",",a","1",",a","0",",a","0",",a","0",",a","0",",a","8",",a","0",",a","0.2",",a,07,","22.8",",,a,17,","27.5",",a,13,","370.0","a","160.4",",a","22.8",",,,a","13.24",",a","19.37",",,,a","7.12",",,,a"
"ASN00017096","1995-08","-28.1125","140.2102","39.0","MOOMBA, AS","68.9","a","66.3","2,a","1",",a","0",",a","0",",a","0","1,a","0","1,a","0","1,a","21","1,a","5","1,a","2.1","1,a,11,","0.4",",,a,15,","34.1","1,a,24,","445.5","a","75.5","1,a","0.4",",,,a","17.79","2,a","25.65","1,,,a","9.94","1,,,a"
"ASN00017096","1995-09","-28.1125","140.2102","39.0","MOOMBA, AS","119.5","a","50.6","2,a","5",",a","1",",a","0",",a","0","1,a","0","1,a","0","1,a","24","1,a","3","1,a","2.3","1,a,07,","11.8",",,a,05,","33.6","1,a,30,","474.9","a","29.4","1,a","16.7",",,,a","19.16","2,a","26.10","1,,,a","12.23","1,,,a"
"ASN00017096","1995-10","-28.1125","140.2102","39.0","MOOMBA, AS","263.0","a","143.5",",a","4",",a","2",",a","0",",a","0",",a","0",",a","0",",a","26",",a","10",",a","6.9",",a,22,","12.0",",,a,02,","42.5",",a,31,","500.4","a","25.5",",a","19.4",",,,a","22.14",",a","29.16",",,,a","15.12",",,,a"
"ASN00017096","1995-11","-28.1125","140.2102","39.0","MOOMBA, AS","521.2","a","258.2",",a","5","2,a","2","2,a","0","2,a","0",",a","0",",a","0",",a","30",",a","19",",a","12.1",",a,11,","20.6","2,,a,30,","45.6",",a,27,","500.4","a","0.0",",a","36.6",",a,,a","26.94",",a","34.18",",,,a","19.70",",,,a"
"ASN00017096","1995-12","-28.1125","140.2102","39.0","MOOMBA, AS","815.3","a","294.1",",a","2",",a","1",",a","0",",a","0",",a","0",",a","0",",a","31",",a","24",",a","11.5",",a,06,","4.2",",,a,23,","43.0",",a,17,","500.4","a","0.0",",a","4.6",",,,a","27.82",",a","35.16",",,,a","20.48",",,,a"
"ASN00017096","1996-01","-28.1125","140.2102","39.0","MOOMBA, AS","1194.3","a","379.0",",a","3",",a","0",",a","0",",a","0",",a","0",",a","0",",a","31",",a","29",",a","13.1",",a,22,","1.4",",,a,22,","45.4",",a,30,","0.0","a","0.0",",a","3.0",",,,a","30.56",",a","38.35",",,,a","22.77",",,,a"
"ASN00017096","1996-02","-28.1125","140.2102","39.0","MOOMBA, AS","1486.5","a","292.2",",a","2",",a","0",",a","0",",a","0",",a","0",",a","0",",a","29",",a","23",",a","15.2",",a,11,","0.8",",,a,22,","43.5",",a,07,","0.0","a","0.0",",a","1.2",",,,a","28.41",",a","36.19",",,,a","20.63",",,,a"
"ASN00017096","1996-03","-28.1125","140.2102","39.0","MOOMBA, AS","1746.2","a","259.7",",a","2",",a","2",",a","0",",a","0",",a","0",",a","0",",a","31",",a","21",",a","13.8",",a,21,","25.0",",,a,15,","38.7",",a,14,","0.0","a","0.0",",a","42.4",",,,a","26.71",",a","33.66",",,,a","19.75",",,,a"
"ASN00017096","1996-04","-28.1125","140.2102","39.0","MOOMBA, AS","1815.4","a","69.2",",a","0",",a","0",",a","0",",a","0",",a","0",",a","0",",a","30",",a","3",",a","7.1",",a,20,+","0.0",",,a,30,+","37.0",",a,06,","15.1","a","15.1",",a","0.0",",,,a","20.14",",a","27.25",",,,a","13.03",",,,a"
"ASN00017096","1996-05","-28.1125","140.2102","39.0","MOOMBA, AS","1834.9","a","19.5","1,a","2",",a","1",",a","0",",a","0","1,a","0","1,a","0",",a","23",",a","0",",a","4.9","1,a,29,","19.4",",,a,05,","31.6",",a,11,","73.3","a","58.2",",a","21.5",",,,a","16.99","1,a","23.03",",,,a","10.94","1,,,a"
"ASN00017096","1996-06","-28.1125","140.2102","39.0","MOOMBA, AS","1852.2","a","17.3",",a","4",",a","3",",a","0",",a","0",",a","0",",a","0",",a","11",",a","0",",a","3.6",",a,11,","8.0",",,a,22,","29.6",",a,03,","158.9","a","85.6",",a","17.8",",,,a","16.05",",a","21.96",",,,a","10.14",",,,a"
"ASN00017096","1996-07","-28.1125","140.2102","39.0","MOOMBA, AS","1.9","a","1.9",",a","6",",a","4",",a","0",",a","0",",a","0",",a","0",",a","6",",a","0",",a","3.1",",a,09,","18.2",",,a,27,","28.1",",a,23,","306.8","a","147.9",",a","43.2",",,,a","13.63",",a","19.22",",,,a","8.03",",,,a"
"ASN00017096","1996-08","-28.1125","140.2102","39.0","MOOMBA, AS","10.8","a","8.9",",a","3",",a","1",",a","0",",a","0",",a","0",",a","0",",a","15",",a","0",",a","3.4",",a,19,","7.6",",,a,29,","29.2",",a,26,","417.4","a","110.6",",a","9.6",",,,a","15.05",",a","21.41",",,,a","8.70",",,,a"
"ASN00017096","1996-09","-28.1125","140.2102","39.0","MOOMBA, AS","74.8","a","64.0",",a","2",",a","2",",a","0",",a","0",",a","0",",a","0",",a","26",",a","6",",a","4.9",",a,21,","19.6",",,a,29,","37.1",",a,11,","452.4","a","35.0",",a","30.8",",,,a","19.30",",a","27.31",",,,a","11.29",",,,a"
"ASN00017096","1996-10","-28.1125","140.2102","39.0","MOOMBA, AS","229.3","a","154.5",",a","3",",a","0",",a","0",",a","0",",a","0",",a","0",",a","31",",a","12",",a","9.3",",a,01,","1.8",",,a,06,","37.2",",a,11,","456.2","a","3.8",",a","4.4",",,,a","23.19",",a","30.47",",,,a","15.92",",,,a"
"ASN00017096","1996-11","-28.1125","140.2102","39.0","MOOMBA, AS","437.2","a","207.9",",a","0",",a","0",",a","0",",a","0",",a","0",",a","0",",a","30",",a","17",",a","10.6",",a,06,","0.0",",,a,30,+","43.2",",a,27,","456.2","a","0.0",",a","0.0",",,,a","25.26",",a","33.40",",,,a","17.12",",,,a"
"ASN00017096","1996-12","-28.1125","140.2102","39.0","MOOMBA, AS","787.4","a","350.2",",a","5",",a","2",",a","0",",a","0",",a","0",",a","0",",a","31",",a","27",",a","15.0",",a,08,","13.6",",,a,04,","43.8",",a,25,","456.2","a","0.0",",a","26.2",",,,a","29.63",",a","37.36",",,,a","21.90",",,,a"
"ASN00017096","1997-01","-28.1125","140.2102","39.0","MOOMBA, AS","1150.4","a","363.0",",a","4",",a","3",",a","1",",a","0",",a","0",",a","0",",a","31",",a","30",",a","17.9",",a,08,","27.0",",,a,15,","41.6",",a,11,","0.0","a","0.0",",a","56.1",",,,a","30.04",",a","36.56",",,,a","23.53",",,,a"
"ASN00017096","1997-02","-28.1125","140.2102","39.0","MOOMBA, AS","1510.2","a","359.8",",a","9",",a","7",",a","0",",a","0",",a","0",",a","0",",a","28",",a","26",",a","19.7",",a,28,","17.2",",,a,12,","42.9",",a,24,","0.0","a","0.0",",a","55.8",",,,a","31.18",",a","36.89",",,,a","25.48",",,,a"
"ASN00017096","1997-03","-28.1125","140.2102","39.0","MOOMBA, AS","1738.7","a","228.5",",a","0",",a","0",",a","0",",a","0",",a","0",",a","0",",a","31",",a","16",",a","13.4",",a,24,","0.0",",,a,31,+","39.5",",a,19,","0.0","a","0.0",",a","0.0",",,,a","25.70",",a","32.69",",,,a","18.72",",,,a"
"ASN00017096","1997-04","-28.1125","140.2102","39.0","MOOMBA, AS","1854.2","a","115.5","1,a","0",",a","0",",a","0",",a","0","1,a","0","1,a","0",",a","30",",a","9",",a","9.3","1,a,08,","0.0",",,a,30,+","37.6",",a,30,","2.1","a","2.1",",a","0.0",",,,a","22.23","1,a","30.25",",,,a","14.20","1,,,a"
"ASN00017096","1997-05","-28.1125","140.2102","39.0","MOOMBA, AS","1885.8","a","31.6","2,a","4",",a","1",",a","0",",a","0","1,a","0","1,a","0","1,a","20","1,a","1","1,a","4.7","1,a,31,","2.8",",,a,15,","32.2","1,a,03,","63.7","a","61.6","1,a","5.8",",,,a","17.47","2,a","23.33","1,,,a","11.61","1,,,a"
"ASN00017096","1997-06","-28.1125","140.2102","39.0","MOOMBA, AS","1890.4","a","4.6",",a","1",",a","0",",a","0",",a","0",",a","0",",a","0",",a","13",",a","0",",a","2.9",",a,26,","1.6",",,a,13,","29.0",",a,05,","207.6","a","143.9",",a","1.6",",,,a","13.69",",a","20.74",",,,a","6.64",",,,a"
"ASN00017096","1997-07","-28.1125","140.2102","39.0","MOOMBA, AS","1.0","a","1.0",",a","0",",a","0",",a","0",",a","0",",a","2",",a","0",",a","6",",a","0",",a","-1.4",",a,13,","0.0",",,a,31,+","26.3",",a,26,","421.0","a","213.4",",a","0.0",",,,a","11.48",",a","18.57",",,,a","4.38",",,,a"
"ASN00017096","1997-08","-28.1125","140.2102","39.0","MOOMBA, AS","8.6","a","7.6","2,a","1",",a","0",",a","0",",a","0","1,a","0","1,a","0","1,a","18","1,a","0","1,a","1.0","1,a,25,","0.8",",,a,07,","29.6","1,a,30,","548.1","a","127.1","1,a","0.8",",,,a","14.28","2,a","22.03","1,,,a","6.53","1,,,a"
"ASN00017096","1997-09","-28.1125","140.2102","39.0","MOOMBA, AS","72.5","a","63.9","2,a","3",",a","0",",a","0",",a","0","1,a","0","1,a","0","1,a","29","1,a","2","1,a","6.9","1,a,09,","1.2",",,a,07,","34.1","1,a,19,","561.5","a","13.4","1,a","2.2",",,,a","20.23","2,a","27.35","1,,,a","13.10","1,,,a"
"ASN00017096","1997-10","-28.1125","140.2102","39.0","MOOMBA, AS","258.1","a","185.6",",a","3",",a","1",",a","0",",a","0",",a","0",",a","0",",a","29",",a","15",",a","6.2",",a,06,","2.6",",,a,05,","41.5",",a,30,","570.0","a","8.5",",a","4.2",",,,a","24.05",",a","31.71",",,,a","16.38",",,,a"
"ASN00017096","1997-11","-28.1125","140.2102","39.0","MOOMBA, AS","558.0","a","299.9",",a","5",",a","3",",a","0",",a","0",",a","0",",a","0",",a","30",",a","23",",a","10.4",",a,02,","7.8",",,a,18,+","44.4",",a,28,","570.3","a","0.3",",a","23.6",",,,a","28.32",",a","36.23",",,,a","20.41",",,,a"
"ASN00017096","1997-12","-28.1125","140.2102","39.0","MOOMBA, AS","973.8","a","415.8",",a","1",",a","1",",a","0",",a","0",",a","0",",a","0",",a","31",",a","31",",a","18.7",",a,16,","4.2",",,a,14,","43.0",",a,21,","570.3","a","0.0",",a","4.2",",,,a","31.75",",a","39.26",",,,a","24.23",",,,a"
"ASN00017096","1998-01","-28.1125","140.2102","39.0","MOOMBA, AS","1352.2","a","378.4","2,a","3",",a","1",",a","0",",a","0","1,a","0","1,a","0","1,a","30","1,a","28","1,a","18.7","1,a,29,","6.2",",,a,10,","44.1","1,a,04,","0.0","a","0.0","1,a","8.4",",,,a","31.55","2,a","38.33","1,,,a","24.78","1,,,a"
"ASN00017096","1998-02","-28.1125","140.2102","39.0","MOOMBA, AS","1686.0","a","333.8",",a","3",",a","2",",a","1",",a","0",",a","0",",a","0",",a","28",",a","22",",a","17.1",",a,09,","45.0",",,a,08,","45.4",",a,03,","0.0","a","0.0",",a","49.8",",,,a","30.26",",a","37.59",",,,a","22.92",",,,a"
"ASN00017096","1998-03","-28.1125","140.2102","39.0","MOOMBA, AS","1982.7","a","296.7",",a","2",",a","0",",a","0",",a","0",",a","0",",a","0",",a","31",",a","22",",a","13.5",",a,26,","1.8",",,a,01,","43.0",",a,13,","0.0","a","0.0",",a","3.0",",,,a","27.90",",a","35.41",",,,a","20.40",",,,a"
"ASN00017096","1998-04","-28.1125","140.2102","39.0","MOOMBA, AS","2091.4","a","108.7",",a","2",",a","2",",a","0",",a","0",",a","0",",a","0",",a","28",",a","5",",a","8.2",",a,26,","6.0",",,a,22,","36.7",",a,07,","12.2","a","12.2",",a","11.0",",,,a","21.55",",a","27.95",",,,a","15.15",",,,a"
"ASN00017096","1998-05","-28.1125","140.2102","39.0","MOOMBA, AS","2125.0","a","33.6",",a","0",",a","0",",a","0",",a","0",",a","0",",a","0",",a","28",",a","0",",a","5.1",",a,26,","0.0",",,a,31,+","29.0",",a,14,","49.4","a","37.2",",a","0.0",",,,a","18.22",",a","24.71",",,,a","11.73",",,,a"
"ASN00017096","1998-06","-28.1125","140.2102","39.0","MOOMBA, AS","2133.9","a","8.9",",a","2",",a","1",",a","0",",a","0",",a","0",",a","0",",a","9",",a","0",",a","1.9",",a,18,","7.1",",,a,21,","28.6",",a,01,","201.9","a","152.5",",a","9.3",",,,a","13.55",",a","19.64",",,,a","7.45",",,,a"
"ASN00017096","1998-07","-28.1125","140.2102","39.0","MOOMBA, AS","1.1","a","1.1",",a","11",",a","5",",a","1",",a","0",",a","0",",a","0",",a","4",",a","0",",a","1.3",",a,12,","52.0",",,a,20,","28.6",",a,05,","389.7","a","187.8",",a","89.2",",,,a","12.31",",a","16.80",",,,a","7.82",",,,a"
"ASN00017096","1998-08","-28.1125","140.2102","39.0","MOOMBA, AS","14.7","a","13.6","2,a","1",",a","0",",a","0",",a","0","1,a","0","1,a","0","1,a","19","1,a","0","1,a","5.8","1,a,01,","0.8",",,a,04,","28.8","1,a,20,","460.7","a","71.0","1,a","0.8",",,,a","16.39","2,a","22.23","1,,,a","10.54","1,,,a"
"ASN00017096","1998-09","-28.1125","140.2102","39.0","MOOMBA, AS","71.5","a","56.8","4,a","9",",a","7",",a","1",",a","0","2,a","0","2,a","0","3,a","20","3,a","3","3,a","7.1","2,a,99,","58.6",",,a,10,","36.1","3,a,03,","490.7","a","30.0","3,a","113.2",",,,a","19.16","4,a","24.84","3,,,a","13.49","2,,,a"
"ASN00017096","1998-10","-28.1125","140.2102","39.0","MOOMBA, AS","200.4","a","128.9","1,a","3",",a","1",",a","0",",a","0","1,a","0","1,a","0","1,a","29","1,a","12","1,a","10.5","1,a,08,","6.6",",,a,29,","40.5","1,a,18,","497.5","a","6.8","1,a","9.6",",,,a","22.41","1,a","29.19","1,,,a","15.62","1,,,a"
"ASN00017096","1998-11","-28.1125","140.2102","39.0","MOOMBA, AS","397.8","a","197.4","4,a","3",",a","1",",a","1",",a","0","2,a","0","2,a","0","2,a","28","2,a","17","2,a","9.9","2,a,18,","34.4",",,a,11,","39.8","2,a,24,","497.5","a","0.0","2,a","36.0",",,,a","26.06","4,a","33.24","2,,,a","18.88","2,,,a"
"ASN00017096","1998-12","-28.1125","140.2102","39.0","MOOMBA, AS","739.5","a","341.7",",a","0",",a","0",",a","0",",a","0",",a","0",",a","0",",a","31",",a","27",",a","14.3",",a,22,","0.2",",,a,21,+","42.9",",a,25,","497.5","a","0.0",",a","0.6",",,,a","29.36",",a","37.01",",,,a","21.70",",,,a"
"ASN00017096","1999-01","-28.1125","140.2102","39.0","MOOMBA, AS","1197.4","","457.9","1,a","1",",a","1",",a","0",",a","0",",a","0",",a","0","1,a","30","1,a","30","1,a","21.2",",a,31,","3.2",",,a,07,","45.6","1,a,11,","0.0","","0.0","1,a","3.2",",,,a","33.52","1,a","41.04","1,,,a","26.00",",,,a"
"ASN00017096","1999-02","-28.1125","140.2102","39.0","MOOMBA, AS","1514.2","","316.8","1,a","2",",a","1",",a","0",",a","0","1,a","0","1,a","0","1,a","27","1,a","23","1,a","15.3","1,a,20,","4.2",",,a,11,","44.1","1,a,02,","0.0","","0.0","1,a","4.6",",,,a","30.07","1,a","36.80","1,,,a","23.33","1,,,a"
"ASN00017096","1999-03","-28.1125","140.2102","39.0","MOOMBA, AS","1818.5","","304.3","1,a","3",",a","0",",a","0",",a","0",",a","0",",a","0","1,a","30","1,a","25","1,a","12.0",",a,30,","1.4",",,a,22,","42.0","1,a,06,","0.0","","0.0","1,a","3.0",",,,a","28.38","1,a","35.61","1,,,a","21.16",",,,a"
"ASN00017096","1999-04","-28.1125","140.2102","39.0","MOOMBA, AS","1905.6","","87.1","1,a","1",",a","0",",a","0",",a","0","1,a","0","1,a","0","1,a","27","1,a","0","1,a","4.2","1,a,29,","2.4",",,a,05,","31.6","1,a,03,","24.3","","24.3","1,a","2.4",",,,a","20.50","1,a","27.50","1,,,a","13.50","1,,,a"
"ASN00017096","1999-05","-28.1125","140.2102","39.0","MOOMBA, AS","1958.9","","53.3",",a","0",",a","0",",a","0",",a","0",",a","0",",a","0",",a","28",",a","0",",a","4.1",",a,26,+","0.2",",,a,12,","30.9",",a,19,","51.7","","27.4",",a","0.2",",,,a","19.17",",a","26.46",",,,a","11.87",",,,a"
"ASN00017096","1999-06","-28.1125","140.2102","39.0","MOOMBA, AS","1961.6","","2.7","4,a","1",",a","1",",a","0",",a","0","2,a","0","2,a","0","3,a","11","3,a","0","3,a","3.6","2,a,16,","6.4",",,a,06,","27.7","3,a,05,","169.9","","118.2","3,a","6.4",",,,a","13.91","4,a","20.94","3,,,a","6.89","2,,,a"
"ASN00017096","1999-07","-28.1125","140.2102","39.0","MOOMBA, AS","","","","","0",",a","0",",a","0",",a","","","","","","","","","","","","","0.2",",,a,09,","","","","","","","0.2",",,,a","","","","","",""
"ASN00017096","1999-08","-28.1125","140.2102","39.0","MOOMBA, AS","","","","","1",",a","1",",a","0",",a","","","","","","","","","","","","","7.0",",,a,08,","","","","","","","7.0",",,,a","","","","","",""
"ASN00017096","1999-09","-28.1125","140.2102","39.0","MOOMBA, AS","","","","","3",",a","0",",a","0",",a","","","","","","","","","","","","","1.4",",,a,30,","","","","","","","2.4",",,,a","","","","","",""
"ASN00017096","1999-10","-28.1125","140.2102","39.0","MOOMBA, AS","","","","","3",",a","3",",a","0",",a","","","","","","","","","","","","","10.0",",,a,19,","","","","","","","24.6",",,,a","","","","","",""
"ASN00017096","1999-11","-28.1125","140.2102","39.0","MOOMBA, AS","","","","","4",",a","2",",a","0",",a","","","","","","","","","","","","","3.8",",,a,29,","","","","","","","8.8",",,,a","","","","","",""
"ASN00017096","1999-12","-28.1125","140.2102","39.0","MOOMBA, AS","","","","","5","2,a","3","2,a","0","2,a","","","","","","","","","","","","","10.8","2,,a,27,","","","","","","","94.4",",a,,a","","","","","",""
"ASN00017096","2000-02","-28.1125","140.2102","39.0","MOOMBA, AS","","","","","4",",a","3",",a","0",",a","","","","","","","","","","","","","15.5",",,a,12,","","","","","","","39.2",",,,a","","","","","",""
"ASN00017096","2000-03","-28.1125","140.2102","39.0","MOOMBA, AS","","","","","2",",a","0",",a","0",",a","","","","","","","","","","","","","1.4",",,a,06,","","","","","","","2.0",",,,a","","","","","",""
"ASN00017096","2000-04","-28.1125","140.2102","39.0","MOOMBA, AS","","","","","3",",a","1",",a","1",",a","","","","","","","","","","","","","26.8",",,a,12,","","","","","","","29.6",",,,a","","","","","",""
"ASN00017096","2000-05","-28.1125","140.2102","39.0","MOOMBA, AS","","","","","4",",a","2",",a","0",",a","","","","","","","","","","","","","8.6",",,a,01,","","","","","","","17.0",",,,a","","","","","",""
"ASN00017096","2000-06","-28.1125","140.2102","39.0","MOOMBA, AS","","","","","0",",a","0",",a","0",",a","","","","","","","","","","","","","0.2",",,a,03,+","","","","","","","0.4",",,,a","","","","","",""
"ASN00017096","2000-07","-28.1125","140.2102","39.0","MOOMBA, AS","","","","","3",",a","0",",a","0",",a","","","","","","","","","","","","","2.0",",,a,19,+","","","","","","","4.8",",,,a","","","","","",""
"ASN00017096","2000-08","-28.1125","140.2102","39.0","MOOMBA, AS","","","","","2",",a","0",",a","0",",a","","","","","","","","","","","","","1.4",",,a,19,+","","","","","","","3.0",",,,a","","","","","",""
"ASN00017096","2000-09","-28.1125","140.2102","39.0","MOOMBA, AS","","","","","0",",a","0",",a","0",",a","","","","","","","","","","","","","0.0",",,a,30,+","","","","","","","0.0",",,,a","","","","","",""
"ASN00017096","2000-10","-28.1125","140.2102","39.0","MOOMBA, AS","","","","","2","4,a","1","4,a","0","4,a","","","","","","","","","","","","","3.6","4,,a,14,","","","","","","","31.8",",a,,a","","","","","",""
"ASN00017096","2000-11","-28.1125","140.2102","39.0","MOOMBA, AS","","","","","4",",a","4",",a","0",",a","","","","","","","","","","","","","12.8",",,a,19,","","","","","","","29.6",",,,a","","","","","",""
"ASN00017096","2000-12","-28.1125","140.2102","39.0","MOOMBA, AS","","","","","1",",a","1",",a","0",",a","","","","","","","","","","","","","4.2",",,a,13,","","","","","","","4.2",",,,a","","","","","",""
"ASN00017096","2001-01","-28.1125","140.2102","39.0","MOOMBA, AS","","","","","2",",a","2",",a","1",",a","","","","","","","","","","","","","44.6",",,a,25,","","","","","","","55.8",",,,a","","","","","",""
"ASN00017096","2001-02","-28.1125","140.2102","39.0","MOOMBA, AS","","","","","4",",a","3",",a","0",",a","","","","","","","","","","","","","5.2",",,a,28,","","","","","","","15.0",",,,a","","","","","",""
"ASN00017096","2001-03","-28.1125","140.2102","39.0","MOOMBA, AS","","","","","5",",a","3",",a","0",",a","","","","","","","","","","","","","10.2",",,a,24,","","","","","","","18.6",",,,a","","","","","",""
"ASN00017096","2001-04","-28.1125","140.2102","39.0","MOOMBA, AS","","","","","0",",a","0",",a","0",",a","","","","","","","","","","","","","0.2",",,a,30,","","","","","","","0.2",",,,a","","","","","",""
"ASN00017096","2001-05","-28.1125","140.2102","39.0","MOOMBA, AS","","","","","0",",a","0",",a","0",",a","","","","","","","","","","","","","0.2",",,a,04,","","","","","","","0.2",",,,a","","","","","",""
"ASN00017096","2001-06","-28.1125","140.2102","39.0","MOOMBA, AS","","","","","5",",a","2",",a","1",",a","","","","","","","","","","","","","34.0",",,a,07,","","","","","","","40.4",",,,a","","","","","",""
"ASN00017096","2001-07","-28.1125","140.2102","39.0","MOOMBA, AS","","","","","4",",a","3",",a","0",",a","","","","","","","","","","","","","12.6",",,a,12,","","","","","","","26.6",",,,a","","","","","",""
"ASN00017096","2001-08","-28.1125","140.2102","39.0","MOOMBA, AS","","","","","0",",a","0",",a","0",",a","","","","","","","","","","","","","0.0",",,a,31,+","","","","","","","0.0",",,,a","","","","","",""
"ASN00017096","2001-09","-28.1125","140.2102","39.0","MOOMBA, AS","","","","","1",",a","0",",a","0",",a","","","","","","","","","","","","","1.0",",,a,11,","","","","","","","1.0",",,,a","","","","","",""
"ASN00017096","2001-10","-28.1125","140.2102","39.0","MOOMBA, AS","","","","","6",",a","3",",a","0",",a","","","","","","","","","","","","","11.2",",,a,01,","","","","","","","25.8",",,,a","","","","","",""
"ASN00017096","2001-11","-28.1125","140.2102","39.0","MOOMBA, AS","","","","","4",",a","1",",a","0",",a","","","","","","","","","","","","","3.4",",,a,06,","","","","","","","5.0",",,,a","","","","","",""
"ASN00017096","2001-12","-28.1125","140.2102","39.0","MOOMBA, AS","","","","","6",",a","3",",a","0",",a","","","","","","","","","","","","","5.0",",,a,15,","","","","","","","16.4",",,,a","","","","","",""
"ASN00017096","2002-01","-28.1125","140.2102","39.0","MOOMBA, AS","","","","","2",",a","1",",a","0",",a","","","","","","","","","","","","","8.0",",,a,22,","","","","","","","9.4",",,,a","","","","","",""
"ASN00017096","2002-02","-28.1125","140.2102","39.0","MOOMBA, AS","","","","","6",",a","4",",a","1",",a","","","","","","","","","","","","","28.0",",,a,24,","","","","","","","47.6",",,,a","","","","","",""
"ASN00017096","2002-03","-28.1125","140.2102","39.0","MOOMBA, AS","","","","","0",",a","0",",a","0",",a","","","","","","","","","","","","","0.0",",,a,31,+","","","","","","","0.0",",,,a","","","","","",""
"ASN00017096","2002-04","-28.1125","140.2102","39.0","MOOMBA, AS","","","","","0",",a","0",",a","0",",a","","","","","","","","","","","","","0.0",",,a,30,+","","","","","","","0.0",",,,a","","","","","",""
"ASN00017096","2002-05","-28.1125","140.2102","39.0","MOOMBA, AS","","","","","2",",a","0",",a","0",",a","","","","","","","","","","","","","1.0",",,a,24,+","","","","","","","2.0",",,,a","","","","","",""
"ASN00017096","2002-06","-28.1125","140.2102","39.0","MOOMBA, AS","","","","","0",",a","0",",a","0",",a","","","","","","","","","","","","","0.0",",,a,30,+","","","","","","","0.0",",,,a","","","","","",""
"ASN00017096","2002-07","-28.1125","140.2102","39.0","MOOMBA, AS","","","","","0",",a","0",",a","0",",a","","","","","","","","","","","","","0.0",",,a,31,+","","","","","","","0.0",",,,a","","","","","",""
"ASN00017096","2002-08","-28.1125","140.2102","39.0","MOOMBA, AS","","","","","0",",a","0",",a","0",",a","","","","","","","","","","","","","0.0",",,a,31,+","","","","","","","0.0",",,,a","","","","","",""
"ASN00017096","2002-09","-28.1125","140.2102","39.0","MOOMBA, AS","","","","","1",",a","0",",a","0",",a","","","","","","","","","","","","","0.6",",,a,16,","","","","","","","0.6",",,,a","","","","","",""
"ASN00017096","2002-10","-28.1125","140.2102","39.0","MOOMBA, AS","","","","","0",",a","0",",a","0",",a","","","","","","","","","","","","","0.0",",,a,31,+","","","","","","","0.0",",,,a","","","","","",""
"ASN00017096","2002-11","-28.1125","140.2102","39.0","MOOMBA, AS","","","","","2",",a","0",",a","0",",a","","","","","","","","","","","","","2.4",",,a,26,","","","","","","","3.8",",,,a","","","","","",""
"ASN00017096","2002-12","-28.1125","140.2102","39.0","MOOMBA, AS","","","","","2",",a","0",",a","0",",a","","","","","","","","","","","","","1.4",",,a,30,","","","","","","","2.4",",,,a","","","","","",""
"ASN00017096","2003-01","-28.1125","140.2102","39.0","MOOMBA, AS","","","","","0",",a","0",",a","0",",a","","","","","","","","","","","","","0.0",",,a,31,+","","","","","","","0.0",",,,a","","","","","",""
"ASN00017096","2003-02","-28.1125","140.2102","39.0","MOOMBA, AS","","","","","5",",a","4",",a","2",",a","","","","","","","","","","","","","30.0",",,a,22,","","","","","","","77.6",",,,a","","","","","",""
"ASN00017096","2003-03","-28.1125","140.2102","39.0","MOOMBA, AS","","","","","0",",a","0",",a","0",",a","","","","","","","","","","","","","0.0",",,a,31,+","","","","","","","0.0",",,,a","","","","","",""
"ASN00017096","2003-04","-28.1125","140.2102","39.0","MOOMBA, AS","","","","","2",",a","2",",a","0",",a","","","","","","","","","","","","","16.4",",,a,13,","","","","","","","29.2",",,,a","","","","","",""
"ASN00017096","2003-05","-28.1125","140.2102","39.0","MOOMBA, AS","","","","","1",",a","0",",a","0",",a","","","","","","","","","","","","","0.6",",,a,15,","","","","","","","0.6",",,,a","","","","","",""
"ASN00017096","2003-06","-28.1125","140.2102","39.0","MOOMBA, AS","","","","","2",",a","1",",a","0",",a","","","","","","","","","","","","","3.8",",,a,29,","","","","","","","5.8",",,,a","","","","","",""
"ASN00017096","2003-07","-28.1125","140.2102","39.0","MOOMBA, AS","","","","","1",",a","1",",a","0",",a","","","","","","","","","","","","","7.4",",,a,02,","","","","","","","7.4",",,,a","","","","","",""
"ASN00017096","2003-08","-28.1125","140.2102","39.0","MOOMBA, AS","","","","","4",",a","3",",a","0",",a","","","","","","","","","","","","","14.8",",,a,13,","","","","","","","26.0",",,,a","","","","","",""
"ASN00017096","2003-09","-28.1125","140.2102","39.0","MOOMBA, AS","","","","","0",",a","0",",a","0",",a","","","","","","","","","","","","","0.0",",,a,30,+","","","","","","","0.0",",,,a","","","","","",""
"ASN00017096","2003-10","-28.1125","140.2102","39.0","MOOMBA, AS","","","","","2",",a","1",",a","0",",a","","","","","","","","","","","","","4.4",",,a,01,","","","","","","","6.0",",,,a","","","","","",""
"ASN00017096","2003-11","-28.1125","140.2102","39.0","MOOMBA, AS","","","","","3",",a","1",",a","0",",a","","","","","","","","","","","","","2.6",",,a,22,","","","","","","","5.8",",,,a","","","","","",""
"ASN00017096","2003-12","-28.1125","140.2102","39.0","MOOMBA, AS","","","","","1",",a","1",",a","0",",a","","","","","","","","","","","","","8.0",",,a,01,","","","","","","","8.0",",,,a","","","","","",""
"ASN00017096","2004-01","-28.1125","140.2102","39.0","MOOMBA, AS","","","","","1",",a","0",",a","0",",a","","","","","","","","","","","","","1.0",",,a,22,","","","","","","","1.0",",,,a","","","","","",""
"ASN00017096","2004-02","-28.1125","140.2102","39.0","MOOMBA, AS","","","","","1",",a","1",",a","0",",a","","","","","","","","","","","","","10.0",",,a,02,","","","","","","","10.2",",,,a","","","","","",""
"ASN00017096","2004-03","-28.1125","140.2102","39.0","MOOMBA, AS","","","","","0",",a","0",",a","0",",a","","","","","","","","","","","","","0.0",",,a,31,+","","","","","","","0.0",",,,a","","","","","",""
"ASN00017096","2004-04","-28.1125","140.2102","39.0","MOOMBA, AS","","","","","1",",a","1",",a","0",",a","","","","","","","","","","","","","15.0",",,a,29,","","","","","","","15.0",",,,a","","","","","",""
"ASN00017096","2004-05","-28.1125","140.2102","39.0","MOOMBA, AS","","","","","4",",a","3",",a","0",",a","","","","","","","","","","","","","14.4",",,a,25,","","","","","","","24.2",",,,a","","","","","",""
"ASN00017096","2004-06","-28.1125","140.2102","39.0","MOOMBA, AS","","","","","3",",a","1",",a","0",",a","","","","","","","","","","","","","3.2",",,a,02,","","","","","","","6.2",",,,a","","","","","",""
"ASN00017096","2004-07","-28.1125","140.2102","39.0","MOOMBA, AS","","","","","0",",a","0",",a","0",",a","","","","","","","","","","","","","0.0",",,a,31,+","","","","","","","0.0",",,,a","","","","","",""
"ASN00017096","2004-08","-28.1125","140.2102","39.0","MOOMBA, AS","","","","","2",",a","1",",a","0",",a","","","","","","","","","","","","","15.4",",,a,30,","","","","","","","16.4",",,,a","","","","","",""
"ASN00017096","2004-09","-28.1125","140.2102","39.0","MOOMBA, AS","","","","","2",",a","1",",a","0",",a","","","","","","","","","","","","","2.8",",,a,30,","","","","","","","4.0",",,,a","","","","","",""
"ASN00017096","2004-10","-28.1125","140.2102","39.0","MOOMBA, AS","","","","","1",",a","1",",a","0",",a","","","","","","","","","","","","","11.4",",,a,01,","","","","","","","11.4",",,,a","","","","","",""
"ASN00017096","2004-11","-28.1125","140.2102","39.0","MOOMBA, AS","","","","","3",",a","1",",a","0",",a","","","","","","","","","","","","","5.2",",,a,05,","","","","","","","7.6",",,,a","","","","","",""
"ASN00017096","2004-12","-28.1125","140.2102","39.0","MOOMBA, AS","","","","","0",",a","0",",a","0",",a","","","","","","","","","","","","","0.0",",,a,31,+","","","","","","","0.0",",,,a","","","","","",""
"ASN00017096","2005-01","-28.1125","140.2102","39.0","MOOMBA, AS","","","","","1",",a","1",",a","0",",a","","","","","","","","","","","","","4.2",",,a,04,","","","","","","","4.2",",,,a","","","","","",""
"ASN00017096","2005-02","-28.1125","140.2102","39.0","MOOMBA, AS","","","","","0",",a","0",",a","0",",a","","","","","","","","","","","","","0.0",",,a,28,+","","","","","","","0.0",",,,a","","","","","",""
