"STATION","DATE","LATITUDE","LONGITUDE","ELEVATION","NAME","CDSD","CDSD_ATTRIBUTES","CLDD","CLDD_ATTRIBUTES","DP01","DP01_ATTRIBUTES","DP10","DP10_ATTRIBUTES","DP1X","DP1X_ATTRIBUTES","DT00","DT00_ATTRIBUTES","DT32","DT32_ATTRIBUTES","DX32","DX32_ATTRIBUTES","DX70","DX70_ATTRIBUTES","DX90","DX90_ATTRIBUTES","EMNT","EMNT_ATTRIBUTES","EMXP","EMXP_ATTRIBUTES","EMXT","EMXT_ATTRIBUTES","HDSD","HDSD_ATTRIBUTES","HTDD","HTDD_ATTRIBUTES","PRCP","PRCP_ATTRIBUTES","TAVG","TAVG_ATTRIBUTES","TMAX","TMAX_ATTRIBUTES","TMIN","TMIN_ATTRIBUTES"
"ASN00079105","1996-03","-37.068","142.7412","227.9","STAWELL AERODROME, AS","","","37.0","2,a","3","1,a","2","1,a","0","1,a","0","1,a","0","1,a","0","1,a","23","1,a","4","1,a","3.9","1,a,20,","21.0","1,,a,30,","33.7","1,a,13,","","","45.1","1,a","30.8","1,,,a","17.99","2,a","25.31","1,,,a","10.68","1,,,a"
"ASN00079105","1996-04","-37.068","142.7412","227.9","STAWELL AERODROME, AS","","","1.3",",a","5","1,a","1","1,a","0","1,a","0",",a","1",",a","0",",a","1",",a","0",",a","0.0",",a,28,","6.0","1,,a,07,","26.6",",a,06,","","","163.9",",a","9.2","1,,,a","12.91",",a","17.88",",,,a","7.95",",,,a"
"ASN00079105","1996-05","-37.068","142.7412","227.9","STAWELL AERODROME, AS","","","0.0",",a","2",",a","1",",a","0",",a","0",",a","0",",a","0",",a","5",",a","0",",a","0.7",",a,27,","4.0",",,a,12,","23.6",",a,04,","","","221.7",",a","6.4",",,,a","11.18",",a","16.68",",,,a","5.68",",,,a"
"ASN00079105","1996-06","-37.068","142.7412","227.9","STAWELL AERODROME, AS","","","0.0","1,a","13","1,a","10","1,a","2","1,a","0","1,a","3","1,a","0",",a","0",",a","0",",a","-2.1","1,a,12,","34.0","1,,a,04,","15.8",",a,21,","","","269.9",",a","144.2","1,,,a","9.03","1,a","13.60",",,,a","4.46","1,,,a"
"ASN00079105","1996-07","-37.068","142.7412","227.9","STAWELL AERODROME, AS","","","","","15","2,a","10","2,a","0","2,a","0","3,a","2","3,a","0","2,a","0","2,a","0","2,a","-2.2","3,a,09,","22.0","2,,a,05,","15.8","2,a,18,","","","","","90.8","2,,,a","8.34","4,a","11.95","2,,,a","4.74","3,,,a"
"ASN00079105","1996-08","-37.068","142.7412","227.9","STAWELL AERODROME, AS","","","0.0","1,a","16",",a","9",",a","0",",a","0","1,a","0","1,a","0",",a","0",",a","0",",a","0.8","1,a,08,","22.0",",,a,01,","17.8",",a,26,","","","265.9",",a","89.4",",,,a","9.45","1,a","13.24",",,,a","5.65","1,,,a"
"ASN00079105","1996-09","-37.068","142.7412","227.9","STAWELL AERODROME, AS","","","0.0","1,a","15","2,a","9","2,a","0","2,a","0",",a","2",",a","0","1,a","1","1,a","0","1,a","-0.7",",a,27,","24.0","2,,a,29,","21.1","1,a,16,","","","225.6","1,a","82.6","2,,,a","10.55","1,a","15.17","1,,,a","5.92",",,,a"
"ASN00079105","1996-10","-37.068","142.7412","227.9","STAWELL AERODROME, AS","","","6.5","2,a","8","1,a","3","1,a","0","1,a","0","1,a","0","1,a","0","1,a","8","1,a","0","1,a","1.4","1,a,20,","9.0","1,,a,01,","30.9","1,a,24,","","","151.4","1,a","22.2","1,,,a","13.42","2,a","19.19","1,,,a","7.66","1,,,a"
"ASN00079105","1996-11","-37.068","142.7412","227.9","STAWELL AERODROME, AS","","","7.8","3,a","5","4,a","2","4,a","0","4,a","0","2,a","0","2,a","0","2,a","11","2,a","0","2,a","3.2","2,a,23,","5.0","4,,a,03,","31.2","2,a,25,","","","104.8","2,a","11.0","4,,,a","14.62","3,a","21.33","2,,,a","7.92","2,,,a"
"ASN00079105","1996-12","-37.068","142.7412","227.9","STAWELL AERODROME, AS","","","19.9","3,a","4","1,a","4","1,a","0","1,a","0","3,a","0","3,a","0","2,a","18","2,a","3","2,a","4.3","3,a,08,","7.0","1,,a,07,","34.3","2,a,21,","","","60.5","2,a","17.4","1,,,a","16.91","3,a","24.18","2,,,a","9.65","3,,,a"
"ASN00079105","1997-01","-37.068","142.7412","227.9","STAWELL AERODROME, AS","","","117.2",",a","3","2,a","2","2,a","1","2,a","0",",a","0",",a","0",",a","30",",a","11",",a","6.3",",a,08,","35.0","2,,a,22,","40.8",",a,20,","10.2","a","10.2",",a","43.0","2,,,a","21.78",",a","29.71",",,,a","13.86",",,,a"
"ASN00079105","1997-02","-37.068","142.7412","227.9","STAWELL AERODROME, AS","","","139.7","2,a","3","1,a","2","1,a","0","1,a","0","2,a","0","2,a","0",",a","28",",a","13",",a","7.2","2,a,28,","12.0","1,,a,09,","40.8",",a,05,","10.6","a","0.4",",a","15.6","1,,,a","23.69","2,a","31.81",",,,a","15.57","2,,,a"
"ASN00079105","1997-03","-37.068","142.7412","227.9","STAWELL AERODROME, AS","","","13.2","4,a","4",",a","2",",a","0",",a","0","4,a","0","4,a","0",",a","21",",a","1",",a","4.6","4,a,30,","6.0",",,a,24,","32.4",",a,07,","68.5","a","57.9",",a","13.0",",,,a","16.71","4,a","23.28",",,,a","10.14","4,,,a"
"ASN00079105","1997-04","-37.068","142.7412","227.9","STAWELL AERODROME, AS","","","1.0","4,a","2","3,a","0","3,a","0","3,a","0","2,a","0","2,a","0","3,a","14","3,a","0","3,a","1.5","2,a,19,","1.0","3,,a,22,","29.0","3,a,13,","166.2","a","97.7","3,a","1.8","3,,,a","14.66","4,a","21.53","3,,,a","7.79","2,,,a"
"ASN00079105","1997-05","-37.068","142.7412","227.9","STAWELL AERODROME, AS","","","1.5","2,a","9","3,a","4","3,a","0","3,a","0","2,a","2","2,a","0",",a","1",",a","0",",a","-1.3","2,a,31,","13.0","3,,a,03,","24.6",",a,01,","378.9","a","212.7",",a","41.8","3,,,a","10.95","2,a","15.23",",,,a","6.67","2,,,a"
"ASN00079105","1997-06","-37.068","142.7412","227.9","STAWELL AERODROME, AS","","","","","7","4,a","3","4,a","0","4,a","0","5,a","3","5,a","0","3,a","1","3,a","0","3,a","-1.8","5,a,01,","8.0","4,,a,13,","21.1","3,a,05,","","","","","20.4","4,,,a","9.27","6,a","13.35","3,,,a","5.18","5,,,a"
"ASN00079105","1997-07","-37.068","142.7412","227.9","STAWELL AERODROME, AS","0.0","a","0.0","4,a","6","2,a","2","2,a","0","2,a","0","2,a","9","2,a","0","3,a","0","3,a","0","3,a","-2.8","2,a,30,","10.0","2,,a,15,","16.3","3,a,07,","","","306.4","3,a","21.8","2,,,a","7.01","4,a","12.10","3,,,a","1.92","2,,,a"
"ASN00079105","1997-09","-37.068","142.7412","227.9","STAWELL AERODROME, AS","","","0.0","1,a","14",",a","10",",a","1",",a","0",",a","0",",a","0","1,a","0","1,a","0","1,a","0.5",",a,30,","28.0",",,a,02,","18.7","1,a,18,","","","207.8","1,a","118.8",",,,a","11.11","1,a","16.00","1,,,a","6.22",",,,a"
"ASN00079105","1997-10","-37.068","142.7412","227.9","STAWELL AERODROME, AS","","","6.9","3,a","4",",a","0",",a","0",",a","0","3,a","1","3,a","0",",a","12",",a","0",",a","-0.6","3,a,19,","1.0",",,a,31,+","31.3",",a,25,","","","133.1",",a","4.2",",,,a","13.78","3,a","20.39",",,,a","7.16","3,,,a"
"ASN00079105","1997-11","-37.068","142.7412","227.9","STAWELL AERODROME, AS","","","36.9","5,a","8","1,a","2","1,a","0","1,a","0","3,a","0","3,a","0","2,a","16","2,a","3","2,a","4.2","3,a,16,","10.0","1,,a,11,","38.3","2,a,25,","","","74.3","2,a","22.4","1,,,a","16.86","5,a","24.14","2,,,a","9.57","3,,,a"
"ASN00079105","1997-12","-37.068","142.7412","227.9","STAWELL AERODROME, AS","","","31.0","3,a","2","3,a","1","3,a","0","3,a","0","2,a","0","2,a","0","1,a","28","1,a","4","1,a","7.7","2,a,04,","3.0","3,,a,19,","34.7","1,a,11,","","","19.4","1,a","4.0","3,,,a","18.74","3,a","26.66","1,,,a","10.82","2,,,a"
"ASN00079105","1998-01","-37.068","142.7412","227.9","STAWELL AERODROME, AS","","","95.3",",a","5",",a","4",",a","0",",a","0",",a","0",",a","0",",a","29",",a","8",",a","6.3",",a,29,","17.0",",,a,15,","41.7",",a,17,","11.8","a","11.8",",a","35.2",",,,a","21.03",",a","28.48",",,,a","13.57",",,,a"
"ASN00079105","1998-02","-37.068","142.7412","227.9","STAWELL AERODROME, AS","","","63.9","1,a","3","1,a","2","1,a","0","1,a","0",",a","0",",a","0","1,a","26","1,a","7","1,a","5.2",",a,17,","13.0","1,,a,08,","41.8","1,a,26,","29.7","a","17.9","1,a","24.0","1,,,a","20.09","1,a","28.32","1,,,a","11.87",",,,a"
"ASN00079105","1998-03","-37.068","142.7412","227.9","STAWELL AERODROME, AS","","","49.3","1,a","2","2,a","1","2,a","0","2,a","0","1,a","0","1,a","0",",a","24",",a","7",",a","4.8","1,a,24,","3.0","2,,a,14,","39.1",",a,12,","75.6","a","45.9",",a","3.4","2,,,a","18.63","1,a","26.56",",,,a","10.69","1,,,a"
"ASN00079105","1998-04","-37.068","142.7412","227.9","STAWELL AERODROME, AS","","","0.0",",a","8",",a","5",",a","1",",a","0",",a","0",",a","0",",a","7",",a","0",",a","2.2",",a,23,","50.0",",,a,20,","29.3",",a,07,","237.1","a","161.5",",a","91.8",",,,a","12.95",",a","18.44",",,,a","7.46",",,,a"
"ASN00079105","1998-05","-37.068","142.7412","227.9","STAWELL AERODROME, AS","","","0.0","5,a","8","5,a","1","5,a","0","5,a","0","5,a","2","5,a","0",",a","0",",a","0",",a","-0.6","5,a,26,","3.0","5,,a,12,","20.5",",a,13,","423.1","a","186.0",",a","9.2","5,,,a","10.93","5,a","15.68",",,,a","6.17","5,,,a"
"ASN00079105","1998-06","-37.068","142.7412","227.9","STAWELL AERODROME, AS","","","0.0",",a","12",",a","6",",a","0",",a","0",",a","5",",a","0",",a","0",",a","0",",a","-3.0",",a,18,","20.0",",,a,06,","19.3",",a,05,","732.2","a","309.1",",a","64.0",",,,a","8.03",",a","12.36",",,,a","3.70",",,,a"
"ASN00079105","1998-07","-37.068","142.7412","227.9","STAWELL AERODROME, AS","0.0","a","0.0","2,a","15","3,a","5","3,a","0","3,a","0",",a","7",",a","0","2,a","0","2,a","0","2,a","-3.6",",a,15,","21.0","3,,a,26,","14.1","2,a,06,","1059.9","a","327.7","2,a","84.0","3,,,a","6.97","2,a","11.51","2,,,a","2.44",",,,a"
"ASN00079105","1998-08","-37.068","142.7412","227.9","STAWELL AERODROME, AS","0.0","a","0.0",",a","8",",a","6",",a","0",",a","0",",a","2",",a","0",",a","0",",a","0",",a","-0.9",",a,28,","11.0",",,a,12,","19.1",",a,29,","1323.0","a","263.1",",a","33.0",",,,a","9.85",",a","14.81",",,,a","4.88",",,,a"
"ASN00079105","1998-09","-37.068","142.7412","227.9","STAWELL AERODROME, AS","0.4","a","0.4",",a","13",",a","5",",a","0",",a","0",",a","0",",a","0",",a","2",",a","0",",a","0.3",",a,25,","16.0",",,a,23,","24.5",",a,28,","1516.0","a","193.0",",a","46.6",",,,a","11.91",",a","17.07",",,,a","6.76",",,,a"
"ASN00079105","1998-10","-37.068","142.7412","227.9","STAWELL AERODROME, AS","3.4","a","3.0","3,a","12","2,a","8","2,a","2","2,a","0","2,a","0","2,a","0","1,a","6","1,a","0","1,a","0.6","2,a,28,","42.0","2,,a,03,","28.1","1,a,01,","1670.6","a","154.6","1,a","108.8","2,,,a","12.70","3,a","18.12","1,,,a","7.29","2,,,a"
"ASN00079105","1998-11","-37.068","142.7412","227.9","STAWELL AERODROME, AS","13.5","a","10.1",",a","6","2,a","4","2,a","1","2,a","0",",a","0",",a","0",",a","15",",a","0",",a","2.8",",a,02,","31.0","2,,a,13,","31.4",",a,26,","1773.4","a","102.8",",a","56.2","2,,,a","15.24",",a","21.97",",,,a","8.52",",,,a"
"ASN00079105","1998-12","-37.068","142.7412","227.9","STAWELL AERODROME, AS","76.7","a","63.2",",a","5",",a","4",",a","0",",a","0",",a","0",",a","0",",a","25",",a","8",",a","6.0",",a,29,","6.0",",,a,26,","41.3",",a,11,","1816.7","a","43.3",",a","19.4",",,,a","18.97",",a","26.87",",,,a","11.08",",,,a"
"ASN00079105","1999-01","-37.068","142.7412","227.9","STAWELL AERODROME, AS","219.2","a","142.5","3,a","4","5,a","2","5,a","0","5,a","0","1,a","0","1,a","0","2,a","29","2,a","14","2,a","9.8","1,a,01,","5.0","5,,a,29,","41.6","2,a,05,","0.1","a","0.1","2,a","10.4","5,,,a","23.35","3,a","31.98","2,,,a","14.72","1,,,a"
"ASN00079105","1999-02","-37.068","142.7412","227.9","STAWELL AERODROME, AS","325.5","a","106.3","1,a","4",",a","3",",a","1",",a","0","1,a","0","1,a","0",",a","25",",a","6",",a","5.6","1,a,08,","34.0",",,a,12,","36.9",",a,04,","15.8","a","15.7",",a","46.2",",,,a","21.61","1,a","28.14",",,,a","15.07","1,,,a"
"ASN00079105","1999-03","-37.068","142.7412","227.9","STAWELL AERODROME, AS","351.6","a","26.1","3,a","9","4,a","3","4,a","0","4,a","0","2,a","0","2,a","0","1,a","22","1,a","1","1,a","3.3","2,a,23,","20.0","4,,a,03,","33.1","1,a,01,","70.9","a","55.1","1,a","49.8","4,,,a","17.43","3,a","23.75","1,,,a","11.10","2,,,a"
"ASN00079105","1999-04","-37.068","142.7412","227.9","STAWELL AERODROME, AS","351.6","a","0.0","1,a","0",",a","0",",a","0",",a","0",",a","2",",a","0","1,a","11","1,a","0","1,a","-0.6",",a,23,","0.2",",,a,21,","26.5","1,a,12,","220.5","a","149.6","1,a","0.2",",,,a","13.12","1,a","19.85","1,,,a","6.39",",,,a"
"ASN00079105","1999-05","-37.068","142.7412","227.9","STAWELL AERODROME, AS","351.6","a","0.0","2,a","9","1,a","7","1,a","0","1,a","0",",a","2",",a","0","2,a","7","2,a","0","2,a","-2.6",",a,16,","24.0","1,,a,30,","23.7","2,a,03,","418.5","a","198.0","2,a","67.8","1,,,a","11.62","2,a","17.56","2,,,a","5.68",",,,a"
"ASN00079105","1999-06","-37.068","142.7412","227.9","STAWELL AERODROME, AS","351.6","a","0.0",",a","9","2,a","6","2,a","0","2,a","0",",a","3",",a","0",",a","0",",a","0",",a","-1.5",",a,16,","15.0","2,,a,30,","16.2",",a,04,","705.9","a","287.4",",a","47.6","2,,,a","8.75",",a","13.51",",,,a","3.99",",,,a"
"ASN00079105","1999-07","-37.068","142.7412","227.9","STAWELL AERODROME, AS","0.0","a","0.0","1,a","11",",a","3",",a","0",",a","0","1,a","1","1,a","0",",a","0",",a","0",",a","-0.4","1,a,26,","7.0",",,a,19,","16.1",",a,15,","976.0","a","270.1",",a","25.4",",,,a","9.31","1,a","13.51",",,,a","5.11","1,,,a"
"ASN00079105","1999-08","-37.068","142.7412","227.9","STAWELL AERODROME, AS","0.0","a","0.0",",a","10",",a","6",",a","1",",a","0",",a","2",",a","0",",a","1",",a","0",",a","-0.2",",a,04,","32.0",",,a,27,","22.8",",a,31,","1231.7","a","255.7",",a","76.8",",,,a","10.08",",a","14.87",",,,a","5.30",",,,a"
"ASN00079105","1999-09","-37.068","142.7412","227.9","STAWELL AERODROME, AS","1.2","a","1.2",",a","7",",a","2",",a","0",",a","0",",a","0",",a","0",",a","7",",a","0",",a","0.9",",a,12,","18.0",",,a,05,","25.2",",a,28,","1409.8","a","178.1",",a","25.6",",,,a","12.44",",a","18.22",",,,a","6.65",",,,a"
"ASN00079105","1999-10","-37.068","142.7412","227.9","STAWELL AERODROME, AS","4.8","a","3.6",",a","11","1,a","4","1,a","0","1,a","0",",a","0",",a","0",",a","9",",a","0",",a","2.5",",a,22,","13.0","1,,a,10,","27.3",",a,08,","1545.5","a","135.7",",a","40.0","1,,,a","14.07",",a","20.23",",,,a","7.92",",,,a"
"ASN00079105","1999-11","-37.068","142.7412","227.9","STAWELL AERODROME, AS","16.4","a","11.6",",a","8",",a","5",",a","1",",a","0",",a","0",",a","0",",a","14",",a","0",",a","3.0",",a,16,","48.0",",,a,21,","31.8",",a,30,","1652.2","a","106.7",",a","94.4",",,,a","15.16",",a","21.78",",,,a","8.54",",,,a"
"ASN00079105","1999-12","-37.068","142.7412","227.9","STAWELL AERODROME, AS","70.0","a","53.6",",a","7","1,a","5","1,a","1","1,a","0",",a","0",",a","0",",a","21",",a","4",",a","5.2",",a,18,","31.0","1,,a,27,","35.9",",a,15,","1699.5","a","47.3",",a","59.4","1,,,a","18.54",",a","25.79",",,,a","11.29",",,,a"
"ASN00079105","2000-01","-37.068","142.7412","227.9","STAWELL AERODROME, AS","155.4","a","85.4",",a","4","1,a","1","1,a","0","1,a","0",",a","0",",a","0",",a","24",",a","7",",a","7.4",",a,24,","23.0","1,,a,11,","38.6",",a,18,","30.9","a","30.9",",a","25.6","1,,,a","20.09",",a","27.26",",,,a","12.92",",,,a"
"ASN00079105","2000-02","-37.068","142.7412","227.9","STAWELL AERODROME, AS","303.4","a","148.0","1,a","6",",a","5",",a","0",",a","0",",a","0",",a","0","1,a","28","1,a","11","1,a","8.1",",a,28,","8.0",",,a,21,+","41.9","1,a,03,","31.6","a","0.7","1,a","33.8",",,,a","23.60","1,a","31.80","1,,,a","15.40",",,,a"
"ASN00079105","2000-03","-37.068","142.7412","227.9","STAWELL AERODROME, AS","366.0","a","62.6",",a","3",",a","1",",a","0",",a","0",",a","0",",a","0",",a","29",",a","6",",a","6.0",",a,25,","4.0",",,a,23,","37.9",",a,02,","57.6","a","26.0",",a","5.6",",,,a","19.51",",a","26.67",",,,a","12.35",",,,a"
"ASN00079105","2000-04","-37.068","142.7412","227.9","STAWELL AERODROME, AS","373.7","a","7.7","2,a","3","1,a","2","1,a","1","1,a","0","1,a","0","1,a","0","1,a","16","1,a","0","1,a","2.8","1,a,23,","34.0","1,,a,14,","28.4","1,a,11,","143.4","a","85.8","1,a","48.2","1,,,a","15.50","2,a","21.58","1,,,a","9.42","1,,,a"
"ASN00079105","2000-05","-37.068","142.7412","227.9","STAWELL AERODROME, AS","373.7","a","0.0","1,a","14",",a","5",",a","0",",a","0","1,a","1","1,a","0",",a","0",",a","0",",a","-0.1","1,a,18,","12.0",",,a,04,","19.7",",a,12,","367.0","a","223.6",",a","45.4",",,,a","10.93","1,a","15.41",",,,a","6.46","1,,,a"
"ASN00079105","2000-06","-37.068","142.7412","227.9","STAWELL AERODROME, AS","373.7","a","0.0",",a","13",",a","3",",a","0",",a","0",",a","2",",a","0",",a","0",",a","0",",a","-1.3",",a,14,","11.0",",,a,23,","15.3",",a,24,","645.1","a","278.1",",a","32.2",",,,a","9.06",",a","13.15",",,,a","4.98",",,,a"
"ASN00079105","2000-07","-37.068","142.7412","227.9","STAWELL AERODROME, AS","0.0","a","0.0",",a","14","1,a","7","1,a","0","1,a","0",",a","2",",a","0",",a","0",",a","0",",a","-1.1",",a,17,","20.0","1,,a,19,","16.8",",a,23,","944.2","a","299.1",",a","83.0","1,,,a","8.69",",a","12.58",",,,a","4.79",",,,a"
"ASN00079105","2000-08","-37.068","142.7412","227.9","STAWELL AERODROME, AS","0.0","a","0.0",",a","15","1,a","5","1,a","0","1,a","0",",a","1",",a","0",",a","0",",a","0",",a","-0.8",",a,17,","10.0","1,,a,22,","17.0",",a,04,","1246.3","a","302.1",",a","36.4","1,,,a","8.59",",a","13.71",",,,a","3.46",",,,a"
"ASN00079105","2000-09","-37.068","142.7412","227.9","STAWELL AERODROME, AS","0.0","a","0.0","1,a","14","1,a","7","1,a","1","1,a","0","1,a","0","1,a","0",",a","1",",a","0",",a","0.8","1,a,20,","28.0","1,,a,08,","21.4",",a,16,","1449.4","a","203.1",",a","75.2","1,,,a","11.34","1,a","16.21",",,,a","6.48","1,,,a"
"ASN00079105","2000-10","-37.068","142.7412","227.9","STAWELL AERODROME, AS","0.3","a","0.3","1,a","10",",a","3",",a","1",",a","0","1,a","1","1,a","0",",a","8",",a","0",",a","-0.2","1,a,11,","29.0",",,a,24,","27.8",",a,05,","1614.8","a","165.4",",a","44.2",",,,a","12.80","1,a","18.42",",,,a","7.18","1,,,a"
"ASN00079105","2000-11","-37.068","142.7412","227.9","STAWELL AERODROME, AS","38.4","a","38.1","1,a","5","1,a","2","1,a","1","1,a","0","1,a","0","1,a","0",",a","24",",a","3",",a","6.0","1,a,07,","32.0","1,,a,02,","36.7",",a,28,","1650.9","a","36.1",",a","38.4","1,,,a","18.37","1,a","24.98",",,,a","11.76","1,,,a"
"ASN00079105","2000-12","-37.068","142.7412","227.9","STAWELL AERODROME, AS","97.3","a","58.9",",a","5",",a","2",",a","0",",a","0",",a","0",",a","0",",a","28",",a","9",",a","5.1",",a,02,","13.0",",,a,23,","38.1",",a,21,","1678.1","a","27.2",",a","24.0",",,,a","19.36",",a","28.04",",,,a","10.67",",,,a"
"ASN00079105","2001-01","-37.068","142.7412","227.9","STAWELL AERODROME, AS","245.4","a","148.1","2,a","3","2,a","2","2,a","1","2,a","0","1,a","0","1,a","0","1,a","30","1,a","15","1,a","8.6","1,a,28,","29.0","2,,a,26,","39.6","1,a,14,","1.4","a","1.4","1,a","47.6","2,,,a","23.47","2,a","31.67","1,,,a","15.27","1,,,a"
"ASN00079105","2001-02","-37.068","142.7412","227.9","STAWELL AERODROME, AS","381.3","a","135.9",",a","3",",a","1",",a","0",",a","0",",a","0",",a","0",",a","28",",a","12",",a","8.2",",a,28,","9.0",",,a,13,","39.1",",a,03,","4.6","a","3.2",",a","11.8",",,,a","23.07",",a","30.78",",,,a","15.37",",,,a"
"ASN00079105","2001-03","-37.068","142.7412","227.9","STAWELL AERODROME, AS","420.4","a","39.1",",a","6","1,a","3","1,a","0","1,a","0",",a","0",",a","0",",a","21",",a","3",",a","3.9",",a,13,","22.0","1,,a,21,","34.6",",a,08,","65.8","a","61.2",",a","50.0","1,,,a","17.62",",a","24.63",",,,a","10.61",",,,a"
"ASN00079105","2001-04","-37.068","142.7412","227.9","STAWELL AERODROME, AS","423.3","a","2.9",",a","4",",a","2",",a","0",",a","0",",a","0",",a","0",",a","14",",a","0",",a","1.5",",a,13,","10.0",",,a,22,","29.6",",a,06,","196.9","a","131.1",",a","16.4",",,,a","14.06",",a","20.68",",,,a","7.44",",,,a"
"ASN00079105","2001-05","-37.068","142.7412","227.9","STAWELL AERODROME, AS","423.3","a","0.0",",a","6",",a","1",",a","0",",a","0",",a","2",",a","0",",a","3",",a","0",",a","-1.0",",a,11,","3.0",",,a,27,","22.0",",a,04,","424.3","a","227.4",",a","9.2",",,,a","11.00",",a","16.77",",,,a","5.23",",,,a"
"ASN00079105","2001-06","-37.068","142.7412","227.9","STAWELL AERODROME, AS","423.3","a","0.0",",a","12",",a","5",",a","0",",a","0",",a","3",",a","0",",a","0",",a","0",",a","-0.9",",a,27,","21.0",",,a,07,","20.3",",a,04,","673.3","a","249.0",",a","72.2",",,,a","10.03",",a","14.15",",,,a","5.92",",,,a"
"ASN00079105","2001-07","-37.068","142.7412","227.9","STAWELL AERODROME, AS","0.0","a","0.0",",a","8","1,a","3","1,a","0","1,a","0",",a","3",",a","0",",a","0",",a","0",",a","-1.1",",a,04,","16.0","1,,a,12,","15.5",",a,10,","970.8","a","297.5",",a","38.2","1,,,a","8.74",",a","13.32",",,,a","4.15",",,,a"
"ASN00079105","2001-08","-37.068","142.7412","227.9","STAWELL AERODROME, AS","0.0","a","0.0",",a","14",",a","7",",a","0",",a","0",",a","0",",a","0",",a","0",",a","0",",a","2.0",",a,12,","20.0",",,a,27,","18.9",",a,14,","1233.2","a","262.4",",a","90.0",",,,a","9.87",",a","14.16",",,,a","5.58",",,,a"
"ASN00079105","2001-09","-37.068","142.7412","227.9","STAWELL AERODROME, AS","5.9","a","5.9","2,a","10","1,a","5","1,a","1","1,a","0","2,a","0","2,a","0",",a","6",",a","0",",a","0.3","2,a,05,","41.0","1,,a,25,","27.9",",a,23,","1396.7","a","163.5",",a","87.0","1,,,a","12.58","2,a","18.05",",,,a","7.10","2,,,a"
"ASN00079105","2001-10","-37.068","142.7412","227.9","STAWELL AERODROME, AS","5.9","a","0.0",",a","20",",a","11",",a","0",",a","0",",a","0",",a","0",",a","3",",a","0",",a","0.7",",a,20,","10.0",",,a,24,","26.7",",a,22,","1594.4","a","197.7",",a","66.8",",,,a","11.95",",a","16.99",",,,a","6.92",",,,a"
"ASN00079105","2001-11","-37.068","142.7412","227.9","STAWELL AERODROME, AS","8.0","a","2.1",",a","9",",a","4",",a","0",",a","0",",a","0",",a","0",",a","11",",a","0",",a","0.9",",a,11,","16.0",",,a,24,","27.6",",a,17,","1711.3","a","116.9",",a","39.4",",,,a","14.51",",a","20.44",",,,a","8.58",",,,a"
"ASN00079105","2001-12","-37.068","142.7412","227.9","STAWELL AERODROME, AS","14.8","a","6.8","2,a","6",",a","3",",a","0",",a","0","2,a","0","2,a","0",",a","16",",a","1",",a","6.0","2,a,27,","12.0",",,a,03,","34.8",",a,29,","1789.9","a","78.6",",a","26.6",",,,a","15.73","2,a","21.82",",,,a","9.64","2,,,a"
"ASN00079105","2002-01","-37.068","142.7412","227.9","STAWELL AERODROME, AS","64.1","a","49.3",",a","7",",a","5",",a","0",",a","0",",a","0",",a","0",",a","26",",a","6",",a","5.9",",a,05,","7.0",",,a,21,","36.9",",a,26,","27.8","a","27.8",",a","26.6",",,,a","19.03",",a","26.61",",,,a","11.44",",,,a"
"ASN00079105","2002-02","-37.068","142.7412","227.9","STAWELL AERODROME, AS","109.1","a","45.0","1,a","3",",a","3",",a","0",",a","0","1,a","0","1,a","0",",a","25",",a","6",",a","7.9","1,a,19,","25.0",",,a,08,","36.3",",a,14,","47.3","a","19.5",",a","38.0",",,,a","19.17","1,a","26.64",",,,a","11.70","1,,,a"
"ASN00079105","2002-03","-37.068","142.7412","227.9","STAWELL AERODROME, AS","140.1","a","31.0",",a","3",",a","2",",a","0",",a","0",",a","0",",a","0",",a","24",",a","3",",a","3.9",",a,22,","14.0",",,a,25,","34.5",",a,18,","83.5","a","36.2",",a","18.0",",,,a","18.16",",a","25.40",",,,a","10.93",",,,a"
"ASN00079105","2002-04","-37.068","142.7412","227.9","STAWELL AERODROME, AS","146.5","a","6.4",",a","3","1,a","2","1,a","0","1,a","0",",a","0",",a","0",",a","22",",a","0",",a","2.6",",a,29,","18.0","1,,a,13,","29.6",",a,03,","166.8","a","83.3",",a","23.2","1,,,a","15.77",",a","23.08",",,,a","8.45",",,,a"
"ASN00079105","2002-05","-37.068","142.7412","227.9","STAWELL AERODROME, AS","146.5","a","0.0","1,a","7",",a","4",",a","0",",a","0","1,a","0","1,a","0",",a","8",",a","0",",a","0.9","1,a,15,","15.0",",,a,19,","27.5",",a,07,","366.6","a","199.8",",a","36.8",",,,a","11.60","1,a","17.82",",,,a","5.39","1,,,a"
"ASN00079105","2002-06","-37.068","142.7412","227.9","STAWELL AERODROME, AS","146.5","a","0.0",",a","9",",a","3",",a","0",",a","0",",a","4",",a","0",",a","0",",a","0",",a","-2.5",",a,19,","10.0",",,a,15,","17.7",",a,12,","641.3","a","274.7",",a","31.4",",,,a","9.18",",a","13.60",",,,a","4.75",",,,a"
"ASN00079105","2002-07","-37.068","142.7412","227.9","STAWELL AERODROME, AS","0.0","a","0.0",",a","17",",a","4",",a","0",",a","0",",a","3",",a","0",",a","0",",a","0",",a","-3.2",",a,25,","7.0",",,a,24,+","18.5",",a,27,","941.0","a","299.7",",a","35.0",",,,a","8.67",",a","13.42",",,,a","3.91",",,,a"
"ASN00079105","2002-08","-37.068","142.7412","227.9","STAWELL AERODROME, AS","0.0","a","0.0","1,a","8",",a","3",",a","0",",a","0",",a","7",",a","0","1,a","0","1,a","0","1,a","-2.5",",a,25,","19.0",",,a,29,","20.0","1,a,10,","1225.8","a","284.8","1,a","32.2",",,,a","8.93","1,a","14.76","1,,,a","3.09",",,,a"
"ASN00079105","2002-09","-37.068","142.7412","227.9","STAWELL AERODROME, AS","0.6","a","0.6",",a","14",",a","6",",a","0",",a","0",",a","3",",a","0",",a","6",",a","0",",a","-1.0",",a,11,","16.0",",,a,16,","26.8",",a,15,","1439.9","a","214.1",",a","46.6",",,,a","11.22",",a","17.20",",,,a","5.24",",,,a"
"ASN00079105","2002-10","-37.068","142.7412","227.9","STAWELL AERODROME, AS","0.7","a","0.1",",a","11",",a","5",",a","0",",a","0",",a","0",",a","0",",a","12",",a","0",",a","0.7",",a,09,","15.0",",,a,04,","29.8",",a,18,","1588.5","a","148.6",",a","37.2",",,,a","13.54",",a","19.90",",,,a","7.19",",,,a"
"ASN00079105","2002-11","-37.068","142.7412","227.9","STAWELL AERODROME, AS","23.1","a","22.4",",a","7",",a","3",",a","0",",a","0",",a","0",",a","0",",a","21",",a","3",",a","2.6",",a,16,","16.0",",,a,26,","33.7",",a,23,","1651.1","a","62.6",",a","32.6",",,,a","16.99",",a","25.07",",,,a","8.91",",,,a"
"ASN00079105","2002-12","-37.068","142.7412","227.9","STAWELL AERODROME, AS","98.5","a","75.4","1,a","4",",a","3",",a","1",",a","0","1,a","0","1,a","0",",a","25",",a","11",",a","3.5","1,a,07,","29.0",",,a,31,","40.2",",a,17,","1697.5","a","46.4",",a","41.2",",,,a","19.20","1,a","27.47",",,,a","10.94","1,,,a"
"ASN00079105","2003-01","-37.068","142.7412","227.9","STAWELL AERODROME, AS","206.3","a","107.8",",a","4",",a","2",",a","0",",a","0",",a","0",",a","0",",a","30",",a","12",",a","6.8",",a,02,","4.0",",,a,01,","43.6",",a,25,","13.8","a","13.8",",a","7.8",",,,a","21.36",",a","29.64",",,,a","13.09",",,,a"
"ASN00079105","2003-02","-37.068","142.7412","227.9","STAWELL AERODROME, AS","290.5","a","84.2",",a","4",",a","2",",a","1",",a","0",",a","0",",a","0",",a","27",",a","5",",a","8.0",",a,01,","54.0",",,a,21,","36.5",",a,04,","21.4","a","7.6",",a","68.4",",,,a","21.07",",a","28.50",",,,a","13.64",",,,a"
"ASN00079105","2003-03","-37.068","142.7412","227.9","STAWELL AERODROME, AS","320.2","a","29.7","1,a","2",",a","1",",a","0",",a","0","1,a","0","1,a","0",",a","24",",a","2",",a","4.6","1,a,21,","6.0",",,a,20,","33.2",",a,18,","73.4","a","52.0",",a","8.6",",,,a","17.70","1,a","23.82",",,,a","11.57","1,,,a"
"ASN00079105","2003-04","-37.068","142.7412","227.9","STAWELL AERODROME, AS","320.2","a","0.0",",a","7",",a","5",",a","0",",a","0",",a","0",",a","0",",a","16",",a","0",",a","4.7",",a,20,+","21.2",",,a,12,","26.6",",a,07,","183.9","a","110.5",",a","42.2",",,,a","14.65",",a","21.00",",,,a","8.30",",,,a"
"ASN00079105","2003-05","-37.068","142.7412","227.9","STAWELL AERODROME, AS","320.2","a","0.0",",a","7",",a","5",",a","0",",a","0",",a","2",",a","0",",a","3",",a","0",",a","-0.2",",a,29,","23.4",",,a,18,","23.5",",a,06,","386.5","a","202.6",",a","42.6",",,,a","11.80",",a","17.37",",,,a","6.22",",,,a"
"ASN00079105","2003-06","-37.068","142.7412","227.9","STAWELL AERODROME, AS","320.2","a","0.0","2,a","13","2,a","8","2,a","0","2,a","0","1,a","1","1,a","0","1,a","0","1,a","0","1,a","-1.4","1,a,26,","18.2","2,,a,29,","19.4","1,a,02,","636.4","a","249.9","1,a","73.6","2,,,a","9.26","2,a","13.32","1,,,a","5.20","1,,,a"
"ASN00079105","2003-07","-37.068","142.7412","227.9","STAWELL AERODROME, AS","0.0","a","0.0",",a","10",",a","6",",a","0",",a","0",",a","3",",a","0",",a","0",",a","0",",a","-0.7",",a,20,","20.2",",,a,24,","16.1",",a,05,","944.5","a","308.1",",a","50.8",",,,a","8.39",",a","12.70",",,,a","4.09",",,,a"
"ASN00079105","2003-08","-37.068","142.7412","227.9","STAWELL AERODROME, AS","0.0","a","0.0",",a","11","1,a","4","1,a","0","1,a","0",",a","5",",a","0",",a","0",",a","0",",a","-2.8",",a,10,","12.2","1,,a,13,","16.2",",a,04,","1258.8","a","314.3",",a","45.6","1,,,a","8.20",",a","12.51",",,,a","3.88",",,,a"
"ASN00079105","2003-09","-37.068","142.7412","227.9","STAWELL AERODROME, AS","0.0","a","0.0",",a","15",",a","5",",a","0",",a","0",",a","4",",a","0",",a","1",",a","0",",a","-1.0",",a,28,","8.4",",,a,14,","21.3",",a,23,","1514.3","a","255.5",",a","31.8",",,,a","9.82",",a","15.08",",,,a","4.55",",,,a"
"ASN00079105","2003-10","-37.068","142.7412","227.9","STAWELL AERODROME, AS","0.2","a","0.2",",a","14",",a","6",",a","0",",a","0",",a","1",",a","0",",a","4",",a","0",",a","-0.1",",a,09,","22.2",",,a,02,","28.6",",a,18,","1733.9","a","219.6",",a","63.8",",,,a","11.25",",a","16.25",",,,a","6.25",",,,a"
"ASN00079105","2003-11","-37.068","142.7412","227.9","STAWELL AERODROME, AS","32.3","a","32.1",",a","3","1,a","2","1,a","0","1,a","0",",a","0",",a","0",",a","18",",a","4",",a","2.1",",a,04,","4.8","1,,a,19,","36.5",",a,15,","1818.4","a","84.5",",a","10.0","1,,,a","16.59",",a","23.90",",,,a","9.28",",,,a"
"ASN00079105","2003-12","-37.068","142.7412","227.9","STAWELL AERODROME, AS","120.2","a","87.9",",a","4","2,a","2","2,a","1","2,a","0",",a","0",",a","0",",a","28",",a","8",",a","5.8",",a,14,","28.2","2,,a,22,","38.3",",a,30,","1838.0","a","19.6",",a","44.8","2,,,a","20.53",",a","28.61",",,,a","12.46",",,,a"
"ASN00079105","2004-01","-37.068","142.7412","227.9","STAWELL AERODROME, AS","147.4","a","27.2",",a","6",",a","3",",a","0",",a","0",",a","0",",a","0",",a","25",",a","3",",a","4.9",",a,18,","7.4",",,a,04,","35.7",",a,20,","42.5","a","42.5",",a","17.2",",,,a","17.84",",a","25.22",",,,a","10.46",",,,a"
"ASN00079105","2004-02","-37.068","142.7412","227.9","STAWELL AERODROME, AS","204.7","a","57.3","4,a","2","4,a","0","4,a","0","4,a","0","2,a","0","2,a","0","3,a","22","3,a","7","3,a","7.0","2,a,23,","1.0","4,,a,11,","39.7","3,a,08,","58.9","a","16.4","3,a","1.8","4,,,a","20.02","4,a","28.28","3,,,a","11.77","2,,,a"
"ASN00079105","2004-03","-37.068","142.7412","227.9","STAWELL AERODROME, AS","230.0","a","25.3",",a","3",",a","2",",a","0",",a","0",",a","0",",a","0",",a","25",",a","2",",a","5.2",",a,24,","14.2",",,a,29,","36.7",",a,04,","103.4","a","44.5",",a","20.0",",,,a","17.71",",a","25.35",",,,a","10.08",",,,a"
"ASN00079105","2004-04","-37.068","142.7412","227.9","STAWELL AERODROME, AS","242.1","a","12.1",",a","4","1,a","3","1,a","0","1,a","0",",a","0",",a","0",",a","15",",a","1",",a","2.9",",a,20,","7.8","1,,a,23,","33.7",",a,14,","214.1","a","110.7",",a","14.8","1,,,a","15.05",",a","21.34",",,,a","8.75",",,,a"
"ASN00079105","2004-06","-37.068","142.7412","227.9","STAWELL AERODROME, AS","","","0.0",",a","12",",a","9",",a","0",",a","0",",a","1",",a","0",",a","0",",a","0",",a","-1.2",",a,17,","13.0",",,a,10,","19.0",",a,08,","","","278.7",",a","73.0",",,,a","9.04",",a","13.04",",,,a","5.05",",,,a"
"ASN00079105","2004-07","-37.068","142.7412","227.9","STAWELL AERODROME, AS","0.0","a","0.0",",a","13",",a","8",",a","0",",a","0",",a","1",",a","0",",a","0",",a","0",",a","-0.7",",a,27,","19.4",",,a,24,","15.0",",a,10,","","","323.6",",a","54.0",",,,a","7.90",",a","11.59",",,,a","4.20",",,,a"
"ASN00079105","2004-08","-37.068","142.7412","227.9","STAWELL AERODROME, AS","0.0","a","0.0",",a","11",",a","5",",a","0",",a","0",",a","1",",a","0",",a","1",",a","0",",a","-1.1",",a,19,","20.6",",,a,30,","22.2",",a,25,","","","277.1",",a","48.6",",,,a","9.40",",a","13.89",",,,a","4.90",",,,a"
"ASN00079105","2004-09","-37.068","142.7412","227.9","STAWELL AERODROME, AS","0.0","a","0.0",",a","10",",a","6",",a","0",",a","0",",a","0",",a","0",",a","2",",a","0",",a","1.0",",a,06,","12.2",",,a,08,","24.9",",a,26,","","","228.5",",a","43.6",",,,a","10.72",",a","15.60",",,,a","5.83",",,,a"
"ASN00079105","2004-10","-37.068","142.7412","227.9","STAWELL AERODROME, AS","8.3","a","8.3",",a","9",",a","1",",a","0",",a","0",",a","0",",a","0",",a","12",",a","1",",a","0.3",",a,16,","4.4",",,a,27,","34.6",",a,12,","","","140.2",",a","11.8",",,,a","14.08",",a","20.95",",,,a","7.21",",,,a"
"ASN00079105","2004-11","-37.068","142.7412","227.9","STAWELL AERODROME, AS","38.1","a","29.8",",a","10",",a","4",",a","0",",a","0",",a","0",",a","0",",a","15",",a","2",",a","2.3",",a,03,","18.6",",,a,12,","36.6",",a,26,","","","102.0",",a","60.0",",,,a","15.93",",a","22.60",",,,a","9.25",",,,a"
"ASN00079105","2004-12","-37.068","142.7412","227.9","STAWELL AERODROME, AS","93.9","a","55.8",",a","8",",a","3",",a","0",",a","0",",a","0",",a","0",",a","26",",a","5",",a","4.5",",a,03,","10.2",",,a,14,","38.7",",a,23,","","","32.2",",a","24.4",",,,a","19.09",",a","26.45",",,,a","11.74",",,,a"
"ASN00079105","2005-01","-37.068","142.7412","227.9","STAWELL AERODROME, AS","178.2","a","84.3",",a","5",",a","4",",a","0",",a","0",",a","0",",a","0",",a","28",",a","8",",a","5.5",",a,07,","13.2",",,a,28,","40.1",",a,11,","17.1","a","17.1",",a","32.8",",,,a","20.50",",a","28.63",",,,a","12.37",",,,a"
"ASN00079105","2005-02","-37.068","142.7412","227.9","STAWELL AERODROME, AS","213.5","a","35.3",",a","7",",a","4",",a","1",",a","0",",a","0",",a","0",",a","20",",a","4",",a","7.6",",a,16,","31.0",",,a,03,","35.9",",a,23,","55.7","a","38.6",",a","63.2",",,,a","18.21",",a","25.03",",,,a","11.40",",,,a"
"ASN00079105","2005-03","-37.068","142.7412","227.9","STAWELL AERODROME, AS","242.9","a","29.4",",a","2",",a","0",",a","0",",a","0",",a","0",",a","0",",a","23",",a","4",",a","4.5",",a,27,","1.2",",,a,05,","36.9",",a,01,","122.8","a","67.1",",a","1.8",",,,a","17.11",",a","24.50",",,,a","9.73",",,,a"
"ASN00079105","2005-04","-37.068","142.7412","227.9","STAWELL AERODROME, AS","272.1","a","29.2",",a","3",",a","2",",a","0",",a","0",",a","0",",a","0",",a","21",",a","2",",a","3.5",",a,27,","4.8",",,a,03,","33.3",",a,02,","197.0","a","74.2",",a","10.0",",,,a","16.83",",a","24.44",",,,a","9.23",",,,a"
"ASN00079105","2005-05","-37.068","142.7412","227.9","STAWELL AERODROME, AS","272.1","a","0.0",",a","4",",a","1",",a","0",",a","0",",a","1",",a","0",",a","1",",a","0",",a","-1.1",",a,30,","7.4",",,a,24,","23.8",",a,04,","413.7","a","216.7",",a","9.4",",,,a","11.34",",a","17.58",",,,a","5.10",",,,a"
"ASN00079105","2005-06","-37.068","142.7412","227.9","STAWELL AERODROME, AS","272.1","a","0.0",",a","11",",a","9",",a","1",",a","0",",a","1",",a","0",",a","2",",a","0",",a","-0.3",",a,25,","33.4",",,a,11,","23.1",",a,08,","672.8","a","259.1",",a","98.2",",,,a","9.70",",a","14.67",",,,a","4.72",",,,a"
"ASN00079105","2005-07","-37.068","142.7412","227.9","STAWELL AERODROME, AS","0.0","a","0.0",",a","12",",a","5",",a","0",",a","0",",a","4",",a","0",",a","0",",a","0",",a","-1.0",",a,18,","5.6",",,a,26,+","17.9",",a,22,","964.9","a","292.1",",a","33.4",",,,a","8.91",",a","13.21",",,,a","4.62",",,,a"
"ASN00079105","2005-08","-37.068","142.7412","227.9","STAWELL AERODROME, AS","0.0","a","0.0",",a","12",",a","8",",a","0",",a","0",",a","2",",a","0",",a","1",",a","0",",a","-0.6",",a,05,","21.4",",,a,31,","22.0",",a,29,","1224.6","a","259.7",",a","69.0",",,,a","9.96",",a","14.62",",,,a","5.30",",,,a"
"ASN00079105","2005-09","-37.068","142.7412","227.9","STAWELL AERODROME, AS","0.0","a","0.0",",a","16",",a","6",",a","0",",a","0",",a","3",",a","0",",a","2",",a","0",",a","-0.8",",a,01,","19.6",",,a,29,","22.4",",a,09,","1453.2","a","228.6",",a","55.4",",,,a","10.71",",a","15.79",",,,a","5.64",",,,a"
"ASN00079105","2005-10","-37.068","142.7412","227.9","STAWELL AERODROME, AS","0.0","a","0.0",",a","7",",a","6",",a","0",",a","0",",a","0",",a","0",",a","9",",a","0",",a","1.5",",a,07,","24.0",",,a,08,","24.6",",a,31,","1598.6","a","145.4",",a","55.0",",,,a","13.64",",a","19.33",",,,a","7.95",",,,a"
"ASN00079105","2005-11","-37.068","142.7412","227.9","STAWELL AERODROME, AS","28.0","a","28.0",",a","6",",a","3",",a","1",",a","0",",a","0",",a","0",",a","23",",a","2",",a","4.2",",a,27,","41.4",",,a,08,","33.3",",a,02,","1663.9","a","65.3",",a","51.8",",,,a","17.09",",a","23.97",",,,a","10.21",",,,a"
"ASN00079105","2005-12","-37.068","142.7412","227.9","STAWELL AERODROME, AS","96.0","a","68.0",",a","9",",a","6",",a","0",",a","0",",a","0",",a","0",",a","27",",a","6",",a","5.8",",a,19,","12.2",",,a,03,","43.5",",a,31,","1692.8","a","28.9",",a","45.4",",,,a","19.59",",a","27.65",",,,a","11.53",",,,a"
"ASN00079105","2006-01","-37.068","142.7412","227.9","STAWELL AERODROME, AS","233.2","a","137.2",",a","7",",a","3",",a","0",",a","0",",a","0",",a","0",",a","31",",a","10",",a","8.4",",a,14,","19.4",",,a,29,","42.3",",a,21,","3.5","a","3.5",",a","33.2",",,,a","22.65",",a","30.75",",,,a","14.54",",,,a"
"ASN00079105","2006-02","-37.068","142.7412","227.9","STAWELL AERODROME, AS","282.9","a","49.7",",a","4",",a","3",",a","0",",a","0",",a","0",",a","0",",a","26",",a","4",",a","6.6",",a,08,","12.2",",,a,26,","35.1",",a,23,","15.7","a","12.2",",a","19.4",",,,a","19.67",",a","27.17",",,,a","12.18",",,,a"
"ASN00079105","2006-03","-37.068","142.7412","227.9","STAWELL AERODROME, AS","345.4","a","62.5",",a","1",",a","1",",a","0",",a","0",",a","0",",a","0",",a","30",",a","7",",a","5.9",",a,31,","5.8",",,a,13,","38.2",",a,12,","34.4","a","18.7",",a","5.8",",,,a","19.75",",a","28.00",",,,a","11.50",",,,a"
"ASN00079105","2006-04","-37.068","142.7412","227.9","STAWELL AERODROME, AS","345.4","a","0.0",",a","8",",a","6",",a","0",",a","0",",a","0",",a","0",",a","5",",a","0",",a","2.4",",a,09,","10.8",",,a,15,","26.3",",a,11,","204.2","a","169.8",",a","37.2",",,,a","12.67",",a","18.22",",,,a","7.13",",,,a"
"ASN00079105","2006-05","-37.068","142.7412","227.9","STAWELL AERODROME, AS","345.4","a","0.0",",a","6",",a","1",",a","0",",a","0",",a","3",",a","0",",a","0",",a","0",",a","-1.2",",a,31,","18.4",",,a,07,","19.5",",a,16,","467.7","a","263.5",",a","25.8",",,,a","9.83",",a","14.69",",,,a","4.97",",,,a"
"ASN00079105","2006-06","-37.068","142.7412","227.9","STAWELL AERODROME, AS","345.4","a","0.0",",a","3",",a","2",",a","0",",a","0",",a","10",",a","0",",a","0",",a","0",",a","-3.2",",a,09,","11.6",",,a,22,","16.8",",a,20,","790.4","a","322.7",",a","19.8",",,,a","7.58",",a","13.24",",,,a","1.91",",,,a"
"ASN00079105","2006-07","-37.068","142.7412","227.9","STAWELL AERODROME, AS","0.0","a","0.0",",a","15","1,a","4","1,a","0","1,a","0",",a","1",",a","0",",a","0",",a","0",",a","-0.2",",a,04,","6.2","1,,a,16,","15.1",",a,27,","1097.8","a","307.4",",a","29.4","1,,,a","8.42",",a","12.90",",,,a","3.93",",,,a"
"ASN00079105","2006-08","-37.068","142.7412","227.9","STAWELL AERODROME, AS","0.0","a","0.0",",a","6",",a","2",",a","0",",a","0",",a","5",",a","0",",a","1",",a","0",",a","-1.8",",a,01,","17.8",",,a,24,","21.2",",a,31,","1374.2","a","276.4",",a","28.0",",,,a","9.42",",a","15.73",",,,a","3.11",",,,a"
"ASN00079105","2006-09","-37.068","142.7412","227.9","STAWELL AERODROME, AS","1.2","a","1.2",",a","9",",a","4",",a","0",",a","0",",a","2",",a","0",",a","5",",a","0",",a","-0.4",",a,25,","21.2",",,a,06,","28.7",",a,19,","1567.5","a","193.3",",a","43.2",",,,a","11.93",",a","18.41",",,,a","5.45",",,,a"
"ASN00079105","2006-10","-37.068","142.7412","227.9","STAWELL AERODROME, AS","10.2","a","9.0",",a","6",",a","0",",a","0",",a","0",",a","1",",a","0",",a","19",",a","1",",a","-0.3",",a,29,","1.0",",,a,02,","35.6",",a,12,","1708.2","a","140.7",",a","4.2",",,,a","14.08",",a","22.61",",,,a","5.56",",,,a"
"ASN00079105","2006-11","-37.068","142.7412","227.9","STAWELL AERODROME, AS","46.2","a","36.0",",a","5",",a","1",",a","0",",a","0",",a","0",",a","0",",a","23",",a","7",",a","1.1",",a,14,","3.0",",,a,15,","37.7",",a,20,","1770.9","a","62.7",",a","9.4",",,,a","17.44",",a","26.03",",,,a","8.85",",,,a"
"ASN00079105","2006-12","-37.068","142.7412","227.9","STAWELL AERODROME, AS","99.0","a","52.8",",a","4",",a","1",",a","0",",a","0",",a","0",",a","0",",a","26",",a","7",",a","4.7",",a,17,","3.8",",,a,31,","39.8",",a,10,+","1813.2","a","42.3",",a","7.6",",,,a","18.67",",a","27.07",",,,a","10.27",",,,a"
"ASN00079105","2007-01","-37.068","142.7412","227.9","STAWELL AERODROME, AS","210.7","a","111.7",",a","6",",a","5",",a","1",",a","0",",a","0",",a","0",",a","30",",a","8",",a","7.7",",a,25,","52.4",",,a,20,","40.5",",a,16,","7.1","a","7.1",",a","104.8",",,,a","21.71",",a","28.76",",,,a","14.65",",,,a"
"ASN00079105","2007-02","-37.068","142.7412","227.9","STAWELL AERODROME, AS","344.4","a","133.7",",a","6",",a","2",",a","1",",a","0",",a","0",",a","0",",a","28",",a","14",",a","10.1",",a,01,","36.6",",,a,21,","37.9",",a,05,","9.0","a","1.9",",a","66.2",",,,a","23.04",",a","31.04",",,,a","15.04",",,,a"
"ASN00079105","2007-03","-37.068","142.7412","227.9","STAWELL AERODROME, AS","387.4","a","43.0",",a","6",",a","0",",a","0",",a","0",",a","0",",a","0",",a","25",",a","2",",a","4.6",",a,25,","1.6",",,a,20,","36.9",",a,23,","38.9","a","29.9",",a","5.4",",,,a","18.76",",a","25.63",",,,a","11.89",",,,a"
"ASN00079105","2007-04","-37.068","142.7412","227.9","STAWELL AERODROME, AS","392.3","a","4.9",",a","6",",a","2",",a","1",",a","0",",a","0",",a","0",",a","20",",a","0",",a","5.1",",a,08,","53.6",",,a,28,","29.4",",a,14,","115.5","a","76.6",",a","68.4",",,,a","15.94",",a","22.60",",,,a","9.28",",,,a"
"ASN00079105","2007-05","-37.068","142.7412","227.9","STAWELL AERODROME, AS","392.3","a","0.0",",a","14",",a","7",",a","1",",a","0",",a","0",",a","0",",a","2",",a","0",",a","3.6",",a,27,","29.4",",,a,30,","22.2",",a,14,","277.2","a","161.7",",a","95.6",",,,a","13.12",",a","17.25",",,,a","8.99",",,,a"
"ASN00079105","2007-06","-37.068","142.7412","227.9","STAWELL AERODROME, AS","392.3","a","0.0",",a","7",",a","1",",a","0",",a","0",",a","1",",a","0",",a","0",",a","0",",a","-1.2",",a,15,","3.4",",,a,04,","14.1",",a,28,","587.8","a","310.6",",a","12.0",",,,a","7.98",",a","11.80",",,,a","4.16",",,,a"
"ASN00079105","2007-07","-37.068","142.7412","227.9","STAWELL AERODROME, AS","0.0","a","0.0",",a","19",",a","9",",a","0",",a","0",",a","5",",a","0",",a","0",",a","0",",a","-1.3",",a,15,","24.8",",,a,04,","18.7",",a,25,","915.6","a","327.8",",a","80.2",",,,a","7.76",",a","12.16",",,,a","3.36",",,,a"
"ASN00079105","2007-08","-37.068","142.7412","227.9","STAWELL AERODROME, AS","0.0","a","0.0",",a","10",",a","2",",a","0",",a","0",",a","3",",a","0",",a","3",",a","0",",a","-1.2",",a,20,","5.8",",,a,17,","23.9",",a,27,","1173.2","a","257.6",",a","19.2",",,,a","10.02",",a","15.38",",,,a","4.67",",,,a"
"ASN00079105","2007-09","-37.068","142.7412","227.9","STAWELL AERODROME, AS","0.0","a","0.0",",a","9",",a","4",",a","0",",a","0",",a","0",",a","0",",a","2",",a","0",",a","1.1",",a,25,+","9.4",",,a,28,","24.1",",a,23,","1389.7","a","216.5",",a","28.8",",,,a","11.12",",a","17.08",",,,a","5.15",",,,a"
"ASN00079105","2007-10","-37.068","142.7412","227.9","STAWELL AERODROME, AS","6.1","a","6.1",",a","5",",a","0",",a","0",",a","0",",a","0",",a","0",",a","11",",a","1",",a","0.1",",a,07,","2.4",",,a,28,","35.4",",a,21,","1535.1","a","145.4",",a","6.4",",,,a","13.84",",a","20.52",",,,a","7.16",",,,a"
"ASN00079105","2007-11","-37.068","142.7412","227.9","STAWELL AERODROME, AS","56.6","a","50.5",",a","6",",a","4",",a","1",",a","0",",a","0",",a","0",",a","23",",a","4",",a","7.2",",a,06,","58.4",",,a,04,","36.6",",a,19,","1579.7","a","44.6",",a","98.2",",,,a","18.53",",a","25.86",",,,a","11.20",",,,a"
"ASN00079105","2007-12","-37.068","142.7412","227.9","STAWELL AERODROME, AS","132.4","a","75.8",",a","7",",a","3",",a","0",",a","0",",a","0",",a","0",",a","26",",a","8",",a","4.8",",a,10,","15.2",",,a,22,","41.7",",a,31,","1613.8","a","34.1",",a","37.8",",,,a","19.68",",a","27.53",",,,a","11.83",",,,a"
"ASN00079105","2008-01","-37.068","142.7412","227.9","STAWELL AERODROME, AS","244.5","a","112.1",",a","4",",a","2",",a","1",",a","0",",a","0",",a","0",",a","31",",a","9",",a","8.0",",a,15,","28.0",",,a,19,","41.9",",a,01,","2.6","a","2.6",",a","33.0",",,,a","21.86",",a","29.36",",,,a","14.36",",,,a"
"ASN00079105","2008-02","-37.068","142.7412","227.9","STAWELL AERODROME, AS","290.2","a","45.7",",a","4","1,a","1","1,a","0","1,a","0",",a","0",",a","0",",a","21",",a","5",",a","7.5",",a,25,","3.4","1,,a,05,","35.4",",a,19,","32.2","a","29.6",",a","7.6","1,,,a","18.89",",a","25.40",",,,a","12.38",",,,a"
"ASN00079105","2008-03","-37.068","142.7412","227.9","STAWELL AERODROME, AS","395.7","a","105.5",",a","6",",a","1",",a","1",",a","0",",a","0",",a","0",",a","22",",a","13",",a","3.7",",a,28,","37.8",",,a,25,","39.1",",a,16,","87.3","a","55.1",",a","45.0",",,,a","19.96",",a","28.35",",,,a","11.57",",,,a"
"ASN00079105","2008-04","-37.068","142.7412","227.9","STAWELL AERODROME, AS","398.8","a","3.1",",a","4",",a","2",",a","0",",a","0",",a","0",",a","0",",a","14",",a","0",",a","0.6",",a,29,","4.8",",,a,27,","26.9",",a,10,","229.3","a","142.0",",a","11.2",",,,a","13.71",",a","20.32",",,,a","7.09",",,,a"
"ASN00079105","2008-05","-37.068","142.7412","227.9","STAWELL AERODROME, AS","398.8","a","0.0",",a","9",",a","3",",a","1",",a","0",",a","0",",a","0",",a","0",",a","0",",a","1.2",",a,28,","35.2",",,a,17,","19.8",",a,15,","464.1","a","234.8",",a","64.0",",,,a","10.76",",a","16.10",",,,a","5.41",",,,a"
"ASN00079105","2008-06","-37.068","142.7412","227.9","STAWELL AERODROME, AS","398.8","a","0.0",",a","5",",a","3",",a","0",",a","0",",a","0",",a","0",",a","0",",a","0",",a","0.8",",a,16,","19.0",",,a,13,","17.1",",a,02,","703.1","a","239.0",",a","41.6",",,,a","10.37",",a","14.05",",,,a","6.68",",,,a"
"ASN00079105","2008-07","-37.068","142.7412","227.9","STAWELL AERODROME, AS","0.0","a","0.0",",a","15",",a","9",",a","0",",a","0",",a","3",",a","0",",a","0",",a","0",",a","-1.7",",a,29,","22.2",",,a,07,","14.9",",a,14,","1029.3","a","326.2",",a","81.6",",,,a","7.81",",a","11.61",",,,a","4.02",",,,a"
"ASN00079105","2008-08","-37.068","142.7412","227.9","STAWELL AERODROME, AS","0.0","a","0.0",",a","13",",a","4",",a","0",",a","0",",a","2",",a","0",",a","0",",a","0",",a","-0.8",",a,23,","17.8",",,a,31,","16.9",",a,29,","1349.5","a","320.2",",a","46.8",",,,a","8.00",",a","12.37",",,,a","3.64",",,,a"
"ASN00079105","2008-09","-37.068","142.7412","227.9","STAWELL AERODROME, AS","0.0","a","0.0",",a","8",",a","3",",a","0",",a","0",",a","2",",a","0",",a","5",",a","0",",a","-0.5",",a,09,","6.0",",,a,16,","27.5",",a,27,","1565.8","a","216.3",",a","19.8",",,,a","11.12",",a","17.05",",,,a","5.20",",,,a"
"ASN00079105","2008-10","-37.068","142.7412","227.9","STAWELL AERODROME, AS","15.4","a","15.4",",a","4",",a","1",",a","0",",a","0",",a","0",",a","0",",a","13",",a","2",",a","0.7",",a,09,","2.8",",,a,07,","33.7",",a,30,","1688.9","a","123.1",",a","7.2",",,,a","14.86",",a","22.21",",,,a","7.50",",,,a"
"ASN00079105","2008-11","-37.068","142.7412","227.9","STAWELL AERODROME, AS","39.0","a","23.6",",a","5",",a","3",",a","0",",a","0",",a","0",",a","0",",a","17",",a","2",",a","3.5",",a,21,","15.6",",,a,08,","33.8",",a,12,","1763.2","a","74.3",",a","25.4",",,,a","16.64",",a","23.24",",,,a","10.05",",,,a"
"ASN00079105","2008-12","-37.068","142.7412","227.9","STAWELL AERODROME, AS","63.7","a","24.7",",a","9",",a","5",",a","1",",a","0",",a","0",",a","0",",a","25",",a","1",",a","5.3",",a,08,","44.2",",,a,13,","32.9",",a,26,","1811.2","a","48.0",",a","68.0",",,,a","17.58",",a","24.08",",,,a","11.08",",,,a"
"ASN00079105","2009-01","-37.068","142.7412","227.9","STAWELL AERODROME, AS","191.8","a","128.1",",a","0",",a","0",",a","0",",a","0",",a","0",",a","0",",a","29",",a","15",",a","4.8",",a,03,","0.0",",,a,31,+","43.5",",a,29,","13.6","a","13.6",",a","0.0",",,,a","22.03",",a","31.30",",,,a","12.75",",,,a"
"ASN00079105","2009-02","-37.068","142.7412","227.9","STAWELL AERODROME, AS","305.6","a","113.8",",a","2",",a","0",",a","0",",a","0",",a","0",",a","0",",a","26",",a","9",",a","9.0",",a,13,","0.8",",,a,20,+","45.4",",a,07,","22.6","a","9.0",",a","1.6",",,,a","22.08",",a","30.21",",,,a","13.94",",,,a"
"ASN00079105","2009-03","-37.068","142.7412","227.9","STAWELL AERODROME, AS","340.0","a","34.4",",a","6",",a","3",",a","0",",a","0",",a","0",",a","0",",a","24",",a","2",",a","5.3",",a,28,","8.0",",,a,14,","35.6",",a,21,","59.1","a","36.5",",a","22.0",",,,a","18.26",",a","25.22",",,,a","11.31",",,,a"
"ASN00079105","2009-04","-37.068","142.7412","227.9","STAWELL AERODROME, AS","346.9","a","6.9",",a","5",",a","3",",a","0",",a","0",",a","1",",a","0",",a","13",",a","0",",a","-0.1",",a,30,","9.4",",,a,25,+","30.5",",a,02,","194.1","a","135.0",",a","29.6",",,,a","14.06",",a","20.25",",,,a","7.88",",,,a"
"ASN00079105","2009-05","-37.068","142.7412","227.9","STAWELL AERODROME, AS","346.9","a","0.0",",a","5",",a","3",",a","1",",a","0",",a","0",",a","0",",a","1",",a","0",",a","2.9",",a,03,","34.4",",,a,26,","21.8",",a,21,","394.2","a","200.1",",a","61.2",",,,a","11.88",",a","16.70",",,,a","7.06",",,,a"
"ASN00079105","2009-06","-37.068","142.7412","227.9","STAWELL AERODROME, AS","346.9","a","0.0",",a","13",",a","9",",a","0",",a","0",",a","0",",a","0",",a","0",",a","0",",a","0.4",",a,17,","13.8",",,a,02,","18.2",",a,30,","670.0","a","275.8",",a","67.4",",,,a","9.14",",a","12.97",",,,a","5.31",",,,a"
"ASN00079105","2009-07","-37.068","142.7412","227.9","STAWELL AERODROME, AS","0.0","a","0.0",",a","11",",a","9",",a","0",",a","0",",a","0",",a","0",",a","0",",a","0",",a","0.5",",a,17,","24.4",",,a,12,","17.0",",a,20,","965.2","a","295.2",",a","79.6",",,,a","8.81",",a","12.65",",,,a","4.97",",,,a"
"ASN00079105","2009-08","-37.068","142.7412","227.9","STAWELL AERODROME, AS","0.0","a","0.0",",a","17",",a","7",",a","0",",a","0",",a","0",",a","0",",a","0",",a","0",",a","0.5",",a,08,","17.4",",,a,29,","19.5",",a,15,","1215.2","a","250.0",",a","68.2",",,,a","10.27",",a","14.59",",,,a","5.95",",,,a"
"ASN00079105","2009-09","-37.068","142.7412","227.9","STAWELL AERODROME, AS","0.4","a","0.4",",a","13",",a","6",",a","1",",a","0",",a","0",",a","0",",a","3",",a","0",",a","1.6",",a,15,+","32.8",",,a,22,","29.3",",a,12,","1421.5","a","206.3",",a","79.6",",,,a","11.47",",a","16.48",",,,a","6.46",",,,a"
"ASN00079105","2009-10","-37.068","142.7412","227.9","STAWELL AERODROME, AS","16.9","a","16.5",",a","7",",a","3",",a","0",",a","0",",a","0",",a","0",",a","9",",a","2",",a","2.4",",a,10,","7.2",",,a,13,","32.7",",a,31,","1579.8","a","158.3",",a","19.8",",,,a","13.76",",a","19.69",",,,a","7.83",",,,a"
"ASN00079105","2009-11","-37.068","142.7412","227.9","STAWELL AERODROME, AS","122.9","a","106.0",",a","7",",a","5",",a","1",",a","0",",a","0",",a","0",",a","24",",a","13",",a","7.0",",a,23,","32.4",",,a,22,","37.8",",a,11,","1604.6","a","24.8",",a","80.6",",,,a","21.04",",a","28.74",",,,a","13.34",",,,a"
"ASN00079105","2009-12","-37.068","142.7412","227.9","STAWELL AERODROME, AS","187.8","a","64.9",",a","4",",a","2",",a","0",",a","0",",a","0",",a","0",",a","28",",a","7",",a","6.3",",a,09,","15.0",",,a,08,","38.9",",a,16,","1634.5","a","29.9",",a","27.8",",,,a","19.46",",a","27.28",",,,a","11.64",",,,a"
"ASN00079105","2010-01","-37.068","142.7412","227.9","STAWELL AERODROME, AS","293.1","a","105.3",",a","3",",a","2",",a","0",",a","0",",a","0",",a","0",",a","30",",a","7",",a","6.2",",a,19,","13.8",",,a,01,","42.7",",a,11,","9.6","a","9.6",",a","18.6",",,,a","21.42",",a","30.10",",,,a","12.74",",,,a"
"ASN00079105","2010-02","-37.068","142.7412","227.9","STAWELL AERODROME, AS","414.4","a","121.3",",a","4",",a","3",",a","0",",a","0",",a","0",",a","0",",a","28",",a","10",",a","11.0",",a,25,","17.2",",,a,04,","38.1",",a,10,","10.7","a","1.1",",a","41.2",",,,a","22.63",",a","29.86",",,,a","15.39",",,,a"
"ASN00079105","2010-03","-37.068","142.7412","227.9","STAWELL AERODROME, AS","459.8","a","45.4",",a","8",",a","5",",a","0",",a","0",",a","0",",a","0",",a","27",",a","2",",a","6.4",",a,23,","13.4",",,a,29,","33.4",",a,17,","30.7","a","20.0",",a","41.8",",,,a","19.15",",a","25.67",",,,a","12.63",",,,a"
"ASN00079105","2010-04","-37.068","142.7412","227.9","STAWELL AERODROME, AS","473.5","a","13.7",",a","9",",a","4",",a","1",",a","0",",a","0",",a","0",",a","14",",a","0",",a","3.5",",a,26,","34.0",",,a,07,","27.4",",a,20,","115.7","a","85.0",",a","53.4",",,,a","15.96",",a","20.88",",,,a","11.04",",,,a"
"ASN00079105","2010-05","-37.068","142.7412","227.9","STAWELL AERODROME, AS","473.5","a","0.0",",a","9",",a","3",",a","0",",a","0",",a","1",",a","0",",a","2",",a","0",",a","-1.2",",a,22,","7.6",",,a,29,","22.1",",a,03,","335.7","a","220.0",",a","25.6",",,,a","11.24",",a","16.60",",,,a","5.88",",,,a"
"ASN00079105","2010-06","-37.068","142.7412","227.9","STAWELL AERODROME, AS","473.5","a","0.0",",a","10",",a","3",",a","0",",a","0",",a","5",",a","0",",a","0",",a","0",",a","-1.5",",a,15,","14.2",",,a,17,","16.0",",a,04,","636.1","a","300.4",",a","42.4",",,,a","8.32",",a","12.98",",,,a","3.66",",,,a"
"ASN00079105","2010-07","-37.068","142.7412","227.9","STAWELL AERODROME, AS","0.0","a","0.0",",a","11",",a","9",",a","0",",a","0",",a","3",",a","0",",a","0",",a","0",",a","-0.7",",a,19,","8.4",",,a,11,","15.2",",a,12,","951.5","a","315.4",",a","56.8",",,,a","8.16",",a","12.31",",,,a","4.01",",,,a"
"ASN00079105","2010-08","-37.068","142.7412","227.9","STAWELL AERODROME, AS","0.0","a","0.0",",a","16",",a","10",",a","1",",a","0",",a","1",",a","0",",a","0",",a","0",",a","-0.5",",a,17,","35.2",",,a,11,","16.7",",a,30,","1269.0","a","317.5",",a","122.2",",,,a","8.09",",a","12.17",",,,a","4.02",",,,a"
"ASN00079105","2010-09","-37.068","142.7412","227.9","STAWELL AERODROME, AS","0.0","a","0.0","1,a","8","1,a","4","1,a","1","1,a","0","1,a","0","1,a","0",",a","0",",a","0",",a","0.9","1,a,30,","31.0","1,,a,04,","18.6",",a,25,","1498.1","a","229.1",",a","66.6","1,,,a","10.41","1,a","14.95",",,,a","5.87","1,,,a"
"ASN00079105","2010-10","-37.068","142.7412","227.9","STAWELL AERODROME, AS","4.1","a","4.1","2,a","8","2,a","5","2,a","1","2,a","0","1,a","0","1,a","0","1,a","11","1,a","0","1,a","2.5","1,a,25,","39.8","2,,a,15,","28.1","1,a,29,","1641.9","a","143.8","1,a","81.0","2,,,a","13.49","2,a","19.34","1,,,a","7.65","1,,,a"
"ASN00079105","2010-11","-37.068","142.7412","227.9","STAWELL AERODROME, AS","31.2","a","27.1",",a","7",",a","5",",a","1",",a","0",",a","0",",a","0",",a","16",",a","1",",a","2.6",",a,01,","36.8",",,a,25,","32.3",",a,22,","1736.0","a","94.1",",a","79.4",",,,a","16.10",",a","22.02",",,,a","10.18",",,,a"
"ASN00079105","2010-12","-37.068","142.7412","227.9","STAWELL AERODROME, AS","74.2","a","43.0",",a","15",",a","6",",a","1",",a","0",",a","0",",a","0",",a","21",",a","2",",a","4.4",",a,22,","41.8",",,a,08,","40.3",",a,31,","1797.4","a","61.4",",a","82.6",",,,a","17.74",",a","24.03",",,,a","11.45",",,,a"
"ASN00079105","2011-01","-37.068","142.7412","227.9","STAWELL AERODROME, AS","158.2","a","84.0",",a","5",",a","5",",a","2",",a","0",",a","0",",a","0",",a","31",",a","4",",a","8.1",",a,04,","86.6",",,a,14,","39.6",",a,31,","10.0","a","10.0",",a","172.4",",,,a","20.72",",a","27.43",",,,a","14.01",",,,a"
"ASN00079105","2011-02","-37.068","142.7412","227.9","STAWELL AERODROME, AS","226.6","a","68.4",",a","7",",a","4",",a","1",",a","0",",a","0",",a","0",",a","23",",a","3",",a","6.8",",a,07,","28.0",",,a,19,","37.6",",a,01,","32.7","a","22.7",",a","61.2",",,,a","19.97",",a","25.81",",,,a","14.12",",,,a"
"ASN00079105","2011-03","-37.068","142.7412","227.9","STAWELL AERODROME, AS","249.1","a","22.5",",a","7",",a","2",",a","0",",a","0",",a","0",",a","0",",a","18",",a","0",",a","5.2",",a,02,","6.6",",,a,22,","30.0",",a,07,","89.8","a","57.1",",a","16.2",",,,a","17.22",",a","22.72",",,,a","11.72",",,,a"
"ASN00079105","2011-04","-37.068","142.7412","227.9","STAWELL AERODROME, AS","251.3","a","2.2",",a","5",",a","4",",a","0",",a","0",",a","0",",a","0",",a","15",",a","0",",a","4.7",",a,01,","11.0",",,a,11,","26.9",",a,08,","205.6","a","115.8",",a","22.4",",,,a","14.55",",a","20.05",",,,a","9.05",",,,a"
"ASN00079105","2011-05","-37.068","142.7412","227.9","STAWELL AERODROME, AS","251.3","a","0.0",",a","8",",a","1",",a","0",",a","0",",a","2",",a","0",",a","1",",a","0",",a","-0.8",",a,10,","12.6",",,a,23,","22.2",",a,21,","448.4","a","242.8",",a","22.0",",,,a","10.50",",a","14.58",",,,a","6.42",",,,a"
"ASN00079105","2011-06","-37.068","142.7412","227.9","STAWELL AERODROME, AS","251.3","a","0.0",",a","7",",a","2",",a","0",",a","0",",a","2",",a","0",",a","0",",a","0",",a","-0.8",",a,01,","10.4",",,a,21,","17.6",",a,02,","712.5","a","264.1",",a","19.2",",,,a","9.53",",a","13.85",",,,a","5.21",",,,a"
"ASN00079105","2011-07","-37.068","142.7412","227.9","STAWELL AERODROME, AS","0.0","a","0.0",",a","11","1,a","7","1,a","0","1,a","0",",a","1",",a","0",",a","0",",a","0",",a","-0.5",",a,23,","12.0","1,,a,03,","16.5",",a,31,","1016.4","a","303.9",",a","49.4","1,,,a","8.53",",a","12.48",",,,a","4.58",",,,a"
"ASN00079105","2011-08","-37.068","142.7412","227.9","STAWELL AERODROME, AS","0.0","a","0.0",",a","10",",a","6",",a","0",",a","0",",a","1",",a","0",",a","1",",a","0",",a","-0.4",",a,30,","16.2",",,a,17,","21.2",",a,03,","1271.9","a","255.5",",a","51.4",",,,a","10.09",",a","14.74",",,,a","5.45",",,,a"
"ASN00079105","2011-09","-37.068","142.7412","227.9","STAWELL AERODROME, AS","0.2","a","0.2",",a","10",",a","0",",a","0",",a","0",",a","0",",a","0",",a","6",",a","0",",a","0.5",",a,15,","2.2",",,a,29,+","28.3",",a,19,","1468.5","a","196.6",",a","12.6",",,,a","11.79",",a","17.49",",,,a","6.08",",,,a"
"ASN00079105","2011-10","-37.068","142.7412","227.9","STAWELL AERODROME, AS","10.8","a","10.6",",a","8",",a","4",",a","0",",a","0",",a","0",",a","0",",a","10",",a","0",",a","1.4",",a,03,","16.4",",,a,01,","30.5",",a,19,","1602.0","a","133.5",",a","39.8",",,,a","14.37",",a","20.09",",,,a","8.65",",,,a"
"ASN00079105","2011-11","-37.068","142.7412","227.9","STAWELL AERODROME, AS","43.5","a","32.7",",a","10",",a","6",",a","0",",a","0",",a","0",",a","0",",a","22",",a","1",",a","5.9",",a,21,+","17.2",",,a,10,","35.3",",a,18,","1646.6","a","44.6",",a","50.6",",,,a","17.94",",a","24.59",",,,a","11.28",",,,a"
"ASN00079105","2011-12","-37.068","142.7412","227.9","STAWELL AERODROME, AS","107.8","a","64.3",",a","5",",a","2",",a","1",",a","0",",a","0",",a","0",",a","28",",a","6",",a","6.0",",a,01,","74.4",",,a,19,","35.5",",a,25,","1678.1","a","31.5",",a","100.8",",,,a","19.39",",a","26.71",",,,a","12.07",",,,a"
"ASN00079105","2012-01","-37.068","142.7412","227.9","STAWELL AERODROME, AS","235.0","a","127.2",",a","2",",a","2",",a","0",",a","0",",a","0",",a","0",",a","28",",a","11",",a","8.9",",a,12,","14.0",",,a,08,","40.5",",a,02,","16.6","a","16.6",",a","18.6",",,,a","21.90",",a","28.88",",,,a","14.91",",,,a"
"ASN00079105","2012-02","-37.068","142.7412","227.9","STAWELL AERODROME, AS","328.6","a","93.6",",a","4",",a","3",",a","0",",a","0",",a","0",",a","0",",a","27",",a","7",",a","6.2",",a,08,","15.0",",,a,28,","36.9",",a,25,","33.2","a","16.6",",a","24.6",",,,a","20.99",",a","27.98",",,,a","14.00",",,,a"
"ASN00079105","2012-03","-37.068","142.7412","227.9","STAWELL AERODROME, AS","351.2","a","22.6",",a","6",",a","4",",a","0",",a","0",",a","0",",a","0",",a","20",",a","1",",a","5.5",",a,22,","16.2",",,a,03,","32.3",",a,14,","92.3","a","59.1",",a","43.8",",,,a","17.15",",a","23.11",",,,a","11.20",",,,a"
"ASN00079105","2012-04","-37.068","142.7412","227.9","STAWELL AERODROME, AS","358.5","a","7.3",",a","6","1,a","2","1,a","0","1,a","0",",a","0",",a","0",",a","15",",a","0",",a","2.3",",a,30,","4.8","1,,a,24,","31.4",",a,06,","204.4","a","112.1",",a","15.6","1,,,a","14.84",",a","21.35",",,,a","8.33",",,,a"
"ASN00079105","2012-05","-37.068","142.7412","227.9","STAWELL AERODROME, AS","358.5","a","0.0",",a","4",",a","3",",a","0",",a","0",",a","1",",a","0",",a","3",",a","0",",a","-0.5",",a,21,","12.4",",,a,25,","23.8",",a,01,","423.1","a","218.7",",a","23.8",",,,a","11.28",",a","16.19",",,,a","6.37",",,,a"
"ASN00079105","2012-06","-37.068","142.7412","227.9","STAWELL AERODROME, AS","358.5","a","0.0",",a","12",",a","4",",a","0",",a","0",",a","0",",a","0",",a","0",",a","0",",a","0.3",",a,26,+","19.6",",,a,22,","17.6",",a,01,","718.1","a","295.0",",a","50.6",",,,a","8.50",",a","12.60",",,,a","4.39",",,,a"
"ASN00079105","2012-07","-37.068","142.7412","227.9","STAWELL AERODROME, AS","0.0","a","0.0",",a","16",",a","7",",a","0",",a","0",",a","3",",a","0",",a","0",",a","0",",a","-2.2",",a,07,","11.2",",,a,10,","15.5",",a,22,","1021.5","a","303.4",",a","53.4",",,,a","8.55",",a","12.32",",,,a","4.77",",,,a"
"ASN00079105","2012-08","-37.068","142.7412","227.9","STAWELL AERODROME, AS","0.0","a","0.0",",a","12",",a","6",",a","0",",a","0",",a","1",",a","0",",a","0",",a","0",",a","0.0",",a,13,","19.2",",,a,18,","18.5",",a,22,","1305.2","a","283.7",",a","61.2",",,,a","9.18",",a","13.06",",,,a","5.30",",,,a"
"ASN00079105","2012-09","-37.068","142.7412","227.9","STAWELL AERODROME, AS","0.0","a","0.0",",a","8",",a","5",",a","0",",a","0",",a","0",",a","0",",a","5",",a","0",",a","1.7",",a,25,","8.4",",,a,07,","25.2",",a,27,","1506.8","a","201.6",",a","31.0",",,,a","11.61",",a","16.67",",,,a","6.56",",,,a"
"ASN00079105","2012-10","-37.068","142.7412","227.9","STAWELL AERODROME, AS","5.7","a","5.7",",a","6",",a","3",",a","0",",a","0",",a","0",",a","0",",a","13",",a","0",",a","2.0",",a,10,","4.6",",,a,12,","31.6",",a,30,","1660.8","a","154.0",",a","15.2",",,,a","13.55",",a","20.22",",,,a","6.88",",,,a"
"ASN00079105","2012-11","-37.068","142.7412","227.9","STAWELL AERODROME, AS","51.5","a","45.8",",a","3","1,a","3","1,a","0","1,a","0",",a","0",",a","0",",a","22",",a","5",",a","5.1",",a,19,","3.8","1,,a,27,","41.0",",a,29,","1724.9","a","64.1",",a","10.4","1,,,a","17.72",",a","25.08",",,,a","10.36",",,,a"
"ASN00079105","2012-12","-37.068","142.7412","227.9","STAWELL AERODROME, AS","115.2","a","63.7",",a","2","1,a","2","1,a","0","1,a","0",",a","0",",a","0",",a","28",",a","5",",a","6.2",",a,17,","11.6","1,,a,15,","38.1",",a,23,","1749.8","a","24.9",",a","18.2","1,,,a","19.59",",a","26.73",",,,a","12.44",",,,a"
"ASN00079105","2013-01","-37.068","142.7412","227.9","STAWELL AERODROME, AS","217.9","a","102.7",",a","0",",a","0",",a","0",",a","0",",a","0",",a","0",",a","31",",a","9",",a","7.7",",a,30,","0.0",",,a,31,+","41.9",",a,04,","5.7","a","5.7",",a","0.0",",,,a","21.46",",a","29.92",",,,a","13.00",",,,a"
"ASN00079105","2013-02","-37.068","142.7412","227.9","STAWELL AERODROME, AS","331.0","a","113.1",",a","6",",a","3",",a","1",",a","0",",a","0",",a","0",",a","26",",a","9",",a","9.6",",a,05,","34.0",",,a,16,","36.9",",a,06,","15.5","a","9.8",",a","50.2",",,,a","22.02",",a","29.65",",,,a","14.40",",,,a"
"ASN00079105","2013-03","-37.068","142.7412","227.9","STAWELL AERODROME, AS","419.3","a","88.3",",a","3",",a","0",",a","0",",a","0",",a","0",",a","0",",a","24",",a","7",",a","5.6",",a,29,","1.4",",,a,28,","37.1",",a,12,","47.9","a","32.4",",a","3.4",",,,a","20.14",",a","26.76",",,,a","13.51",",,,a"
"ASN00079105","2013-04","-37.068","142.7412","227.9","STAWELL AERODROME, AS","425.6","a","6.3",",a","2",",a","2",",a","0",",a","0",",a","0",",a","0",",a","14",",a","0",",a","2.6",",a,21,","7.8",",,a,23,","28.9",",a,07,","143.4","a","95.5",",a","13.2",",,,a","15.36",",a","21.46",",,,a","9.26",",,,a"
"ASN00079105","2013-05","-37.068","142.7412","227.9","STAWELL AERODROME, AS","425.6","a","0.0",",a","9",",a","2",",a","0",",a","0",",a","0",",a","0",",a","4",",a","0",",a","1.4",",a,02,","13.2",",,a,13,","24.2",",a,09,","362.4","a","219.0",",a","24.2",",,,a","11.27",",a","16.39",",,,a","6.15",",,,a"
"ASN00079105","2013-06","-37.068","142.7412","227.9","STAWELL AERODROME, AS","425.6","a","0.0",",a","8",",a","4",",a","0",",a","0",",a","1",",a","0",",a","0",",a","0",",a","-1.2",",a,20,","20.4",",,a,01,","16.7",",a,28,","635.2","a","272.8",",a","56.6",",,,a","9.24",",a","13.43",",,,a","5.05",",,,a"
"ASN00079105","2013-07","-37.068","142.7412","227.9","STAWELL AERODROME, AS","0.0","a","0.0",",a","16",",a","10",",a","1",",a","0",",a","2",",a","0",",a","0",",a","0",",a","-0.8",",a,10,","28.2",",,a,14,","16.0",",a,18,","927.0","a","291.8",",a","82.8",",,,a","8.92",",a","12.66",",,,a","5.18",",,,a"
"ASN00079105","2013-08","-37.068","142.7412","227.9","STAWELL AERODROME, AS","0.0","a","0.0",",a","20",",a","10",",a","0",",a","0",",a","0",",a","0",",a","1",",a","0",",a","3.4",",a,08,","11.8",",,a,04,","21.2",",a,28,","1183.7","a","256.7",",a","68.6",",,,a","10.05",",a","13.88",",,,a","6.23",",,,a"
"ASN00079105","2013-09","-37.068","142.7412","227.9","STAWELL AERODROME, AS","0.0","a","0.0",",a","11",",a","5",",a","0",",a","0",",a","0",",a","0",",a","6",",a","0",",a","2.3",",a,21,","14.4",",,a,26,","24.2",",a,04,","1350.9","a","167.2",",a","41.8",",,,a","12.76",",a","17.75",",,,a","7.77",",,,a"
"ASN00079105","2013-10","-37.068","142.7412","227.9","STAWELL AERODROME, AS","1.4","a","1.4",",a","11",",a","5",",a","1",",a","0",",a","0",",a","0",",a","7",",a","0",",a","2.8",",a,18,+","27.8",",,a,23,","31.8",",a,20,","1513.4","a","162.5",",a","57.0",",,,a","13.14",",a","18.84",",,,a","7.44",",,,a"
"ASN00079105","2013-11","-37.068","142.7412","227.9","STAWELL AERODROME, AS","14.6","a","13.2",",a","5",",a","1",",a","0",",a","0",",a","0",",a","0",",a","12",",a","2",",a","4.0",",a,05,","5.8",",,a,13,","34.2",",a,27,","1609.1","a","95.7",",a","9.2",",,,a","15.58",",a","21.81",",,,a","9.36",",,,a"
"ASN00079105","2013-12","-37.068","142.7412","227.9","STAWELL AERODROME, AS","73.5","a","58.9","1,a","6","1,a","2","1,a","0","1,a","0","1,a","0","1,a","0",",a","25",",a","6",",a","3.7","1,a,06,","4.2","1,,a,10,","41.1",",a,19,","1646.5","a","37.4",",a","10.2","1,,,a","19.03","1,a","27.12",",,,a","10.93","1,,,a"
"ASN00079105","2014-01","-37.068","142.7412","227.9","STAWELL AERODROME, AS","221.9","a","148.4",",a","3",",a","3",",a","0",",a","0",",a","0",",a","0",",a","29",",a","13",",a","9.0",",a,08,","8.8",",,a,24,","44.0",",a,14,","13.8","a","13.8",",a","19.4",",,,a","22.67",",a","30.76",",,,a","14.59",",,,a"
"ASN00079105","2014-02","-37.068","142.7412","227.9","STAWELL AERODROME, AS","337.9","a","116.0",",a","1",",a","1",",a","0",",a","0",",a","0",",a","0",",a","26",",a","9",",a","9.5",",a,20,","4.6",",,a,20,","42.7",",a,02,","24.7","a","10.9",",a","4.8",",,,a","22.09",",a","30.05",",,,a","14.13",",,,a"
"ASN00079105","2014-03","-37.068","142.7412","227.9","STAWELL AERODROME, AS","381.5","a","43.6",",a","4",",a","0",",a","0",",a","0",",a","0",",a","0",",a","26",",a","2",",a","6.3",",a,24,","1.2",",,a,27,","33.1",",a,09,","52.8","a","28.1",",a","4.8",",,,a","18.83",",a","25.88",",,,a","11.79",",,,a"
"ASN00079105","2014-04","-37.068","142.7412","227.9","STAWELL AERODROME, AS","389.5","a","8.0",",a","8",",a","5",",a","0",",a","0",",a","0",",a","0",",a","9",",a","1",",a","1.1",",a,25,","14.6",",,a,30,","34.2",",a,01,","161.8","a","109.0",",a","48.6",",,,a","14.97",",a","19.78",",,,a","10.15",",,,a"
"ASN00079105","2014-05","-37.068","142.7412","227.9","STAWELL AERODROME, AS","389.5","a","0.0",",a","8",",a","5",",a","0",",a","0",",a","0",",a","0",",a","4",",a","0",",a","0.6",",a,08,","9.8",",,a,27,","23.6",",a,16,","341.1","a","179.3",",a","31.2",",,,a","12.55",",a","17.53",",,,a","7.57",",,,a"
"ASN00079105","2014-06","-37.068","142.7412","227.9","STAWELL AERODROME, AS","389.5","a","0.0",",a","16",",a","8",",a","0",",a","0",",a","0",",a","0",",a","0",",a","0",",a","2.1",",a,06,","13.6",",,a,21,","16.0",",a,07,","599.6","a","258.5",",a","66.0",",,,a","9.72",",a","13.27",",,,a","6.16",",,,a"
"ASN00079105","2014-07","-37.068","142.7412","227.9","STAWELL AERODROME, AS","","","","","12","4,a","7","4,a","0","4,a","","","","","0","3,a","0","3,a","0","3,a","","","6.0","4,,a,24,","15.4","3,a,28,","","","","","35.0","4,,,a","","","12.03","3,,,a","",""
"ASN00079105","2014-08","-37.068","142.7412","227.9","STAWELL AERODROME, AS","","","0.0",",a","3",",a","1",",a","0",",a","0",",a","4",",a","0",",a","1",",a","0",",a","-2.2",",a,04,+","9.8",",,a,01,","22.3",",a,31,","","","280.0",",a","12.8",",,,a","9.30",",a","14.43",",,,a","4.17",",,,a"
"ASN00079105","2014-09","-37.068","142.7412","227.9","STAWELL AERODROME, AS","","","2.2","1,a","7","1,a","2","1,a","0","1,a","0",",a","1",",a","0","1,a","7","1,a","0","1,a","-0.1",",a,19,","6.4","1,,a,09,","28.7","1,a,28,","","","171.9","1,a","14.2","1,,,a","12.37","1,a","18.39","1,,,a","6.35",",,,a"
"ASN00079105","2014-10","-37.068","142.7412","227.9","STAWELL AERODROME, AS","","","13.8","3,a","4","4,a","1","4,a","0","4,a","0","3,a","0","3,a","0","2,a","19","2,a","3","2,a","2.0","3,a,17,","2.6","4,,a,07,","33.1","2,a,22,","","","74.8","2,a","5.2","4,,,a","16.02","3,a","23.99","2,,,a","8.04","3,,,a"
"ASN00079105","2014-11","-37.068","142.7412","227.9","STAWELL AERODROME, AS","","","34.8",",a","5",",a","3",",a","0",",a","0",",a","0",",a","0",",a","24",",a","4",",a","2.2",",a,03,","16.6",",,a,16,","36.8",",a,30,","","","52.3",",a","29.2",",,,a","17.75",",a","25.51",",,,a","9.99",",,,a"
"ASN00079105","2014-12","-37.068","142.7412","227.9","STAWELL AERODROME, AS","","","44.3",",a","4",",a","2",",a","0",",a","0",",a","0",",a","0",",a","27",",a","3",",a","6.4",",a,17,","10.0",",,a,04,","33.9",",a,21,","","","21.3",",a","16.0",",,,a","19.07",",a","26.56",",,,a","11.58",",,,a"
"ASN00079105","2015-01","-37.068","142.7412","227.9","STAWELL AERODROME, AS","","","82.8",",a","6",",a","5",",a","1",",a","0",",a","0",",a","0",",a","28",",a","7",",a","8.0",",a,26,","27.0",",,a,13,","41.1",",a,02,","19.8","a","19.8",",a","66.4",",,,a","20.37",",a","27.29",",,,a","13.45",",,,a"
"ASN00079105","2015-02","-37.068","142.7412","227.9","STAWELL AERODROME, AS","","","116.2",",a","3",",a","2",",a","0",",a","0",",a","0",",a","0",",a","28",",a","11",",a","10.9",",a,09,","4.8",",,a,08,","37.7",",a,22,","24.1","a","4.3",",a","10.8",",,,a","22.33",",a","30.01",",,,a","14.65",",,,a"
"ASN00079105","2015-03","-37.068","142.7412","227.9","STAWELL AERODROME, AS","","","10.8",",a","5",",a","2",",a","0",",a","0",",a","0",",a","0",",a","24",",a","1",",a","1.7",",a,25,","4.6",",,a,18,","32.3",",a,19,","87.3","a","63.2",",a","10.6",",,,a","16.65",",a","23.55",",,,a","9.74",",,,a"
"ASN00079105","2015-04","-37.068","142.7412","227.9","STAWELL AERODROME, AS","","","2.5",",a","8",",a","5",",a","0",",a","0",",a","0",",a","0",",a","6",",a","0",",a","3.7",",a,25,","6.4",",,a,07,","29.2",",a,01,","238.8","a","151.5",",a","24.2",",,,a","13.37",",a","18.50",",,,a","8.23",",,,a"
"ASN00079105","2015-05","-37.068","142.7412","227.9","STAWELL AERODROME, AS","","","0.0",",a","13",",a","3",",a","0",",a","0",",a","0",",a","0",",a","3",",a","0",",a","1.4",",a,24,","8.2",",,a,10,","22.1",",a,02,","446.4","a","207.6",",a","26.6",",,,a","11.64",",a","15.89",",,,a","7.39",",,,a"
"ASN00079105","2015-06","-37.068","142.7412","227.9","STAWELL AERODROME, AS","","","0.0",",a","7",",a","3",",a","0",",a","0",",a","3",",a","0",",a","0",",a","0",",a","-1.0",",a,21,","20.4",",,a,16,","16.5",",a,12,","746.1","a","299.7",",a","46.8",",,,a","8.34",",a","12.33",",,,a","4.35",",,,a"
"ASN00079105","2015-07","-37.068","142.7412","227.9","STAWELL AERODROME, AS","0.0","a","0.0",",a","14",",a","8",",a","0",",a","0",",a","6",",a","0",",a","0",",a","0",",a","-2.7",",a,20,","12.8",",,a,11,","14.6",",a,22,","1094.9","a","348.8",",a","48.4",",,,a","7.08",",a","11.18",",,,a","2.98",",,,a"
"ASN00079105","2015-08","-37.068","142.7412","227.9","STAWELL AERODROME, AS","0.0","a","0.0",",a","13",",a","0",",a","0",",a","0",",a","1",",a","0",",a","0",",a","0",",a","-1.4",",a,04,","2.0",",,a,15,","17.0",",a,20,","1389.5","a","294.6",",a","15.8",",,,a","8.83",",a","12.69",",,,a","4.97",",,,a"
"ASN00079105","2015-09","-37.068","142.7412","227.9","STAWELL AERODROME, AS","0.9","a","0.9",",a","6",",a","3",",a","0",",a","0",",a","1",",a","0",",a","4",",a","0",",a","-1.6",",a,01,","16.2",",,a,03,","27.6",",a,14,","1616.1","a","226.6",",a","42.8",",,,a","10.81",",a","16.44",",,,a","5.18",",,,a"
"ASN00079105","2015-10","-37.068","142.7412","227.9","STAWELL AERODROME, AS","45.4","a","44.5",",a","1",",a","0",",a","0",",a","0",",a","0",",a","0",",a","24",",a","3",",a","2.6",",a,01,","1.6",",,a,21,","35.0",",a,05,","1665.9","a","49.8",",a","1.6",",,,a","18.16",",a","26.43",",,,a","9.90",",,,a"
"ASN00079105","2015-11","-37.068","142.7412","227.9","STAWELL AERODROME, AS","72.1","a","26.7",",a","3",",a","2",",a","0",",a","0",",a","0",",a","0",",a","23",",a","5",",a","5.4",",a,27,","14.2",",,a,05,","34.6",",a,09,","1713.9","a","48.0",",a","19.8",",,,a","17.62",",a","24.95",",,,a","10.30",",,,a"
"ASN00079105","2015-12","-37.068","142.7412","227.9","STAWELL AERODROME, AS","202.1","a","130.0",",a","4",",a","1",",a","0",",a","0",",a","0",",a","0",",a","26",",a","13",",a","5.6",",a,12,","10.0",",,a,26,","42.6",",a,19,","1734.9","a","21.0",",a","14.6",",,,a","21.85",",a","30.47",",,,a","13.23",",,,a"
"ASN00079105","2016-01","-37.068","142.7412","227.9","STAWELL AERODROME, AS","322.9","a","120.8",",a","6",",a","4",",a","0",",a","0",",a","0",",a","0",",a","29",",a","10",",a","9.3",",a,16,","10.6",",,a,31,","40.6",",a,13,","8.2","a","8.2",",a","32.4",",,,a","21.97",",a","29.51",",,,a","14.43",",,,a"
"ASN00079105","2016-02","-37.068","142.7412","227.9","STAWELL AERODROME, AS","405.3","a","82.4",",a","2",",a","1",",a","0",",a","0",",a","0",",a","0",",a","28",",a","5",",a","9.2",",a,15,","16.6",",,a,01,","40.7",",a,23,","13.1","a","4.9",",a","17.2",",,,a","21.01",",a","28.21",",,,a","13.81",",,,a"
"ASN00079105","2016-03","-37.068","142.7412","227.9","STAWELL AERODROME, AS","497.5","a","92.2",",a","5",",a","3",",a","0",",a","0",",a","0",",a","0",",a","23",",a","6",",a","6.6",",a,31,","10.0",",,a,18,","38.4",",a,08,","49.5","a","36.4",",a","26.4",",,,a","20.13",",a","26.58",",,,a","13.68",",,,a"
"ASN00079105","2016-04","-37.068","142.7412","227.9","STAWELL AERODROME, AS","503.7","a","6.2",",a","3",",a","2",",a","0",",a","0",",a","0",",a","0",",a","14",",a","0",",a","3.6",",a,18,","5.8",",,a,06,","29.1",",a,05,","125.7","a","76.2",",a","11.4",",,,a","16.00",",a","21.71",",,,a","10.29",",,,a"
"ASN00079105","2016-05","-37.068","142.7412","227.9","STAWELL AERODROME, AS","503.7","a","0.0",",a","10",",a","7",",a","2",",a","0",",a","1",",a","0",",a","3",",a","0",",a","-0.1",",a,30,","36.8",",,a,09,","24.1",",a,07,","306.3","a","180.6",",a","110.0",",,,a","12.51",",a","16.51",",,,a","8.51",",,,a"
"ASN00079105","2016-06","-37.068","142.7412","227.9","STAWELL AERODROME, AS","503.7","a","0.0",",a","15",",a","6",",a","0",",a","0",",a","2",",a","0",",a","0",",a","0",",a","-0.4",",a,12,","22.2",",,a,17,","15.2",",a,02,","595.8","a","289.5",",a","59.4",",,,a","8.68",",a","12.39",",,,a","4.97",",,,a"
"ASN00079105","2016-07","-37.068","142.7412","227.9","STAWELL AERODROME, AS","0.0","a","0.0",",a","15",",a","8",",a","0",",a","0",",a","0",",a","0",",a","0",",a","0",",a","0.4",",a,16,","15.2",",,a,11,","16.5",",a,18,","888.0","a","292.2",",a","69.4",",,,a","8.91",",a","12.02",",,,a","5.79",",,,a"
"ASN00079105","2016-08","-37.068","142.7412","227.9","STAWELL AERODROME, AS","0.0","a","0.0",",a","12",",a","7",",a","0",",a","0",",a","0",",a","0",",a","1",",a","0",",a","0.6",",a,26,","12.2",",,a,19,","21.3",",a,18,","1167.7","a","279.7",",a","54.6",",,,a","9.31",",a","13.58",",,,a","5.04",",,,a"
"ASN00079105","2016-09","-37.068","142.7412","227.9","STAWELL AERODROME, AS","0.0","a","0.0",",a","14",",a","11",",a","1",",a","0",",a","0",",a","0",",a","0",",a","0",",a","0.9",",a,23,","44.4",",,a,14,","20.7",",a,08,","1399.8","a","232.1",",a","136.2",",,,a","10.60",",a","14.85",",,,a","6.34",",,,a"
"ASN00079105","2016-10","-37.068","142.7412","227.9","STAWELL AERODROME, AS","0.0","a","0.0",",a","14","1,a","7","1,a","0","1,a","0",",a","0",",a","0",",a","6",",a","0",",a","1.9",",a,24,","14.0","1,,a,17,","26.6",",a,25,","1589.2","a","189.4",",a","54.0","1,,,a","12.22",",a","17.45",",,,a","7.00",",,,a"
"ASN00079105","2016-11","-37.068","142.7412","227.9","STAWELL AERODROME, AS","16.6","a","16.6",",a","6","1,a","3","1,a","0","1,a","0",",a","0",",a","0",",a","14",",a","2",",a","5.0",",a,28,","7.4","1,,a,12,","37.3",",a,21,","1685.0","a","95.8",",a","17.0","1,,,a","15.69",",a","22.50",",,,a","8.89",",,,a"
"ASN00079105","2016-12","-37.068","142.7412","227.9","STAWELL AERODROME, AS","75.1","a","58.5",",a","8",",a","3",",a","0",",a","0",",a","0",",a","0",",a","26",",a","6",",a","5.8",",a,16,","21.6",",,a,30,","37.9",",a,25,","1717.9","a","32.9",",a","53.2",",,,a","19.16",",a","26.79",",,,a","11.53",",,,a"
"ASN00079105","2017-01","-37.068","142.7412","227.9","STAWELL AERODROME, AS","179.4","a","104.3",",a","4",",a","3",",a","0",",a","0",",a","0",",a","0",",a","30",",a","12",",a","9.2",",a,16,","14.2",",,a,20,","39.9",",a,17,","3.0","a","3.0",",a","31.6",",,,a","21.60",",a","29.54",",,,a","13.67",",,,a"
"ASN00079105","2017-02","-37.068","142.7412","227.9","STAWELL AERODROME, AS","257.4","a","78.0",",a","3",",a","1",",a","0",",a","0",",a","0",",a","0",",a","22",",a","8",",a","5.6",",a,21,","10.8",",,a,06,","42.8",",a,09,","32.4","a","29.4",",a","13.4",",,,a","20.07",",a","27.71",",,,a","12.43",",,,a"
"ASN00079105","2017-03","-37.068","142.7412","227.9","STAWELL AERODROME, AS","354.7","a","97.3",",a","4",",a","2",",a","0",",a","0",",a","0",",a","0",",a","29",",a","5",",a","2.8",",a,31,","15.4",",,a,21,","34.8",",a,01,","50.3","a","17.9",",a","23.8",",,,a","20.90",",a","28.11",",,,a","13.68",",,,a"
"ASN00079105","2017-04","-37.068","142.7412","227.9","STAWELL AERODROME, AS","355.8","a","1.1",",a","7",",a","6",",a","0",",a","0",",a","0",",a","0",",a","13",",a","0",",a","3.6",",a,27,","19.8",",,a,21,","28.4",",a,08,","156.8","a","106.5",",a","59.0",",,,a","14.82",",a","20.50",",,,a","9.14",",,,a"
"ASN00079105","2017-05","-37.068","142.7412","227.9","STAWELL AERODROME, AS","355.8","a","0.0",",a","11",",a","6",",a","0",",a","0",",a","0",",a","0",",a","0",",a","0",",a","0.7",",a,03,","24.8",",,a,19,","19.1",",a,22,","389.8","a","233.0",",a","62.0",",,,a","10.82",",a","15.35",",,,a","6.29",",,,a"
"ASN00079105","2017-06","-37.068","142.7412","227.9","STAWELL AERODROME, AS","355.8","a","0.0",",a","4",",a","0",",a","0",",a","0",",a","3",",a","0",",a","0",",a","0",",a","-0.8",",a,08,","0.6",",,a,30,+","15.7",",a,18,","690.6","a","300.8",",a","4.0",",,,a","8.31",",a","13.20",",,,a","3.41",",,,a"
"ASN00079105","2017-07","-37.068","142.7412","227.9","STAWELL AERODROME, AS","0.0","a","0.0",",a","17",",a","8",",a","0",",a","0",",a","3",",a","0",",a","0",",a","0",",a","-2.3",",a,01,","10.0",",,a,04,","20.4",",a,29,","1007.7","a","317.1",",a","57.8",",,,a","8.10",",a","12.78",",,,a","3.43",",,,a"
"ASN00079105","2017-08","-37.068","142.7412","227.9","STAWELL AERODROME, AS","0.0","a","0.0",",a","19",",a","10",",a","0",",a","0",",a","4",",a","0",",a","0",",a","0",",a","-2.6",",a,20,","12.4",",,a,17,","18.2",",a,14,","1318.2","a","310.5",",a","75.0",",,,a","8.32",",a","12.92",",,,a","3.71",",,,a"
"ASN00079105","2017-09","-37.068","142.7412","227.9","STAWELL AERODROME, AS","1.8","a","1.8",",a","13",",a","4",",a","0",",a","0",",a","1",",a","0",",a","5",",a","0",",a","-0.6",",a,17,","5.4",",,a,05,","27.3",",a,23,","1533.7","a","215.5",",a","31.8",",,,a","11.21",",a","16.22",",,,a","6.19",",,,a"
"ASN00079105","2017-10","-37.068","142.7412","227.9","STAWELL AERODROME, AS","10.7","a","8.9",",a","7",",a","4",",a","0",",a","0",",a","0",",a","0",",a","14",",a","0",",a","1.6",",a,10,","17.8",",,a,12,","31.6",",a,18,","1660.6","a","126.9",",a","46.8",",,,a","14.53",",a","20.97",",,,a","8.08",",,,a"
"ASN00079105","2017-11","-37.068","142.7412","227.9","STAWELL AERODROME, AS","103.1","a","92.4",",a","5",",a","3",",a","0",",a","0",",a","0",",a","0",",a","22",",a","8",",a","3.1",",a,05,","18.6",",,a,16,","35.4",",a,29,","1712.1","a","51.5",",a","33.6",",,,a","19.70",",a","26.96",",,,a","12.43",",,,a"
"ASN00079105","2017-12","-37.068","142.7412","227.9","STAWELL AERODROME, AS","166.4","a","63.3",",a","4",",a","1",",a","0",",a","0",",a","0",",a","0",",a","25",",a","5",",a","4.9",",a,08,","21.8",",,a,01,","39.7",",a,13,","1737.9","a","25.8",",a","24.8",",,,a","19.54",",a","26.69",",,,a","12.39",",,,a"
"ASN00079105","2018-01","-37.068","142.7412","227.9","STAWELL AERODROME, AS","315.0","a","148.6",",a","4",",a","1",",a","0",",a","0",",a","0",",a","0",",a","30",",a","15",",a","8.7",",a,17,","5.0",",,a,13,","43.6",",a,19,","8.0","a","8.0",",a","9.8",",,,a","22.87",",a","31.46",",,,a","14.27",",,,a"
"ASN00079105","2018-02","-37.068","142.7412","227.9","STAWELL AERODROME, AS","417.8","a","102.8",",a","2",",a","1",",a","0",",a","0",",a","0",",a","0",",a","28",",a","10",",a","8.0",",a,17,","6.6",",,a,23,","37.9",",a,07,","13.2","a","5.2",",a","8.4",",,,a","21.82",",a","29.31",",,,a","14.33",",,,a"
"ASN00079105","2018-03","-37.068","142.7412","227.9","STAWELL AERODROME, AS","455.1","a","37.3",",a","4",",a","2",",a","0",",a","0",",a","0",",a","0",",a","28",",a","2",",a","5.9",",a,27,","7.2",",,a,24,","34.7",",a,10,","36.4","a","23.2",",a","15.8",",,,a","18.79",",a","25.75",",,,a","11.82",",,,a"
"ASN00079105","2018-04","-37.068","142.7412","227.9","STAWELL AERODROME, AS","474.6","a","19.5",",a","2",",a","1",",a","0",",a","0",",a","0",",a","0",",a","22",",a","1",",a","2.7",",a,18,","7.4",",,a,15,","33.4",",a,11,","108.6","a","72.2",",a","9.8",",,,a","16.58",",a","23.86",",,,a","9.30",",,,a"
"ASN00079105","2018-05","-37.068","142.7412","227.9","STAWELL AERODROME, AS","474.6","a","0.0",",a","10",",a","4",",a","0",",a","0",",a","0",",a","0",",a","2",",a","0",",a","1.6",",a,30,","13.0",",,a,29,","23.6",",a,02,","315.9","a","207.3",",a","49.2",",,,a","11.65",",a","15.80",",,,a","7.49",",,,a"
"ASN00079105","2018-06","-37.068","142.7412","227.9","STAWELL AERODROME, AS","474.6","a","0.0",",a","9",",a","5",",a","0",",a","0",",a","4",",a","0",",a","0",",a","0",",a","-0.9",",a,21,","16.6",",,a,12,","17.9",",a,02,","612.8","a","296.9",",a","41.2",",,,a","8.44",",a","13.12",",,,a","3.75",",,,a"
"ASN00079105","2018-07","-37.068","142.7412","227.9","STAWELL AERODROME, AS","0.0","a","0.0",",a","16",",a","7",",a","0",",a","0",",a","4",",a","0",",a","0",",a","0",",a","-0.9",",a,14,+","10.6",",,a,24,","16.9",",a,28,","926.7","a","313.9",",a","45.8",",,,a","8.21",",a","12.57",",,,a","3.85",",,,a"
"ASN00079105","2018-08","-37.068","142.7412","227.9","STAWELL AERODROME, AS","0.0","a","0.0",",a","15",",a","8",",a","0",",a","0",",a","4",",a","0",",a","0",",a","0",",a","-1.9",",a,29,","20.0",",,a,31,","18.4",",a,10,","1230.6","a","303.9",",a","78.0",",,,a","8.53",",a","13.35",",,,a","3.71",",,,a"
"ASN00079105","2018-09","-37.068","142.7412","227.9","STAWELL AERODROME, AS","0.0","a","0.0",",a","7",",a","0",",a","0",",a","0",",a","3",",a","0",",a","3",",a","0",",a","-0.4",",a,29,","1.8",",,a,16,","25.3",",a,11,","1468.8","a","238.2",",a","7.6",",,,a","10.39",",a","16.45",",,,a","4.33",",,,a"
"ASN00079105","2018-10","-37.068","142.7412","227.9","STAWELL AERODROME, AS","5.9","a","5.9",",a","5",",a","2",",a","0",",a","0",",a","0",",a","0",",a","17",",a","0",",a","0.9",",a,25,","12.8",",,a,10,","29.7",",a,22,","1584.1","a","115.3",",a","21.0",",,,a","14.80",",a","21.65",",,,a","7.95",",,,a"
"ASN00079105","2018-11","-37.068","142.7412","227.9","STAWELL AERODROME, AS","35.9","a","30.0",",a","9",",a","3",",a","0",",a","0",",a","0",",a","0",",a","18",",a","3",",a","2.5",",a,08,","7.6",",,a,22,","34.4",",a,13,","1667.5","a","83.4",",a","26.0",",,,a","16.55",",a","23.30",",,,a","9.81",",,,a"
"ASN00079105","2018-12","-37.068","142.7412","227.9","STAWELL AERODROME, AS","129.7","a","93.8",",a","8",",a","4",",a","0",",a","0",",a","0",",a","0",",a","28",",a","11",",a","6.4",",a,01,","21.0",",,a,13,","40.6",",a,27,","1680.6","a","13.1",",a","66.0",",,,a","20.93",",a","28.54",",,,a","13.33",",,,a"
"ASN00079105","2019-01","-37.068","142.7412","227.9","STAWELL AERODROME, AS","292.1","a","162.4",",a","3",",a","0",",a","0",",a","0",",a","0",",a","0",",a","31",",a","16",",a","9.6",",a,11,","1.0",",,a,18,","42.8",",a,04,","0.1","a","0.1",",a","2.4",",,,a","23.57",",a","33.10",",,,a","14.04",",,,a"
"ASN00079105","2019-02","-37.068","142.7412","227.9","STAWELL AERODROME, AS","371.8","a","79.7",",a","4",",a","3",",a","0",",a","0",",a","0",",a","0",",a","25",",a","7",",a","6.4",",a,14,","16.0",",,a,07,","40.7",",a,03,","18.0","a","17.9",",a","22.2",",,,a","20.54",",a","28.81",",,,a","12.27",",,,a"
"ASN00079105","2019-03","-37.068","142.7412","227.9","STAWELL AERODROME, AS","448.1","a","76.3",",a","3",",a","1",",a","0",",a","0",",a","0",",a","0",",a","24",",a","4",",a","4.7",",a,27,+","3.0",",,a,11,","37.3",",a,01,","64.2","a","46.2",",a","4.2",",,,a","19.30",",a","26.34",",,,a","12.27",",,,a"
"ASN00079105","2019-04","-37.068","142.7412","227.9","STAWELL AERODROME, AS","464.2","a","16.1",",a","2",",a","0",",a","0",",a","0",",a","0",",a","0",",a","16",",a","0",",a","2.2",",a,27,","0.6",",,a,09,+","31.2",",a,16,","175.1","a","110.9",",a","1.4",",,,a","15.17",",a","21.85",",,,a","8.50",",,,a"
"ASN00079105","2019-05","-37.068","142.7412","227.9","STAWELL AERODROME, AS","464.2","a","0.0",",a","13",",a","6",",a","1",",a","0",",a","0",",a","0",",a","0",",a","0",",a","1.5",",a,30,","68.6",",,a,02,","20.6",",a,19,","388.6","a","213.5",",a","133.0",",,,a","11.45",",a","15.84",",,,a","7.05",",,,a"
"ASN00079105","2019-06","-37.068","142.7412","227.9","STAWELL AERODROME, AS","464.2","a","0.0",",a","15",",a","6",",a","0",",a","0",",a","2",",a","0",",a","0",",a","0",",a","-2.6",",a,24,","22.2",",,a,30,","17.2",",a,28,","665.9","a","277.3",",a","77.6",",,,a","9.09",",a","13.29",",,,a","4.89",",,,a"
"ASN00079105","2019-07","-37.068","142.7412","227.9","STAWELL AERODROME, AS","0.0","a","0.0",",a","10",",a","4",",a","0",",a","0",",a","1",",a","0",",a","0",",a","0",",a","0.0",",a,28,","16.0",",,a,08,","16.0",",a,06,","950.4","a","284.5",",a","44.4",",,,a","9.16",",a","12.82",",,,a","5.49",",,,a"
"ASN00079105","2019-08","-37.068","142.7412","227.9","STAWELL AERODROME, AS","0.0","a","0.0",",a","8",",a","4",",a","0",",a","0",",a","3",",a","0",",a","0",",a","0",",a","-1.8",",a,30,","18.0",",,a,08,","17.5",",a,31,","1265.5","a","315.1",",a","43.4",",,,a","8.17",",a","12.85",",,,a","3.49",",,,a"
"ASN00079105","2019-09","-37.068","142.7412","227.9","STAWELL AERODROME, AS","1.6","a","1.6","1,a","10",",a","3",",a","0",",a","0",",a","1",",a","0","1,a","2","1,a","0","1,a","-1.0",",a,18,","6.2",",,a,07,","25.4","1,a,20,","1496.7","a","231.2","1,a","23.4",",,,a","10.42","1,a","15.89","1,,,a","4.94",",,,a"
"ASN00079105","2019-10","-37.068","142.7412","227.9","STAWELL AERODROME, AS","15.8","a","14.2",",a","7","1,a","1","1,a","0","1,a","0",",a","0",",a","0",",a","14",",a","2",",a","0.8",",a,01,","3.0","1,,a,26,","34.2",",a,24,","1631.9","a","135.2",",a","9.8","1,,,a","14.43",",a","21.24",",,,a","7.62",",,,a"
"ASN00079105","2019-11","-37.068","142.7412","227.9","STAWELL AERODROME, AS","36.3","a","20.5",",a","7",",a","1",",a","0",",a","0",",a","0",",a","0",",a","15",",a","2",",a","2.2",",a,05,","12.4",",,a,02,","37.8",",a,21,","1745.5","a","113.6",",a","21.0",",,,a","15.23",",a","22.18",",,,a","8.28",",,,a"
"ASN00079105","2019-12","-37.068","142.7412","227.9","STAWELL AERODROME, AS","133.0","a","96.7",",a","1",",a","0",",a","0",",a","0",",a","0",",a","0",",a","28",",a","10",",a","5.5",",a,08,","1.4",",,a,02,","44.7",",a,20,","1778.5","a","33.0",",a","1.8",",,,a","20.39",",a","29.31",",,,a","11.46",",,,a"
"ASN00079105","2020-01","-37.068","142.7412","227.9","STAWELL AERODROME, AS","230.2","a","97.2",",a","4",",a","2",",a","0",",a","0",",a","0",",a","0",",a","29",",a","8",",a","8.4",",a,01,","11.4",",,a,23,","41.3",",a,31,","12.7","a","12.7",",a","20.8",",,,a","21.06",",a","29.28",",,,a","12.84",",,,a"
"ASN00079105","2020-02","-37.068","142.7412","227.9","STAWELL AERODROME, AS","302.8","a","72.6",",a","5",",a","3",",a","1",",a","0",",a","0",",a","0",",a","24",",a","3",",a","5.8",",a,27,","26.0",",,a,01,","33.9",",a,13,","33.9","a","21.2",",a","37.2",",,,a","20.11",",a","26.34",",,,a","13.87",",,,a"
"ASN00079105","2020-03","-37.068","142.7412","227.9","STAWELL AERODROME, AS","346.1","a","43.3",",a","3",",a","2",",a","0",",a","0",",a","0",",a","0",",a","23",",a","2",",a","7.2",",a,31,","6.4",",,a,05,","34.4",",a,19,","82.0","a","48.1",",a","10.6",",,,a","18.18",",a","24.58",",,,a","11.77",",,,a"
"ASN00079105","2020-04","-37.068","142.7412","227.9","STAWELL AERODROME, AS","346.1","a","0.0",",a","10",",a","6",",a","0",",a","0",",a","0",",a","0",",a","7",",a","0",",a","2.9",",a,30,","19.4",",,a,04,","26.4",",a,15,","220.7","a","138.7",",a","58.8",",,,a","13.71",",a","18.51",",,,a","8.91",",,,a"
"ASN00079105","2020-05","-37.068","142.7412","227.9","STAWELL AERODROME, AS","346.1","a","0.0",",a","8",",a","5",",a","0",",a","0",",a","0",",a","0",",a","1",",a","0",",a","0.6",",a,15,","11.8",",,a,20,","21.4",",a,07,","468.6","a","247.9",",a","43.2",",,,a","10.34",",a","14.89",",,,a","5.78",",,,a"
"ASN00079105","2020-06","-37.068","142.7412","227.9","STAWELL AERODROME, AS","346.1","a","0.0",",a","9",",a","6",",a","0",",a","0",",a","2",",a","0",",a","0",",a","0",",a","-1.3",",a,09,","8.0",",,a,15,","16.7",",a,19,","765.0","a","296.4",",a","34.2",",,,a","8.45",",a","13.24",",,,a","3.66",",,,a"
"ASN00079105","2020-07","-37.068","142.7412","227.9","STAWELL AERODROME, AS","0.0","a","0.0",",a","6",",a","2",",a","0",",a","0",",a","3",",a","0",",a","0",",a","0",",a","-1.6",",a,17,","11.6",",,a,12,","16.0",",a,01,","1088.6","a","323.6",",a","22.0",",,,a","7.90",",a","12.72",",,,a","3.07",",,,a"
"ASN00079105","2020-08","-37.068","142.7412","227.9","STAWELL AERODROME, AS","0.0","a","0.0",",a","13",",a","8",",a","0",",a","0",",a","3",",a","0",",a","0",",a","0",",a","-1.4",",a,24,","8.2",",,a,13,","19.6",",a,29,","1383.5","a","294.9",",a","43.8",",,,a","8.82",",a","13.45",",,,a","4.19",",,,a"
"ASN00079105","2020-09","-37.068","142.7412","227.9","STAWELL AERODROME, AS","0.0","a","0.0",",a","15",",a","5",",a","0",",a","0",",a","0",",a","0",",a","3",",a","0",",a","0.2",",a,28,","20.8",",,a,13,","23.3",",a,07,","1579.3","a","195.8",",a","54.6",",,,a","11.81",",a","16.82",",,,a","6.79",",,,a"
"ASN00079105","2020-10","-37.068","142.7412","227.9","STAWELL AERODROME, AS","4.9","a","4.9",",a","7",",a","6",",a","0",",a","0",",a","0",",a","0",",a","10",",a","0",",a","3.8",",a,14,","15.2",",,a,24,+","28.5",",a,02,","1736.1","a","156.8",",a","59.8",",,,a","13.43",",a","18.99",",,,a","7.88",",,,a"
"ASN00079105","2020-11","-37.068","142.7412","227.9","STAWELL AERODROME, AS","48.5","a","43.6",",a","8",",a","3",",a","0",",a","0",",a","0",",a","0",",a","22",",a","6",",a","3.4",",a,06,","12.2",",,a,12,","37.6",",a,27,","1778.4","a","42.3",",a","29.8",",,,a","18.38",",a","25.84",",,,a","10.91",",,,a"
"ASN00079105","2020-12","-37.068","142.7412","227.9","STAWELL AERODROME, AS","85.0","a","36.5",",a","6",",a","2",",a","0",",a","0",",a","0",",a","0",",a","23",",a","2",",a","4.8",",a,29,","7.4",",,a,22,","35.0",",a,14,","1837.6","a","59.2",",a","17.6",",,,a","17.60",",a","24.53",",,,a","10.68",",,,a"
"ASN00079105","2021-02","-37.068","142.7412","227.9","STAWELL AERODROME, AS","","","60.0",",a","3",",a","0",",a","0",",a","0",",a","0",",a","0",",a","25",",a","5",",a","5.7",",a,25,","1.2",",,a,12,","37.0",",a,11,","","","26.0",",a","3.2",",,,a","19.55",",a","26.59",",,,a","12.50",",,,a"
"ASN00079105","2021-03","-37.068","142.7412","227.9","STAWELL AERODROME, AS","","","14.0",",a","7",",a","4",",a","0",",a","0",",a","0",",a","0",",a","19",",a","0",",a","6.3",",a,30,","10.0",",,a,22,","31.1",",a,12,","","","47.6",",a","32.0",",,,a","17.25",",a","23.34",",,,a","11.16",",,,a"
"ASN00079105","2021-04","-37.068","142.7412","227.9","STAWELL AERODROME, AS","","","10.9",",a","4",",a","1",",a","0",",a","0",",a","0",",a","0",",a","9",",a","1",",a","0.9",",a,21,","5.4",",,a,21,","32.5",",a,03,","","","128.8",",a","8.2",",,,a","14.40",",a","20.35",",,,a","8.45",",,,a"
"ASN00079105","2021-05","-37.068","142.7412","227.9","STAWELL AERODROME, AS","","","0.9",",a","7",",a","3",",a","0",",a","0",",a","2",",a","0",",a","3",",a","0",",a","-1.2",",a,30,","16.6",",,a,26,","25.5",",a,02,","","","220.7",",a","36.4",",,,a","11.24",",a","16.34",",,,a","6.14",",,,a"
"ASN00079105","2021-06","-37.068","142.7412","227.9","STAWELL AERODROME, AS","","","0.0",",a","13",",a","8",",a","0",",a","0",",a","1",",a","0",",a","0",",a","0",",a","-0.3",",a,05,","20.8",",,a,17,","17.9",",a,03,","","","258.6",",a","91.6",",,,a","9.71",",a","13.31",",,,a","6.12",",,,a"
"ASN00079105","2021-07","-37.068","142.7412","227.9","STAWELL AERODROME, AS","0.0","a","0.0","1,a","18",",a","9",",a","0",",a","0",",a","3",",a","0","1,a","0","1,a","0","1,a","-0.9",",a,08,","11.8",",,a,15,","16.1","1,a,27,","","","305.2","1,a","67.8",",,,a","8.22","1,a","11.90","1,,,a","4.54",",,,a"
"ASN00079105","2021-08","-37.068","142.7412","227.9","STAWELL AERODROME, AS","0.0","a","0.0",",a","12",",a","5",",a","0",",a","0",",a","2",",a","0",",a","0",",a","0",",a","-0.3",",a,27,","15.8",",,a,03,","20.9",",a,31,","","","265.4",",a","47.6",",,,a","9.77",",a","14.40",",,,a","5.14",",,,a"
"ASN00079105","2021-09","-37.068","142.7412","227.9","STAWELL AERODROME, AS","0.3","a","0.3",",a","8",",a","4",",a","0",",a","0",",a","0",",a","0",",a","5",",a","0",",a","0.9",",a,26,","17.8",",,a,04,","27.1",",a,02,","","","205.0",",a","35.8",",,,a","11.51",",a","16.69",",,,a","6.33",",,,a"
"ASN00079105","2021-10","-37.068","142.7412","227.9","STAWELL AERODROME, AS","2.8","a","2.5",",a","10",",a","6",",a","0",",a","0",",a","0",",a","0",",a","8",",a","0",",a","1.6",",a,26,","16.2",",,a,04,","27.5",",a,27,","","","179.6",",a","63.6",",,,a","12.62",",a","18.38",",,,a","6.86",",,,a"
"ASN00079105","2021-11","-37.068","142.7412","227.9","STAWELL AERODROME, AS","15.6","a","12.8",",a","11",",a","6",",a","0",",a","0",",a","0",",a","0",",a","13",",a","0",",a","3.6",",a,17,","15.6",",,a,13,","31.9",",a,30,","","","107.0",",a","48.6",",,,a","15.19",",a","21.21",",,,a","9.18",",,,a"
