"STATION","DATE","LATITUDE","LONGITUDE","ELEVATION","NAME","DP01","DP01_ATTRIBUTES","DP10","DP10_ATTRIBUTES","DP1X","DP1X_ATTRIBUTES","EMXP","EMXP_ATTRIBUTES","PRCP","PRCP_ATTRIBUTES"
"ASN00063001","1908-03","-33.1944","149.0083","700.0","ORANGE ADAIR, AS","0",",a","0",",a","0",",a","0.0",",,a,31,+","0.0",",,,a"
"ASN00063001","1912-03","-33.1944","149.0083","700.0","ORANGE ADAIR, AS","0",",a","0",",a","0",",a","0.0",",,a,31,+","0.0",",,,a"
"ASN00063001","1912-05","-33.1944","149.0083","700.0","ORANGE ADAIR, AS","0",",a","0",",a","0",",a","0.0",",,a,31,+","0.0",",,,a"
"ASN00063001","1914-08","-33.1944","149.0083","700.0","ORANGE ADAIR, AS","0",",a","0",",a","0",",a","0.0",",,a,31,+","0.0",",,,a"
"ASN00063001","1915-11","-33.1944","149.0083","700.0","ORANGE ADAIR, AS","0",",a","0",",a","0",",a","0.0",",,a,30,+","0.0",",,,a"
"ASN00063001","1922-03","-33.1944","149.0083","700.0","ORANGE ADAIR, AS","0",",a","0",",a","0",",a","0.0",",,a,31,+","0.0",",,,a"
"ASN00063001","1923-02","-33.1944","149.0083","700.0","ORANGE ADAIR, AS","0",",a","0",",a","0",",a","0.0",",,a,28,+","0.0",",,,a"
"ASN00063001","1926-02","-33.1944","149.0083","700.0","ORANGE ADAIR, AS","0",",a","0",",a","0",",a","0.0",",,a,28,+","0.0",",,,a"
"ASN00063001","1927-02","-33.1944","149.0083","700.0","ORANGE ADAIR, AS","0",",a","0",",a","0",",a","0.0",",,a,28,+","0.0",",,,a"
"ASN00063001","1930-01","-33.1944","149.0083","700.0","ORANGE ADAIR, AS","2",",a","2",",a","2",",a","42.2",",,a,23,","72.9",",,,a"
"ASN00063001","1930-02","-33.1944","149.0083","700.0","ORANGE ADAIR, AS","3",",a","2",",a","1",",a","35.6",",,a,14,","45.3",",,,a"
"ASN00063001","1930-03","-33.1944","149.0083","700.0","ORANGE ADAIR, AS","3",",a","3",",a","0",",a","9.4",",,a,15,","16.0",",,,a"
"ASN00063001","1930-04","-33.1944","149.0083","700.0","ORANGE ADAIR, AS","4",",a","4",",a","0",",a","17.0",",,a,25,","39.1",",,,a"
"ASN00063001","1930-05","-33.1944","149.0083","700.0","ORANGE ADAIR, AS","5",",a","4",",a","1",",a","32.8",",,a,12,","53.5",",,,a"
"ASN00063001","1930-06","-33.1944","149.0083","700.0","ORANGE ADAIR, AS","6",",a","5",",a","0",",a","16.3",",,a,02,","59.8",",,,a"
"ASN00063001","1930-07","-33.1944","149.0083","700.0","ORANGE ADAIR, AS","13",",a","10",",a","0",",a","17.3",",,a,18,","96.5",",,,a"
"ASN00063001","1930-08","-33.1944","149.0083","700.0","ORANGE ADAIR, AS","10",",a","8",",a","0",",a","21.1",",,a,08,","81.3",",,,a"
"ASN00063001","1930-09","-33.1944","149.0083","700.0","ORANGE ADAIR, AS","6",",a","6",",a","0",",a","4.8",",,a,09,","17.8",",,,a"
"ASN00063001","1930-10","-33.1944","149.0083","700.0","ORANGE ADAIR, AS","12",",a","11",",a","2",",a","55.1",",,a,07,","170.4",",,,a"
"ASN00063001","1930-11","-33.1944","149.0083","700.0","ORANGE ADAIR, AS","5",",a","5",",a","1",",a","31.5",",,a,28,","66.8",",,,a"
"ASN00063001","1930-12","-33.1944","149.0083","700.0","ORANGE ADAIR, AS","11",",a","8",",a","2",",a","41.7",",,a,15,","131.7",",,,a"
"ASN00063001","1931-01","-33.1944","149.0083","700.0","ORANGE ADAIR, AS","4",",a","3",",a","1",",a","38.1",",,a,25,","57.9",",,,a"
"ASN00063001","1931-02","-33.1944","149.0083","700.0","ORANGE ADAIR, AS","5",",a","5",",a","0",",a","11.7",",,a,17,","28.6",",,,a"
"ASN00063001","1931-03","-33.1944","149.0083","700.0","ORANGE ADAIR, AS","9",",a","9",",a","1",",a","70.1",",,a,20,","133.3",",,,a"
"ASN00063001","1931-04","-33.1944","149.0083","700.0","ORANGE ADAIR, AS","8",",a","6",",a","2",",a","60.7",",,a,01,","120.7",",,,a"
"ASN00063001","1931-05","-33.1944","149.0083","700.0","ORANGE ADAIR, AS","14",",a","13",",a","3",",a","39.9",",,a,28,","183.2",",,,a"
"ASN00063001","1931-06","-33.1944","149.0083","700.0","ORANGE ADAIR, AS","10",",a","8",",a","3",",a","48.8",",,a,25,","181.3",",,,a"
"ASN00063001","1931-07","-33.1944","149.0083","700.0","ORANGE ADAIR, AS","11",",a","7",",a","0",",a","13.5",",,a,12,","59.3",",,,a"
"ASN00063001","1931-08","-33.1944","149.0083","700.0","ORANGE ADAIR, AS","5",",a","4",",a","0",",a","13.7",",,a,07,","34.6",",,,a"
"ASN00063001","1931-09","-33.1944","149.0083","700.0","ORANGE ADAIR, AS","4",",a","4",",a","0",",a","21.1",",,a,27,","56.5",",,,a"
"ASN00063001","1931-10","-33.1944","149.0083","700.0","ORANGE ADAIR, AS","6",",a","5",",a","0",",a","18.3",",,a,05,","43.8",",,,a"
"ASN00063001","1931-11","-33.1944","149.0083","700.0","ORANGE ADAIR, AS","5",",a","4",",a","0",",a","18.0",",,a,17,","45.9",",,,a"
"ASN00063001","1931-12","-33.1944","149.0083","700.0","ORANGE ADAIR, AS","7",",a","7",",a","2",",a","58.4",",,a,03,","133.9",",,,a"
"ASN00063001","1932-01","-33.1944","149.0083","700.0","ORANGE ADAIR, AS","3",",a","2",",a","0",",a","3.3",",,a,01,","6.3",",,,a"
"ASN00063001","1932-02","-33.1944","149.0083","700.0","ORANGE ADAIR, AS","5",",a","5",",a","0",",a","15.0",",,a,07,","33.0",",,,a"
"ASN00063001","1932-03","-33.1944","149.0083","700.0","ORANGE ADAIR, AS","9",",a","8",",a","2",",a","31.0",",,a,27,","132.0",",,,a"
"ASN00063001","1932-04","-33.1944","149.0083","700.0","ORANGE ADAIR, AS","7",",a","5",",a","1",",a","35.8",",,a,17,","67.4",",,,a"
"ASN00063001","1932-05","-33.1944","149.0083","700.0","ORANGE ADAIR, AS","3",",a","1",",a","0",",a","5.6",",,a,20,","9.2",",,,a"
"ASN00063001","1932-06","-33.1944","149.0083","700.0","ORANGE ADAIR, AS","15",",a","13",",a","0",",a","6.4",",,a,13,","62.9",",,,a"
"ASN00063001","1932-07","-33.1944","149.0083","700.0","ORANGE ADAIR, AS","8",",a","6",",a","0",",a","18.3",",,a,06,","44.0",",,,a"
"ASN00063001","1932-08","-33.1944","149.0083","700.0","ORANGE ADAIR, AS","10",",a","6",",a","0",",a","24.4",",,a,31,","59.9",",,,a"
"ASN00063001","1932-09","-33.1944","149.0083","700.0","ORANGE ADAIR, AS","9",",a","5",",a","0",",a","21.3",",,a,25,","61.3",",,,a"
"ASN00063001","1932-10","-33.1944","149.0083","700.0","ORANGE ADAIR, AS","8",",a","7",",a","0",",a","17.8",",,a,05,","58.9",",,,a"
"ASN00063001","1932-11","-33.1944","149.0083","700.0","ORANGE ADAIR, AS","7",",a","7",",a","3",",a","41.1",",,a,15,","129.5",",,,a"
"ASN00063001","1932-12","-33.1944","149.0083","700.0","ORANGE ADAIR, AS","7",",a","4",",a","0",",a","23.9",",,a,24,","55.7",",,,a"
"ASN00063001","1933-01","-33.1944","149.0083","700.0","ORANGE ADAIR, AS","8",",a","7",",a","0",",a","22.6",",,a,27,","82.8",",,,a"
"ASN00063001","1933-02","-33.1944","149.0083","700.0","ORANGE ADAIR, AS","0",",a","0",",a","0",",a","0.0",",,a,28,+","0.0",",,,a"
"ASN00063001","1933-03","-33.1944","149.0083","700.0","ORANGE ADAIR, AS","4",",a","3",",a","0",",a","11.9",",,a,05,","19.3",",,,a"
"ASN00063001","1933-04","-33.1944","149.0083","700.0","ORANGE ADAIR, AS","5",",a","4",",a","0",",a","20.6",",,a,06,","42.9",",,,a"
"ASN00063001","1933-05","-33.1944","149.0083","700.0","ORANGE ADAIR, AS","8",",a","6",",a","0",",a","16.8",",,a,15,","62.6",",,,a"
"ASN00063001","1933-06","-33.1944","149.0083","700.0","ORANGE ADAIR, AS","6",",a","3",",a","0",",a","16.8",",,a,24,","40.2",",,,a"
"ASN00063001","1933-07","-33.1944","149.0083","700.0","ORANGE ADAIR, AS","10",",a","7",",a","1",",a","44.7",",,a,13,","109.2",",,,a"
"ASN00063001","1933-08","-33.1944","149.0083","700.0","ORANGE ADAIR, AS","3",",a","3",",a","0",",a","12.7",",,a,03,","33.8",",,,a"
"ASN00063001","1933-09","-33.1944","149.0083","700.0","ORANGE ADAIR, AS","15",",a","10",",a","0",",a","18.8",",,a,08,","99.7",",,,a"
"ASN00063001","1933-10","-33.1944","149.0083","700.0","ORANGE ADAIR, AS","6",",a","6",",a","0",",a","11.2",",,a,10,","38.4",",,,a"
"ASN00063001","1933-11","-33.1944","149.0083","700.0","ORANGE ADAIR, AS","9",",a","6",",a","1",",a","31.8",",,a,19,","89.2",",,,a"
"ASN00063001","1933-12","-33.1944","149.0083","700.0","ORANGE ADAIR, AS","6",",a","6",",a","0",",a","20.3",",,a,15,","55.6",",,,a"
"ASN00063001","1934-01","-33.1944","149.0083","700.0","ORANGE ADAIR, AS","8",",a","5",",a","1",",a","54.4",",,a,07,","89.7",",,,a"
"ASN00063001","1934-02","-33.1944","149.0083","700.0","ORANGE ADAIR, AS","8",",a","5",",a","2",",a","51.8",",,a,19,","117.9",",,,a"
"ASN00063001","1934-03","-33.1944","149.0083","700.0","ORANGE ADAIR, AS","0",",a","0",",a","0",",a","0.0",",,a,31,+","0.0",",,,a"
"ASN00063001","1934-04","-33.1944","149.0083","700.0","ORANGE ADAIR, AS","7",",a","5",",a","1",",a","55.6",",,a,16,","89.5",",,,a"
"ASN00063001","1934-05","-33.1944","149.0083","700.0","ORANGE ADAIR, AS","0",",a","0",",a","0",",a","0.0",",,a,31,+","0.0",",,,a"
"ASN00063001","1934-06","-33.1944","149.0083","700.0","ORANGE ADAIR, AS","10",",a","5",",a","1",",a","30.7",",,a,25,","58.0",",,,a"
"ASN00063001","1934-07","-33.1944","149.0083","700.0","ORANGE ADAIR, AS","15",",a","12",",a","1",",a","32.8",",,a,29,","113.7",",,,a"
"ASN00063001","1934-08","-33.1944","149.0083","700.0","ORANGE ADAIR, AS","13",",a","10",",a","1",",a","25.9",",,a,30,","91.2",",,,a"
"ASN00063001","1934-09","-33.1944","149.0083","700.0","ORANGE ADAIR, AS","5",",a","3",",a","0",",a","16.5",",,a,21,","34.8",",,,a"
"ASN00063001","1934-10","-33.1944","149.0083","700.0","ORANGE ADAIR, AS","11",",a","7",",a","1",",a","74.9",",,a,25,","150.6",",,,a"
"ASN00063001","1934-11","-33.1944","149.0083","700.0","ORANGE ADAIR, AS","11",",a","10",",a","2",",a","58.9",",,a,30,","178.4",",,,a"
"ASN00063001","1934-12","-33.1944","149.0083","700.0","ORANGE ADAIR, AS","8",",a","7",",a","0",",a","13.2",",,a,10,","49.1",",,,a"
"ASN00063001","1935-01","-33.1944","149.0083","700.0","ORANGE ADAIR, AS","10",",a","9",",a","2",",a","28.4",",,a,15,","108.0",",,,a"
"ASN00063001","1935-02","-33.1944","149.0083","700.0","ORANGE ADAIR, AS","5",",a","4",",a","0",",a","19.3",",,a,10,","34.3",",,,a"
"ASN00063001","1935-03","-33.1944","149.0083","700.0","ORANGE ADAIR, AS","3",",a","2",",a","0",",a","3.0",",,a,23,","6.3",",,,a"
"ASN00063001","1935-04","-33.1944","149.0083","700.0","ORANGE ADAIR, AS","13",",a","10",",a","0",",a","24.6",",,a,20,","133.7",",,,a"
"ASN00063001","1935-05","-33.1944","149.0083","700.0","ORANGE ADAIR, AS","6",",a","4",",a","0",",a","19.6",",,a,07,","43.1",",,,a"
"ASN00063001","1935-06","-33.1944","149.0083","700.0","ORANGE ADAIR, AS","7",",a","5",",a","0",",a","9.4",",,a,30,","33.5",",,,a"
"ASN00063001","1935-07","-33.1944","149.0083","700.0","ORANGE ADAIR, AS","14",",a","7",",a","0",",a","14.5",",,a,04,","60.3",",,,a"
"ASN00063001","1935-08","-33.1944","149.0083","700.0","ORANGE ADAIR, AS","12",",a","6",",a","0",",a","10.9",",,a,09,","52.1",",,,a"
"ASN00063001","1935-09","-33.1944","149.0083","700.0","ORANGE ADAIR, AS","13",",a","7",",a","0",",a","10.4",",,a,14,","45.0",",,,a"
"ASN00063001","1935-10","-33.1944","149.0083","700.0","ORANGE ADAIR, AS","7",",a","5",",a","1",",a","47.0",",,a,21,","102.0",",,,a"
"ASN00063001","1935-11","-33.1944","149.0083","700.0","ORANGE ADAIR, AS","4",",a","3",",a","0",",a","12.7",",,a,30,","21.3",",,,a"
"ASN00063001","1935-12","-33.1944","149.0083","700.0","ORANGE ADAIR, AS","7",",a","5",",a","0",",a","20.6",",,a,04,","58.2",",,,a"
"ASN00063001","1936-01","-33.1944","149.0083","700.0","ORANGE ADAIR, AS","10",",a","7",",a","0",",a","24.9",",,a,05,","67.3",",,,a"
"ASN00063001","1936-02","-33.1944","149.0083","700.0","ORANGE ADAIR, AS","13",",a","10",",a","1",",a","26.4",",,a,21,","104.0",",,,a"
"ASN00063001","1936-03","-33.1944","149.0083","700.0","ORANGE ADAIR, AS","9",",a","9",",a","2",",a","83.6",",,a,08,","170.3",",,,a"
"ASN00063001","1936-04","-33.1944","149.0083","700.0","ORANGE ADAIR, AS","5",",a","4",",a","1",",a","29.5",",,a,07,","47.5",",,,a"
"ASN00063001","1936-05","-33.1944","149.0083","700.0","ORANGE ADAIR, AS","6",",a","4",",a","0",",a","22.9",",,a,13,","38.4",",,,a"
"ASN00063001","1936-06","-33.1944","149.0083","700.0","ORANGE ADAIR, AS","8",",a","6",",a","0",",a","21.6",",,a,25,","70.9",",,,a"
"ASN00063001","1936-07","-33.1944","149.0083","700.0","ORANGE ADAIR, AS","17",",a","11",",a","1",",a","25.4",",,a,04,","133.3",",,,a"
"ASN00063001","1936-08","-33.1944","149.0083","700.0","ORANGE ADAIR, AS","11",",a","6",",a","1",",a","26.2",",,a,04,","63.9",",,,a"
"ASN00063001","1936-09","-33.1944","149.0083","700.0","ORANGE ADAIR, AS","3",",a","3",",a","0",",a","9.9",",,a,08,","20.6",",,,a"
"ASN00063001","1936-10","-33.1944","149.0083","700.0","ORANGE ADAIR, AS","7",",a","4",",a","0",",a","14.7",",,a,19,","35.3",",,,a"
"ASN00063001","1936-11","-33.1944","149.0083","700.0","ORANGE ADAIR, AS","2",",a","0",",a","0",",a","0.8",",,a,08,","1.3",",,,a"
"ASN00063001","1936-12","-33.1944","149.0083","700.0","ORANGE ADAIR, AS","15",",a","10",",a","0",",a","17.0",",,a,04,","91.5",",,,a"
"ASN00063001","1937-01","-33.1944","149.0083","700.0","ORANGE ADAIR, AS","5",",a","3",",a","1",",a","26.9",",,a,09,","59.2",",,,a"
"ASN00063001","1937-02","-33.1944","149.0083","700.0","ORANGE ADAIR, AS","2",",a","0",",a","0",",a","2.3",",,a,04,","3.3",",,,a"
"ASN00063001","1937-03","-33.1944","149.0083","700.0","ORANGE ADAIR, AS","5",",a","4",",a","1",",a","28.7",",,a,16,","74.7",",,,a"
"ASN00063001","1937-04","-33.1944","149.0083","700.0","ORANGE ADAIR, AS","4",",a","3",",a","0",",a","17.0",",,a,28,","38.2",",,,a"
"ASN00063001","1937-05","-33.1944","149.0083","700.0","ORANGE ADAIR, AS","6",",a","3",",a","0",",a","21.6",",,a,16,","35.9",",,,a"
"ASN00063001","1937-06","-33.1944","149.0083","700.0","ORANGE ADAIR, AS","9",",a","6",",a","0",",a","18.5",",,a,01,","43.9",",,,a"
"ASN00063001","1937-07","-33.1944","149.0083","700.0","ORANGE ADAIR, AS","7",",a","2",",a","0",",a","5.1",",,a,04,","15.1",",,,a"
"ASN00063001","1937-08","-33.1944","149.0083","700.0","ORANGE ADAIR, AS","9",",a","8",",a","2",",a","44.7",",,a,21,","124.6",",,,a"
"ASN00063001","1937-09","-33.1944","149.0083","700.0","ORANGE ADAIR, AS","12",",a","6",",a","0",",a","15.0",",,a,02,","51.1",",,,a"
"ASN00063001","1937-10","-33.1944","149.0083","700.0","ORANGE ADAIR, AS","9",",a","6",",a","0",",a","19.6",",,a,18,","58.7",",,,a"
"ASN00063001","1937-11","-33.1944","149.0083","700.0","ORANGE ADAIR, AS","9",",a","5",",a","0",",a","8.4",",,a,01,","35.4",",,,a"
"ASN00063001","1937-12","-33.1944","149.0083","700.0","ORANGE ADAIR, AS","6",",a","5",",a","1",",a","29.5",",,a,29,","65.1",",,,a"
"ASN00063001","1938-01","-33.1944","149.0083","700.0","ORANGE ADAIR, AS","7",",a","7",",a","2",",a","33.8",",,a,27,","94.4",",,,a"
"ASN00063001","1938-02","-33.1944","149.0083","700.0","ORANGE ADAIR, AS","6",",a","5",",a","0",",a","14.7",",,a,05,","36.0",",,,a"
"ASN00063001","1938-03","-33.1944","149.0083","700.0","ORANGE ADAIR, AS","0",",a","0",",a","0",",a","0.0",",,a,31,+","0.0",",,,a"
"ASN00063001","1938-04","-33.1944","149.0083","700.0","ORANGE ADAIR, AS","4",",a","2",",a","2",",a","38.9",",,a,26,","68.4",",,,a"
"ASN00063001","1938-05","-33.1944","149.0083","700.0","ORANGE ADAIR, AS","7",",a","7",",a","0",",a","14.7",",,a,03,","41.6",",,,a"
"ASN00063001","1938-06","-33.1944","149.0083","700.0","ORANGE ADAIR, AS","12",",a","9",",a","0",",a","17.8",",,a,25,","62.1",",,,a"
"ASN00063001","1938-07","-33.1944","149.0083","700.0","ORANGE ADAIR, AS","9",",a","7",",a","0",",a","20.6",",,a,21,","76.1",",,,a"
"ASN00063001","1938-08","-33.1944","149.0083","700.0","ORANGE ADAIR, AS","9",",a","8",",a","0",",a","9.9",",,a,09,","55.1",",,,a"
"ASN00063001","1938-09","-33.1944","149.0083","700.0","ORANGE ADAIR, AS","3",",a","1",",a","0",",a","7.6",",,a,11,","11.6",",,,a"
"ASN00063001","1938-10","-33.1944","149.0083","700.0","ORANGE ADAIR, AS","10",",a","7",",a","1",",a","40.6",",,a,25,","96.2",",,,a"
"ASN00063001","1938-11","-33.1944","149.0083","700.0","ORANGE ADAIR, AS","10",",a","6",",a","1",",a","52.8",",,a,07,","89.1",",,,a"
"ASN00063001","1938-12","-33.1944","149.0083","700.0","ORANGE ADAIR, AS","2",",a","1",",a","0",",a","2.8",",,a,31,","3.6",",,,a"
"ASN00063001","1939-01","-33.1944","149.0083","700.0","ORANGE ADAIR, AS","6",",a","4",",a","0",",a","10.2",",,a,26,","26.6",",,,a"
"ASN00063001","1939-02","-33.1944","149.0083","700.0","ORANGE ADAIR, AS","6",",a","2",",a","0",",a","14.7",",,a,18,","24.8",",,,a"
"ASN00063001","1939-03","-33.1944","149.0083","700.0","ORANGE ADAIR, AS","8",",a","5",",a","0",",a","9.1",",,a,21,","28.1",",,,a"
"ASN00063001","1939-04","-33.1944","149.0083","700.0","ORANGE ADAIR, AS","11",",a","9",",a","1",",a","45.5",",,a,15,","88.7",",,,a"
"ASN00063001","1939-05","-33.1944","149.0083","700.0","ORANGE ADAIR, AS","5",",a","4",",a","0",",a","13.0",",,a,17,","34.3",",,,a"
"ASN00063001","1939-06","-33.1944","149.0083","700.0","ORANGE ADAIR, AS","17",",a","9",",a","0",",a","23.6",",,a,30,","77.1",",,,a"
"ASN00063001","1939-07","-33.1944","149.0083","700.0","ORANGE ADAIR, AS","10",",a","6",",a","0",",a","10.7",",,a,12,","40.6",",,,a"
"ASN00063001","1939-08","-33.1944","149.0083","700.0","ORANGE ADAIR, AS","22",",a","13",",a","0",",a","19.8",",,a,23,","131.8",",,,a"
"ASN00063001","1939-09","-33.1944","149.0083","700.0","ORANGE ADAIR, AS","8",",a","2",",a","0",",a","7.9",",,a,27,","16.5",",,,a"
"ASN00063001","1939-10","-33.1944","149.0083","700.0","ORANGE ADAIR, AS","7",",a","6",",a","1",",a","49.8",",,a,06,","109.6",",,,a"
"ASN00063001","1939-11","-33.1944","149.0083","700.0","ORANGE ADAIR, AS","12",",a","7",",a","1",",a","35.6",",,a,04,","95.9",",,,a"
"ASN00063001","1939-12","-33.1944","149.0083","700.0","ORANGE ADAIR, AS","5",",a","2",",a","0",",a","23.9",",,a,13,","28.7",",,,a"
"ASN00063001","1940-01","-33.1944","149.0083","700.0","ORANGE ADAIR, AS","4",",a","3",",a","0",",a","11.2",",,a,07,","27.5",",,,a"
"ASN00063001","1940-02","-33.1944","149.0083","700.0","ORANGE ADAIR, AS","1",",a","1",",a","0",",a","6.4",",,a,19,","6.4",",,,a"
"ASN00063001","1940-03","-33.1944","149.0083","700.0","ORANGE ADAIR, AS","1",",a","0",",a","0",",a","0.5",",,a,19,","0.5",",,,a"
"ASN00063001","1940-04","-33.1944","149.0083","700.0","ORANGE ADAIR, AS","9",",a","7",",a","1",",a","35.6",",,a,12,","116.4",",,,a"
"ASN00063001","1940-05","-33.1944","149.0083","700.0","ORANGE ADAIR, AS","6",",a","3",",a","0",",a","8.6",",,a,01,","18.9",",,,a"
"ASN00063001","1940-06","-33.1944","149.0083","700.0","ORANGE ADAIR, AS","7",",a","1",",a","0",",a","4.3",",,a,21,","10.5",",,,a"
"ASN00063001","1940-07","-33.1944","149.0083","700.0","ORANGE ADAIR, AS","9",",a","6",",a","0",",a","5.1",",,a,10,","30.3",",,,a"
"ASN00063001","1940-08","-33.1944","149.0083","700.0","ORANGE ADAIR, AS","4",",a","2",",a","0",",a","12.4",",,a,03,","17.8",",,,a"
"ASN00063001","1940-09","-33.1944","149.0083","700.0","ORANGE ADAIR, AS","8",",a","6",",a","1",",a","50.5",",,a,22,","103.9",",,,a"
"ASN00063001","1940-10","-33.1944","149.0083","700.0","ORANGE ADAIR, AS","2",",a","0",",a","0",",a","1.5",",,a,31,","2.5",",,,a"
"ASN00063001","1940-11","-33.1944","149.0083","700.0","ORANGE ADAIR, AS","8",",a","6",",a","0",",a","15.0",",,a,24,","51.1",",,,a"
"ASN00063001","1940-12","-33.1944","149.0083","700.0","ORANGE ADAIR, AS","10",",a","7",",a","1",",a","29.0",",,a,20,","94.1",",,,a"
"ASN00063001","1941-01","-33.1944","149.0083","700.0","ORANGE ADAIR, AS","9",",a","9",",a","2",",a","64.0",",,a,04,","190.1",",,,a"
"ASN00063001","1941-02","-33.1944","149.0083","700.0","ORANGE ADAIR, AS","6",",a","5",",a","0",",a","18.3",",,a,03,","42.9",",,,a"
"ASN00063001","1941-03","-33.1944","149.0083","700.0","ORANGE ADAIR, AS","7",",a","5",",a","0",",a","23.6",",,a,21,","71.0",",,,a"
"ASN00063001","1941-04","-33.1944","149.0083","700.0","ORANGE ADAIR, AS","1",",a","1",",a","0",",a","2.8",",,a,26,","2.8",",,,a"
"ASN00063001","1941-05","-33.1944","149.0083","700.0","ORANGE ADAIR, AS","4",",a","4",",a","0",",a","23.1",",,a,24,","37.8",",,,a"
"ASN00063001","1941-06","-33.1944","149.0083","700.0","ORANGE ADAIR, AS","12",",a","9",",a","0",",a","17.0",",,a,02,","86.4",",,,a"
"ASN00063001","1941-07","-33.1944","149.0083","700.0","ORANGE ADAIR, AS","11",",a","5",",a","0",",a","11.7",",,a,22,","44.5",",,,a"
"ASN00063001","1941-08","-33.1944","149.0083","700.0","ORANGE ADAIR, AS","5",",a","4",",a","0",",a","14.2",",,a,24,","40.2",",,,a"
"ASN00063001","1941-09","-33.1944","149.0083","700.0","ORANGE ADAIR, AS","9",",a","6",",a","0",",a","12.7",",,a,22,","40.2",",,,a"
"ASN00063001","1941-10","-33.1944","149.0083","700.0","ORANGE ADAIR, AS","8",",a","5",",a","0",",a","23.4",",,a,01,","46.3",",,,a"
"ASN00063001","1941-11","-33.1944","149.0083","700.0","ORANGE ADAIR, AS","4",",a","3",",a","0",",a","14.7",",,a,20,","28.1",",,,a"
"ASN00063001","1941-12","-33.1944","149.0083","700.0","ORANGE ADAIR, AS","9",",a","5",",a","0",",a","7.6",",,a,20,","30.1",",,,a"
"ASN00063001","1942-01","-33.1944","149.0083","700.0","ORANGE ADAIR, AS","3",",a","2",",a","0",",a","3.6",",,a,31,","7.7",",,,a"
"ASN00063001","1942-02","-33.1944","149.0083","700.0","ORANGE ADAIR, AS","5",",a","4",",a","2",",a","48.3",",,a,02,","80.0",",,,a"
"ASN00063001","1942-03","-33.1944","149.0083","700.0","ORANGE ADAIR, AS","5",",a","3",",a","0",",a","15.5",",,a,25,","30.0",",,,a"
"ASN00063001","1942-04","-33.1944","149.0083","700.0","ORANGE ADAIR, AS","1",",a","1",",a","0",",a","3.6",",,a,30,","3.6",",,,a"
"ASN00063001","1942-05","-33.1944","149.0083","700.0","ORANGE ADAIR, AS","15",",a","12",",a","2",",a","43.4",",,a,27,","165.9",",,,a"
"ASN00063001","1942-06","-33.1944","149.0083","700.0","ORANGE ADAIR, AS","9",",a","8",",a","2",",a","47.0",",,a,20,","121.1",",,,a"
"ASN00063001","1942-07","-33.1944","149.0083","700.0","ORANGE ADAIR, AS","13",",a","7",",a","1",",a","44.5",",,a,10,","93.7",",,,a"
"ASN00063001","1942-08","-33.1944","149.0083","700.0","ORANGE ADAIR, AS","16",",a","9",",a","0",",a","13.2",",,a,29,","73.8",",,,a"
"ASN00063001","1942-09","-33.1944","149.0083","700.0","ORANGE ADAIR, AS","8",",a","6",",a","0",",a","20.3",",,a,13,","89.3",",,,a"
"ASN00063001","1942-10","-33.1944","149.0083","700.0","ORANGE ADAIR, AS","7",",a","4",",a","0",",a","12.7",",,a,01,","25.1",",,,a"
"ASN00063001","1942-11","-33.1944","149.0083","700.0","ORANGE ADAIR, AS","10",",a","8",",a","1",",a","33.8",",,a,02,","115.8",",,,a"
"ASN00063001","1942-12","-33.1944","149.0083","700.0","ORANGE ADAIR, AS","10",",a","6",",a","0",",a","21.8",",,a,27,","77.4",",,,a"
"ASN00063001","1943-01","-33.1944","149.0083","700.0","ORANGE ADAIR, AS","5","2,a","4","2,a","1","2,a","44.5","2,,a,22,","91.3",",a,,a"
"ASN00063001","1943-02","-33.1944","149.0083","700.0","ORANGE ADAIR, AS","5",",a","4",",a","1",",a","34.3",",,a,04,","49.7",",,,a"
"ASN00063001","1943-03","-33.1944","149.0083","700.0","ORANGE ADAIR, AS","2",",a","1",",a","0",",a","4.1",",,a,06,","5.4",",,,a"
"ASN00063001","1943-04","-33.1944","149.0083","700.0","ORANGE ADAIR, AS","10",",a","6",",a","0",",a","20.6",",,a,14,","65.4",",,,a"
"ASN00063001","1943-05","-33.1944","149.0083","700.0","ORANGE ADAIR, AS","7",",a","6",",a","1",",a","28.7",",,a,20,","61.8",",,,a"
"ASN00063001","1943-06","-33.1944","149.0083","700.0","ORANGE ADAIR, AS","8",",a","6",",a","0",",a","21.1",",,a,21,","50.6",",,,a"
"ASN00063001","1943-07","-33.1944","149.0083","700.0","ORANGE ADAIR, AS","12",",a","9",",a","0",",a","20.3",",,a,30,","64.9",",,,a"
"ASN00063001","1943-08","-33.1944","149.0083","700.0","ORANGE ADAIR, AS","18",",a","11",",a","0",",a","16.0",",,a,16,","87.5",",,,a"
"ASN00063001","1943-09","-33.1944","149.0083","700.0","ORANGE ADAIR, AS","14",",a","8",",a","1",",a","34.5",",,a,30,","112.7",",,,a"
"ASN00063001","1943-10","-33.1944","149.0083","700.0","ORANGE ADAIR, AS","6",",a","5",",a","1",",a","34.8",",,a,17,","69.9",",,,a"
"ASN00063001","1943-11","-33.1944","149.0083","700.0","ORANGE ADAIR, AS","9",",a","6",",a","1",",a","44.5",",,a,19,","88.6",",,,a"
"ASN00063001","1943-12","-33.1944","149.0083","700.0","ORANGE ADAIR, AS","7",",a","5",",a","0",",a","11.4",",,a,19,","40.2",",,,a"
"ASN00063001","1944-01","-33.1944","149.0083","700.0","ORANGE ADAIR, AS","6",",a","4",",a","0",",a","4.8",",,a,03,+","17.0",",,,a"
"ASN00063001","1944-02","-33.1944","149.0083","700.0","ORANGE ADAIR, AS","3",",a","2",",a","0",",a","18.5",",,a,07,","34.7",",,,a"
"ASN00063001","1944-03","-33.1944","149.0083","700.0","ORANGE ADAIR, AS","4",",a","3",",a","0",",a","23.6",",,a,10,","38.7",",,,a"
"ASN00063001","1944-04","-33.1944","149.0083","700.0","ORANGE ADAIR, AS","6",",a","3",",a","0",",a","13.0",",,a,24,","27.8",",,,a"
"ASN00063001","1944-05","-33.1944","149.0083","700.0","ORANGE ADAIR, AS","13",",a","8",",a","0",",a","15.2",",,a,04,","51.1",",,,a"
"ASN00063001","1944-06","-33.1944","149.0083","700.0","ORANGE ADAIR, AS","4",",a","1",",a","0",",a","3.6",",,a,15,","5.9",",,,a"
"ASN00063001","1944-07","-33.1944","149.0083","700.0","ORANGE ADAIR, AS","7",",a","5",",a","0",",a","13.5",",,a,10,","42.0",",,,a"
"ASN00063001","1944-08","-33.1944","149.0083","700.0","ORANGE ADAIR, AS","5",",a","2",",a","0",",a","20.6",",,a,10,","32.3",",,,a"
"ASN00063001","1944-09","-33.1944","149.0083","700.0","ORANGE ADAIR, AS","3",",a","1",",a","0",",a","18.0",",,a,15,","19.3",",,,a"
"ASN00063001","1944-10","-33.1944","149.0083","700.0","ORANGE ADAIR, AS","4",",a","4",",a","1",",a","38.4",",,a,26,","58.3",",,,a"
"ASN00063001","1944-11","-33.1944","149.0083","700.0","ORANGE ADAIR, AS","5",",a","4",",a","0",",a","13.0",",,a,30,","30.8",",,,a"
"ASN00063001","1944-12","-33.1944","149.0083","700.0","ORANGE ADAIR, AS","4",",a","2",",a","0",",a","7.4",",,a,21,","13.5",",,,a"
"ASN00063001","1945-01","-33.1944","149.0083","700.0","ORANGE ADAIR, AS","7",",a","6",",a","2",",a","37.8",",,a,14,","97.0",",,,a"
"ASN00063001","1945-02","-33.1944","149.0083","700.0","ORANGE ADAIR, AS","8",",a","5",",a","0",",a","13.7",",,a,27,","40.8",",,,a"
"ASN00063001","1945-03","-33.1944","149.0083","700.0","ORANGE ADAIR, AS","3",",a","3",",a","0",",a","13.7",",,a,31,","23.3",",,,a"
"ASN00063001","1945-04","-33.1944","149.0083","700.0","ORANGE ADAIR, AS","4",",a","4",",a","0",",a","13.0",",,a,10,","41.4",",,,a"
"ASN00063001","1945-05","-33.1944","149.0083","700.0","ORANGE ADAIR, AS","9",",a","9",",a","1",",a","42.7",",,a,07,","90.6",",,,a"
"ASN00063001","1945-06","-33.1944","149.0083","700.0","ORANGE ADAIR, AS","11",",a","11",",a","3",",a","49.0",",,a,21,","178.5",",,,a"
"ASN00063001","1945-07","-33.1944","149.0083","700.0","ORANGE ADAIR, AS","9",",a","4",",a","0",",a","13.5",",,a,29,","41.0",",,,a"
"ASN00063001","1945-08","-33.1944","149.0083","700.0","ORANGE ADAIR, AS","15",",a","7",",a","1",",a","26.2",",,a,01,","79.0",",,,a"
"ASN00063001","1945-09","-33.1944","149.0083","700.0","ORANGE ADAIR, AS","5",",a","1",",a","0",",a","2.8",",,a,18,","9.0",",,,a"
"ASN00063001","1945-10","-33.1944","149.0083","700.0","ORANGE ADAIR, AS","4",",a","2",",a","0",",a","19.8",",,a,28,","29.5",",,,a"
"ASN00063001","1945-11","-33.1944","149.0083","700.0","ORANGE ADAIR, AS","7",",a","3",",a","0",",a","6.9",",,a,29,","20.2",",,,a"
"ASN00063001","1945-12","-33.1944","149.0083","700.0","ORANGE ADAIR, AS","3",",a","3",",a","0",",a","24.4",",,a,07,","31.5",",,,a"
"ASN00063001","1946-01","-33.1944","149.0083","700.0","ORANGE ADAIR, AS","4",",a","2",",a","1",",a","25.7",",,a,19,","34.1",",,,a"
"ASN00063001","1946-02","-33.1944","149.0083","700.0","ORANGE ADAIR, AS","6",",a","5",",a","0",",a","14.2",",,a,03,","36.8",",,,a"
"ASN00063001","1946-03","-33.1944","149.0083","700.0","ORANGE ADAIR, AS","5",",a","3",",a","1",",a","28.2",",,a,16,","41.6",",,,a"
"ASN00063001","1946-04","-33.1944","149.0083","700.0","ORANGE ADAIR, AS","4",",a","4",",a","0",",a","7.4",",,a,23,","22.1",",,,a"
"ASN00063001","1946-05","-33.1944","149.0083","700.0","ORANGE ADAIR, AS","5",",a","3",",a","0",",a","11.2",",,a,18,","21.9",",,,a"
"ASN00063001","1946-06","-33.1944","149.0083","700.0","ORANGE ADAIR, AS","7",",a","5",",a","0",",a","23.1",",,a,30,","41.3",",,,a"
"ASN00063001","1946-07","-33.1944","149.0083","700.0","ORANGE ADAIR, AS","10",",a","5",",a","0",",a","12.2",",,a,17,","39.8",",,,a"
"ASN00063001","1946-08","-33.1944","149.0083","700.0","ORANGE ADAIR, AS","8",",a","3",",a","0",",a","7.9",",,a,01,","21.4",",,,a"
"ASN00063001","1946-09","-33.1944","149.0083","700.0","ORANGE ADAIR, AS","4",",a","1",",a","0",",a","17.0",",,a,20,","20.1",",,,a"
"ASN00063001","1946-10","-33.1944","149.0083","700.0","ORANGE ADAIR, AS","5",",a","2",",a","1",",a","33.0",",,a,15,","54.3",",,,a"
"ASN00063001","1946-11","-33.1944","149.0083","700.0","ORANGE ADAIR, AS","12",",a","8",",a","0",",a","19.8",",,a,19,","70.1",",,,a"
"ASN00063001","1946-12","-33.1944","149.0083","700.0","ORANGE ADAIR, AS","9",",a","3",",a","2",",a","31.5",",,a,29,","69.5",",,,a"
"ASN00063001","1947-01","-33.1944","149.0083","700.0","ORANGE ADAIR, AS","3",",a","3",",a","0",",a","15.7",",,a,17,","29.1",",,,a"
"ASN00063001","1947-02","-33.1944","149.0083","700.0","ORANGE ADAIR, AS","6",",a","6",",a","0",",a","8.4",",,a,23,","32.3",",,,a"
"ASN00063001","1947-03","-33.1944","149.0083","700.0","ORANGE ADAIR, AS","5",",a","5",",a","0",",a","19.6",",,a,31,","50.4",",,,a"
"ASN00063001","1947-04","-33.1944","149.0083","700.0","ORANGE ADAIR, AS","4",",a","2",",a","0",",a","4.6",",,a,22,","10.9",",,,a"
"ASN00063001","1947-05","-33.1944","149.0083","700.0","ORANGE ADAIR, AS","3",",a","2",",a","1",",a","36.8",",,a,25,","50.0",",,,a"
"ASN00063001","1947-06","-33.1944","149.0083","700.0","ORANGE ADAIR, AS","9",",a","4",",a","0",",a","16.5",",,a,05,","35.5",",,,a"
"ASN00063001","1947-07","-33.1944","149.0083","700.0","ORANGE ADAIR, AS","17",",a","12",",a","1",",a","41.1",",,a,05,","137.9",",,,a"
"ASN00063001","1947-08","-33.1944","149.0083","700.0","ORANGE ADAIR, AS","10",",a","7",",a","0",",a","24.9",",,a,11,","78.3",",,,a"
"ASN00063001","1947-09","-33.1944","149.0083","700.0","ORANGE ADAIR, AS","5",",a","5",",a","2",",a","51.6",",,a,16,","96.3",",,,a"
"ASN00063001","1947-10","-33.1944","149.0083","700.0","ORANGE ADAIR, AS","9",",a","7",",a","0",",a","16.5",",,a,21,","65.7",",,,a"
"ASN00063001","1947-11","-33.1944","149.0083","700.0","ORANGE ADAIR, AS","9",",a","7",",a","2",",a","40.9",",,a,02,","133.5",",,,a"
"ASN00063001","1947-12","-33.1944","149.0083","700.0","ORANGE ADAIR, AS","16",",a","12",",a","3",",a","35.8",",,a,02,","179.9",",,,a"
"ASN00063001","1948-01","-33.1944","149.0083","700.0","ORANGE ADAIR, AS","9",",a","7",",a","1",",a","42.9",",,a,02,","92.5",",,,a"
"ASN00063001","1948-02","-33.1944","149.0083","700.0","ORANGE ADAIR, AS","11",",a","8",",a","2",",a","37.3",",,a,17,","137.2",",,,a"
"ASN00063001","1948-03","-33.1944","149.0083","700.0","ORANGE ADAIR, AS","4",",a","3",",a","1",",a","30.5",",,a,01,","45.2",",,,a"
"ASN00063001","1948-04","-33.1944","149.0083","700.0","ORANGE ADAIR, AS","9",",a","6",",a","1",",a","34.5",",,a,12,","78.5",",,,a"
"ASN00063001","1948-05","-33.1944","149.0083","700.0","ORANGE ADAIR, AS","11",",a","9",",a","0",",a","12.7",",,a,04,","51.3",",,,a"
"ASN00063001","1948-06","-33.1944","149.0083","700.0","ORANGE ADAIR, AS","13",",a","9",",a","0",",a","16.3",",,a,07,","75.5",",,,a"
"ASN00063001","1948-07","-33.1944","149.0083","700.0","ORANGE ADAIR, AS","4",",a","4",",a","0",",a","19.8",",,a,06,","29.9",",,,a"
"ASN00063001","1948-08","-33.1944","149.0083","700.0","ORANGE ADAIR, AS","4","2,a","3","2,a","0","2,a","10.7","2,,a,25,","58.7",",a,,a"
"ASN00063001","1948-09","-33.1944","149.0083","700.0","ORANGE ADAIR, AS","7",",a","4",",a","0",",a","23.4",",,a,02,","42.2",",,,a"
"ASN00063001","1948-10","-33.1944","149.0083","700.0","ORANGE ADAIR, AS","9",",a","6",",a","0",",a","12.7",",,a,12,","42.7",",,,a"
"ASN00063001","1948-11","-33.1944","149.0083","700.0","ORANGE ADAIR, AS","7",",a","6",",a","0",",a","13.7",",,a,17,","36.9",",,,a"
"ASN00063001","1948-12","-33.1944","149.0083","700.0","ORANGE ADAIR, AS","3",",a","3",",a","1",",a","26.9",",,a,30,","39.4",",,,a"
"ASN00063001","1949-01","-33.1944","149.0083","700.0","ORANGE ADAIR, AS","7",",a","5",",a","1",",a","25.4",",,a,01,","57.0",",,,a"
"ASN00063001","1949-02","-33.1944","149.0083","700.0","ORANGE ADAIR, AS","5",",a","3",",a","1",",a","34.5",",,a,08,","69.9",",,,a"
"ASN00063001","1949-03","-33.1944","149.0083","700.0","ORANGE ADAIR, AS","5",",a","4",",a","0",",a","18.5",",,a,30,","32.4",",,,a"
"ASN00063001","1949-04","-33.1944","149.0083","700.0","ORANGE ADAIR, AS","3",",a","3",",a","1",",a","38.6",",,a,20,","65.8",",,,a"
"ASN00063001","1949-05","-33.1944","149.0083","700.0","ORANGE ADAIR, AS","11",",a","8",",a","0",",a","14.2",",,a,23,","68.8",",,,a"
"ASN00063001","1949-06","-33.1944","149.0083","700.0","ORANGE ADAIR, AS","14",",a","9",",a","0",",a","6.9",",,a,19,+","56.2",",,,a"
"ASN00063001","1949-07","-33.1944","149.0083","700.0","ORANGE ADAIR, AS","7",",a","5",",a","0",",a","24.1",",,a,21,","79.8",",,,a"
"ASN00063001","1949-08","-33.1944","149.0083","700.0","ORANGE ADAIR, AS","4",",a","2",",a","0",",a","6.4",",,a,11,","11.8",",,,a"
"ASN00063001","1949-09","-33.1944","149.0083","700.0","ORANGE ADAIR, AS","14",",a","10",",a","1",",a","34.5",",,a,09,","125.7",",,,a"
"ASN00063001","1949-10","-33.1944","149.0083","700.0","ORANGE ADAIR, AS","12",",a","9",",a","1",",a","25.9",",,a,04,","112.6",",,,a"
"ASN00063001","1949-11","-33.1944","149.0083","700.0","ORANGE ADAIR, AS","12",",a","9",",a","0",",a","17.3",",,a,22,","76.4",",,,a"
"ASN00063001","1949-12","-33.1944","149.0083","700.0","ORANGE ADAIR, AS","3",",a","2",",a","1",",a","32.3",",,a,20,","44.2",",,,a"
"ASN00063001","1950-01","-33.1944","149.0083","700.0","ORANGE ADAIR, AS","6",",a","6",",a","3",",a","33.8",",,a,17,","117.8",",,,a"
"ASN00063001","1950-02","-33.1944","149.0083","700.0","ORANGE ADAIR, AS","8",",a","7",",a","2",",a","66.3",",,a,06,","147.2",",,,a"
"ASN00063001","1950-03","-33.1944","149.0083","700.0","ORANGE ADAIR, AS","11",",a","9",",a","2",",a","77.0",",,a,30,","202.7",",,,a"
"ASN00063001","1950-04","-33.1944","149.0083","700.0","ORANGE ADAIR, AS","7",",a","6",",a","1",",a","25.9",",,a,03,","95.0",",,,a"
"ASN00063001","1950-05","-33.1944","149.0083","700.0","ORANGE ADAIR, AS","11",",a","5",",a","0",",a","24.1",",,a,21,","70.8",",,,a"
"ASN00063001","1950-06","-33.1944","149.0083","700.0","ORANGE ADAIR, AS","11",",a","10",",a","0",",a","25.1",",,a,08,","110.7",",,,a"
"ASN00063001","1950-07","-33.1944","149.0083","700.0","ORANGE ADAIR, AS","13",",a","9",",a","1",",a","29.2",",,a,20,","130.7",",,,a"
"ASN00063001","1950-08","-33.1944","149.0083","700.0","ORANGE ADAIR, AS","12",",a","11",",a","2",",a","31.0",",,a,01,","133.1",",,,a"
"ASN00063001","1950-10","-33.1944","149.0083","700.0","ORANGE ADAIR, AS","15",",a","14",",a","4",",a","54.9",",,a,19,","246.5",",,,a"
"ASN00063001","1950-11","-33.1944","149.0083","700.0","ORANGE ADAIR, AS","13",",a","11",",a","1",",a","25.4",",,a,22,","149.4",",,,a"
"ASN00063001","1950-12","-33.1944","149.0083","700.0","ORANGE ADAIR, AS","1",",a","0",",a","0",",a","1.5",",,a,24,","1.5",",,,a"
"ASN00063001","1951-02","-33.1944","149.0083","700.0","ORANGE ADAIR, AS","5",",a","5",",a","1",",a","25.7",",,a,22,","53.6",",,,a"
"ASN00063001","1951-03","-33.1944","149.0083","700.0","ORANGE ADAIR, AS","3",",a","3",",a","1",",a","34.0",",,a,07,","45.4",",,,a"
"ASN00063001","1951-04","-33.1944","149.0083","700.0","ORANGE ADAIR, AS","9",",a","6",",a","0",",a","14.7",",,a,18,","53.6",",,,a"
"ASN00063001","1951-05","-33.1944","149.0083","700.0","ORANGE ADAIR, AS","14",",a","8",",a","0",",a","17.3",",,a,24,","63.7",",,,a"
"ASN00063001","1951-07","-33.1944","149.0083","700.0","ORANGE ADAIR, AS","13",",a","8",",a","1",",a","55.1",",,a,16,","125.0",",,,a"
"ASN00063001","1951-08","-33.1944","149.0083","700.0","ORANGE ADAIR, AS","13",",a","9",",a","2",",a","37.3",",,a,03,","132.5",",,,a"
"ASN00063001","1951-09","-33.1944","149.0083","700.0","ORANGE ADAIR, AS","7",",a","5",",a","0",",a","18.5",",,a,24,","51.5",",,,a"
"ASN00063001","1951-10","-33.1944","149.0083","700.0","ORANGE ADAIR, AS","9",",a","6",",a","0",",a","16.5",",,a,03,","43.8",",,,a"
"ASN00063001","1951-11","-33.1944","149.0083","700.0","ORANGE ADAIR, AS","2",",a","2",",a","1",",a","38.4",",,a,27,","45.0",",,,a"
"ASN00063001","1951-12","-33.1944","149.0083","700.0","ORANGE ADAIR, AS","6",",a","4",",a","1",",a","30.7",",,a,10,","49.8",",,,a"
"ASN00063001","1952-01","-33.1944","149.0083","700.0","ORANGE ADAIR, AS","2",",a","2",",a","0",",a","6.4",",,a,06,","9.4",",,,a"
"ASN00063001","1952-02","-33.1944","149.0083","700.0","ORANGE ADAIR, AS","5",",a","1",",a","0",",a","4.1",",,a,06,","8.4",",,,a"
"ASN00063001","1952-03","-33.1944","149.0083","700.0","ORANGE ADAIR, AS","9",",a","6",",a","0",",a","23.9",",,a,20,","93.6",",,,a"
"ASN00063001","1952-04","-33.1944","149.0083","700.0","ORANGE ADAIR, AS","15",",a","9",",a","2",",a","58.4",",,a,14,","155.9",",,,a"
"ASN00063001","1952-05","-33.1944","149.0083","700.0","ORANGE ADAIR, AS","15",",a","11",",a","0",",a","15.7",",,a,31,","99.2",",,,a"
"ASN00063001","1952-06","-33.1944","149.0083","700.0","ORANGE ADAIR, AS","14",",a","14",",a","2",",a","54.1",",,a,17,","214.4",",,,a"
"ASN00063001","1952-07","-33.1944","149.0083","700.0","ORANGE ADAIR, AS","8",",a","6",",a","2",",a","46.7",",,a,17,","113.8",",,,a"
"ASN00063001","1952-08","-33.1944","149.0083","700.0","ORANGE ADAIR, AS","12",",a","8",",a","0",",a","16.3",",,a,19,","66.0",",,,a"
"ASN00063001","1952-09","-33.1944","149.0083","700.0","ORANGE ADAIR, AS","6",",a","5",",a","0",",a","23.9",",,a,17,","53.0",",,,a"
"ASN00063001","1952-10","-33.1944","149.0083","700.0","ORANGE ADAIR, AS","13",",a","10",",a","1",",a","25.7",",,a,11,","104.3",",,,a"
"ASN00063001","1952-11","-33.1944","149.0083","700.0","ORANGE ADAIR, AS","10",",a","6",",a","0",",a","24.1",",,a,27,","69.1",",,,a"
"ASN00063001","1952-12","-33.1944","149.0083","700.0","ORANGE ADAIR, AS","11",",a","5",",a","0",",a","23.9",",,a,29,","69.4",",,,a"
"ASN00063001","1953-01","-33.1944","149.0083","700.0","ORANGE ADAIR, AS","1","5,a","1","5,a","0","5,a","2.5","5,,a,23,","91.7",",a,,a"
"ASN00063001","1953-02","-33.1944","149.0083","700.0","ORANGE ADAIR, AS","5",",a","2",",a","0",",a","19.1",",,a,07,","26.3",",,,a"
"ASN00063001","1953-03","-33.1944","149.0083","700.0","ORANGE ADAIR, AS","5",",a","4",",a","0",",a","7.4",",,a,12,","19.7",",,,a"
"ASN00063001","1953-04","-33.1944","149.0083","700.0","ORANGE ADAIR, AS","6",",a","4",",a","0",",a","4.1",",,a,27,","14.9",",,,a"
"ASN00063001","1953-05","-33.1944","149.0083","700.0","ORANGE ADAIR, AS","14",",a","10",",a","0",",a","22.6",",,a,01,","84.7",",,,a"
"ASN00063001","1953-06","-33.1944","149.0083","700.0","ORANGE ADAIR, AS","7",",a","3",",a","0",",a","20.3",",,a,22,","40.9",",,,a"
"ASN00063001","1953-07","-33.1944","149.0083","700.0","ORANGE ADAIR, AS","6",",a","3",",a","0",",a","4.6",",,a,17,","18.3",",,,a"
"ASN00063001","1953-08","-33.1944","149.0083","700.0","ORANGE ADAIR, AS","10",",a","6",",a","2",",a","37.8",",,a,06,","117.8",",,,a"
"ASN00063001","1953-09","-33.1944","149.0083","700.0","ORANGE ADAIR, AS","8",",a","5",",a","0",",a","16.3",",,a,20,","36.1",",,,a"
"ASN00063001","1953-10","-33.1944","149.0083","700.0","ORANGE ADAIR, AS","7",",a","7",",a","1",",a","29.0",",,a,21,","78.8",",,,a"
"ASN00063001","1953-11","-33.1944","149.0083","700.0","ORANGE ADAIR, AS","9",",a","7",",a","2",",a","50.8",",,a,06,","135.2",",,,a"
"ASN00063001","1953-12","-33.1944","149.0083","700.0","ORANGE ADAIR, AS","4",",a","4",",a","0",",a","19.6",",,a,08,","41.4",",,,a"
"ASN00063001","1954-01","-33.1944","149.0083","700.0","ORANGE ADAIR, AS","6",",a","4",",a","3",",a","32.8",",,a,31,","109.9",",,,a"
"ASN00063001","1954-02","-33.1944","149.0083","700.0","ORANGE ADAIR, AS","10",",a","7",",a","2",",a","29.0",",,a,10,","108.9",",,,a"
"ASN00063001","1954-03","-33.1944","149.0083","700.0","ORANGE ADAIR, AS","0",",a","0",",a","0",",a","0.0",",,a,31,+","0.0",",,,a"
"ASN00063001","1954-04","-33.1944","149.0083","700.0","ORANGE ADAIR, AS","6",",a","5",",a","0",",a","18.5",",,a,07,","59.6",",,,a"
"ASN00063001","1954-05","-33.1944","149.0083","700.0","ORANGE ADAIR, AS","4",",a","1",",a","0",",a","3.8",",,a,16,","7.1",",,,a"
"ASN00063001","1954-06","-33.1944","149.0083","700.0","ORANGE ADAIR, AS","8","2,a","6","2,a","0","2,a","18.0","2,,a,04,","51.2",",a,,a"
"ASN00063001","1954-07","-33.1944","149.0083","700.0","ORANGE ADAIR, AS","5",",a","4",",a","0",",a","5.1",",,a,17,","16.2",",,,a"
"ASN00063001","1954-08","-33.1944","149.0083","700.0","ORANGE ADAIR, AS","5",",a","3",",a","0",",a","18.5",",,a,08,","26.1",",,,a"
"ASN00063001","1954-09","-33.1944","149.0083","700.0","ORANGE ADAIR, AS","4",",a","3",",a","0",",a","21.6",",,a,02,","35.3",",,,a"
"ASN00063001","1954-10","-33.1944","149.0083","700.0","ORANGE ADAIR, AS","11",",a","11",",a","3",",a","41.9",",,a,18,","171.0",",,,a"
"ASN00063001","1954-11","-33.1944","149.0083","700.0","ORANGE ADAIR, AS","11",",a","8",",a","1",",a","35.6",",,a,02,","91.7",",,,a"
"ASN00063001","1954-12","-33.1944","149.0083","700.0","ORANGE ADAIR, AS","5",",a","4",",a","0",",a","11.7",",,a,05,","30.0",",,,a"
"ASN00063001","1955-01","-33.1944","149.0083","700.0","ORANGE ADAIR, AS","3","4,a","2","4,a","1","4,a","26.7","4,,a,30,","103.4",",a,,a"
"ASN00063001","1955-02","-33.1944","149.0083","700.0","ORANGE ADAIR, AS","9",",a","9",",a","3",",a","43.4",",,a,24,","182.2",",,,a"
"ASN00063001","1955-03","-33.1944","149.0083","700.0","ORANGE ADAIR, AS","4",",a","2",",a","1",",a","25.9",",,a,08,","31.0",",,,a"
"ASN00063001","1955-04","-33.1944","149.0083","700.0","ORANGE ADAIR, AS","3",",a","1",",a","0",",a","5.8",",,a,30,","9.9",",,,a"
"ASN00063001","1955-05","-33.1944","149.0083","700.0","ORANGE ADAIR, AS","12",",a","8",",a","0",",a","13.5",",,a,05,","68.1",",,,a"
"ASN00063001","1955-06","-33.1944","149.0083","700.0","ORANGE ADAIR, AS","13",",a","10",",a","0",",a","17.8",",,a,23,","72.1",",,,a"
"ASN00063001","1955-07","-33.1944","149.0083","700.0","ORANGE ADAIR, AS","7",",a","6",",a","0",",a","21.6",",,a,14,","56.0",",,,a"
"ASN00063001","1955-08","-33.1944","149.0083","700.0","ORANGE ADAIR, AS","13",",a","9",",a","0",",a","15.2",",,a,12,","94.3",",,,a"
"ASN00063001","1955-09","-33.1944","149.0083","700.0","ORANGE ADAIR, AS","9","2,a","6","2,a","0","2,a","15.2","2,,a,24,","52.1",",a,,a"
"ASN00063001","1955-10","-33.1944","149.0083","700.0","ORANGE ADAIR, AS","13",",a","10",",a","2",",a","74.2",",,a,25,","201.6",",,,a"
"ASN00063001","1955-11","-33.1944","149.0083","700.0","ORANGE ADAIR, AS","10",",a","7",",a","0",",a","16.5",",,a,27,","66.5",",,,a"
"ASN00063001","1955-12","-33.1944","149.0083","700.0","ORANGE ADAIR, AS","11",",a","6",",a","0",",a","25.1",",,a,20,","63.5",",,,a"
"ASN00063001","1956-02","-33.1944","149.0083","700.0","ORANGE ADAIR, AS","12","3,a","8","3,a","0","3,a","24.1","3,,a,18,","146.9",",a,,a"
"ASN00063001","1956-03","-33.1944","149.0083","700.0","ORANGE ADAIR, AS","15",",a","12",",a","3",",a","95.3",",,a,15,","281.9",",,,a"
"ASN00063001","1956-04","-33.1944","149.0083","700.0","ORANGE ADAIR, AS","18",",a","7",",a","1",",a","30.5",",,a,15,","102.0",",,,a"
"ASN00063001","1956-05","-33.1944","149.0083","700.0","ORANGE ADAIR, AS","16",",a","9",",a","0",",a","22.9",",,a,03,","108.6",",,,a"
"ASN00063001","1956-06","-33.1944","149.0083","700.0","ORANGE ADAIR, AS","17",",a","11",",a","1",",a","34.0",",,a,25,","140.7",",,,a"
"ASN00063001","1956-07","-33.1944","149.0083","700.0","ORANGE ADAIR, AS","19",",a","12",",a","1",",a","27.9",",,a,07,","129.2",",,,a"
"ASN00063001","1956-08","-33.1944","149.0083","700.0","ORANGE ADAIR, AS","13",",a","9",",a","0",",a","21.1",",,a,19,","89.8",",,,a"
"ASN00063001","1956-09","-33.1944","149.0083","700.0","ORANGE ADAIR, AS","14",",a","8",",a","1",",a","26.2",",,a,21,","84.6",",,,a"
"ASN00063001","1956-10","-33.1944","149.0083","700.0","ORANGE ADAIR, AS","15",",a","14",",a","1",",a","36.8",",,a,16,","135.5",",,,a"
"ASN00063001","1956-11","-33.1944","149.0083","700.0","ORANGE ADAIR, AS","4",",a","2",",a","0",",a","9.4",",,a,03,","19.9",",,,a"
"ASN00063001","1956-12","-33.1944","149.0083","700.0","ORANGE ADAIR, AS","4",",a","1",",a","0",",a","2.5",",,a,03,","6.3",",,,a"
"ASN00063001","1957-01","-33.1944","149.0083","700.0","ORANGE ADAIR, AS","4",",a","1",",a","0",",a","11.7",",,a,20,","15.3",",,,a"
"ASN00063001","1957-02","-33.1944","149.0083","700.0","ORANGE ADAIR, AS","5",",a","3",",a","0",",a","10.2",",,a,08,","22.3",",,,a"
"ASN00063001","1957-03","-33.1944","149.0083","700.0","ORANGE ADAIR, AS","6",",a","2",",a","0",",a","15.5",",,a,10,","28.6",",,,a"
"ASN00063001","1957-04","-33.1944","149.0083","700.0","ORANGE ADAIR, AS","5",",a","4",",a","0",",a","11.9",",,a,28,","27.2",",,,a"
"ASN00063001","1957-05","-33.1944","149.0083","700.0","ORANGE ADAIR, AS","4",",a","2",",a","0",",a","4.1",",,a,02,","9.0",",,,a"
"ASN00063001","1957-06","-33.1944","149.0083","700.0","ORANGE ADAIR, AS","5",",a","3",",a","0",",a","16.3",",,a,30,","32.8",",,,a"
"ASN00063001","1957-07","-33.1944","149.0083","700.0","ORANGE ADAIR, AS","13",",a","10",",a","0",",a","20.3",",,a,12,","74.9",",,,a"
"ASN00063001","1957-08","-33.1944","149.0083","700.0","ORANGE ADAIR, AS","7",",a","5",",a","1",",a","26.9",",,a,23,","47.0",",,,a"
"ASN00063001","1957-09","-33.1944","149.0083","700.0","ORANGE ADAIR, AS","4",",a","3",",a","0",",a","3.8",",,a,07,","12.2",",,,a"
"ASN00063001","1957-10","-33.1944","149.0083","700.0","ORANGE ADAIR, AS","4",",a","3",",a","0",",a","11.7",",,a,31,","19.1",",,,a"
"ASN00063001","1957-11","-33.1944","149.0083","700.0","ORANGE ADAIR, AS","3",",a","2",",a","0",",a","18.0",",,a,05,","23.1",",,,a"
"ASN00063001","1957-12","-33.1944","149.0083","700.0","ORANGE ADAIR, AS","7",",a","4",",a","1",",a","38.9",",,a,31,","62.4",",,,a"
"ASN00063001","1958-01","-33.1944","149.0083","700.0","ORANGE ADAIR, AS","5",",a","4",",a","1",",a","48.3",",,a,30,","100.1",",,,a"
"ASN00063001","1958-02","-33.1944","149.0083","700.0","ORANGE ADAIR, AS","6",",a","3",",a","1",",a","27.7",",,a,09,","41.7",",,,a"
"ASN00063001","1958-03","-33.1944","149.0083","700.0","ORANGE ADAIR, AS","8",",a","8",",a","0",",a","21.6",",,a,12,","57.9",",,,a"
"ASN00063001","1958-04","-33.1944","149.0083","700.0","ORANGE ADAIR, AS","4",",a","3",",a","1",",a","40.6",",,a,15,","63.4",",,,a"
"ASN00063001","1958-05","-33.1944","149.0083","700.0","ORANGE ADAIR, AS","5",",a","5",",a","1",",a","33.5",",,a,15,","73.6",",,,a"
"ASN00063001","1958-06","-33.1944","149.0083","700.0","ORANGE ADAIR, AS","5",",a","3",",a","0",",a","18.8",",,a,29,","37.2",",,,a"
"ASN00063001","1958-07","-33.1944","149.0083","700.0","ORANGE ADAIR, AS","15",",a","9",",a","0",",a","13.0",",,a,16,+","60.0",",,,a"
"ASN00063001","1958-08","-33.1944","149.0083","700.0","ORANGE ADAIR, AS","14",",a","10",",a","1",",a","50.3",",,a,16,","118.6",",,,a"
"ASN00063001","1958-09","-33.1944","149.0083","700.0","ORANGE ADAIR, AS","12",",a","10",",a","0",",a","20.3",",,a,03,","102.2",",,,a"
"ASN00063001","1958-10","-33.1944","149.0083","700.0","ORANGE ADAIR, AS","12",",a","11",",a","0",",a","21.6",",,a,11,","114.8",",,,a"
"ASN00063001","1958-11","-33.1944","149.0083","700.0","ORANGE ADAIR, AS","5",",a","4",",a","0",",a","14.2",",,a,26,","39.0",",,,a"
"ASN00063001","1958-12","-33.1944","149.0083","700.0","ORANGE ADAIR, AS","10",",a","7",",a","1",",a","36.1",",,a,26,","92.8",",,,a"
"ASN00063001","1959-01","-33.1944","149.0083","700.0","ORANGE ADAIR, AS","6",",a","5",",a","2",",a","37.1",",,a,27,","98.8",",,,a"
"ASN00063001","1959-02","-33.1944","149.0083","700.0","ORANGE ADAIR, AS","9",",a","5",",a","1",",a","36.1",",,a,19,","97.3",",,,a"
"ASN00063001","1959-03","-33.1944","149.0083","700.0","ORANGE ADAIR, AS","9",",a","9",",a","2",",a","28.4",",,a,29,","122.1",",,,a"
"ASN00063001","1959-04","-33.1944","149.0083","700.0","ORANGE ADAIR, AS","6",",a","5",",a","2",",a","99.3",",,a,02,","153.4",",,,a"
"ASN00063001","1959-05","-33.1944","149.0083","700.0","ORANGE ADAIR, AS","3",",a","2",",a","0",",a","18.8",",,a,20,","23.1",",,,a"
"ASN00063001","1959-06","-33.1944","149.0083","700.0","ORANGE ADAIR, AS","9",",a","6",",a","1",",a","30.5",",,a,26,","101.2",",,,a"
"ASN00063001","1959-07","-33.1944","149.0083","700.0","ORANGE ADAIR, AS","10",",a","7",",a","1",",a","35.6",",,a,21,","102.0",",,,a"
"ASN00063001","1959-08","-33.1944","149.0083","700.0","ORANGE ADAIR, AS","6",",a","4",",a","0",",a","12.7",",,a,03,","24.9",",,,a"
"ASN00063001","1959-09","-33.1944","149.0083","700.0","ORANGE ADAIR, AS","10",",a","7",",a","0",",a","21.6",",,a,21,","57.7",",,,a"
"ASN00063001","1959-10","-33.1944","149.0083","700.0","ORANGE ADAIR, AS","9",",a","5",",a","0",",a","15.5",",,a,29,","58.1",",,,a"
"ASN00063001","1959-11","-33.1944","149.0083","700.0","ORANGE ADAIR, AS","6",",a","5",",a","0",",a","12.2",",,a,24,","31.5",",,,a"
"ASN00063001","1959-12","-33.1944","149.0083","700.0","ORANGE ADAIR, AS","8",",a","5",",a","1",",a","40.6",",,a,06,","81.0",",,,a"
"ASN00063001","1960-01","-33.1944","149.0083","700.0","ORANGE ADAIR, AS","11",",a","7",",a","1",",a","28.2",",,a,23,","70.9",",,,a"
"ASN00063001","1960-02","-33.1944","149.0083","700.0","ORANGE ADAIR, AS","7",",a","3",",a","2",",a","49.8",",,a,14,","108.8",",,,a"
"ASN00063001","1960-03","-33.1944","149.0083","700.0","ORANGE ADAIR, AS","1",",a","1",",a","0",",a","20.3",",,a,22,","20.3",",,,a"
"ASN00063001","1960-04","-33.1944","149.0083","700.0","ORANGE ADAIR, AS","7",",a","3",",a","1",",a","46.7",",,a,21,","69.6",",,,a"
"ASN00063001","1960-05","-33.1944","149.0083","700.0","ORANGE ADAIR, AS","16",",a","12",",a","0",",a","23.9",",,a,13,","120.1",",,,a"
"ASN00063001","1960-06","-33.1944","149.0083","700.0","ORANGE ADAIR, AS","5",",a","3",",a","0",",a","11.2",",,a,09,","30.3",",,,a"
"ASN00063001","1960-07","-33.1944","149.0083","700.0","ORANGE ADAIR, AS","15",",a","12",",a","2",",a","30.5",",,a,31,","145.7",",,,a"
"ASN00063001","1960-08","-33.1944","149.0083","700.0","ORANGE ADAIR, AS","12",",a","9",",a","1",",a","50.8",",,a,01,","113.6",",,,a"
"ASN00063001","1960-09","-33.1944","149.0083","700.0","ORANGE ADAIR, AS","13",",a","10",",a","1",",a","28.7",",,a,08,","133.8",",,,a"
"ASN00063001","1960-10","-33.1944","149.0083","700.0","ORANGE ADAIR, AS","6",",a","3",",a","0",",a","20.3",",,a,18,","37.7",",,,a"
"ASN00063001","1960-11","-33.1944","149.0083","700.0","ORANGE ADAIR, AS","5",",a","5",",a","1",",a","30.7",",,a,18,","79.0",",,,a"
"ASN00063001","1960-12","-33.1944","149.0083","700.0","ORANGE ADAIR, AS","10",",a","7",",a","1",",a","42.9",",,a,03,","87.2",",,,a"
"ASN00063001","1961-01","-33.1944","149.0083","700.0","ORANGE ADAIR, AS","4",",a","3",",a","0",",a","21.8",",,a,03,","34.5",",,,a"
"ASN00063001","1961-02","-33.1944","149.0083","700.0","ORANGE ADAIR, AS","7",",a","5",",a","0",",a","17.0",",,a,25,","44.0",",,,a"
"ASN00063001","1961-03","-33.1944","149.0083","700.0","ORANGE ADAIR, AS","8",",a","5",",a","1",",a","34.0",",,a,01,","71.9",",,,a"
"ASN00063001","1961-04","-33.1944","149.0083","700.0","ORANGE ADAIR, AS","6",",a","5",",a","1",",a","43.2",",,a,24,","77.2",",,,a"
"ASN00063001","1961-05","-33.1944","149.0083","700.0","ORANGE ADAIR, AS","5",",a","3",",a","0",",a","5.6",",,a,04,","12.7",",,,a"
"ASN00063001","1961-06","-33.1944","149.0083","700.0","ORANGE ADAIR, AS","10",",a","8",",a","0",",a","13.0",",,a,05,","54.9",",,,a"
"ASN00063001","1961-07","-33.1944","149.0083","700.0","ORANGE ADAIR, AS","12",",a","10",",a","0",",a","21.8",",,a,24,","104.6",",,,a"
"ASN00063001","1961-08","-33.1944","149.0083","700.0","ORANGE ADAIR, AS","14",",a","10",",a","2",",a","33.5",",,a,10,","121.0",",,,a"
"ASN00063001","1961-09","-33.1944","149.0083","700.0","ORANGE ADAIR, AS","7",",a","5",",a","0",",a","10.7",",,a,03,","31.0",",,,a"
"ASN00063001","1961-10","-33.1944","149.0083","700.0","ORANGE ADAIR, AS","9",",a","6",",a","1",",a","30.0",",,a,22,","73.6",",,,a"
"ASN00063001","1961-11","-33.1944","149.0083","700.0","ORANGE ADAIR, AS","12",",a","11",",a","1",",a","61.5",",,a,18,","144.4",",,,a"
"ASN00063001","1961-12","-33.1944","149.0083","700.0","ORANGE ADAIR, AS","8",",a","8",",a","0",",a","15.2",",,a,15,","65.7",",,,a"
"ASN00063001","1962-01","-33.1944","149.0083","700.0","ORANGE ADAIR, AS","12",",a","10",",a","1",",a","26.4",",,a,12,","112.4",",,,a"
"ASN00063001","1962-02","-33.1944","149.0083","700.0","ORANGE ADAIR, AS","6",",a","4",",a","0",",a","8.6",",,a,01,","24.6",",,,a"
"ASN00063001","1962-03","-33.1944","149.0083","700.0","ORANGE ADAIR, AS","3",",a","3",",a","0",",a","9.7",",,a,11,","23.9",",,,a"
"ASN00063001","1962-04","-33.1944","149.0083","700.0","ORANGE ADAIR, AS","1",",a","1",",a","0",",a","21.6",",,a,04,","21.6",",,,a"
"ASN00063001","1962-05","-33.1944","149.0083","700.0","ORANGE ADAIR, AS","12",",a","10",",a","1",",a","27.2",",,a,28,","136.9",",,,a"
"ASN00063001","1962-06","-33.1944","149.0083","700.0","ORANGE ADAIR, AS","9",",a","3",",a","0",",a","16.8",",,a,05,","39.7",",,,a"
"ASN00063001","1962-07","-33.1944","149.0083","700.0","ORANGE ADAIR, AS","6",",a","6",",a","1",",a","35.3",",,a,24,","60.7",",,,a"
"ASN00063001","1962-08","-33.1944","149.0083","700.0","ORANGE ADAIR, AS","11",",a","9",",a","1",",a","41.1",",,a,20,","95.4",",,,a"
"ASN00063001","1962-09","-33.1944","149.0083","700.0","ORANGE ADAIR, AS","9",",a","5",",a","1",",a","37.3",",,a,21,","62.4",",,,a"
"ASN00063001","1962-10","-33.1944","149.0083","700.0","ORANGE ADAIR, AS","9",",a","6",",a","0",",a","16.8",",,a,14,","50.9",",,,a"
"ASN00063001","1962-11","-33.1944","149.0083","700.0","ORANGE ADAIR, AS","3",",a","3",",a","0",",a","20.8",",,a,09,","41.1",",,,a"
"ASN00063001","1962-12","-33.1944","149.0083","700.0","ORANGE ADAIR, AS","14",",a","12",",a","2",",a","26.9",",,a,08,","129.3",",,,a"
"ASN00063001","1963-01","-33.1944","149.0083","700.0","ORANGE ADAIR, AS","10",",a","9",",a","1",",a","33.5",",,a,15,","112.2",",,,a"
"ASN00063001","1963-02","-33.1944","149.0083","700.0","ORANGE ADAIR, AS","6",",a","5",",a","2",",a","32.8",",,a,12,","77.8",",,,a"
"ASN00063001","1963-03","-33.1944","149.0083","700.0","ORANGE ADAIR, AS","10",",a","7",",a","0",",a","21.1",",,a,25,","68.3",",,,a"
"ASN00063001","1963-04","-33.1944","149.0083","700.0","ORANGE ADAIR, AS","4",",a","3",",a","0",",a","10.9",",,a,29,","24.2",",,,a"
"ASN00063001","1963-05","-33.1944","149.0083","700.0","ORANGE ADAIR, AS","14","2,a","9","2,a","1","2,a","39.4","2,,a,13,","140.6",",a,,a"
"ASN00063001","1963-06","-33.1944","149.0083","700.0","ORANGE ADAIR, AS","14",",a","7",",a","0",",a","19.1",",,a,05,","91.2",",,,a"
"ASN00063001","1963-07","-33.1944","149.0083","700.0","ORANGE ADAIR, AS","18",",a","12",",a","0",",a","25.1",",,a,08,","134.4",",,,a"
"ASN00063001","1963-08","-33.1944","149.0083","700.0","ORANGE ADAIR, AS","10",",a","8",",a","0",",a","18.8",",,a,15,","85.4",",,,a"
"ASN00063001","1963-09","-33.1944","149.0083","700.0","ORANGE ADAIR, AS","12",",a","5",",a","0",",a","21.3",",,a,27,","64.2",",,,a"
"ASN00063001","1963-10","-33.1944","149.0083","700.0","ORANGE ADAIR, AS","6",",a","4",",a","0",",a","19.8",",,a,29,","46.5",",,,a"
"ASN00063001","1963-11","-33.1944","149.0083","700.0","ORANGE ADAIR, AS","8",",a","5",",a","0",",a","17.0",",,a,14,","46.1",",,,a"
"ASN00063001","1963-12","-33.1944","149.0083","700.0","ORANGE ADAIR, AS","10",",a","7",",a","0",",a","20.3",",,a,08,","75.4",",,,a"
"ASN00063001","1964-01","-33.1944","149.0083","700.0","ORANGE ADAIR, AS","4",",a","3",",a","1",",a","36.8",",,a,14,","58.2",",,,a"
"ASN00063001","1964-02","-33.1944","149.0083","700.0","ORANGE ADAIR, AS","4",",a","3",",a","0",",a","20.3",",,a,08,","37.0",",,,a"
"ASN00063001","1964-03","-33.1944","149.0083","700.0","ORANGE ADAIR, AS","4",",a","3",",a","0",",a","16.0",",,a,01,","23.8",",,,a"
"ASN00063001","1964-04","-33.1944","149.0083","700.0","ORANGE ADAIR, AS","8",",a","6",",a","0",",a","23.9",",,a,22,","79.8",",,,a"
"ASN00063001","1964-05","-33.1944","149.0083","700.0","ORANGE ADAIR, AS","9",",a","3",",a","2",",a","29.2",",,a,03,","74.9",",,,a"
"ASN00063001","1964-06","-33.1944","149.0083","700.0","ORANGE ADAIR, AS","15",",a","8",",a","0",",a","23.9",",,a,12,","96.9",",,,a"
"ASN00063001","1964-07","-33.1944","149.0083","700.0","ORANGE ADAIR, AS","17",",a","12",",a","0",",a","22.4",",,a,03,","98.3",",,,a"
"ASN00063001","1964-08","-33.1944","149.0083","700.0","ORANGE ADAIR, AS","12",",a","8",",a","1",",a","32.5",",,a,25,","71.8",",,,a"
"ASN00063001","1964-09","-33.1944","149.0083","700.0","ORANGE ADAIR, AS","15",",a","13",",a","0",",a","22.6",",,a,28,","107.8",",,,a"
"ASN00063001","1964-10","-33.1944","149.0083","700.0","ORANGE ADAIR, AS","13",",a","11",",a","1",",a","28.7",",,a,31,","122.4",",,,a"
"ASN00063001","1964-11","-33.1944","149.0083","700.0","ORANGE ADAIR, AS","6",",a","2",",a","0",",a","24.9",",,a,03,","32.0",",,,a"
"ASN00063001","1964-12","-33.1944","149.0083","700.0","ORANGE ADAIR, AS","4",",a","3",",a","0",",a","15.0",",,a,23,","24.5",",,,a"
"ASN00063001","1965-01","-33.1944","149.0083","700.0","ORANGE ADAIR, AS","0",",a","0",",a","0",",a","0.0",",,a,31,+","0.0",",,,a"
"ASN00063001","1965-02","-33.1944","149.0083","700.0","ORANGE ADAIR, AS","3",",a","1",",a","0",",a","2.5",",,a,18,","3.8",",,,a"
"ASN00063001","1965-03","-33.1944","149.0083","700.0","ORANGE ADAIR, AS","6",",a","3",",a","0",",a","6.9",",,a,21,","19.9",",,,a"
"ASN00063001","1965-04","-33.1944","149.0083","700.0","ORANGE ADAIR, AS","6",",a","4",",a","0",",a","6.9",",,a,13,","24.4",",,,a"
"ASN00063001","1965-05","-33.1944","149.0083","700.0","ORANGE ADAIR, AS","6",",a","4",",a","0",",a","19.8",",,a,31,","46.2",",,,a"
"ASN00063001","1965-06","-33.1944","149.0083","700.0","ORANGE ADAIR, AS","5",",a","4",",a","0",",a","5.8",",,a,01,","15.2",",,,a"
"ASN00063001","1965-07","-33.1944","149.0083","700.0","ORANGE ADAIR, AS","9",",a","4",",a","0",",a","8.6",",,a,15,","32.0",",,,a"
"ASN00063001","1965-08","-33.1944","149.0083","700.0","ORANGE ADAIR, AS","12",",a","7",",a","0",",a","16.3",",,a,20,","60.2",",,,a"
"ASN00063001","1965-09","-33.1944","149.0083","700.0","ORANGE ADAIR, AS","7",",a","4",",a","0",",a","8.1",",,a,07,","19.6",",,,a"
"ASN00063001","1965-10","-33.1944","149.0083","700.0","ORANGE ADAIR, AS","11",",a","6",",a","0",",a","22.9",",,a,17,","78.3",",,,a"
"ASN00063001","1965-11","-33.1944","149.0083","700.0","ORANGE ADAIR, AS","5",",a","3",",a","0",",a","12.2",",,a,10,","27.0",",,,a"
"ASN00063001","1965-12","-33.1944","149.0083","700.0","ORANGE ADAIR, AS","9",",a","8",",a","1",",a","25.4",",,a,02,","87.9",",,,a"
"ASN00063001","1966-01","-33.1944","149.0083","700.0","ORANGE ADAIR, AS","5",",a","2",",a","0",",a","19.3",",,a,17,","32.0",",,,a"
"ASN00063001","1966-02","-33.1944","149.0083","700.0","ORANGE ADAIR, AS","5",",a","1",",a","0",",a","2.5",",,a,05,","6.6",",,,a"
"ASN00063001","1966-03","-33.1944","149.0083","700.0","ORANGE ADAIR, AS","9",",a","5",",a","1",",a","39.1",",,a,16,","72.8",",,,a"
"ASN00063001","1966-04","-33.1944","149.0083","700.0","ORANGE ADAIR, AS","6",",a","2",",a","0",",a","13.2",",,a,30,","18.6",",,,a"
"ASN00063001","1966-05","-33.1944","149.0083","700.0","ORANGE ADAIR, AS","7",",a","4",",a","1",",a","31.8",",,a,19,","62.8",",,,a"
"ASN00063001","1966-06","-33.1944","149.0083","700.0","ORANGE ADAIR, AS","10",",a","3",",a","1",",a","27.4",",,a,01,","47.3",",,,a"
"ASN00063001","1966-07","-33.1944","149.0083","700.0","ORANGE ADAIR, AS","14",",a","9",",a","0",",a","14.2",",,a,28,","63.1",",,,a"
"ASN00063001","1966-08","-33.1944","149.0083","700.0","ORANGE ADAIR, AS","10",",a","7",",a","2",",a","40.9",",,a,19,","108.8",",,,a"
"ASN00063001","1966-09","-33.1944","149.0083","700.0","ORANGE ADAIR, AS","9",",a","6",",a","0",",a","20.3",",,a,16,","66.9",",,,a"
"ASN00063001","1966-10","-33.1944","149.0083","700.0","ORANGE ADAIR, AS","11",",a","10",",a","1",",a","41.9",",,a,19,","138.2",",,,a"
"ASN00063001","1966-11","-33.1944","149.0083","700.0","ORANGE ADAIR, AS","10",",a","7",",a","0",",a","20.3",",,a,28,","96.4",",,,a"
"ASN00063001","1966-12","-33.1944","149.0083","700.0","ORANGE ADAIR, AS","13",",a","10",",a","0",",a","17.0",",,a,30,","103.5",",,,a"
"ASN00063001","1967-01","-33.1944","149.0083","700.0","ORANGE ADAIR, AS","8",",a","4",",a","1",",a","34.0",",,a,26,","48.0",",,,a"
"ASN00063001","1967-02","-33.1944","149.0083","700.0","ORANGE ADAIR, AS","5",",a","2",",a","0",",a","20.1",",,a,25,","31.1",",,,a"
"ASN00063001","1967-03","-33.1944","149.0083","700.0","ORANGE ADAIR, AS","5",",a","5",",a","0",",a","14.5",",,a,03,","37.1",",,,a"
"ASN00063001","1967-04","-33.1944","149.0083","700.0","ORANGE ADAIR, AS","0",",a","0",",a","0",",a","0.0",",,a,30,+","0.0",",,,a"
"ASN00063001","1967-05","-33.1944","149.0083","700.0","ORANGE ADAIR, AS","4",",a","2",",a","0",",a","23.1",",,a,21,","37.4",",,,a"
"ASN00063001","1967-06","-33.1944","149.0083","700.0","ORANGE ADAIR, AS","14",",a","5",",a","0",",a","5.3",",,a,21,","31.2",",,,a"
"ASN00063001","1967-07","-33.1944","149.0083","700.0","ORANGE ADAIR, AS","4",",a","2",",a","0",",a","8.6",",,a,10,","14.2",",,,a"
"ASN00063001","1967-08","-33.1944","149.0083","700.0","ORANGE ADAIR, AS","15",",a","10",",a","2",",a","64.3",",,a,07,","138.3",",,,a"
"ASN00063001","1967-09","-33.1944","149.0083","700.0","ORANGE ADAIR, AS","6",",a","5",",a","0",",a","11.2",",,a,16,","35.6",",,,a"
"ASN00063001","1967-10","-33.1944","149.0083","700.0","ORANGE ADAIR, AS","7",",a","4",",a","1",",a","30.7",",,a,12,","89.0",",,,a"
"ASN00063001","1967-11","-33.1944","149.0083","700.0","ORANGE ADAIR, AS","5",",a","1",",a","0",",a","24.1",",,a,26,","27.2",",,,a"
"ASN00063001","1967-12","-33.1944","149.0083","700.0","ORANGE ADAIR, AS","2",",a","1",",a","0",",a","5.1",",,a,30,","5.9",",,,a"
"ASN00063001","1968-01","-33.1944","149.0083","700.0","ORANGE ADAIR, AS","14",",a","10",",a","1",",a","34.5",",,a,11,","122.6",",,,a"
"ASN00063001","1968-02","-33.1944","149.0083","700.0","ORANGE ADAIR, AS","2",",a","1",",a","0",",a","2.5",",,a,07,","4.3",",,,a"
"ASN00063001","1968-03","-33.1944","149.0083","700.0","ORANGE ADAIR, AS","10",",a","5",",a","0",",a","18.3",",,a,25,","42.3",",,,a"
"ASN00063001","1968-04","-33.1944","149.0083","700.0","ORANGE ADAIR, AS","10",",a","5",",a","1",",a","30.5",",,a,30,","65.1",",,,a"
"ASN00063001","1968-05","-33.1944","149.0083","700.0","ORANGE ADAIR, AS","19",",a","16",",a","2",",a","45.0",",,a,28,","180.6",",,,a"
"ASN00063001","1968-06","-33.1944","149.0083","700.0","ORANGE ADAIR, AS","9",",a","5",",a","0",",a","7.4",",,a,03,","29.3",",,,a"
"ASN00063001","1968-07","-33.1944","149.0083","700.0","ORANGE ADAIR, AS","9",",a","6",",a","0",",a","16.8",",,a,18,","57.1",",,,a"
"ASN00063001","1968-08","-33.1944","149.0083","700.0","ORANGE ADAIR, AS","14",",a","7",",a","0",",a","17.8",",,a,21,","63.3",",,,a"
"ASN00063001","1968-09","-33.1944","149.0083","700.0","ORANGE ADAIR, AS","9",",a","2",",a","0",",a","13.7",",,a,30,","26.0",",,,a"
"ASN00063001","1968-10","-33.1944","149.0083","700.0","ORANGE ADAIR, AS","7",",a","5",",a","0",",a","20.3",",,a,07,","51.3",",,,a"
"ASN00063001","1968-11","-33.1944","149.0083","700.0","ORANGE ADAIR, AS","6",",a","3",",a","1",",a","27.2",",,a,07,","42.7",",,,a"
"ASN00063001","1968-12","-33.1944","149.0083","700.0","ORANGE ADAIR, AS","10",",a","8",",a","2",",a","44.5",",,a,24,","143.9",",,,a"
"ASN00063001","1969-01","-33.1944","149.0083","700.0","ORANGE ADAIR, AS","4",",a","2",",a","0",",a","18.5",",,a,15,","33.0",",,,a"
"ASN00063001","1969-02","-33.1944","149.0083","700.0","ORANGE ADAIR, AS","8",",a","7",",a","1",",a","60.2",",,a,10,","140.7",",,,a"
"ASN00063001","1969-03","-33.1944","149.0083","700.0","ORANGE ADAIR, AS","11",",a","8",",a","1",",a","39.4",",,a,19,","127.3",",,,a"
"ASN00063001","1969-04","-33.1944","149.0083","700.0","ORANGE ADAIR, AS","7",",a","4",",a","1",",a","35.6",",,a,16,","75.7",",,,a"
"ASN00063001","1969-05","-33.1944","149.0083","700.0","ORANGE ADAIR, AS","11",",a","8",",a","0",",a","23.9",",,a,30,","97.3",",,,a"
"ASN00063001","1969-06","-33.1944","149.0083","700.0","ORANGE ADAIR, AS","6",",a","4",",a","1",",a","39.4",",,a,20,","57.5",",,,a"
"ASN00063001","1969-07","-33.1944","149.0083","700.0","ORANGE ADAIR, AS","9",",a","7",",a","0",",a","19.8",",,a,23,","94.6",",,,a"
"ASN00063001","1969-08","-33.1944","149.0083","700.0","ORANGE ADAIR, AS","10",",a","6",",a","0",",a","20.3",",,a,13,","60.9",",,,a"
"ASN00063001","1969-09","-33.1944","149.0083","700.0","ORANGE ADAIR, AS","11",",a","9",",a","0",",a","8.9",",,a,14,","52.8",",,,a"
"ASN00063001","1969-10","-33.1944","149.0083","700.0","ORANGE ADAIR, AS","8",",a","8",",a","1",",a","30.2",",,a,27,","136.0",",,,a"
"ASN00063001","1969-11","-33.1944","149.0083","700.0","ORANGE ADAIR, AS","9",",a","6",",a","1",",a","26.4",",,a,06,","78.7",",,,a"
"ASN00063001","1969-12","-33.1944","149.0083","700.0","ORANGE ADAIR, AS","2",",a","2",",a","0",",a","20.3",",,a,13,","23.1",",,,a"
"ASN00063001","1970-01","-33.1944","149.0083","700.0","ORANGE ADAIR, AS","6",",a","6",",a","1",",a","26.4",",,a,03,","83.0",",,,a"
"ASN00063001","1970-02","-33.1944","149.0083","700.0","ORANGE ADAIR, AS","6",",a","5",",a","2",",a","88.4",",,a,11,","145.6",",,,a"
"ASN00063001","1970-03","-33.1944","149.0083","700.0","ORANGE ADAIR, AS","7",",a","5",",a","0",",a","22.9",",,a,21,","53.6",",,,a"
"ASN00063001","1970-04","-33.1944","149.0083","700.0","ORANGE ADAIR, AS","6",",a","5",",a","1",",a","27.4",",,a,23,","65.7",",,,a"
"ASN00063001","1970-05","-33.1944","149.0083","700.0","ORANGE ADAIR, AS","8",",a","6",",a","2",",a","34.0",",,a,16,","91.9",",,,a"
"ASN00063001","1970-06","-33.1944","149.0083","700.0","ORANGE ADAIR, AS","6",",a","5",",a","0",",a","16.0",",,a,04,","38.8",",,,a"
"ASN00063001","1970-07","-33.1944","149.0083","700.0","ORANGE ADAIR, AS","3",",a","1",",a","0",",a","4.8",",,a,20,","8.6",",,,a"
"ASN00063001","1970-08","-33.1944","149.0083","700.0","ORANGE ADAIR, AS","13",",a","8",",a","0",",a","20.8",",,a,24,","78.3",",,,a"
"ASN00063001","1970-09","-33.1944","149.0083","700.0","ORANGE ADAIR, AS","15",",a","9",",a","0",",a","20.3",",,a,28,","107.6",",,,a"
"ASN00063001","1970-10","-33.1944","149.0083","700.0","ORANGE ADAIR, AS","6",",a","5",",a","1",",a","49.0",",,a,20,","107.8",",,,a"
"ASN00063001","1970-11","-33.1944","149.0083","700.0","ORANGE ADAIR, AS","9",",a","8",",a","2",",a","29.5",",,a,07,","105.1",",,,a"
"ASN00063001","1970-12","-33.1944","149.0083","700.0","ORANGE ADAIR, AS","10",",a","8",",a","1",",a","26.9",",,a,29,","130.2",",,,a"
"ASN00063001","1971-01","-33.1944","149.0083","700.0","ORANGE ADAIR, AS","11",",a","7",",a","1",",a","50.8",",,a,31,","126.7",",,,a"
"ASN00063001","1971-02","-33.1944","149.0083","700.0","ORANGE ADAIR, AS","8",",a","8",",a","3",",a","72.6",",,a,07,","219.4",",,,a"
"ASN00063001","1971-03","-33.1944","149.0083","700.0","ORANGE ADAIR, AS","2",",a","2",",a","0",",a","3.6",",,a,19,","6.4",",,,a"
"ASN00063001","1971-04","-33.1944","149.0083","700.0","ORANGE ADAIR, AS","6",",a","4",",a","0",",a","11.2",",,a,18,","30.3",",,,a"
"ASN00063001","1971-05","-33.1944","149.0083","700.0","ORANGE ADAIR, AS","9",",a","4",",a","0",",a","12.7",",,a,31,","38.5",",,,a"
"ASN00063001","1971-06","-33.1944","149.0083","700.0","ORANGE ADAIR, AS","6",",a","5",",a","0",",a","8.1",",,a,02,","30.2",",,,a"
"ASN00063001","1971-07","-33.1944","149.0083","700.0","ORANGE ADAIR, AS","10",",a","5",",a","1",",a","34.5",",,a,17,","72.4",",,,a"
"ASN00063001","1971-08","-33.1944","149.0083","700.0","ORANGE ADAIR, AS","15",",a","7",",a","0",",a","25.1",",,a,06,","100.4",",,,a"
"ASN00063001","1971-09","-33.1944","149.0083","700.0","ORANGE ADAIR, AS","7",",a","6",",a","2",",a","33.5",",,a,14,","98.2",",,,a"
"ASN00063001","1971-10","-33.1944","149.0083","700.0","ORANGE ADAIR, AS","3",",a","1",",a","0",",a","6.9",",,a,23,","8.9",",,,a"
"ASN00063001","1971-11","-33.1944","149.0083","700.0","ORANGE ADAIR, AS","8",",a","6",",a","2",",a","35.6",",,a,08,","119.7",",,,a"
"ASN00063001","1971-12","-33.1944","149.0083","700.0","ORANGE ADAIR, AS","","","","","","","","","95.3",",a,,a"
"ASN00063001","1972-01","-33.1944","149.0083","700.0","ORANGE ADAIR, AS","8",",a","6",",a","2",",a","59.2",",,a,18,","178.5",",,,a"
"ASN00063001","1972-02","-33.1944","149.0083","700.0","ORANGE ADAIR, AS","6",",a","4",",a","1",",a","39.1",",,a,18,","61.4",",,,a"
"ASN00063001","1972-03","-33.1944","149.0083","700.0","ORANGE ADAIR, AS","3",",a","2",",a","0",",a","7.6",",,a,05,","15.2",",,,a"
"ASN00063001","1972-04","-33.1944","149.0083","700.0","ORANGE ADAIR, AS","7",",a","6",",a","0",",a","5.3",",,a,23,+","26.6",",,,a"
"ASN00063001","1972-05","-33.1944","149.0083","700.0","ORANGE ADAIR, AS","4",",a","3",",a","0",",a","11.7",",,a,11,","17.5",",,,a"
"ASN00063001","1972-06","-33.1944","149.0083","700.0","ORANGE ADAIR, AS","2",",a","0",",a","0",",a","0.8",",,a,26,","1.1",",,,a"
"ASN00063001","1972-07","-33.1944","149.0083","700.0","ORANGE ADAIR, AS","8",",a","3",",a","0",",a","9.9",",,a,08,","22.8",",,,a"
"ASN00063001","1972-08","-33.1944","149.0083","700.0","ORANGE ADAIR, AS","10",",a","9",",a","1",",a","31.5",",,a,30,","83.4",",,,a"
"ASN00063001","1972-09","-33.1944","149.0083","700.0","ORANGE ADAIR, AS","5",",a","3",",a","0",",a","6.1",",,a,07,","14.8",",,,a"
"ASN00063001","1972-10","-33.1944","149.0083","700.0","ORANGE ADAIR, AS","10",",a","6",",a","0",",a","19.1",",,a,21,","54.1",",,,a"
"ASN00063001","1972-11","-33.1944","149.0083","700.0","ORANGE ADAIR, AS","8",",a","7",",a","0",",a","23.4",",,a,25,","64.5",",,,a"
"ASN00063001","1972-12","-33.1944","149.0083","700.0","ORANGE ADAIR, AS","4",",a","4",",a","0",",a","13.2",",,a,09,","37.9",",,,a"
"ASN00063001","1973-01","-33.1944","149.0083","700.0","ORANGE ADAIR, AS","5",",a","5",",a","0",",a","13.5",",,a,28,","49.1",",,,a"
"ASN00063001","1973-02","-33.1944","149.0083","700.0","ORANGE ADAIR, AS","14",",a","11",",a","5",",a","67.8",",,a,03,","313.8",",,,a"
"ASN00063001","1973-03","-33.1944","149.0083","700.0","ORANGE ADAIR, AS","4",",a","2",",a","1",",a","31.0",",,a,30,","35.6",",,,a"
"ASN00063001","1973-04","-33.1944","149.0083","700.0","ORANGE ADAIR, AS","6",",a","5",",a","1",",a","28.4",",,a,29,","61.6",",,,a"
"ASN00063001","1973-05","-33.1944","149.0083","700.0","ORANGE ADAIR, AS","5",",a","3",",a","0",",a","18.5",",,a,02,","36.3",",,,a"
"ASN00063001","1973-06","-33.1944","149.0083","700.0","ORANGE ADAIR, AS","12",",a","8",",a","1",",a","26.9",",,a,25,","103.6",",,,a"
"ASN00063001","1973-07","-33.1944","149.0083","700.0","ORANGE ADAIR, AS","9",",a","6",",a","1",",a","30.7",",,a,02,","99.0",",,,a"
"ASN00063001","1973-08","-33.1944","149.0083","700.0","ORANGE ADAIR, AS","10",",a","9",",a","0",",a","19.3",",,a,27,","95.5",",,,a"
"ASN00063001","1973-09","-33.1944","149.0083","700.0","ORANGE ADAIR, AS","8",",a","5",",a","0",",a","14.0",",,a,24,","47.1",",,,a"
"ASN00063001","1973-10","-33.1944","149.0083","700.0","ORANGE ADAIR, AS","11",",a","11",",a","1",",a","38.1",",,a,28,","153.5",",,,a"
"ASN00063001","1973-11","-33.1944","149.0083","700.0","ORANGE ADAIR, AS","10",",a","10",",a","3",",a","51.0",",,a,05,","198.0",",,,a"
"ASN00063001","1973-12","-33.1944","149.0083","700.0","ORANGE ADAIR, AS","7",",a","7",",a","2",",a","32.0",",,a,31,","94.3",",,,a"
"ASN00063001","1974-01","-33.1944","149.0083","700.0","ORANGE ADAIR, AS","5",",a","4",",a","0",",a","24.2",",,a,11,","61.6",",,,a"
"ASN00063001","1974-02","-33.1944","149.0083","700.0","ORANGE ADAIR, AS","6",",a","5",",a","1",",a","53.6",",,a,20,","110.2",",,,a"
"ASN00063001","1974-03","-33.1944","149.0083","700.0","ORANGE ADAIR, AS","3",",a","1",",a","0",",a","4.6",",,a,24,","7.8",",,,a"
"ASN00063001","1974-04","-33.1944","149.0083","700.0","ORANGE ADAIR, AS","16",",a","13",",a","2",",a","40.0",",,a,12,","196.2",",,,a"
"ASN00063001","1974-05","-33.1944","149.0083","700.0","ORANGE ADAIR, AS","6",",a","6",",a","0",",a","12.6",",,a,01,","38.2",",,,a"
"ASN00063001","1974-06","-33.1944","149.0083","700.0","ORANGE ADAIR, AS","3",",a","2",",a","0",",a","5.6",",,a,04,","11.2",",,,a"
"ASN00063001","1974-07","-33.1944","149.0083","700.0","ORANGE ADAIR, AS","14",",a","11",",a","2",",a","39.6",",,a,15,","139.0",",,,a"
"ASN00063001","1974-08","-33.1944","149.0083","700.0","ORANGE ADAIR, AS","15",",a","10",",a","0",",a","15.0",",,a,04,","86.6",",,,a"
"ASN00063001","1974-09","-33.1944","149.0083","700.0","ORANGE ADAIR, AS","10",",a","7",",a","1",",a","64.6",",,a,05,","112.2",",,,a"
"ASN00063001","1974-10","-33.1944","149.0083","700.0","ORANGE ADAIR, AS","14",",a","10",",a","2",",a","31.8",",,a,05,","116.0",",,,a"
"ASN00063001","1974-11","-33.1944","149.0083","700.0","ORANGE ADAIR, AS","6",",a","3",",a","0",",a","18.2",",,a,02,","29.2",",,,a"
"ASN00063001","1974-12","-33.1944","149.0083","700.0","ORANGE ADAIR, AS","1",",a","0",",a","0",",a","0.4",",,a,25,","0.4",",,,a"
"ASN00063001","1975-01","-33.1944","149.0083","700.0","ORANGE ADAIR, AS","5",",a","5",",a","0",",a","18.4",",,a,09,","39.0",",,,a"
"ASN00063001","1975-02","-33.1944","149.0083","700.0","ORANGE ADAIR, AS","6",",a","6",",a","0",",a","23.8",",,a,13,","67.0",",,,a"
"ASN00063001","1975-03","-33.1944","149.0083","700.0","ORANGE ADAIR, AS","4",",a","4",",a","1",",a","25.6",",,a,29,","69.0",",,,a"
"ASN00063001","1975-04","-33.1944","149.0083","700.0","ORANGE ADAIR, AS","6",",a","5",",a","0",",a","16.2",",,a,22,","47.4",",,,a"
"ASN00063001","1975-05","-33.1944","149.0083","700.0","ORANGE ADAIR, AS","7",",a","3",",a","0",",a","7.8",",,a,08,","24.8",",,,a"
"ASN00063001","1975-06","-33.1944","149.0083","700.0","ORANGE ADAIR, AS","5","4,a","5","4,a","1","4,a","26.6","4,,a,21,","85.2",",a,,a"
"ASN00063001","1975-07","-33.1944","149.0083","700.0","ORANGE ADAIR, AS","8",",a","6",",a","0",",a","10.4",",,a,13,","30.2",",,,a"
"ASN00063001","1975-08","-33.1944","149.0083","700.0","ORANGE ADAIR, AS","11",",a","6",",a","2",",a","38.2",",,a,04,","106.0",",,,a"
"ASN00063001","1975-09","-33.1944","149.0083","700.0","ORANGE ADAIR, AS","9",",a","9",",a","0",",a","15.6",",,a,30,","74.8",",,,a"
"ASN00063001","1975-10","-33.1944","149.0083","700.0","ORANGE ADAIR, AS","14",",a","10",",a","1",",a","44.2",",,a,12,","151.2",",,,a"
"ASN00063001","1975-11","-33.1944","149.0083","700.0","ORANGE ADAIR, AS","3",",a","3",",a","0",",a","14.8",",,a,17,","21.0",",,,a"
"ASN00063001","1975-12","-33.1944","149.0083","700.0","ORANGE ADAIR, AS","5",",a","4",",a","0",",a","20.2",",,a,30,","51.4",",,,a"
"ASN00063001","1976-01","-33.1944","149.0083","700.0","ORANGE ADAIR, AS","8",",a","8",",a","3",",a","99.6",",,a,22,","225.8",",,,a"
"ASN00063001","1976-02","-33.1944","149.0083","700.0","ORANGE ADAIR, AS","6",",a","6",",a","2",",a","38.4",",,a,25,","101.0",",,,a"
"ASN00063001","1976-03","-33.1944","149.0083","700.0","ORANGE ADAIR, AS","8",",a","5",",a","0",",a","23.4",",,a,03,","49.6",",,,a"
"ASN00063001","1976-04","-33.1944","149.0083","700.0","ORANGE ADAIR, AS","1","3,a","1","3,a","1","3,a","38.8","3,,a,06,","44.0",",a,,a"
"ASN00063001","1976-05","-33.1944","149.0083","700.0","ORANGE ADAIR, AS","2",",a","2",",a","0",",a","20.0",",,a,17,","34.6",",,,a"
"ASN00063001","1976-06","-33.1944","149.0083","700.0","ORANGE ADAIR, AS","4",",a","1",",a","0",",a","2.8",",,a,29,","5.8",",,,a"
"ASN00063001","1976-07","-33.1944","149.0083","700.0","ORANGE ADAIR, AS","11",",a","8",",a","0",",a","19.4",",,a,26,","76.4",",,,a"
"ASN00063001","1976-08","-33.1944","149.0083","700.0","ORANGE ADAIR, AS","8",",a","3",",a","0",",a","15.0",",,a,24,","29.5",",,,a"
"ASN00063001","1976-09","-33.1944","149.0083","700.0","ORANGE ADAIR, AS","8",",a","7",",a","0",",a","23.2",",,a,22,","101.0",",,,a"
"ASN00063001","1976-10","-33.1944","149.0083","700.0","ORANGE ADAIR, AS","15","4,a","12","4,a","2","4,a","34.0","4,,a,06,","156.2",",a,,a"
"ASN00063001","1976-11","-33.1944","149.0083","700.0","ORANGE ADAIR, AS","5",",a","3",",a","0",",a","18.0",",,a,16,","31.8",",,,a"
"ASN00063001","1976-12","-33.1944","149.0083","700.0","ORANGE ADAIR, AS","3",",a","3",",a","0",",a","17.6",",,a,23,","24.6",",,,a"
"ASN00063001","1977-01","-33.1944","149.0083","700.0","ORANGE ADAIR, AS","6",",a","3",",a","0",",a","18.6",",,a,15,","45.2",",,,a"
"ASN00063001","1977-02","-33.1944","149.0083","700.0","ORANGE ADAIR, AS","7",",a","6",",a","0",",a","14.6",",,a,26,","45.2",",,,a"
"ASN00063001","1977-03","-33.1944","149.0083","700.0","ORANGE ADAIR, AS","7",",a","4",",a","0",",a","25.0",",,a,05,","64.8",",,,a"
"ASN00063001","1977-04","-33.1944","149.0083","700.0","ORANGE ADAIR, AS","4",",a","4",",a","0",",a","20.0",",,a,07,","40.1",",,,a"
"ASN00063001","1977-05","-33.1944","149.0083","700.0","ORANGE ADAIR, AS","11",",a","8",",a","1",",a","44.4",",,a,28,","119.8",",,,a"
"ASN00063001","1977-06","-33.1944","149.0083","700.0","ORANGE ADAIR, AS","10",",a","7",",a","1",",a","28.0",",,a,19,","74.8",",,,a"
"ASN00063001","1977-07","-33.1944","149.0083","700.0","ORANGE ADAIR, AS","8",",a","2",",a","0",",a","6.0",",,a,28,","22.0",",,,a"
"ASN00063001","1977-08","-33.1944","149.0083","700.0","ORANGE ADAIR, AS","4",",a","1",",a","0",",a","24.2",",,a,14,","30.2",",,,a"
"ASN00063001","1977-09","-33.1944","149.0083","700.0","ORANGE ADAIR, AS","7","3,a","4","3,a","0","3,a","17.4","3,,a,03,","41.0",",a,,a"
"ASN00063001","1977-10","-33.1944","149.0083","700.0","ORANGE ADAIR, AS","5",",a","4",",a","0",",a","7.8",",,a,30,","20.7",",,,a"
"ASN00063001","1977-11","-33.1944","149.0083","700.0","ORANGE ADAIR, AS","0",",a","0",",a","0",",a","0.0",",,a,30,+","0.0",",,,a"
"ASN00063001","1977-12","-33.1944","149.0083","700.0","ORANGE ADAIR, AS","3",",a","0",",a","0",",a","1.0",",,a,11,","2.2",",,,a"
"ASN00063001","1978-01","-33.1944","149.0083","700.0","ORANGE ADAIR, AS","12",",a","10",",a","5",",a","45.4",",,a,19,","229.5",",,,a"
"ASN00063001","1978-02","-33.1944","149.0083","700.0","ORANGE ADAIR, AS","1",",a","1",",a","0",",a","9.2",",,a,28,","9.2",",,,a"
"ASN00063001","1978-03","-33.1944","149.0083","700.0","ORANGE ADAIR, AS","11",",a","8",",a","2",",a","30.0",",,a,22,","112.8",",,,a"
"ASN00063001","1978-04","-33.1944","149.0083","700.0","ORANGE ADAIR, AS","","","","","","","","","11.4",",a,,a"
"ASN00063001","1978-05","-33.1944","149.0083","700.0","ORANGE ADAIR, AS","10",",a","7",",a","2",",a","44.6",",,a,11,","124.2",",,,a"
"ASN00063001","1978-06","-33.1944","149.0083","700.0","ORANGE ADAIR, AS","15",",a","11",",a","0",",a","13.6",",,a,07,","64.2",",,,a"
"ASN00063001","1978-07","-33.1944","149.0083","700.0","ORANGE ADAIR, AS","12",",a","9",",a","1",",a","26.6",",,a,04,","103.2",",,,a"
"ASN00063001","1978-08","-33.1944","149.0083","700.0","ORANGE ADAIR, AS","7",",a","6",",a","0",",a","12.4",",,a,08,","40.0",",,,a"
"ASN00063001","1978-09","-33.1944","149.0083","700.0","ORANGE ADAIR, AS","16",",a","11",",a","1",",a","48.3",",,a,05,","160.9",",,,a"
"ASN00063001","1978-10","-33.1944","149.0083","700.0","ORANGE ADAIR, AS","9",",a","6",",a","0",",a","14.8",",,a,07,","52.8",",,,a"
"ASN00063001","1978-11","-33.1944","149.0083","700.0","ORANGE ADAIR, AS","7",",a","7",",a","2",",a","38.4",",,a,20,","130.8",",,,a"
"ASN00063001","1978-12","-33.1944","149.0083","700.0","ORANGE ADAIR, AS","8",",a","4",",a","1",",a","36.2",",,a,26,","65.6",",,,a"
"ASN00063001","1979-01","-33.1944","149.0083","700.0","ORANGE ADAIR, AS","2",",a","1",",a","0",",a","9.6",",,a,22,","11.8",",,,a"
"ASN00063001","1979-02","-33.1944","149.0083","700.0","ORANGE ADAIR, AS","1",",a","1",",a","0",",a","4.5",",,a,15,","4.5",",,,a"
"ASN00063001","1979-03","-33.1944","149.0083","700.0","ORANGE ADAIR, AS","7",",a","7",",a","0",",a","22.0",",,a,03,","77.0",",,,a"
"ASN00063001","1979-04","-33.1944","149.0083","700.0","ORANGE ADAIR, AS","11",",a","7",",a","1",",a","25.4",",,a,18,","85.8",",,,a"
"ASN00063001","1979-05","-33.1944","149.0083","700.0","ORANGE ADAIR, AS","10",",a","7",",a","0",",a","24.0",",,a,04,","69.5",",,,a"
"ASN00063001","1979-06","-33.1944","149.0083","700.0","ORANGE ADAIR, AS","3",",a","1",",a","0",",a","7.6",",,a,09,","11.0",",,,a"
"ASN00063001","1979-07","-33.1944","149.0083","700.0","ORANGE ADAIR, AS","2",",a","2",",a","0",",a","13.8",",,a,26,","22.8",",,,a"
"ASN00063001","1979-08","-33.1944","149.0083","700.0","ORANGE ADAIR, AS","9",",a","6",",a","1",",a","31.6",",,a,28,","66.1",",,,a"
"ASN00063001","1979-09","-33.1944","149.0083","700.0","ORANGE ADAIR, AS","8",",a","4",",a","1",",a","36.2",",,a,29,","91.8",",,,a"
"ASN00063001","1979-10","-33.1944","149.0083","700.0","ORANGE ADAIR, AS","5",",a","5",",a","0",",a","12.2",",,a,24,","39.0",",,,a"
"ASN00063001","1979-11","-33.1944","149.0083","700.0","ORANGE ADAIR, AS","4",",a","2",",a","0",",a","8.0",",,a,12,","13.0",",,,a"
"ASN00063001","1979-12","-33.1944","149.0083","700.0","ORANGE ADAIR, AS","0",",a","0",",a","0",",a","0.0",",,a,31,+","0.0",",,,a"
"ASN00063001","1980-01","-33.1944","149.0083","700.0","ORANGE ADAIR, AS","8",",a","4",",a","0",",a","17.8",",,a,14,","45.6",",,,a"
"ASN00063001","1980-02","-33.1944","149.0083","700.0","ORANGE ADAIR, AS","4",",a","3",",a","0",",a","14.6",",,a,02,","21.8",",,,a"
"ASN00063001","1980-03","-33.1944","149.0083","700.0","ORANGE ADAIR, AS","4",",a","3",",a","0",",a","4.8",",,a,06,","14.2",",,,a"
"ASN00063001","1980-04","-33.1944","149.0083","700.0","ORANGE ADAIR, AS","1",",a","1",",a","0",",a","8.6",",,a,24,","8.6",",,,a"
"ASN00063001","1980-05","-33.1944","149.0083","700.0","ORANGE ADAIR, AS","6",",a","6",",a","1",",a","29.6",",,a,29,","70.6",",,,a"
"ASN00063001","1980-06","-33.1944","149.0083","700.0","ORANGE ADAIR, AS","8",",a","6",",a","1",",a","28.4",",,a,28,","75.2",",,,a"
"ASN00063001","1980-07","-33.1944","149.0083","700.0","ORANGE ADAIR, AS","13",",a","9",",a","0",",a","17.4",",,a,29,","78.6",",,,a"
"ASN00063001","1980-08","-33.1944","149.0083","700.0","ORANGE ADAIR, AS","3",",a","2",",a","0",",a","11.4",",,a,25,","24.0",",,,a"
"ASN00063001","1980-09","-33.1944","149.0083","700.0","ORANGE ADAIR, AS","5",",a","2",",a","0",",a","13.4",",,a,18,","22.8",",,,a"
"ASN00063001","1980-10","-33.1944","149.0083","700.0","ORANGE ADAIR, AS","6",",a","4",",a","0",",a","19.0",",,a,24,","38.8",",,,a"
"ASN00063001","1980-11","-33.1944","149.0083","700.0","ORANGE ADAIR, AS","1",",a","1",",a","0",",a","3.8",",,a,29,","3.8",",,,a"
"ASN00063001","1980-12","-33.1944","149.0083","700.0","ORANGE ADAIR, AS","4",",a","3",",a","1",",a","66.0",",,a,14,","93.0",",,,a"
"ASN00063001","1981-01","-33.1944","149.0083","700.0","ORANGE ADAIR, AS","3",",a","3",",a","0",",a","13.0",",,a,04,","22.8",",,,a"
"ASN00063001","1981-02","-33.1944","149.0083","700.0","ORANGE ADAIR, AS","7",",a","6",",a","1",",a","28.4",",,a,19,","100.0",",,,a"
"ASN00063001","1981-03","-33.1944","149.0083","700.0","ORANGE ADAIR, AS","2",",a","0",",a","0",",a","1.4",",,a,31,","1.8",",,,a"
"ASN00063001","1981-04","-33.1944","149.0083","700.0","ORANGE ADAIR, AS","1",",a","0",",a","0",",a","0.4",",,a,24,","0.4",",,,a"
"ASN00063001","1981-05","-33.1944","149.0083","700.0","ORANGE ADAIR, AS","10",",a","8",",a","0",",a","16.4",",,a,27,","71.8",",,,a"
"ASN00063001","1981-06","-33.1944","149.0083","700.0","ORANGE ADAIR, AS","16",",a","11",",a","2",",a","29.2",",,a,01,","120.0",",,,a"
"ASN00063001","1981-07","-33.1944","149.0083","700.0","ORANGE ADAIR, AS","16",",a","10",",a","2",",a","45.8",",,a,22,","164.6",",,,a"
"ASN00063001","1981-08","-33.1944","149.0083","700.0","ORANGE ADAIR, AS","13",",a","9",",a","0",",a","10.0",",,a,10,","61.2",",,,a"
"ASN00063001","1981-09","-33.1944","149.0083","700.0","ORANGE ADAIR, AS","4",",a","3",",a","0",",a","10.0",",,a,27,","27.2",",,,a"
"ASN00063001","1981-10","-33.1944","149.0083","700.0","ORANGE ADAIR, AS","9",",a","7",",a","1",",a","30.6",",,a,12,","83.2",",,,a"
"ASN00063001","1981-11","-33.1944","149.0083","700.0","ORANGE ADAIR, AS","10",",a","6",",a","1",",a","40.2",",,a,10,","96.4",",,,a"
"ASN00063001","1981-12","-33.1944","149.0083","700.0","ORANGE ADAIR, AS","5",",a","4",",a","1",",a","28.0",",,a,24,","47.5",",,,a"
"ASN00063001","1982-01","-33.1944","149.0083","700.0","ORANGE ADAIR, AS","2",",a","2",",a","0",",a","8.4",",,a,18,","13.0",",,,a"
"ASN00063001","1982-02","-33.1944","149.0083","700.0","ORANGE ADAIR, AS","3",",a","3",",a","0",",a","23.6",",,a,24,","39.4",",,,a"
"ASN00063001","1982-03","-33.1944","149.0083","700.0","ORANGE ADAIR, AS","7",",a","6",",a","0",",a","22.0",",,a,22,","58.4",",,,a"
"ASN00063001","1982-04","-33.1944","149.0083","700.0","ORANGE ADAIR, AS","4",",a","3",",a","0",",a","8.0",",,a,26,","14.2",",,,a"
"ASN00063001","1982-05","-33.1944","149.0083","700.0","ORANGE ADAIR, AS","3",",a","2",",a","0",",a","7.6",",,a,29,","14.4",",,,a"
"ASN00063001","1982-06","-33.1944","149.0083","700.0","ORANGE ADAIR, AS","5",",a","4",",a","0",",a","12.8",",,a,21,","35.0",",,,a"
"ASN00063001","1982-07","-33.1944","149.0083","700.0","ORANGE ADAIR, AS","5",",a","3",",a","0",",a","17.6",",,a,23,","40.4",",,,a"
"ASN00063001","1982-08","-33.1944","149.0083","700.0","ORANGE ADAIR, AS","0",",a","0",",a","0",",a","0.0",",,a,31,+","0.0",",,,a"
"ASN00063001","1982-09","-33.1944","149.0083","700.0","ORANGE ADAIR, AS","9",",a","5",",a","0",",a","6.4",",,a,18,","29.2",",,,a"
"ASN00063001","1982-10","-33.1944","149.0083","700.0","ORANGE ADAIR, AS","4",",a","2",",a","0",",a","4.0",",,a,17,","10.8",",,,a"
"ASN00063001","1982-11","-33.1944","149.0083","700.0","ORANGE ADAIR, AS","1",",a","1",",a","0",",a","18.4",",,a,17,","18.4",",,,a"
"ASN00063001","1982-12","-33.1944","149.0083","700.0","ORANGE ADAIR, AS","4",",a","1",",a","0",",a","3.0",",,a,01,","7.0",",,,a"
"ASN00063001","1983-01","-33.1944","149.0083","700.0","ORANGE ADAIR, AS","4",",a","4",",a","1",",a","30.4",",,a,26,","61.8",",,,a"
"ASN00063001","1983-02","-33.1944","149.0083","700.0","ORANGE ADAIR, AS","2",",a","2",",a","0",",a","4.2",",,a,04,","7.2",",,,a"
"ASN00063001","1983-03","-33.1944","149.0083","700.0","ORANGE ADAIR, AS","3",",a","3",",a","0",",a","18.6",",,a,20,","34.6",",,,a"
"ASN00063001","1983-04","-33.1944","149.0083","700.0","ORANGE ADAIR, AS","7",",a","6",",a","0",",a","20.2",",,a,23,","63.2",",,,a"
"ASN00063001","1983-05","-33.1944","149.0083","700.0","ORANGE ADAIR, AS","13",",a","7",",a","1",",a","25.4",",,a,28,","113.0",",,,a"
"ASN00063001","1983-06","-33.1944","149.0083","700.0","ORANGE ADAIR, AS","4",",a","2",",a","0",",a","5.4",",,a,17,","13.4",",,,a"
"ASN00063001","1983-07","-33.1944","149.0083","700.0","ORANGE ADAIR, AS","8",",a","7",",a","0",",a","16.0",",,a,28,","54.0",",,,a"
"ASN00063001","1986-02","-33.1944","149.0083","700.0","ORANGE ADAIR, AS","1",",a","1",",a","0",",a","5.0",",,a,11,","5.0",",,,a"
"ASN00063001","1986-03","-33.1944","149.0083","700.0","ORANGE ADAIR, AS","0",",a","0",",a","0",",a","0.0",",,a,31,+","0.0",",,,a"
"ASN00063001","1986-04","-33.1944","149.0083","700.0","ORANGE ADAIR, AS","2",",a","2",",a","0",",a","10.0",",,a,16,","15.0",",,,a"
"ASN00063001","1993-01","-33.1944","149.0083","700.0","ORANGE ADAIR, AS","7",",a","4",",a","0",",a","10.0",",,a,16,","33.0",",,,a"
"ASN00063001","1993-02","-33.1944","149.0083","700.0","ORANGE ADAIR, AS","4",",a","3",",a","0",",a","20.0",",,a,21,","39.0",",,,a"
"ASN00063001","1993-03","-33.1944","149.0083","700.0","ORANGE ADAIR, AS","3","2,a","3","2,a","0","2,a","17.0","2,,a,09,","52.4",",a,,a"
"ASN00063001","1993-04","-33.1944","149.0083","700.0","ORANGE ADAIR, AS","1",",a","1",",a","0",",a","20.0",",,a,06,","20.0",",,,a"
"ASN00063001","1994-08","-33.1944","149.0083","700.0","ORANGE ADAIR, AS","3",",a","2",",a","0",",a","13.0",",,a,31,","24.0",",,,a"
"ASN00063001","1994-09","-33.1944","149.0083","700.0","ORANGE ADAIR, AS","4",",a","3",",a","0",",a","8.0",",,a,06,","24.0",",,,a"
"ASN00063001","1994-10","-33.1944","149.0083","700.0","ORANGE ADAIR, AS","","","","","","","","","44.0",",a,,a"
"ASN00063001","1994-11","-33.1944","149.0083","700.0","ORANGE ADAIR, AS","10",",a","9",",a","0",",a","13.0",",,a,26,","72.5",",,,a"
"ASN00063001","1994-12","-33.1944","149.0083","700.0","ORANGE ADAIR, AS","4",",a","3",",a","2",",a","42.1",",,a,25,","106.1",",,,a"
"ASN00063001","1995-01","-33.1944","149.0083","700.0","ORANGE ADAIR, AS","9",",a","8",",a","3",",a","46.5",",,a,29,","163.0",",,,a"
"ASN00063001","1995-02","-33.1944","149.0083","700.0","ORANGE ADAIR, AS","0","4,a","0","4,a","0","4,a","0.0","4,,a,28,+","25.0",",a,,a"
"ASN00063001","1995-03","-33.1944","149.0083","700.0","ORANGE ADAIR, AS","0",",a","0",",a","0",",a","0.0",",,a,31,+","0.0",",,,a"
"ASN00063001","1995-04","-33.1944","149.0083","700.0","ORANGE ADAIR, AS","3",",a","2",",a","0",",a","10.5",",,a,09,","16.0",",,,a"
"ASN00063001","1995-05","-33.1944","149.0083","700.0","ORANGE ADAIR, AS","11",",a","9",",a","2",",a","26.5",",,a,14,","130.0",",,,a"
"ASN00063001","1995-06","-33.1944","149.0083","700.0","ORANGE ADAIR, AS","5",",a","5",",a","0",",a","23.0",",,a,11,","46.5",",,,a"
"ASN00063001","1995-07","-33.1944","149.0083","700.0","ORANGE ADAIR, AS","7",",a","7",",a","1",",a","33.5",",,a,14,","108.0",",,,a"
"ASN00063001","1995-08","-33.1944","149.0083","700.0","ORANGE ADAIR, AS","4",",a","3",",a","0",",a","5.5",",,a,04,","14.0",",,,a"
"ASN00063001","1995-09","-33.1944","149.0083","700.0","ORANGE ADAIR, AS","8",",a","6",",a","0",",a","13.0",",,a,21,","54.5",",,,a"
"ASN00063001","1995-10","-33.1944","149.0083","700.0","ORANGE ADAIR, AS","5",",a","4",",a","0",",a","9.5",",,a,03,","29.5",",,,a"
"ASN00063001","1995-11","-33.1944","149.0083","700.0","ORANGE ADAIR, AS","5",",a","5",",a","1",",a","88.0",",,a,20,","117.0",",,,a"
"ASN00063001","1995-12","-33.1944","149.0083","700.0","ORANGE ADAIR, AS","4",",a","4",",a","0",",a","25.0",",,a,01,","65.5",",,,a"
"ASN00063001","1996-01","-33.1944","149.0083","700.0","ORANGE ADAIR, AS","6",",a","5",",a","2",",a","32.0",",,a,24,+","102.0",",,,a"
"ASN00063001","1996-02","-33.1944","149.0083","700.0","ORANGE ADAIR, AS","2",",a","2",",a","0",",a","21.5",",,a,10,","41.5",",,,a"
"ASN00063001","1996-03","-33.1944","149.0083","700.0","ORANGE ADAIR, AS","2",",a","2",",a","0",",a","18.5",",,a,05,","30.0",",,,a"
"ASN00063001","1996-04","-33.1944","149.0083","700.0","ORANGE ADAIR, AS","1",",a","1",",a","0",",a","2.5",",,a,03,","2.5",",,,a"
"ASN00063001","1996-05","-33.1944","149.0083","700.0","ORANGE ADAIR, AS","2",",a","2",",a","1",",a","32.0",",,a,06,","35.5",",,,a"
"ASN00063001","1996-06","-33.1944","149.0083","700.0","ORANGE ADAIR, AS","4",",a","4",",a","2",",a","77.0",",,a,23,","133.5",",,,a"
"ASN00063001","1996-07","-33.1944","149.0083","700.0","ORANGE ADAIR, AS","","","","","","","","","151.0",",a,,a"
"ASN00063001","1996-08","-33.1944","149.0083","700.0","ORANGE ADAIR, AS","3","3,a","3","3,a","2","3,a","70.5","3,,a,30,","134.0",",a,,a"
"ASN00063001","1996-09","-33.1944","149.0083","700.0","ORANGE ADAIR, AS","3",",a","3",",a","1",",a","44.0",",,a,30,","67.5",",,,a"
"ASN00063001","1996-10","-33.1944","149.0083","700.0","ORANGE ADAIR, AS","","","","","","","","","94.5",",a,,a"
"ASN00063001","1996-11","-33.1944","149.0083","700.0","ORANGE ADAIR, AS","","","","","","","","","44.5",",a,,a"
"ASN00063001","1996-12","-33.1944","149.0083","700.0","ORANGE ADAIR, AS","","","","","","","","","105.5",",a,,a"
"ASN00063001","1997-01","-33.1944","149.0083","700.0","ORANGE ADAIR, AS","4",",a","4",",a","1",",a","38.0",",,a,27,","63.0",",,,a"
"ASN00063001","1997-02","-33.1944","149.0083","700.0","ORANGE ADAIR, AS","1",",a","1",",a","1",",a","104.0",",,a,12,","104.0",",,,a"
"ASN00063001","1997-03","-33.1944","149.0083","700.0","ORANGE ADAIR, AS","0",",a","0",",a","0",",a","0.0",",,a,31,+","0.0",",,,a"
"ASN00063001","1997-04","-33.1944","149.0083","700.0","ORANGE ADAIR, AS","1",",a","0",",a","0",",a","2.0",",,a,25,","2.0",",,,a"
"ASN00063001","1997-05","-33.1944","149.0083","700.0","ORANGE ADAIR, AS","","","","","","","","","74.5",",a,,a"
"ASN00063001","1997-06","-33.1944","149.0083","700.0","ORANGE ADAIR, AS","","","","","","","","","20.0",",a,,a"
"ASN00063001","1997-07","-33.1944","149.0083","700.0","ORANGE ADAIR, AS","0","4,a","0","4,a","0","4,a","0.0","4,,a,31,+","38.5",",a,,a"
"ASN00063001","1997-08","-33.1944","149.0083","700.0","ORANGE ADAIR, AS","3",",a","2",",a","0",",a","19.0",",,a,10,","39.0",",,,a"
"ASN00063001","1997-09","-33.1944","149.0083","700.0","ORANGE ADAIR, AS","","","","","","","","","85.0",",a,,a"
"ASN00063001","1997-10","-33.1944","149.0083","700.0","ORANGE ADAIR, AS","2",",a","2",",a","1",",a","36.0",",,a,07,","50.5",",,,a"
"ASN00063001","1997-11","-33.1944","149.0083","700.0","ORANGE ADAIR, AS","2",",a","2",",a","0",",a","8.0",",,a,15,","10.5",",,,a"
"ASN00063001","1997-12","-33.1944","149.0083","700.0","ORANGE ADAIR, AS","0","3,a","0","3,a","0","3,a","0.0","3,,a,31,+","80.0",",a,,a"
"ASN00063001","1998-02","-33.1944","149.0083","700.0","ORANGE ADAIR, AS","1",",a","0",",a","0",",a","2.0",",,a,28,","2.0",",,,a"
"ASN00063001","1998-03","-33.1944","149.0083","700.0","ORANGE ADAIR, AS","1",",a","1",",a","0",",a","8.0",",,a,03,","8.0",",,,a"
"ASN00063001","1998-05","-33.1944","149.0083","700.0","ORANGE ADAIR, AS","","","","","","","","","43.0",",a,,a"
"ASN00063001","1998-10","-33.1944","149.0083","700.0","ORANGE ADAIR, AS","0","2,a","0","2,a","0","2,a","0.0","2,,a,31,+","9.0",",a,,a"
"ASN00063001","1998-11","-33.1944","149.0083","700.0","ORANGE ADAIR, AS","1","3,a","1","3,a","0","3,a","12.5","3,,a,08,","12.5","3,,,a"
"ASN00063001","1999-01","-33.1944","149.0083","700.0","ORANGE ADAIR, AS","2",",a","0",",a","0",",a","2.0",",,a,19,+","4.0",",,,a"
"ASN00063001","1999-02","-33.1944","149.0083","700.0","ORANGE ADAIR, AS","1",",a","0",",a","0",",a","2.0",",,a,24,","2.0",",,,a"
"ASN00063001","1999-04","-33.1944","149.0083","700.0","ORANGE ADAIR, AS","3",",a","2",",a","0",",a","8.5",",,a,20,","14.0",",,,a"
"ASN00063001","1999-05","-33.1944","149.0083","700.0","ORANGE ADAIR, AS","2","2,a","2","2,a","0","2,a","10.0","2,,a,31,","36.0",",a,,a"
"ASN00063001","1999-06","-33.1944","149.0083","700.0","ORANGE ADAIR, AS","","","","","","","","","32.0",",a,,a"
"ASN00063001","1999-08","-33.1944","149.0083","700.0","ORANGE ADAIR, AS","4",",a","3",",a","0",",a","11.0",",,a,14,","26.0",",,,a"
"ASN00063001","2000-01","-33.1944","149.0083","700.0","ORANGE ADAIR, AS","2","3,a","0","3,a","0","3,a","2.0","3,,a,26,+","4.0","3,,,a"
"ASN00063001","2000-02","-33.1944","149.0083","700.0","ORANGE ADAIR, AS","4","1,a","2","1,a","0","1,a","4.0","1,,a,23,","10.0","1,,,a"
"ASN00063001","2000-06","-33.1944","149.0083","700.0","ORANGE ADAIR, AS","","","","","","","","","37.0",",a,,a"
"ASN00063001","2000-07","-33.1944","149.0083","700.0","ORANGE ADAIR, AS","","","","","","","","","42.5",",a,,a"
"ASN00063001","2000-08","-33.1944","149.0083","700.0","ORANGE ADAIR, AS","","","","","","","","","83.5",",a,,a"
"ASN00063001","2000-09","-33.1944","149.0083","700.0","ORANGE ADAIR, AS","1","4,a","1","4,a","0","4,a","24.0","4,,a,02,","35.0",",a,,a"
"ASN00063001","2000-10","-33.1944","149.0083","700.0","ORANGE ADAIR, AS","4","5,a","4","5,a","0","5,a","12.0","5,,a,19,","58.0",",a,,a"
"ASN00063001","2000-12","-33.1944","149.0083","700.0","ORANGE ADAIR, AS","2",",a","2",",a","0",",a","12.0",",,a,01,","20.0",",,,a"
