"STATION","DATE","LATITUDE","LONGITUDE","ELEVATION","NAME","DP01","DP01_ATTRIBUTES","DP10","DP10_ATTRIBUTES","DP1X","DP1X_ATTRIBUTES","EMXP","EMXP_ATTRIBUTES","PRCP","PRCP_ATTRIBUTES"
"BR00B6-0220","1943-05","-20.73","-49.58","530.0","BALSAMO, BR","0",",I","0",",I","0",",I","0.0",",,I,31,+","0.0",",,,I"
"BR00B6-0220","1943-06","-20.73","-49.58","530.0","BALSAMO, BR","4",",I","4",",I","4",",I","90.0",",,I,11,","280.0",",,,I"
"BR00B6-0220","1943-07","-20.73","-49.58","530.0","BALSAMO, BR","0",",I","0",",I","0",",I","0.0",",,I,31,+","0.0",",,,I"
"BR00B6-0220","1943-08","-20.73","-49.58","530.0","BALSAMO, BR","0",",I","0",",I","0",",I","0.0",",,I,31,+","0.0",",,,I"
"BR00B6-0220","1944-05","-20.73","-49.58","530.0","BALSAMO, BR","0",",I","0",",I","0",",I","0.0",",,I,31,+","0.0",",,,I"
"BR00B6-0220","1944-06","-20.73","-49.58","530.0","BALSAMO, BR","1",",I","0",",I","0",",I","0.8",",,I,05,","0.8",",,,I"
"BR00B6-0220","1944-07","-20.73","-49.58","530.0","BALSAMO, BR","0",",I","0",",I","0",",I","0.0",",,I,31,+","0.0",",,,I"
"BR00B6-0220","1944-08","-20.73","-49.58","530.0","BALSAMO, BR","0",",I","0",",I","0",",I","0.0",",,I,31,+","0.0",",,,I"
"BR00B6-0220","1945-05","-20.73","-49.58","530.0","BALSAMO, BR","0",",I","0",",I","0",",I","0.0",",,I,31,+","0.0",",,,I"
"BR00B6-0220","1945-08","-20.73","-49.58","530.0","BALSAMO, BR","0",",I","0",",I","0",",I","0.0",",,I,31,+","0.0",",,,I"
"BR00B6-0220","1946-04","-20.73","-49.58","530.0","BALSAMO, BR","0",",I","0",",I","0",",I","0.0",",,I,30,+","0.0",",,,I"
"BR00B6-0220","1946-05","-20.73","-49.58","530.0","BALSAMO, BR","0",",I","0",",I","0",",I","0.0",",,I,31,+","0.0",",,,I"
"BR00B6-0220","1946-06","-20.73","-49.58","530.0","BALSAMO, BR","0",",I","0",",I","0",",I","0.0",",,I,30,+","0.0",",,,I"
"BR00B6-0220","1947-04","-20.73","-49.58","530.0","BALSAMO, BR","0",",I","0",",I","0",",I","0.0",",,I,30,+","0.0",",,,I"
"BR00B6-0220","1947-06","-20.73","-49.58","530.0","BALSAMO, BR","0",",I","0",",I","0",",I","0.0",",,I,30,+","0.0",",,,I"
"BR00B6-0220","1948-06","-20.73","-49.58","530.0","BALSAMO, BR","0",",I","0",",I","0",",I","0.0",",,I,30,+","0.0",",,,I"
"BR00B6-0220","1948-08","-20.73","-49.58","530.0","BALSAMO, BR","0",",I","0",",I","0",",I","0.0",",,I,31,+","0.0",",,,I"
"BR00B6-0220","1949-06","-20.73","-49.58","530.0","BALSAMO, BR","0",",I","0",",I","0",",I","0.0",",,I,30,+","0.0",",,,I"
"BR00B6-0220","1949-07","-20.73","-49.58","530.0","BALSAMO, BR","0",",I","0",",I","0",",I","0.0",",,I,31,+","0.0",",,,I"
"BR00B6-0220","1949-08","-20.73","-49.58","530.0","BALSAMO, BR","0",",I","0",",I","0",",I","0.0",",,I,31,+","0.0",",,,I"
"BR00B6-0220","1950-06","-20.73","-49.58","530.0","BALSAMO, BR","3",",I","0",",I","0",",I","1.3",",,I,09,","2.3",",,,I"
"BR00B6-0220","1950-08","-20.73","-49.58","530.0","BALSAMO, BR","0",",I","0",",I","0",",I","0.0",",,I,31,+","0.0",",,,I"
"BR00B6-0220","1951-07","-20.73","-49.58","530.0","BALSAMO, BR","0",",I","0",",I","0",",I","0.0",",,I,31,+","0.0",",,,I"
"BR00B6-0220","1951-10","-20.73","-49.58","530.0","BALSAMO, BR","8",",I","6",",I","3",",I","43.0",",,I,16,","153.5",",,,I"
"BR00B6-0220","1951-11","-20.73","-49.58","530.0","BALSAMO, BR","5",",I","4",",I","1",",I","50.0",",,I,25,","114.6",",,,I"
"BR00B6-0220","1951-12","-20.73","-49.58","530.0","BALSAMO, BR","4",",I","2",",I","0",",I","13.0",",,I,03,","26.3",",,,I"
"BR00B6-0220","1952-01","-20.73","-49.58","530.0","BALSAMO, BR","7",",I","6",",I","3",",I","51.5",",,I,16,","135.5",",,,I"
"BR00B6-0220","1952-02","-20.73","-49.58","530.0","BALSAMO, BR","16",",I","9",",I","3",",I","38.0",",,I,07,","143.6",",,,I"
"BR00B6-0220","1952-03","-20.73","-49.58","530.0","BALSAMO, BR","14",",I","14",",I","3",",I","90.0",",,I,10,","288.1",",,,I"
"BR00B6-0220","1952-04","-20.73","-49.58","530.0","BALSAMO, BR","3",",I","3",",I","1",",I","55.0",",,I,01,","78.0",",,,I"
"BR00B6-0220","1952-05","-20.73","-49.58","530.0","BALSAMO, BR","0",",I","0",",I","0",",I","0.0",",,I,31,+","0.0",",,,I"
"BR00B6-0220","1952-06","-20.73","-49.58","530.0","BALSAMO, BR","4",",I","4",",I","0",",I","18.0",",,I,18,","60.0",",,,I"
"BR00B6-0220","1952-07","-20.73","-49.58","530.0","BALSAMO, BR","0",",I","0",",I","0",",I","0.0",",,I,31,+","0.0",",,,I"
"BR00B6-0220","1952-08","-20.73","-49.58","530.0","BALSAMO, BR","0",",I","0",",I","0",",I","0.0",",,I,31,+","0.0",",,,I"
"BR00B6-0220","1952-09","-20.73","-49.58","530.0","BALSAMO, BR","4",",I","3",",I","0",",I","10.0",",,I,19,","22.5",",,,I"
"BR00B6-0220","1952-10","-20.73","-49.58","530.0","BALSAMO, BR","10",",I","10",",I","6",",I","60.0",",,I,29,","257.0",",,,I"
"BR00B6-0220","1952-11","-20.73","-49.58","530.0","BALSAMO, BR","8",",I","6",",I","1",",I","28.0",",,I,11,","108.9",",,,I"
"BR00B6-0220","1952-12","-20.73","-49.58","530.0","BALSAMO, BR","4",",I","4",",I","2",",I","67.5",",,I,01,","129.5",",,,I"
"BR00B6-0220","1953-01","-20.73","-49.58","530.0","BALSAMO, BR","14",",I","11",",I","4",",I","74.0",",,I,29,","256.0",",,,I"
"BR00B6-0220","1953-02","-20.73","-49.58","530.0","BALSAMO, BR","5",",I","5",",I","4",",I","59.0",",,I,20,","184.0",",,,I"
"BR00B6-0220","1953-03","-20.73","-49.58","530.0","BALSAMO, BR","14",",I","10",",I","1",",I","40.0",",,I,22,","147.2",",,,I"
"BR00B6-0220","1953-04","-20.73","-49.58","530.0","BALSAMO, BR","2",",I","2",",I","0",",I","25.0",",,I,08,","48.0",",,,I"
"BR00B6-0220","1953-05","-20.73","-49.58","530.0","BALSAMO, BR","5",",I","5",",I","1",",I","32.2",",,I,12,","81.8",",,,I"
"BR00B6-0220","1953-06","-20.73","-49.58","530.0","BALSAMO, BR","2",",I","2",",I","0",",I","16.0",",,I,10,","29.0",",,,I"
"BR00B6-0220","1953-07","-20.73","-49.58","530.0","BALSAMO, BR","1",",I","1",",I","0",",I","18.0",",,I,10,","18.0",",,,I"
"BR00B6-0220","1953-08","-20.73","-49.58","530.0","BALSAMO, BR","0",",I","0",",I","0",",I","0.0",",,I,31,+","0.0",",,,I"
"BR00B6-0220","1953-09","-20.73","-49.58","530.0","BALSAMO, BR","4",",I","4",",I","1",",I","35.0",",,I,16,","55.0",",,,I"
"BR00B6-0220","1953-10","-20.73","-49.58","530.0","BALSAMO, BR","3",",I","3",",I","0",",I","19.0",",,I,05,","35.2",",,,I"
"BR00B6-0220","1953-11","-20.73","-49.58","530.0","BALSAMO, BR","10",",I","8",",I","1",",I","34.0",",,I,18,","99.5",",,,I"
"BR00B6-0220","1953-12","-20.73","-49.58","530.0","BALSAMO, BR","8",",I","6",",I","1",",I","56.0",",,I,12,","131.0",",,,I"
"BR00B6-0220","1954-01","-20.73","-49.58","530.0","BALSAMO, BR","7",",I","7",",I","0",",I","25.0",",,I,04,","94.5",",,,I"
"BR00B6-0220","1954-02","-20.73","-49.58","530.0","BALSAMO, BR","10",",I","8",",I","2",",I","51.0",",,I,07,","158.0",",,,I"
"BR00B6-0220","1954-03","-20.73","-49.58","530.0","BALSAMO, BR","10",",I","10",",I","0",",I","15.0",",,I,01,","80.0",",,,I"
"BR00B6-0220","1954-04","-20.73","-49.58","530.0","BALSAMO, BR","0",",I","0",",I","0",",I","0.0",",,I,30,+","0.0",",,,I"
"BR00B6-0220","1954-05","-20.73","-49.58","530.0","BALSAMO, BR","12",",I","10",",I","0",",I","8.0",",,I,07,","53.0",",,,I"
"BR00B6-0220","1954-06","-20.73","-49.58","530.0","BALSAMO, BR","4",",I","3",",I","0",",I","6.0",",,I,05,","15.0",",,,I"
"BR00B6-0220","1954-07","-20.73","-49.58","530.0","BALSAMO, BR","0",",I","0",",I","0",",I","0.0",",,I,31,+","0.0",",,,I"
"BR00B6-0220","1954-10","-20.73","-49.58","530.0","BALSAMO, BR","1","1,I","1","1,I","1","1,I","90.0","1,,I,02,","90.0","1,,,I"
"BR00B6-0220","1955-01","-20.73","-49.58","530.0","BALSAMO, BR","14",",I","14",",I","3",",I","62.2",",,I,10,","297.7",",,,I"
"BR00B6-0220","1955-02","-20.73","-49.58","530.0","BALSAMO, BR","5",",I","4",",I","0",",I","9.0",",,I,24,","26.5",",,,I"
"BR00B6-0220","1955-03","-20.73","-49.58","530.0","BALSAMO, BR","13",",I","12",",I","5",",I","41.2",",,I,15,","224.6",",,,I"
"BR00B6-0220","1955-04","-20.73","-49.58","530.0","BALSAMO, BR","4",",I","2",",I","1",",I","40.0",",,I,16,","47.2",",,,I"
"BR00B6-0220","1955-05","-20.73","-49.58","530.0","BALSAMO, BR","2",",I","2",",I","0",",I","11.5",",,I,20,","15.6",",,,I"
"BR00B6-0220","1955-06","-20.73","-49.58","530.0","BALSAMO, BR","2",",I","1",",I","0",",I","6.9",",,I,09,","8.4",",,,I"
"BR00B6-0220","1955-07","-20.73","-49.58","530.0","BALSAMO, BR","0",",I","0",",I","0",",I","0.0",",,I,31,+","0.0",",,,I"
"BR00B6-0220","1955-08","-20.73","-49.58","530.0","BALSAMO, BR","2",",I","2",",I","0",",I","22.7",",,I,27,","30.9",",,,I"
"BR00B6-0220","1955-09","-20.73","-49.58","530.0","BALSAMO, BR","0",",I","0",",I","0",",I","0.0",",,I,30,+","0.0",",,,I"
"BR00B6-0220","1955-10","-20.73","-49.58","530.0","BALSAMO, BR","6",",I","5",",I","1",",I","43.2",",,I,28,","101.4",",,,I"
"BR00B6-0220","1955-11","-20.73","-49.58","530.0","BALSAMO, BR","4",",I","4",",I","2",",I","57.5",",,I,03,","103.4",",,,I"
"BR00B6-0220","1955-12","-20.73","-49.58","530.0","BALSAMO, BR","13",",I","12",",I","2",",I","75.2",",,I,28,","235.3",",,,I"
"BR00B6-0220","1956-01","-20.73","-49.58","530.0","BALSAMO, BR","6",",I","6",",I","4",",I","58.7",",,I,03,","158.5",",,,I"
"BR00B6-0220","1956-02","-20.73","-49.58","530.0","BALSAMO, BR","10",",I","8",",I","1",",I","42.5",",,I,25,","103.0",",,,I"
"BR00B6-0220","1956-03","-20.73","-49.58","530.0","BALSAMO, BR","4",",I","4",",I","0",",I","20.2",",,I,25,","58.6",",,,I"
"BR00B6-0220","1956-04","-20.73","-49.58","530.0","BALSAMO, BR","6",",I","6",",I","2",",I","31.7",",,I,28,","88.6",",,,I"
"BR00B6-0220","1956-05","-20.73","-49.58","530.0","BALSAMO, BR","7",",I","2",",I","2",",I","47.0",",,I,26,","81.0",",,,I"
"BR00B6-0220","1956-06","-20.73","-49.58","530.0","BALSAMO, BR","11",",I","8",",I","1",",I","41.7",",,I,01,","84.1",",,,I"
"BR00B6-0220","1956-07","-20.73","-49.58","530.0","BALSAMO, BR","6",",I","6",",I","0",",I","17.3",",,I,21,","51.5",",,,I"
"BR00B6-0220","1956-08","-20.73","-49.58","530.0","BALSAMO, BR","3",",I","3",",I","0",",I","11.5",",,I,04,","25.2",",,,I"
"BR00B6-0220","1956-09","-20.73","-49.58","530.0","BALSAMO, BR","4",",I","3",",I","2",",I","51.0",",,I,11,","96.5",",,,I"
"BR00B6-0220","1956-10","-20.73","-49.58","530.0","BALSAMO, BR","5",",I","5",",I","2",",I","40.0",",,I,30,","109.0",",,,I"
"BR00B6-0220","1956-11","-20.73","-49.58","530.0","BALSAMO, BR","5",",I","4",",I","1",",I","35.6",",,I,22,","52.2",",,,I"
"BR00B6-0220","1956-12","-20.73","-49.58","530.0","BALSAMO, BR","9",",I","8",",I","1",",I","85.1",",,I,24,","146.0",",,,I"
"BR00B6-0220","1957-01","-20.73","-49.58","530.0","BALSAMO, BR","14",",I","10",",I","3",",I","66.4",",,I,12,","238.7",",,,I"
"BR00B6-0220","1957-02","-20.73","-49.58","530.0","BALSAMO, BR","11",",I","9",",I","3",",I","50.3",",,I,16,","214.7",",,,I"
"BR00B6-0220","1957-03","-20.73","-49.58","530.0","BALSAMO, BR","12",",I","8",",I","5",",I","55.9",",,I,17,","219.0",",,,I"
"BR00B6-0220","1957-04","-20.73","-49.58","530.0","BALSAMO, BR","9",",I","9",",I","2",",I","43.0",",,I,02,","156.9",",,,I"
"BR00B6-0220","1957-05","-20.73","-49.58","530.0","BALSAMO, BR","5",",I","4",",I","0",",I","11.0",",,I,15,","23.2",",,,I"
"BR00B6-0220","1957-06","-20.73","-49.58","530.0","BALSAMO, BR","1",",I","1",",I","0",",I","5.3",",,I,08,","5.5",",,,I"
"BR00B6-0220","1957-07","-20.73","-49.58","530.0","BALSAMO, BR","8",",I","7",",I","3",",I","40.0",",,I,18,","117.9",",,,I"
"BR00B6-0220","1957-08","-20.73","-49.58","530.0","BALSAMO, BR","3",",I","3",",I","0",",I","22.0",",,I,17,","41.1",",,,I"
"BR00B6-0220","1957-09","-20.73","-49.58","530.0","BALSAMO, BR","6",",I","4",",I","1",",I","31.5",",,I,25,","62.4",",,,I"
"BR00B6-0220","1957-10","-20.73","-49.58","530.0","BALSAMO, BR","6",",I","3",",I","3",",I","41.4",",,I,30,","99.6",",,,I"
"BR00B6-0220","1957-11","-20.73","-49.58","530.0","BALSAMO, BR","13",",I","11",",I","2",",I","41.1",",,I,24,","180.8",",,,I"
"BR00B6-0220","1957-12","-20.73","-49.58","530.0","BALSAMO, BR","13",",I","12",",I","5",",I","62.1",",,I,15,","298.1",",,,I"
"BR00B6-0220","1958-01","-20.73","-49.58","530.0","BALSAMO, BR","14",",I","13",",I","6",",I","88.0",",,I,25,","437.7",",,,I"
"BR00B6-0220","1958-02","-20.73","-49.58","530.0","BALSAMO, BR","12",",I","10",",I","4",",I","107.4",",,I,28,","256.5",",,,I"
"BR00B6-0220","1958-03","-20.73","-49.58","530.0","BALSAMO, BR","8",",I","7",",I","0",",I","19.4",",,I,04,","101.2",",,,I"
"BR00B6-0220","1958-04","-20.73","-49.58","530.0","BALSAMO, BR","6",",I","5",",I","2",",I","34.8",",,I,13,","95.2",",,,I"
"BR00B6-0220","1958-05","-20.73","-49.58","530.0","BALSAMO, BR","8",",I","7",",I","0",",I","25.3",",,I,23,","108.9",",,,I"
"BR00B6-0220","1958-06","-20.73","-49.58","530.0","BALSAMO, BR","3",",I","3",",I","1",",I","57.4",",,I,15,","82.0",",,,I"
"BR00B6-0220","1958-07","-20.73","-49.58","530.0","BALSAMO, BR","2",",I","2",",I","0",",I","11.3",",,I,16,","16.8",",,,I"
"BR00B6-0220","1958-08","-20.73","-49.58","530.0","BALSAMO, BR","2",",I","2",",I","0",",I","6.0",",,I,05,","11.5",",,,I"
"BR00B6-0220","1958-09","-20.73","-49.58","530.0","BALSAMO, BR","6",",I","5",",I","0",",I","14.3",",,I,14,","46.1",",,,I"
"BR00B6-0220","1958-10","-20.73","-49.58","530.0","BALSAMO, BR","10",",I","9",",I","2",",I","36.2",",,I,23,","158.1",",,,I"
"BR00B6-0220","1958-11","-20.73","-49.58","530.0","BALSAMO, BR","7",",I","6",",I","2",",I","51.5",",,I,23,","115.9",",,,I"
"BR00B6-0220","1958-12","-20.73","-49.58","530.0","BALSAMO, BR","11",",I","10",",I","1",",I","37.5",",,I,20,","136.5",",,,I"
"BR00B6-0220","1959-01","-20.73","-49.58","530.0","BALSAMO, BR","18",",I","13",",I","1",",I","31.0",",,I,23,","217.1",",,,I"
"BR00B6-0220","1959-02","-20.73","-49.58","530.0","BALSAMO, BR","10",",I","6",",I","3",",I","45.0",",,I,03,","161.8",",,,I"
"BR00B6-0220","1959-03","-20.73","-49.58","530.0","BALSAMO, BR","15",",I","12",",I","2",",I","67.5",",,I,19,","176.6",",,,I"
"BR00B6-0220","1959-04","-20.73","-49.58","530.0","BALSAMO, BR","3",",I","2",",I","1",",I","39.1",",,I,04,","55.6",",,,I"
"BR00B6-0220","1959-05","-20.73","-49.58","530.0","BALSAMO, BR","3",",I","2",",I","0",",I","10.0",",,I,19,","13.3",",,,I"
"BR00B6-0220","1959-06","-20.73","-49.58","530.0","BALSAMO, BR","2",",I","1",",I","1",",I","26.2",",,I,06,","26.8",",,,I"
"BR00B6-0220","1959-07","-20.73","-49.58","530.0","BALSAMO, BR","0",",I","0",",I","0",",I","0.0",",,I,31,+","0.0",",,,I"
"BR00B6-0220","1959-08","-20.73","-49.58","530.0","BALSAMO, BR","4",",I","3",",I","0",",I","14.6",",,I,01,","33.3",",,,I"
"BR00B6-0220","1959-09","-20.73","-49.58","530.0","BALSAMO, BR","1",",I","1",",I","0",",I","11.1",",,I,26,","11.1",",,,I"
"BR00B6-0220","1959-10","-20.73","-49.58","530.0","BALSAMO, BR","11",",I","9",",I","2",",I","53.1",",,I,21,","150.7",",,,I"
"BR00B6-0220","1959-11","-20.73","-49.58","530.0","BALSAMO, BR","11",",I","10",",I","5",",I","49.0",",,I,10,","234.3",",,,I"
"BR00B6-0220","1959-12","-20.73","-49.58","530.0","BALSAMO, BR","6",",I","6",",I","3",",I","89.3",",,I,10,","213.1",",,,I"
"BR00B6-0220","1960-01","-20.73","-49.58","530.0","BALSAMO, BR","14",",I","13",",I","2",",I","46.0",",,I,19,","196.5",",,,I"
"BR00B6-0220","1960-02","-20.73","-49.58","530.0","BALSAMO, BR","16",",I","15",",I","6",",I","100.3",",,I,21,","465.8",",,,I"
"BR00B6-0220","1960-03","-20.73","-49.58","530.0","BALSAMO, BR","6",",I","4",",I","1",",I","34.3",",,I,22,","64.1",",,,I"
"BR00B6-0220","1960-04","-20.73","-49.58","530.0","BALSAMO, BR","8",",I","7",",I","1",",I","41.5",",,I,20,","92.6",",,,I"
"BR00B6-0220","1960-05","-20.73","-49.58","530.0","BALSAMO, BR","6",",I","6",",I","1",",I","29.0",",,I,02,","89.6",",,,I"
"BR00B6-0220","1960-06","-20.73","-49.58","530.0","BALSAMO, BR","4",",I","4",",I","1",",I","40.2",",,I,15,","86.5",",,,I"
"BR00B6-0220","1960-07","-20.73","-49.58","530.0","BALSAMO, BR","0",",I","0",",I","0",",I","0.0",",,I,31,+","0.0",",,,I"
"BR00B6-0220","1960-08","-20.73","-49.58","530.0","BALSAMO, BR","2",",I","1",",I","0",",I","23.4",",,I,16,","23.9",",,,I"
"BR00B6-0220","1960-09","-20.73","-49.58","530.0","BALSAMO, BR","1",",I","0",",I","0",",I","0.5",",,I,30,","0.5",",,,I"
"BR00B6-0220","1960-10","-20.73","-49.58","530.0","BALSAMO, BR","11",",I","8",",I","1",",I","29.3",",,I,02,","121.4",",,,I"
"BR00B6-0220","1960-11","-20.73","-49.58","530.0","BALSAMO, BR","10",",I","9",",I","3",",I","70.5",",,I,21,","210.7",",,,I"
"BR00B6-0220","1960-12","-20.73","-49.58","530.0","BALSAMO, BR","10",",I","8",",I","3",",I","44.2",",,I,13,","151.2",",,,I"
"BR00B6-0220","1961-01","-20.73","-49.58","530.0","BALSAMO, BR","15",",I","14",",I","4",",I","49.8",",,I,07,","252.6",",,,I"
"BR00B6-0220","1961-02","-20.73","-49.58","530.0","BALSAMO, BR","13",",I","13",",I","4",",I","51.0",",,I,17,","312.3",",,,I"
"BR00B6-0220","1961-03","-20.73","-49.58","530.0","BALSAMO, BR","11",",I","10",",I","2",",I","27.5",",,I,15,+","131.6",",,,I"
"BR00B6-0220","1961-04","-20.73","-49.58","530.0","BALSAMO, BR","9",",I","8",",I","2",",I","46.1",",,I,05,","124.2",",,,I"
"BR00B6-0220","1961-05","-20.73","-49.58","530.0","BALSAMO, BR","2",",I","2",",I","0",",I","19.2",",,I,05,","24.5",",,,I"
"BR00B6-0220","1961-06","-20.73","-49.58","530.0","BALSAMO, BR","0",",I","0",",I","0",",I","0.0",",,I,30,+","0.0",",,,I"
"BR00B6-0220","1961-07","-20.73","-49.58","530.0","BALSAMO, BR","0",",I","0",",I","0",",I","0.0",",,I,31,+","0.0",",,,I"
"BR00B6-0220","1961-08","-20.73","-49.58","530.0","BALSAMO, BR","4",",I","1",",I","0",",I","3.6",",,I,25,","6.0",",,,I"
"BR00B6-0220","1961-09","-20.73","-49.58","530.0","BALSAMO, BR","2",",I","0",",I","0",",I","0.8",",,I,28,","1.3",",,,I"
"BR00B6-0220","1961-10","-20.73","-49.58","530.0","BALSAMO, BR","8",",I","7",",I","1",",I","28.0",",,I,27,","80.1",",,,I"
"BR00B6-0220","1961-11","-20.73","-49.58","530.0","BALSAMO, BR","6",",I","5",",I","1",",I","27.6",",,I,12,","75.0",",,,I"
"BR00B6-0220","1961-12","-20.73","-49.58","530.0","BALSAMO, BR","19",",I","17",",I","3",",I","58.9",",,I,24,","296.0",",,,I"
"BR00B6-0220","1962-01","-20.73","-49.58","530.0","BALSAMO, BR","13",",I","10",",I","1",",I","26.1",",,I,15,","137.6",",,,I"
"BR00B6-0220","1962-02","-20.73","-49.58","530.0","BALSAMO, BR","13",",I","10",",I","2",",I","43.2",",,I,05,","182.5",",,,I"
"BR00B6-0220","1962-03","-20.73","-49.58","530.0","BALSAMO, BR","12",",I","12",",I","2",",I","29.1",",,I,02,","139.5",",,,I"
"BR00B6-0220","1962-04","-20.73","-49.58","530.0","BALSAMO, BR","1",",I","1",",I","0",",I","9.9",",,I,29,","10.1",",,,I"
"BR00B6-0220","1962-05","-20.73","-49.58","530.0","BALSAMO, BR","2",",I","2",",I","0",",I","20.0",",,I,30,","28.0",",,,I"
"BR00B6-0220","1962-06","-20.73","-49.58","530.0","BALSAMO, BR","6",",I","6",",I","2",",I","59.0",",,I,03,","155.5",",,,I"
"BR00B6-0220","1962-07","-20.73","-49.58","530.0","BALSAMO, BR","3",",I","3",",I","2",",I","40.2",",,I,25,","88.0",",,,I"
"BR00B6-0220","1962-08","-20.73","-49.58","530.0","BALSAMO, BR","3",",I","3",",I","0",",I","16.3",",,I,23,","38.7",",,,I"
"BR00B6-0220","1962-09","-20.73","-49.58","530.0","BALSAMO, BR","2",",I","2",",I","1",",I","40.2",",,I,05,","50.4",",,,I"
"BR00B6-0220","1962-10","-20.73","-49.58","530.0","BALSAMO, BR","7",",I","6",",I","2",",I","51.2",",,I,30,","133.8",",,,I"
"BR00B6-0220","1962-11","-20.73","-49.58","530.0","BALSAMO, BR","3",",I","3",",I","0",",I","12.9",",,I,20,","25.1",",,,I"
"BR00B6-0220","1962-12","-20.73","-49.58","530.0","BALSAMO, BR","14",",I","14",",I","3",",I","55.2",",,I,22,","268.8",",,,I"
"BR00B6-0220","1963-01","-20.73","-49.58","530.0","BALSAMO, BR","17",",I","17",",I","6",",I","50.0",",,I,26,","419.3",",,,I"
"BR00B6-0220","1963-02","-20.73","-49.58","530.0","BALSAMO, BR","11",",I","11",",I","2",",I","40.0",",,I,16,","221.6",",,,I"
"BR00B6-0220","1963-03","-20.73","-49.58","530.0","BALSAMO, BR","8",",I","7",",I","0",",I","15.7",",,I,04,","72.4",",,,I"
"BR00B6-0220","1963-04","-20.73","-49.58","530.0","BALSAMO, BR","2",",I","2",",I","0",",I","10.5",",,I,12,","20.6",",,,I"
"BR00B6-0220","1963-05","-20.73","-49.58","530.0","BALSAMO, BR","0",",I","0",",I","0",",I","0.0",",,I,31,+","0.0",",,,I"
"BR00B6-0220","1963-06","-20.73","-49.58","530.0","BALSAMO, BR","0",",I","0",",I","0",",I","0.0",",,I,30,+","0.0",",,,I"
"BR00B6-0220","1963-07","-20.73","-49.58","530.0","BALSAMO, BR","0",",I","0",",I","0",",I","0.0",",,I,31,+","0.0",",,,I"
"BR00B6-0220","1963-08","-20.73","-49.58","530.0","BALSAMO, BR","0",",I","0",",I","0",",I","0.2",",,I,18,","0.2",",,,I"
"BR00B6-0220","1963-09","-20.73","-49.58","530.0","BALSAMO, BR","1",",I","1",",I","0",",I","14.0",",,I,22,","14.0",",,,I"
"BR00B6-0220","1963-10","-20.73","-49.58","530.0","BALSAMO, BR","6",",I","3",",I","0",",I","10.2",",,I,18,","23.7",",,,I"
"BR00B6-0220","1963-11","-20.73","-49.58","530.0","BALSAMO, BR","9",",I","8",",I","1",",I","26.8",",,I,16,","125.2",",,,I"
"BR00B6-0220","1963-12","-20.73","-49.58","530.0","BALSAMO, BR","5",",I","5",",I","1",",I","57.8",",,I,14,","123.6",",,,I"
"BR00B6-0220","1964-01","-20.73","-49.58","530.0","BALSAMO, BR","13",",I","10",",I","2",",I","67.0",",,I,13,","182.1",",,,I"
"BR00B6-0220","1964-02","-20.73","-49.58","530.0","BALSAMO, BR","17",",I","16",",I","6",",I","43.3",",,I,25,","345.0",",,,I"
"BR00B6-0220","1964-03","-20.73","-49.58","530.0","BALSAMO, BR","4",",I","4",",I","2",",I","60.1",",,I,16,","137.0",",,,I"
"BR00B6-0220","1964-04","-20.73","-49.58","530.0","BALSAMO, BR","2",",I","2",",I","1",",I","36.4",",,I,04,","49.9",",,,I"
"BR00B6-0220","1964-05","-20.73","-49.58","530.0","BALSAMO, BR","7",",I","7",",I","1",",I","34.6",",,I,05,","117.8",",,,I"
"BR00B6-0220","1964-06","-20.73","-49.58","530.0","BALSAMO, BR","3",",I","2",",I","0",",I","7.4",",,I,26,","11.9",",,,I"
"BR00B6-0220","1964-07","-20.73","-49.58","530.0","BALSAMO, BR","5",",I","5",",I","0",",I","14.8",",,I,25,","31.9",",,,I"
"BR00B6-0220","1964-08","-20.73","-49.58","530.0","BALSAMO, BR","0",",I","0",",I","0",",I","0.0",",,I,31,+","0.0",",,,I"
"BR00B6-0220","1964-09","-20.73","-49.58","530.0","BALSAMO, BR","5",",I","5",",I","0",",I","25.2",",,I,30,","85.7",",,,I"
"BR00B6-0220","1964-10","-20.73","-49.58","530.0","BALSAMO, BR","9",",I","9",",I","2",",I","31.1",",,I,07,","150.7",",,,I"
"BR00B6-0220","1964-11","-20.73","-49.58","530.0","BALSAMO, BR","5",",I","3",",I","3",",I","40.8",",,I,05,","99.7",",,,I"
"BR00B6-0220","1964-12","-20.73","-49.58","530.0","BALSAMO, BR","14",",I","13",",I","5",",I","159.6",",,I,23,","439.3",",,,I"
"BR00B6-0220","1965-01","-20.73","-49.58","530.0","BALSAMO, BR","13",",I","10",",I","5",",I","45.3",",,I,29,","232.2",",,,I"
"BR00B6-0220","1965-02","-20.73","-49.58","530.0","BALSAMO, BR","17",",I","16",",I","3",",I","34.4",",,I,28,","230.2",",,,I"
"BR00B6-0220","1965-03","-20.73","-49.58","530.0","BALSAMO, BR","12",",I","10",",I","3",",I","50.2",",,I,09,","183.8",",,,I"
"BR00B6-0220","1965-04","-20.73","-49.58","530.0","BALSAMO, BR","3",",I","3",",I","1",",I","30.0",",,I,29,","42.3",",,,I"
"BR00B6-0220","1965-05","-20.73","-49.58","530.0","BALSAMO, BR","6",",I","4",",I","0",",I","12.0",",,I,17,","34.4",",,,I"
"BR00B6-0220","1965-06","-20.73","-49.58","530.0","BALSAMO, BR","4",",I","2",",I","0",",I","16.1",",,I,09,","30.9",",,,I"
"BR00B6-0220","1965-07","-20.73","-49.58","530.0","BALSAMO, BR","8",",I","5",",I","1",",I","47.0",",,I,05,","87.9",",,,I"
"BR00B6-0220","1965-08","-20.73","-49.58","530.0","BALSAMO, BR","3",",I","1",",I","0",",I","7.9",",,I,16,","8.8",",,,I"
"BR00B6-0220","1965-09","-20.73","-49.58","530.0","BALSAMO, BR","6",",I","6",",I","1",",I","27.1",",,I,28,","102.9",",,,I"
"BR00B6-0220","1965-10","-20.73","-49.58","530.0","BALSAMO, BR","9",",I","8",",I","2",",I","28.6",",,I,30,","99.2",",,,I"
"BR00B6-0220","1965-11","-20.73","-49.58","530.0","BALSAMO, BR","10",",I","10",",I","3",",I","57.0",",,I,10,","221.4",",,,I"
"BR00B6-0220","1965-12","-20.73","-49.58","530.0","BALSAMO, BR","12",",I","11",",I","4",",I","71.0",",,I,07,","303.8",",,,I"
"BR00B6-0220","1966-01","-20.73","-49.58","530.0","BALSAMO, BR","12",",I","12",",I","5",",I","41.5",",,I,01,","270.2",",,,I"
"BR00B6-0220","1966-02","-20.73","-49.58","530.0","BALSAMO, BR","14",",I","10",",I","5",",I","103.4",",,I,07,","345.4",",,,I"
"BR00B6-0220","1966-03","-20.73","-49.58","530.0","BALSAMO, BR","12",",I","10",",I","3",",I","58.5",",,I,04,","196.1",",,,I"
"BR00B6-0220","1966-04","-20.73","-49.58","530.0","BALSAMO, BR","3",",I","3",",I","1",",I","47.0",",,I,26,","78.4",",,,I"
"BR00B6-0220","1966-05","-20.73","-49.58","530.0","BALSAMO, BR","7",",I","7",",I","1",",I","29.2",",,I,23,","96.4",",,,I"
"BR00B6-0220","1966-06","-20.73","-49.58","530.0","BALSAMO, BR","0",",I","0",",I","0",",I","0.0",",,I,30,+","0.0",",,,I"
"BR00B6-0220","1966-07","-20.73","-49.58","530.0","BALSAMO, BR","1",",I","0",",I","0",",I","0.5",",,I,23,","0.7",",,,I"
"BR00B6-0220","1966-08","-20.73","-49.58","530.0","BALSAMO, BR","3",",I","2",",I","1",",I","33.0",",,I,30,","57.5",",,,I"
"BR00B6-0220","1966-09","-20.73","-49.58","530.0","BALSAMO, BR","4",",I","3",",I","0",",I","22.0",",,I,02,","38.7",",,,I"
"BR00B6-0220","1966-10","-20.73","-49.58","530.0","BALSAMO, BR","8",",I","8",",I","3",",I","71.5",",,I,28,","189.7",",,,I"
"BR00B6-0220","1966-11","-20.73","-49.58","530.0","BALSAMO, BR","10",",I","8",",I","2",",I","65.1",",,I,17,","176.6",",,,I"
"BR00B6-0220","1966-12","-20.73","-49.58","530.0","BALSAMO, BR","16",",I","15",",I","7",",I","75.0",",,I,19,","432.2",",,,I"
"BR00B6-0220","1967-01","-20.73","-49.58","530.0","BALSAMO, BR","23",",I","20",",I","5",",I","60.2",",,I,25,","356.4",",,,I"
"BR00B6-0220","1967-02","-20.73","-49.58","530.0","BALSAMO, BR","14",",I","13",",I","4",",I","51.8",",,I,06,","263.4",",,,I"
"BR00B6-0220","1967-03","-20.73","-49.58","530.0","BALSAMO, BR","13",",I","13",",I","3",",I","69.8",",,I,09,","281.7",",,,I"
"BR00B6-0220","1967-04","-20.73","-49.58","530.0","BALSAMO, BR","4",",I","4",",I","0",",I","20.0",",,I,13,+","52.5",",,,I"
"BR00B6-0220","1967-05","-20.73","-49.58","530.0","BALSAMO, BR","0",",I","0",",I","0",",I","0.0",",,I,31,+","0.0",",,,I"
"BR00B6-0220","1967-06","-20.73","-49.58","530.0","BALSAMO, BR","5",",I","5",",I","1",",I","26.1",",,I,08,","78.3",",,,I"
"BR00B6-0220","1967-07","-20.73","-49.58","530.0","BALSAMO, BR","0",",I","0",",I","0",",I","0.0",",,I,31,+","0.0",",,,I"
"BR00B6-0220","1967-08","-20.73","-49.58","530.0","BALSAMO, BR","2",",I","0",",I","0",",I","1.2",",,I,16,","1.5",",,,I"
"BR00B6-0220","1967-09","-20.73","-49.58","530.0","BALSAMO, BR","5",",I","3",",I","0",",I","21.6",",,I,14,","50.9",",,,I"
"BR00B6-0220","1967-10","-20.73","-49.58","530.0","BALSAMO, BR","9",",I","8",",I","1",",I","70.2",",,I,26,","146.6",",,,I"
"BR00B6-0220","1967-11","-20.73","-49.58","530.0","BALSAMO, BR","10",",I","8",",I","2",",I","32.8",",,I,27,","109.0",",,,I"
"BR00B6-0220","1967-12","-20.73","-49.58","530.0","BALSAMO, BR","14",",I","11",",I","3",",I","55.3",",,I,25,","233.6",",,,I"
"BR00B6-0220","1968-01","-20.73","-49.58","530.0","BALSAMO, BR","8",",I","6",",I","2",",I","31.2",",,I,15,","105.1",",,,I"
"BR00B6-0220","1968-02","-20.73","-49.58","530.0","BALSAMO, BR","9",",I","9",",I","1",",I","34.6",",,I,24,","118.8",",,,I"
"BR00B6-0220","1968-03","-20.73","-49.58","530.0","BALSAMO, BR","8",",I","6",",I","1",",I","34.4",",,I,16,","92.0",",,,I"
"BR00B6-0220","1968-04","-20.73","-49.58","530.0","BALSAMO, BR","2",",I","2",",I","2",",I","38.5",",,I,01,","76.5",",,,I"
"BR00B6-0220","1968-05","-20.73","-49.58","530.0","BALSAMO, BR","1",",I","0",",I","0",",I","0.3",",,I,16,","0.3",",,,I"
"BR00B6-0220","1968-06","-20.73","-49.58","530.0","BALSAMO, BR","3",",I","2",",I","0",",I","10.2",",,I,07,","19.1",",,,I"
"BR00B6-0220","1968-07","-20.73","-49.58","530.0","BALSAMO, BR","0",",I","0",",I","0",",I","0.0",",,I,31,+","0.0",",,,I"
"BR00B6-0220","1968-08","-20.73","-49.58","530.0","BALSAMO, BR","3",",I","3",",I","0",",I","10.5",",,I,09,","20.4",",,,I"
"BR00B6-0220","1968-09","-20.73","-49.58","530.0","BALSAMO, BR","3",",I","2",",I","0",",I","17.3",",,I,21,","28.8",",,,I"
"BR00B6-0220","1968-10","-20.73","-49.58","530.0","BALSAMO, BR","7",",I","6",",I","1",",I","27.5",",,I,18,","107.0",",,,I"
"BR00B6-0220","1968-11","-20.73","-49.58","530.0","BALSAMO, BR","7",",I","5",",I","0",",I","24.7",",,I,17,","83.9",",,,I"
"BR00B6-0220","1968-12","-20.73","-49.58","530.0","BALSAMO, BR","14",",I","10",",I","4",",I","60.5",",,I,02,","215.9",",,,I"
"BR00B6-0220","1969-01","-20.73","-49.58","530.0","BALSAMO, BR","14",",I","11",",I","1",",I","31.1",",,I,23,","131.3",",,,I"
"BR00B6-0220","1969-02","-20.73","-49.58","530.0","BALSAMO, BR","10",",I","8",",I","0",",I","13.2",",,I,09,","51.9",",,,I"
"BR00B6-0220","1969-03","-20.73","-49.58","530.0","BALSAMO, BR","8",",I","7",",I","0",",I","20.4",",,I,01,","70.1",",,,I"
"BR00B6-0220","1969-04","-20.73","-49.58","530.0","BALSAMO, BR","4",",I","3",",I","0",",I","21.5",",,I,05,","49.9",",,,I"
"BR00B6-0220","1969-05","-20.73","-49.58","530.0","BALSAMO, BR","2",",I","1",",I","0",",I","15.5",",,I,04,","16.1",",,,I"
"BR00B6-0220","1969-06","-20.73","-49.58","530.0","BALSAMO, BR","3",",I","3",",I","0",",I","14.8",",,I,21,","25.3",",,,I"
"BR00B6-0220","1969-07","-20.73","-49.58","530.0","BALSAMO, BR","1",",I","1",",I","0",",I","7.0",",,I,13,","7.2",",,,I"
"BR00B6-0220","1969-08","-20.73","-49.58","530.0","BALSAMO, BR","2",",I","0",",I","0",",I","2.0",",,I,03,","2.5",",,,I"
"BR00B6-0220","1969-09","-20.73","-49.58","530.0","BALSAMO, BR","6",",I","4",",I","1",",I","45.6",",,I,30,","60.9",",,,I"
"BR00B6-0220","1969-10","-20.73","-49.58","530.0","BALSAMO, BR","12",",I","10",",I","2",",I","36.2",",,I,31,","154.1",",,,I"
"BR00B6-0220","1969-11","-20.73","-49.58","530.0","BALSAMO, BR","15",",I","10",",I","2",",I","37.1",",,I,13,","134.7",",,,I"
"BR00B6-0220","1969-12","-20.73","-49.58","530.0","BALSAMO, BR","9",",I","7",",I","3",",I","35.6",",,I,01,","146.6",",,,I"
"BR00B6-0220","1970-01","-20.73","-49.58","530.0","BALSAMO, BR","13",",I","10",",I","2",",I","54.2",",,I,16,","164.7",",,,I"
"BR00B6-0220","1970-02","-20.73","-49.58","530.0","BALSAMO, BR","19",",I","16",",I","4",",I","44.2",",,I,16,","242.8",",,,I"
"BR00B6-0220","1970-03","-20.73","-49.58","530.0","BALSAMO, BR","11",",I","7",",I","1",",I","29.9",",,I,18,","120.5",",,,I"
"BR00B6-0220","1970-04","-20.73","-49.58","530.0","BALSAMO, BR","5",",I","3",",I","1",",I","31.2",",,I,11,","51.5",",,,I"
"BR00B6-0220","1970-05","-20.73","-49.58","530.0","BALSAMO, BR","5",",I","5",",I","0",",I","8.5",",,I,12,","33.3",",,,I"
"BR00B6-0220","1970-06","-20.73","-49.58","530.0","BALSAMO, BR","7",",I","5",",I","1",",I","42.8",",,I,24,","63.5",",,,I"
"BR00B6-0220","1970-07","-20.73","-49.58","530.0","BALSAMO, BR","6",",I","3",",I","0",",I","6.0",",,I,10,","16.9",",,,I"
"BR00B6-0220","1970-08","-20.73","-49.58","530.0","BALSAMO, BR","4",",I","2",",I","1",",I","38.6",",,I,27,","45.0",",,,I"
"BR00B6-0220","1970-09","-20.73","-49.58","530.0","BALSAMO, BR","8",",I","7",",I","1",",I","27.2",",,I,13,","102.7",",,,I"
"BR00B6-0220","1970-10","-20.73","-49.58","530.0","BALSAMO, BR","7",",I","4",",I","3",",I","74.2",",,I,02,","182.4",",,,I"
"BR00B6-0220","1970-11","-20.73","-49.58","530.0","BALSAMO, BR","9",",I","6",",I","0",",I","21.3",",,I,22,","52.0",",,,I"
"BR00B6-0220","1970-12","-20.73","-49.58","530.0","BALSAMO, BR","10",",I","10",",I","3",",I","33.4",",,I,11,","148.1",",,,I"
"BR00B6-0220","1971-01","-20.73","-49.58","530.0","BALSAMO, BR","13",",I","7",",I","0",",I","18.8",",,I,06,","95.5",",,,I"
"BR00B6-0220","1971-02","-20.73","-49.58","530.0","BALSAMO, BR","12",",I","11",",I","2",",I","29.1",",,I,13,+","119.0",",,,I"
"BR00B6-0220","1971-03","-20.73","-49.58","530.0","BALSAMO, BR","11",",I","11",",I","4",",I","40.8",",,I,12,","199.9",",,,I"
"BR00B6-0220","1971-04","-20.73","-49.58","530.0","BALSAMO, BR","4",",I","3",",I","1",",I","28.4",",,I,09,","50.1",",,,I"
"BR00B6-0220","1971-05","-20.73","-49.58","530.0","BALSAMO, BR","6",",I","4",",I","3",",I","53.0",",,I,03,","117.7",",,,I"
"BR00B6-0220","1971-06","-20.73","-49.58","530.0","BALSAMO, BR","7",",I","6",",I","1",",I","47.6",",,I,19,","122.2",",,,I"
"BR00B6-0220","1971-07","-20.73","-49.58","530.0","BALSAMO, BR","2",",I","2",",I","1",",I","26.0",",,I,05,","44.3",",,,I"
"BR00B6-0220","1971-08","-20.73","-49.58","530.0","BALSAMO, BR","0",",I","0",",I","0",",I","0.0",",,I,31,+","0.0",",,,I"
"BR00B6-0220","1971-09","-20.73","-49.58","530.0","BALSAMO, BR","6",",I","5",",I","1",",I","47.0",",,I,12,","96.4",",,,I"
"BR00B6-0220","1971-10","-20.73","-49.58","530.0","BALSAMO, BR","9",",I","6",",I","1",",I","42.1",",,I,01,","119.2",",,,I"
"BR00B6-0220","1971-11","-20.73","-49.58","530.0","BALSAMO, BR","7",",I","5",",I","2",",I","76.8",",,I,02,","151.0",",,,I"
"BR00B6-0220","1971-12","-20.73","-49.58","530.0","BALSAMO, BR","15",",I","12",",I","5",",I","62.5",",,I,27,","259.8",",,,I"
"BR00B6-0220","1972-01","-20.73","-49.58","530.0","BALSAMO, BR","14",",I","12",",I","5",",I","100.8",",,I,24,","306.0",",,,I"
"BR00B6-0220","1972-02","-20.73","-49.58","530.0","BALSAMO, BR","23",",I","20",",I","5",",I","60.6",",,I,26,","350.3",",,,I"
"BR00B6-0220","1972-03","-20.73","-49.58","530.0","BALSAMO, BR","10",",I","9",",I","1",",I","26.0",",,I,06,","120.5",",,,I"
"BR00B6-0220","1972-04","-20.73","-49.58","530.0","BALSAMO, BR","5",",I","4",",I","0",",I","10.8",",,I,27,","27.7",",,,I"
"BR00B6-0220","1972-05","-20.73","-49.58","530.0","BALSAMO, BR","3",",I","3",",I","3",",I","62.2",",,I,24,","121.4",",,,I"
"BR00B6-0220","1972-06","-20.73","-49.58","530.0","BALSAMO, BR","0",",I","0",",I","0",",I","0.0",",,I,30,+","0.0",",,,I"
"BR00B6-0220","1972-07","-20.73","-49.58","530.0","BALSAMO, BR","8",",I","7",",I","0",",I","24.6",",,I,13,","98.1",",,,I"
"BR00B6-0220","1972-08","-20.73","-49.58","530.0","BALSAMO, BR","5",",I","2",",I","0",",I","14.9",",,I,05,","21.6",",,,I"
"BR00B6-0220","1972-09","-20.73","-49.58","530.0","BALSAMO, BR","9",",I","9",",I","1",",I","32.3",",,I,29,","105.9",",,,I"
"BR00B6-0220","1972-10","-20.73","-49.58","530.0","BALSAMO, BR","12",",I","10",",I","4",",I","30.3",",,I,10,","208.3",",,,I"
"BR00B6-0220","1972-11","-20.73","-49.58","530.0","BALSAMO, BR","13",",I","11",",I","4",",I","40.0",",,I,25,","234.2",",,,I"
"BR00B6-0220","1972-12","-20.73","-49.58","530.0","BALSAMO, BR","6",",I","5",",I","1",",I","48.5",",,I,23,","100.1",",,,I"
"BR00B6-0220","1973-01","-20.73","-49.58","530.0","BALSAMO, BR","13",",I","12",",I","3",",I","102.6",",,I,13,","253.4",",,,I"
"BR00B6-0220","1973-02","-20.73","-49.58","530.0","BALSAMO, BR","9",",I","9",",I","2",",I","33.2",",,I,17,","109.5",",,,I"
"BR00B6-0220","1973-03","-20.73","-49.58","530.0","BALSAMO, BR","9",",I","9",",I","0",",I","19.0",",,I,08,","108.5",",,,I"
"BR00B6-0220","1973-04","-20.73","-49.58","530.0","BALSAMO, BR","6",",I","5",",I","0",",I","22.2",",,I,10,","70.5",",,,I"
"BR00B6-0220","1973-05","-20.73","-49.58","530.0","BALSAMO, BR","5",",I","5",",I","0",",I","19.6",",,I,22,","67.7",",,,I"
"BR00B6-0220","1973-06","-20.73","-49.58","530.0","BALSAMO, BR","7",",I","4",",I","0",",I","19.0",",,I,19,","32.1",",,,I"
"BR00B6-0220","1973-07","-20.73","-49.58","530.0","BALSAMO, BR","3",",I","2",",I","0",",I","10.2",",,I,28,","15.9",",,,I"
"BR00B6-0220","1973-08","-20.73","-49.58","530.0","BALSAMO, BR","2",",I","1",",I","1",",I","40.2",",,I,28,","40.9",",,,I"
"BR00B6-0220","1973-09","-20.73","-49.58","530.0","BALSAMO, BR","4",",I","1",",I","0",",I","14.0",",,I,02,","15.8",",,,I"
"BR00B6-0220","1973-10","-20.73","-49.58","530.0","BALSAMO, BR","10",",I","8",",I","4",",I","33.0",",,I,07,","151.5",",,,I"
"BR00B6-0220","1973-11","-20.73","-49.58","530.0","BALSAMO, BR","8",",I","7",",I","2",",I","72.3",",,I,18,","176.4",",,,I"
"BR00B6-0220","1973-12","-20.73","-49.58","530.0","BALSAMO, BR","16",",I","12",",I","2",",I","43.3",",,I,31,","182.9",",,,I"
"BR00B6-0220","1974-01","-20.73","-49.58","530.0","BALSAMO, BR","20",",I","14",",I","4",",I","40.4",",,I,09,","262.6",",,,I"
"BR00B6-0220","1974-02","-20.73","-49.58","530.0","BALSAMO, BR","9",",I","8",",I","3",",I","38.3",",,I,05,","141.7",",,,I"
"BR00B6-0220","1974-03","-20.73","-49.58","530.0","BALSAMO, BR","20",",I","16",",I","3",",I","89.0",",,I,19,","286.8",",,,I"
"BR00B6-0220","1974-04","-20.73","-49.58","530.0","BALSAMO, BR","8",",I","6",",I","0",",I","21.8",",,I,25,","66.5",",,,I"
"BR00B6-0220","1974-05","-20.73","-49.58","530.0","BALSAMO, BR","4",",I","3",",I","1",",I","25.9",",,I,17,","40.2",",,,I"
"BR00B6-0220","1974-06","-20.73","-49.58","530.0","BALSAMO, BR","7",",I","5",",I","0",",I","24.0",",,I,22,","61.4",",,,I"
"BR00B6-0220","1974-07","-20.73","-49.58","530.0","BALSAMO, BR","0",",I","0",",I","0",",I","0.0",",,I,31,+","0.0",",,,I"
"BR00B6-0220","1974-08","-20.73","-49.58","530.0","BALSAMO, BR","2",",I","1",",I","0",",I","2.5",",,I,13,","2.9",",,,I"
"BR00B6-0220","1974-09","-20.73","-49.58","530.0","BALSAMO, BR","4",",I","2",",I","0",",I","14.0",",,I,27,","30.2",",,,I"
"BR00B6-0220","1974-10","-20.73","-49.58","530.0","BALSAMO, BR","13",",I","9",",I","3",",I","37.3",",,I,25,","156.6",",,,I"
"BR00B6-0220","1974-11","-20.73","-49.58","530.0","BALSAMO, BR","8",",I","6",",I","2",",I","38.5",",,I,21,","125.5",",,,I"
"BR00B6-0220","1974-12","-20.73","-49.58","530.0","BALSAMO, BR","25",",I","19",",I","5",",I","93.3",",,I,28,","355.7",",,,I"
"BR00B6-0220","1975-01","-20.73","-49.58","530.0","BALSAMO, BR","15",",I","9",",I","3",",I","52.6",",,I,01,","163.4",",,,I"
"BR00B6-0220","1975-02","-20.73","-49.58","530.0","BALSAMO, BR","15",",I","9",",I","2",",I","85.2",",,I,06,","283.4",",,,I"
"BR00B6-0220","1975-03","-20.73","-49.58","530.0","BALSAMO, BR","10",",I","4",",I","0",",I","13.0",",,I,31,","48.4",",,,I"
"BR00B6-0220","1975-04","-20.73","-49.58","530.0","BALSAMO, BR","7",",I","5",",I","0",",I","24.4",",,I,15,","77.1",",,,I"
"BR00B6-0220","1975-05","-20.73","-49.58","530.0","BALSAMO, BR","1",",I","1",",I","0",",I","2.5",",,I,01,","3.1",",,,I"
"BR00B6-0220","1975-06","-20.73","-49.58","530.0","BALSAMO, BR","0",",I","0",",I","0",",I","0.0",",,I,30,+","0.0",",,,I"
"BR00B6-0220","1975-07","-20.73","-49.58","530.0","BALSAMO, BR","5",",I","2",",I","0",",I","15.0",",,I,04,","25.1",",,,I"
"BR00B6-0220","1975-08","-20.73","-49.58","530.0","BALSAMO, BR","0",",I","0",",I","0",",I","0.0",",,I,31,+","0.0",",,,I"
"BR00B6-0220","1975-09","-20.73","-49.58","530.0","BALSAMO, BR","4",",I","2",",I","0",",I","16.7",",,I,28,","23.7",",,,I"
"BR00B6-0220","1975-10","-20.73","-49.58","530.0","BALSAMO, BR","12",",I","7",",I","1",",I","38.5",",,I,19,","120.7",",,,I"
"BR00B6-0220","1975-11","-20.73","-49.58","530.0","BALSAMO, BR","17",",I","14",",I","3",",I","90.8",",,I,26,","251.2",",,,I"
"BR00B6-0220","1975-12","-20.73","-49.58","530.0","BALSAMO, BR","18",",I","9",",I","2",",I","60.5",",,I,01,","198.8",",,,I"
"BR00B6-0220","1976-01","-20.73","-49.58","530.0","BALSAMO, BR","18",",I","14",",I","3",",I","36.5",",,I,08,","215.9",",,,I"
"BR00B6-0220","1976-02","-20.73","-49.58","530.0","BALSAMO, BR","19",",I","14",",I","4",",I","63.5",",,I,03,","310.0",",,,I"
"BR00B6-0220","1976-03","-20.73","-49.58","530.0","BALSAMO, BR","15",",I","6",",I","1",",I","64.8",",,I,20,","130.1",",,,I"
"BR00B6-0220","1976-04","-20.73","-49.58","530.0","BALSAMO, BR","7",",I","5",",I","1",",I","27.2",",,I,11,","65.3",",,,I"
"BR00B6-0220","1976-05","-20.73","-49.58","530.0","BALSAMO, BR","15",",I","8",",I","1",",I","44.0",",,I,29,","101.4",",,,I"
"BR00B6-0220","1976-06","-20.73","-49.58","530.0","BALSAMO, BR","4",",I","2",",I","0",",I","19.6",",,I,05,","28.5",",,,I"
"BR00B6-0220","1976-07","-20.73","-49.58","530.0","BALSAMO, BR","4",",I","3",",I","0",",I","7.5",",,I,03,","16.7",",,,I"
"BR00B6-0220","1976-08","-20.73","-49.58","530.0","BALSAMO, BR","9",",I","4",",I","1",",I","42.2",",,I,14,","87.9",",,,I"
"BR00B6-0220","1976-09","-20.73","-49.58","530.0","BALSAMO, BR","9",",I","7",",I","1",",I","50.4",",,I,16,","105.8",",,,I"
"BR00B6-0220","1976-10","-20.73","-49.58","530.0","BALSAMO, BR","10",",I","8",",I","2",",I","49.0",",,I,09,","175.2",",,,I"
"BR00B6-0220","1976-11","-20.73","-49.58","530.0","BALSAMO, BR","14",",I","8",",I","1",",I","74.5",",,I,27,","168.4",",,,I"
"BR00B6-0220","1976-12","-20.73","-49.58","530.0","BALSAMO, BR","20",",I","14",",I","4",",I","46.4",",,I,24,","267.9",",,,I"
"BR00B6-0220","1977-01","-20.73","-49.58","530.0","BALSAMO, BR","21",",I","13",",I","1",",I","47.5",",,I,20,","167.9",",,,I"
"BR00B6-0220","1977-02","-20.73","-49.58","530.0","BALSAMO, BR","9",",I","7",",I","1",",I","32.2",",,I,01,","87.1",",,,I"
"BR00B6-0220","1977-03","-20.73","-49.58","530.0","BALSAMO, BR","10",",I","8",",I","2",",I","31.2",",,I,31,","87.7",",,,I"
"BR00B6-0220","1977-04","-20.73","-49.58","530.0","BALSAMO, BR","9",",I","5",",I","1",",I","32.5",",,I,10,","96.1",",,,I"
"BR00B6-0220","1977-05","-20.73","-49.58","530.0","BALSAMO, BR","5",",I","2",",I","1",",I","57.4",",,I,03,","64.7",",,,I"
"BR00B6-0220","1977-06","-20.73","-49.58","530.0","BALSAMO, BR","11",",I","5",",I","1",",I","25.8",",,I,03,","69.3",",,,I"
"BR00B6-0220","1977-07","-20.73","-49.58","530.0","BALSAMO, BR","2",",I","0",",I","0",",I","2.0",",,I,23,","3.3",",,,I"
"BR00B6-0220","1977-08","-20.73","-49.58","530.0","BALSAMO, BR","2",",I","2",",I","0",",I","7.9",",,I,31,","11.0",",,,I"
"BR00B6-0220","1977-09","-20.73","-49.58","530.0","BALSAMO, BR","9",",I","7",",I","1",",I","31.5",",,I,01,","102.0",",,,I"
"BR00B6-0220","1977-10","-20.73","-49.58","530.0","BALSAMO, BR","8",",I","4",",I","1",",I","54.0",",,I,27,","84.4",",,,I"
"BR00B6-0220","1977-11","-20.73","-49.58","530.0","BALSAMO, BR","15",",I","13",",I","3",",I","72.0",",,I,30,","270.2",",,,I"
"BR00B6-0220","1977-12","-20.73","-49.58","530.0","BALSAMO, BR","16",",I","13",",I","2",",I","125.0",",,I,02,","338.4",",,,I"
"BR00B6-0220","1978-01","-20.73","-49.58","530.0","BALSAMO, BR","19",",I","16",",I","3",",I","71.9",",,I,13,","293.0",",,,I"
"BR00B6-0220","1978-02","-20.73","-49.58","530.0","BALSAMO, BR","11",",I","5",",I","1",",I","44.9",",,I,23,","96.6",",,,I"
"BR00B6-0220","1978-03","-20.73","-49.58","530.0","BALSAMO, BR","10",",I","7",",I","2",",I","81.4",",,I,09,","210.1",",,,I"
"BR00B6-0220","1978-04","-20.73","-49.58","530.0","BALSAMO, BR","3",",I","2",",I","0",",I","6.7",",,I,22,","11.5",",,,I"
"BR00B6-0220","1978-05","-20.73","-49.58","530.0","BALSAMO, BR","13",",I","8",",I","3",",I","75.9",",,I,30,","180.6",",,,I"
"BR00B6-0220","1978-06","-20.73","-49.58","530.0","BALSAMO, BR","3",",I","1",",I","0",",I","14.8",",,I,09,","17.5",",,,I"
"BR00B6-0220","1978-07","-20.73","-49.58","530.0","BALSAMO, BR","9",",I","6",",I","1",",I","33.6",",,I,21,","76.4",",,,I"
"BR00B6-0220","1978-08","-20.73","-49.58","530.0","BALSAMO, BR","0",",I","0",",I","0",",I","0.0",",,I,31,+","0.0",",,,I"
"BR00B6-0220","1978-09","-20.73","-49.58","530.0","BALSAMO, BR","7",",I","3",",I","1",",I","28.4",",,I,08,","47.4",",,,I"
"BR00B6-0220","1978-10","-20.73","-49.58","530.0","BALSAMO, BR","10",",I","6",",I","3",",I","44.2",",,I,19,","131.6",",,,I"
"BR00B6-0220","1978-11","-20.73","-49.58","530.0","BALSAMO, BR","16",",I","11",",I","2",",I","44.2",",,I,11,","158.1",",,,I"
"BR00B6-0220","1978-12","-20.73","-49.58","530.0","BALSAMO, BR","19",",I","13",",I","6",",I","85.0",",,I,27,","420.9",",,,I"
"BR00B6-0220","1979-01","-20.73","-49.58","530.0","BALSAMO, BR","16",",I","11",",I","5",",I","48.0",",,I,28,","270.1",",,,I"
"BR00B6-0220","1979-02","-20.73","-49.58","530.0","BALSAMO, BR","12",",I","9",",I","3",",I","90.5",",,I,23,","240.1",",,,I"
"BR00B6-0220","1979-03","-20.73","-49.58","530.0","BALSAMO, BR","9",",I","7",",I","2",",I","43.0",",,I,13,","104.8",",,,I"
"BR00B6-0220","1979-04","-20.73","-49.58","530.0","BALSAMO, BR","7",",I","6",",I","3",",I","53.0",",,I,05,","166.1",",,,I"
"BR00B6-0220","1979-05","-20.73","-49.58","530.0","BALSAMO, BR","8",",I","5",",I","1",",I","37.0",",,I,05,","56.0",",,,I"
"BR00B6-0220","1979-06","-20.73","-49.58","530.0","BALSAMO, BR","0",",I","0",",I","0",",I","0.2",",,I,02,","0.4",",,,I"
"BR00B6-0220","1979-07","-20.73","-49.58","530.0","BALSAMO, BR","6",",I","4",",I","0",",I","10.0",",,I,24,","32.7",",,,I"
"BR00B6-0220","1979-08","-20.73","-49.58","530.0","BALSAMO, BR","4",",I","3",",I","1",",I","27.5",",,I,19,","42.1",",,,I"
"BR00B6-0220","1979-09","-20.73","-49.58","530.0","BALSAMO, BR","10",",I","9",",I","1",",I","41.2",",,I,14,","125.3",",,,I"
"BR00B6-0220","1979-10","-20.73","-49.58","530.0","BALSAMO, BR","8",",I","6",",I","2",",I","30.8",",,I,27,","104.7",",,,I"
"BR00B6-0220","1979-11","-20.73","-49.58","530.0","BALSAMO, BR","12",",I","11",",I","4",",I","45.4",",,I,10,","208.9",",,,I"
"BR00B6-0220","1979-12","-20.73","-49.58","530.0","BALSAMO, BR","23",",I","20",",I","6",",I","63.0",",,I,25,","369.5",",,,I"
"BR00B6-0220","1980-01","-20.73","-49.58","530.0","BALSAMO, BR","20",",I","12",",I","5",",I","42.3",",,I,10,","270.8",",,,I"
"BR00B6-0220","1980-02","-20.73","-49.58","530.0","BALSAMO, BR","19",",I","13",",I","1",",I","25.9",",,I,10,","182.3",",,,I"
"BR00B6-0220","1980-03","-20.73","-49.58","530.0","BALSAMO, BR","9",",I","8",",I","0",",I","19.9",",,I,15,","85.1",",,,I"
"BR00B6-0220","1980-04","-20.73","-49.58","530.0","BALSAMO, BR","9",",I","9",",I","1",",I","84.0",",,I,15,","178.9",",,,I"
"BR00B6-0220","1980-05","-20.73","-49.58","530.0","BALSAMO, BR","7",",I","2",",I","0",",I","14.4",",,I,22,","25.8",",,,I"
"BR00B6-0220","1980-06","-20.73","-49.58","530.0","BALSAMO, BR","8",",I","3",",I","1",",I","37.0",",,I,27,","59.1",",,,I"
"BR00B6-0220","1980-07","-20.73","-49.58","530.0","BALSAMO, BR","1",",I","0",",I","0",",I","0.4",",,I,31,","1.3",",,,I"
"BR00B6-0220","1980-08","-20.73","-49.58","530.0","BALSAMO, BR","3",",I","1",",I","0",",I","4.4",",,I,07,","6.8",",,,I"
"BR00B6-0220","1980-09","-20.73","-49.58","530.0","BALSAMO, BR","10",",I","7",",I","1",",I","40.6",",,I,28,","90.8",",,,I"
"BR00B6-0220","1980-10","-20.73","-49.58","530.0","BALSAMO, BR","9",",I","7",",I","2",",I","28.8",",,I,12,","108.0",",,,I"
"BR00B6-0220","1980-11","-20.73","-49.58","530.0","BALSAMO, BR","9",",I","7",",I","4",",I","44.2",",,I,23,","199.8",",,,I"
"BR00B6-0220","1980-12","-20.73","-49.58","530.0","BALSAMO, BR","20",",I","13",",I","6",",I","81.5",",,I,23,","336.5",",,,I"
"BR00B6-0220","1981-01","-20.73","-49.58","530.0","BALSAMO, BR","19",",I","13",",I","4",",I","54.6",",,I,25,","237.1",",,,I"
"BR00B6-0220","1981-02","-20.73","-49.58","530.0","BALSAMO, BR","10",",I","7",",I","1",",I","30.2",",,I,01,","75.6",",,,I"
"BR00B6-0220","1981-03","-20.73","-49.58","530.0","BALSAMO, BR","11",",I","8",",I","4",",I","75.2",",,I,29,","218.2",",,,I"
"BR00B6-0220","1981-04","-20.73","-49.58","530.0","BALSAMO, BR","5",",I","2",",I","0",",I","11.0",",,I,24,","24.4",",,,I"
"BR00B6-0220","1981-05","-20.73","-49.58","530.0","BALSAMO, BR","3",",I","0",",I","0",",I","2.2",",,I,19,","3.4",",,,I"
"BR00B6-0220","1981-06","-20.73","-49.58","530.0","BALSAMO, BR","7",",I","3",",I","2",",I","58.8",",,I,07,","94.4",",,,I"
"BR00B6-0220","1981-07","-20.73","-49.58","530.0","BALSAMO, BR","0",",I","0",",I","0",",I","0.2",",,I,02,","0.4",",,,I"
"BR00B6-0220","1981-08","-20.73","-49.58","530.0","BALSAMO, BR","0",",I","0",",I","0",",I","0.2",",,I,19,","0.3",",,,I"
"BR00B6-0220","1981-09","-20.73","-49.58","530.0","BALSAMO, BR","2",",I","1",",I","0",",I","4.1",",,I,26,","4.9",",,,I"
"BR00B6-0220","1981-10","-20.73","-49.58","530.0","BALSAMO, BR","12",",I","9",",I","3",",I","56.0",",,I,30,","216.4",",,,I"
"BR00B6-0220","1981-11","-20.73","-49.58","530.0","BALSAMO, BR","13",",I","9",",I","3",",I","33.0",",,I,19,","131.0",",,,I"
"BR00B6-0220","1981-12","-20.73","-49.58","530.0","BALSAMO, BR","20",",I","14",",I","3",",I","59.6",",,I,25,","239.5",",,,I"
"BR00B6-0220","1982-01","-20.73","-49.58","530.0","BALSAMO, BR","15","1,I","12","1,I","2","1,I","31.0","1,,I,12,","187.2","1,,,I"
"BR00B6-0220","1982-02","-20.73","-49.58","530.0","BALSAMO, BR","18",",I","14",",I","2",",I","63.9",",,I,26,","254.4",",,,I"
"BR00B6-0220","1982-03","-20.73","-49.58","530.0","BALSAMO, BR","20",",I","16",",I","4",",I","36.4",",,I,16,","257.5",",,,I"
"BR00B6-0220","1982-04","-20.73","-49.58","530.0","BALSAMO, BR","4",",I","2",",I","0",",I","10.7",",,I,14,","17.6",",,,I"
"BR00B6-0220","1982-05","-20.73","-49.58","530.0","BALSAMO, BR","5",",I","4",",I","1",",I","72.0",",,I,25,","95.0",",,,I"
"BR00B6-0220","1982-06","-20.73","-49.58","530.0","BALSAMO, BR","6",",I","2",",I","0",",I","4.9",",,I,13,","13.3",",,,I"
"BR00B6-0220","1982-07","-20.73","-49.58","530.0","BALSAMO, BR","4",",I","1",",I","0",",I","5.7",",,I,14,","12.4",",,,I"
"BR00B6-0220","1982-08","-20.73","-49.58","530.0","BALSAMO, BR","4",",I","3",",I","0",",I","10.7",",,I,05,","24.0",",,,I"
"BR00B6-0220","1982-09","-20.73","-49.58","530.0","BALSAMO, BR","5",",I","3",",I","0",",I","16.1",",,I,28,","38.2",",,,I"
"BR00B6-0220","1982-10","-20.73","-49.58","530.0","BALSAMO, BR","17",",I","12",",I","3",",I","70.5",",,I,09,","301.0",",,,I"
"BR00B6-0220","1982-11","-20.73","-49.58","530.0","BALSAMO, BR","10","1,I","6","1,I","2","1,I","32.6","1,,I,12,","111.3","1,,,I"
"BR00B6-0220","1982-12","-20.73","-49.58","530.0","BALSAMO, BR","19",",I","16",",I","2",",I","93.3",",,I,17,","325.8",",,,I"
"BR00B6-0220","1983-01","-20.73","-49.58","530.0","BALSAMO, BR","25",",I","18",",I","5",",I","104.0",",,I,13,","419.5",",,,I"
"BR00B6-0220","1983-02","-20.73","-49.58","530.0","BALSAMO, BR","16",",I","12",",I","3",",I","61.2",",,I,08,","227.4",",,,I"
"BR00B6-0220","1983-03","-20.73","-49.58","530.0","BALSAMO, BR","13",",I","11",",I","5",",I","101.3",",,I,08,","296.6",",,,I"
"BR00B6-0220","1983-04","-20.73","-49.58","530.0","BALSAMO, BR","11",",I","8",",I","4",",I","89.4",",,I,25,","243.3",",,,I"
"BR00B6-0220","1983-05","-20.73","-49.58","530.0","BALSAMO, BR","9",",I","6",",I","3",",I","32.5",",,I,29,","146.5",",,,I"
"BR00B6-0220","1983-06","-20.73","-49.58","530.0","BALSAMO, BR","6",",I","3",",I","0",",I","9.6",",,I,02,","24.3",",,,I"
"BR00B6-0220","1983-07","-20.73","-49.58","530.0","BALSAMO, BR","5",",I","3",",I","0",",I","25.1",",,I,19,","50.3",",,,I"
"BR00B6-0220","1983-08","-20.73","-49.58","530.0","BALSAMO, BR","0",",I","0",",I","0",",I","0.2",",,I,20,","0.2",",,,I"
"BR00B6-0220","1983-09","-20.73","-49.58","530.0","BALSAMO, BR","11",",I","7",",I","3",",I","56.9",",,I,19,","188.5",",,,I"
"BR00B6-0220","1983-10","-20.73","-49.58","530.0","BALSAMO, BR","12",",I","8",",I","5",",I","39.5",",,I,23,","195.3",",,,I"
"BR00B6-0220","1983-11","-20.73","-49.58","530.0","BALSAMO, BR","13",",I","10",",I","2",",I","46.7",",,I,22,","167.7",",,,I"
"BR00B6-0220","1983-12","-20.73","-49.58","530.0","BALSAMO, BR","21",",I","18",",I","4",",I","49.6",",,I,09,","333.7",",,,I"
"BR00B6-0220","1984-01","-20.73","-49.58","530.0","BALSAMO, BR","10",",I","8",",I","3",",I","54.0",",,I,22,","217.9",",,,I"
"BR00B6-0220","1984-02","-20.73","-49.58","530.0","BALSAMO, BR","12",",I","9",",I","2",",I","28.7",",,I,19,","112.6",",,,I"
"BR00B6-0220","1984-03","-20.73","-49.58","530.0","BALSAMO, BR","15",",I","9",",I","1",",I","28.6",",,I,26,","100.2",",,,I"
"BR00B6-0220","1984-04","-20.73","-49.58","530.0","BALSAMO, BR","11",",I","9",",I","2",",I","93.1",",,I,08,","189.9",",,,I"
"BR00B6-0220","1984-05","-20.73","-49.58","530.0","BALSAMO, BR","4",",I","4",",I","1",",I","44.9",",,I,03,","74.7",",,,I"
"BR00B6-0220","1984-06","-20.73","-49.58","530.0","BALSAMO, BR","0",",I","0",",I","0",",I","0.2",",,I,08,","0.4",",,,I"
"BR00B6-0220","1984-07","-20.73","-49.58","530.0","BALSAMO, BR","1",",I","1",",I","0",",I","3.4",",,I,29,","3.4",",,,I"
"BR00B6-0220","1984-08","-20.73","-49.58","530.0","BALSAMO, BR","9",",I","6",",I","0",",I","24.1",",,I,21,","67.7",",,,I"
"BR00B6-0220","1984-09","-20.73","-49.58","530.0","BALSAMO, BR","5",",I","2",",I","1",",I","38.5",",,I,27,","56.7",",,,I"
"BR00B6-0220","1984-10","-20.73","-49.58","530.0","BALSAMO, BR","4",",I","3",",I","0",",I","19.7",",,I,18,","49.9",",,,I"
"BR00B6-0220","1984-11","-20.73","-49.58","530.0","BALSAMO, BR","11",",I","7",",I","1",",I","40.6",",,I,12,","126.9",",,,I"
"BR00B6-0220","1984-12","-20.73","-49.58","530.0","BALSAMO, BR","17",",I","12",",I","2",",I","37.2",",,I,02,","175.1",",,,I"
"BR00B6-0220","1985-01","-20.73","-49.58","530.0","BALSAMO, BR","17",",I","11",",I","3",",I","29.8",",,I,25,","182.7",",,,I"
"BR00B6-0220","1985-02","-20.73","-49.58","530.0","BALSAMO, BR","14",",I","7",",I","2",",I","47.1",",,I,08,","156.6",",,,I"
"BR00B6-0220","1985-03","-20.73","-49.58","530.0","BALSAMO, BR","19",",I","11",",I","2",",I","41.7",",,I,08,","162.0",",,,I"
"BR00B6-0220","1985-04","-20.73","-49.58","530.0","BALSAMO, BR","15",",I","10",",I","2",",I","82.7",",,I,04,","159.6",",,,I"
"BR00B6-0220","1985-05","-20.73","-49.58","530.0","BALSAMO, BR","2",",I","2",",I","0",",I","19.7",",,I,22,","29.9",",,,I"
"BR00B6-0220","1985-06","-20.73","-49.58","530.0","BALSAMO, BR","3",",I","1",",I","0",",I","5.3",",,I,04,","7.4",",,,I"
"BR00B6-0220","1985-07","-20.73","-49.58","530.0","BALSAMO, BR","2",",I","1",",I","0",",I","9.3",",,I,06,","10.9",",,,I"
"BR00B6-0220","1985-08","-20.73","-49.58","530.0","BALSAMO, BR","1",",I","1",",I","0",",I","3.3",",,I,30,","3.7",",,,I"
"BR00B6-0220","1985-09","-20.73","-49.58","530.0","BALSAMO, BR","5",",I","2",",I","0",",I","5.3",",,I,01,","13.6",",,,I"
"BR00B6-0220","1985-10","-20.73","-49.58","530.0","BALSAMO, BR","6",",I","3",",I","0",",I","5.6",",,I,29,","16.6",",,,I"
"BR00B6-0220","1985-11","-20.73","-49.58","530.0","BALSAMO, BR","11",",I","10",",I","3",",I","72.2",",,I,03,","232.6",",,,I"
"BR00B6-0220","1985-12","-20.73","-49.58","530.0","BALSAMO, BR","13",",I","6",",I","0",",I","9.2",",,I,26,","38.4",",,,I"
"BR00B6-0220","1986-01","-20.73","-49.58","530.0","BALSAMO, BR","16",",I","6",",I","1",",I","26.6",",,I,06,","98.8",",,,I"
"BR00B6-0220","1986-02","-20.73","-49.58","530.0","BALSAMO, BR","19",",I","12",",I","3",",I","42.5",",,I,12,","200.2",",,,I"
"BR00B6-0220","1986-03","-20.73","-49.58","530.0","BALSAMO, BR","20",",I","12",",I","5",",I","79.4",",,I,19,","271.2",",,,I"
"BR00B6-0220","1986-04","-20.73","-49.58","530.0","BALSAMO, BR","6",",I","4",",I","0",",I","18.8",",,I,22,","39.5",",,,I"
"BR00B6-0220","1986-05","-20.73","-49.58","530.0","BALSAMO, BR","8",",I","4",",I","0",",I","16.6",",,I,13,","46.7",",,,I"
"BR00B6-0220","1986-06","-20.73","-49.58","530.0","BALSAMO, BR","1",",I","0",",I","0",",I","0.3",",,I,01,","0.7",",,,I"
"BR00B6-0220","1986-07","-20.73","-49.58","530.0","BALSAMO, BR","7",",I","6",",I","0",",I","13.0",",,I,23,","45.9",",,,I"
"BR00B6-0220","1986-08","-20.73","-49.58","530.0","BALSAMO, BR","9",",I","6",",I","0",",I","8.0",",,I,16,","41.9",",,,I"
"BR00B6-0220","1986-09","-20.73","-49.58","530.0","BALSAMO, BR","3",",I","2",",I","0",",I","5.7",",,I,29,","12.5",",,,I"
"BR00B6-0220","1986-10","-20.73","-49.58","530.0","BALSAMO, BR","7",",I","5",",I","0",",I","15.3",",,I,22,+","56.8",",,,I"
"BR00B6-0220","1986-11","-20.73","-49.58","530.0","BALSAMO, BR","9",",I","7",",I","1",",I","41.8",",,I,30,","98.4",",,,I"
"BR00B6-0220","1986-12","-20.73","-49.58","530.0","BALSAMO, BR","20",",I","17",",I","2",",I","44.7",",,I,01,","262.6",",,,I"
"BR00B6-0220","1987-01","-20.73","-49.58","530.0","BALSAMO, BR","19",",I","16",",I","2",",I","43.0",",,I,20,","221.3",",,,I"
"BR00B6-0220","1987-02","-20.73","-49.58","530.0","BALSAMO, BR","17",",I","9",",I","0",",I","20.9",",,I,14,","97.0",",,,I"
"BR00B6-0220","1987-03","-20.73","-49.58","530.0","BALSAMO, BR","9",",I","7",",I","1",",I","44.6",",,I,10,","126.3",",,,I"
"BR00B6-0220","1987-04","-20.73","-49.58","530.0","BALSAMO, BR","7",",I","5",",I","2",",I","35.5",",,I,04,","112.4",",,,I"
"BR00B6-0220","1987-05","-20.73","-49.58","530.0","BALSAMO, BR","9",",I","7",",I","0",",I","21.0",",,I,16,","67.9",",,,I"
"BR00B6-0220","1987-06","-20.73","-49.58","530.0","BALSAMO, BR","3",",I","0",",I","0",",I","2.1",",,I,23,","7.3",",,,I"
"BR00B6-0220","1987-07","-20.73","-49.58","530.0","BALSAMO, BR","3",",I","1",",I","0",",I","8.8",",,I,09,","12.4",",,,I"
"BR00B6-0220","1987-08","-20.73","-49.58","530.0","BALSAMO, BR","2",",I","1",",I","0",",I","7.0",",,I,07,","7.7",",,,I"
"BR00B6-0220","1987-09","-20.73","-49.58","530.0","BALSAMO, BR","10",",I","8",",I","1",",I","30.4",",,I,24,","94.1",",,,I"
"BR00B6-0220","1987-10","-20.73","-49.58","530.0","BALSAMO, BR","7",",I","5",",I","2",",I","39.6",",,I,02,","106.7",",,,I"
"BR00B6-0220","1987-11","-20.73","-49.58","530.0","BALSAMO, BR","12",",I","11",",I","6",",I","55.1",",,I,25,","311.7",",,,I"
"BR00B6-0220","1987-12","-20.73","-49.58","530.0","BALSAMO, BR","19",",I","16",",I","2",",I","68.7",",,I,10,","254.8",",,,I"
"BR00B6-0220","1988-01","-20.73","-49.58","530.0","BALSAMO, BR","15",",I","11",",I","2",",I","41.9",",,I,06,","205.3",",,,I"
"BR00B6-0220","1988-02","-20.73","-49.58","530.0","BALSAMO, BR","21",",I","13",",I","5",",I","67.6",",,I,19,","328.3",",,,I"
"BR00B6-0220","1988-03","-20.73","-49.58","530.0","BALSAMO, BR","11",",I","9",",I","4",",I","41.3",",,I,18,","212.6",",,,I"
"BR00B6-0220","1988-04","-20.73","-49.58","530.0","BALSAMO, BR","12",",I","9",",I","2",",I","37.5",",,I,09,","139.4",",,,I"
"BR00B6-0220","1988-05","-20.73","-49.58","530.0","BALSAMO, BR","8",",I","6",",I","0",",I","7.3",",,I,31,","33.6",",,,I"
"BR00B6-0220","1988-06","-20.73","-49.58","530.0","BALSAMO, BR","1",",I","1",",I","0",",I","5.4",",,I,04,","7.0",",,,I"
"BR00B6-0220","1988-07","-20.73","-49.58","530.0","BALSAMO, BR","0",",I","0",",I","0",",I","0.2",",,I,08,","0.4",",,,I"
"BR00B6-0220","1988-08","-20.73","-49.58","530.0","BALSAMO, BR","0",",I","0",",I","0",",I","0.0",",,I,31,+","0.0",",,,I"
"BR00B6-0220","1988-09","-20.73","-49.58","530.0","BALSAMO, BR","1",",I","0",",I","0",",I","0.3",",,I,30,","0.5",",,,I"
"BR00B6-0220","1988-10","-20.73","-49.58","530.0","BALSAMO, BR","12",",I","9",",I","3",",I","46.8",",,I,24,","221.0",",,,I"
"BR00B6-0220","1988-11","-20.73","-49.58","530.0","BALSAMO, BR","9",",I","4",",I","2",",I","40.6",",,I,20,","104.0",",,,I"
"BR00B6-0220","1988-12","-20.73","-49.58","530.0","BALSAMO, BR","16",",I","11",",I","3",",I","36.5",",,I,26,+","187.5",",,,I"
"BR00B6-0220","1989-01","-20.73","-49.58","530.0","BALSAMO, BR","22",",I","16",",I","3",",I","82.7",",,I,05,","326.3",",,,I"
"BR00B6-0220","1989-02","-20.73","-49.58","530.0","BALSAMO, BR","20",",I","16",",I","5",",I","64.3",",,I,11,","319.9",",,,I"
"BR00B6-0220","1989-03","-20.73","-49.58","530.0","BALSAMO, BR","18",",I","9",",I","2",",I","60.5",",,I,21,","188.4",",,,I"
"BR00B6-0220","1989-04","-20.73","-49.58","530.0","BALSAMO, BR","7",",I","3",",I","1",",I","54.7",",,I,19,","75.2",",,,I"
"BR00B6-0220","1989-05","-20.73","-49.58","530.0","BALSAMO, BR","4",",I","2",",I","0",",I","9.4",",,I,05,","15.4",",,,I"
"BR00B6-0220","1989-06","-20.73","-49.58","530.0","BALSAMO, BR","6",",I","5",",I","2",",I","51.2",",,I,10,","108.4",",,,I"
"BR00B6-0220","1989-07","-20.73","-49.58","530.0","BALSAMO, BR","3",",I","3",",I","0",",I","16.4",",,I,31,","27.1",",,,I"
"BR00B6-0220","1989-08","-20.73","-49.58","530.0","BALSAMO, BR","3",",I","3",",I","0",",I","8.4",",,I,28,","17.7",",,,I"
"BR00B6-0220","1989-09","-20.73","-49.58","530.0","BALSAMO, BR","10",",I","6",",I","0",",I","17.0",",,I,14,","50.8",",,,I"
"BR00B6-0220","1989-10","-20.73","-49.58","530.0","BALSAMO, BR","5",",I","2",",I","1",",I","25.8",",,I,12,","45.3",",,,I"
"BR00B6-0220","1989-11","-20.73","-49.58","530.0","BALSAMO, BR","12",",I","8",",I","2",",I","42.3",",,I,22,","150.1",",,,I"
"BR00B6-0220","1989-12","-20.73","-49.58","530.0","BALSAMO, BR","20",",I","16",",I","3",",I","31.2",",,I,12,","208.7",",,,I"
"BR00B6-0220","1990-01","-20.73","-49.58","530.0","BALSAMO, BR","16",",I","12",",I","3",",I","68.2",",,I,08,","209.0",",,,I"
"BR00B6-0220","1990-02","-20.73","-49.58","530.0","BALSAMO, BR","11",",I","8",",I","2",",I","39.0",",,I,11,","119.3",",,,I"
"BR00B6-0220","1990-03","-20.73","-49.58","530.0","BALSAMO, BR","17",",I","13",",I","4",",I","38.3",",,I,19,","205.5",",,,I"
"BR00B6-0220","1990-04","-20.73","-49.58","530.0","BALSAMO, BR","8",",I","6",",I","2",",I","41.9",",,I,18,","103.7",",,,I"
"BR00B6-0220","1990-05","-20.73","-49.58","530.0","BALSAMO, BR","6",",I","4",",I","0",",I","18.3",",,I,03,","49.6",",,,I"
"BR00B6-0220","1990-06","-20.73","-49.58","530.0","BALSAMO, BR","4",",I","2",",I","0",",I","9.6",",,I,15,","17.1",",,,I"
"BR00B6-0220","1990-07","-20.73","-49.58","530.0","BALSAMO, BR","4",",I","2",",I","0",",I","5.1",",,I,11,","13.0",",,,I"
"BR00B6-0220","1990-08","-20.73","-49.58","530.0","BALSAMO, BR","8",",I","7",",I","0",",I","14.5",",,I,28,","66.3",",,,I"
"BR00B6-0220","1990-09","-20.73","-49.58","530.0","BALSAMO, BR","7",",I","5",",I","0",",I","9.4",",,I,13,","35.0",",,,I"
"BR00B6-0220","1990-10","-20.73","-49.58","530.0","BALSAMO, BR","10",",I","7",",I","0",",I","15.5",",,I,19,","56.4",",,,I"
"BR00B6-0220","1990-11","-20.73","-49.58","530.0","BALSAMO, BR","11",",I","8",",I","1",",I","34.3",",,I,21,","115.8",",,,I"
"BR00B6-0220","1990-12","-20.73","-49.58","530.0","BALSAMO, BR","13",",I","9",",I","2",",I","33.9",",,I,11,","146.2",",,,I"
"BR00B6-0220","1991-01","-20.73","-49.58","530.0","BALSAMO, BR","18",",I","16",",I","5",",I","73.1",",,I,04,","335.7",",,,I"
"BR00B6-0220","1991-02","-20.73","-49.58","530.0","BALSAMO, BR","12",",I","9",",I","3",",I","80.4",",,I,11,","256.5",",,,I"
"BR00B6-0220","1991-03","-20.73","-49.58","530.0","BALSAMO, BR","19",",I","13",",I","3",",I","86.5",",,I,02,","290.0",",,,I"
"BR00B6-0220","1991-04","-20.73","-49.58","530.0","BALSAMO, BR","10",",I","8",",I","1",",I","40.9",",,I,25,","105.6",",,,I"
"BR00B6-0220","1991-05","-20.73","-49.58","530.0","BALSAMO, BR","3",",I","2",",I","0",",I","7.2",",,I,15,","13.6",",,,I"
"BR00B6-0220","1991-06","-20.73","-49.58","530.0","BALSAMO, BR","2",",I","2",",I","0",",I","5.2",",,I,22,","10.2",",,,I"
"BR00B6-0220","1991-07","-20.73","-49.58","530.0","BALSAMO, BR","4",",I","1",",I","0",",I","13.5",",,I,13,","15.9",",,,I"
"BR00B6-0220","1991-09","-20.73","-49.58","530.0","BALSAMO, BR","5",",I","3",",I","0",",I","12.8",",,I,29,","26.6",",,,I"
"BR00B6-0220","1991-10","-20.73","-49.58","530.0","BALSAMO, BR","9",",I","5",",I","1",",I","31.6",",,I,03,","60.1",",,,I"
"BR00B6-0220","1991-11","-20.73","-49.58","530.0","BALSAMO, BR","9",",I","6",",I","1",",I","57.7",",,I,15,","89.4",",,,I"
"BR00B6-0220","1991-12","-20.73","-49.58","530.0","BALSAMO, BR","20",",I","15",",I","5",",I","41.0",",,I,14,","270.1",",,,I"
"BR00B6-0220","1992-01","-20.73","-49.58","530.0","BALSAMO, BR","15",",I","11",",I","3",",I","33.1",",,I,03,","178.0",",,,I"
"BR00B6-0220","1992-02","-20.73","-49.58","530.0","BALSAMO, BR","13",",I","11",",I","5",",I","65.0",",,I,03,","278.2",",,,I"
"BR00B6-0220","1992-03","-20.73","-49.58","530.0","BALSAMO, BR","18",",I","14",",I","1",",I","58.5",",,I,17,","202.2",",,,I"
"BR00B6-0220","1992-04","-20.73","-49.58","530.0","BALSAMO, BR","9",",I","6",",I","2",",I","28.9",",,I,07,","116.0",",,,I"
"BR00B6-0220","1992-05","-20.73","-49.58","530.0","BALSAMO, BR","7",",I","5",",I","2",",I","32.6",",,I,23,","101.8",",,,I"
"BR00B6-0220","1992-06","-20.73","-49.58","530.0","BALSAMO, BR","0",",I","0",",I","0",",I","0.1",",,I,28,+","0.5",",,,I"
"BR00B6-0220","1992-07","-20.73","-49.58","530.0","BALSAMO, BR","3",",I","1",",I","0",",I","4.0",",,I,08,","5.9",",,,I"
"BR00B6-0220","1992-08","-20.73","-49.58","530.0","BALSAMO, BR","5",",I","2",",I","0",",I","8.6",",,I,22,","16.0",",,,I"
"BR00B6-0220","1992-09","-20.73","-49.58","530.0","BALSAMO, BR","12",",I","8",",I","0",",I","20.8",",,I,19,","82.4",",,,I"
"BR00B6-0220","1992-10","-20.73","-49.58","530.0","BALSAMO, BR","13",",I","9",",I","2",",I","37.5",",,I,12,","142.6",",,,I"
"BR00B6-0220","1992-11","-20.73","-49.58","530.0","BALSAMO, BR","12",",I","8",",I","1",",I","38.0",",,I,24,","127.6",",,,I"
"BR00B6-0220","1992-12","-20.73","-49.58","530.0","BALSAMO, BR","9",",I","7",",I","1",",I","25.4",",,I,21,","91.0",",,,I"
"BR00B6-0220","1993-01","-20.73","-49.58","530.0","BALSAMO, BR","14",",I","12",",I","3",",I","44.2",",,I,25,","235.4",",,,I"
"BR00B6-0220","1993-02","-20.73","-49.58","530.0","BALSAMO, BR","21",",I","17",",I","1",",I","27.3",",,I,26,","197.5",",,,I"
"BR00B6-0220","1993-03","-20.73","-49.58","530.0","BALSAMO, BR","10",",I","6",",I","2",",I","34.0",",,I,29,","117.0",",,,I"
"BR00B6-0220","1993-04","-20.73","-49.58","530.0","BALSAMO, BR","8",",I","7",",I","2",",I","47.3",",,I,02,","137.7",",,,I"
"BR00B6-0220","1993-05","-20.73","-49.58","530.0","BALSAMO, BR","4",",I","3",",I","0",",I","14.1",",,I,31,","37.0",",,,I"
"BR00B6-0220","1993-06","-20.73","-49.58","530.0","BALSAMO, BR","4",",I","3",",I","1",",I","53.1",",,I,05,","71.6",",,,I"
"BR00B6-0220","1993-07","-20.73","-49.58","530.0","BALSAMO, BR","1",",I","0",",I","0",",I","1.7",",,I,15,","2.3",",,,I"
"BR00B6-0220","1993-08","-20.73","-49.58","530.0","BALSAMO, BR","6",",I","3",",I","0",",I","7.8",",,I,20,","22.1",",,,I"
"BR00B6-0220","1993-09","-20.73","-49.58","530.0","BALSAMO, BR","9",",I","6",",I","0",",I","16.8",",,I,24,","81.2",",,,I"
"BR00B6-0220","1993-10","-20.73","-49.58","530.0","BALSAMO, BR","8",",I","5",",I","0",",I","14.7",",,I,18,","31.3",",,,I"
"BR00B6-0220","1993-11","-20.73","-49.58","530.0","BALSAMO, BR","6",",I","3",",I","2",",I","46.9",",,I,11,","88.0",",,,I"
"BR00B6-0220","1993-12","-20.73","-49.58","530.0","BALSAMO, BR","20",",I","14",",I","3",",I","50.2",",,I,21,","248.7",",,,I"
"BR00B6-0220","1994-01","-20.73","-49.58","530.0","BALSAMO, BR","22",",I","20",",I","6",",I","67.2",",,I,03,","367.0",",,,I"
"BR00B6-0220","1994-02","-20.73","-49.58","530.0","BALSAMO, BR","13",",I","10",",I","2",",I","67.3",",,I,08,","159.4",",,,I"
"BR00B6-0220","1994-03","-20.73","-49.58","530.0","BALSAMO, BR","8",",I","5",",I","1",",I","26.3",",,I,20,","82.7",",,,I"
"BR00B6-0220","1994-04","-20.73","-49.58","530.0","BALSAMO, BR","8",",I","5",",I","3",",I","50.6",",,I,23,","162.3",",,,I"
"BR00B6-0220","1994-05","-20.73","-49.58","530.0","BALSAMO, BR","2",",I","2",",I","0",",I","11.5",",,I,14,","20.0",",,,I"
"BR00B6-0220","1994-06","-20.73","-49.58","530.0","BALSAMO, BR","4",",I","2",",I","0",",I","7.1",",,I,25,","14.1",",,,I"
"BR00B6-0220","1994-07","-20.73","-49.58","530.0","BALSAMO, BR","2",",I","2",",I","0",",I","12.8",",,I,23,","22.8",",,,I"
"BR00B6-0220","1994-08","-20.73","-49.58","530.0","BALSAMO, BR","0",",I","0",",I","0",",I","0.0",",,I,31,+","0.0",",,,I"
"BR00B6-0220","1994-09","-20.73","-49.58","530.0","BALSAMO, BR","0",",I","0",",I","0",",I","0.1",",,I,30,+","0.2",",,,I"
"BR00B6-0220","1994-10","-20.73","-49.58","530.0","BALSAMO, BR","7",",I","6",",I","1",",I","51.8",",,I,28,","98.7",",,,I"
"BR00B6-0220","1994-11","-20.73","-49.58","530.0","BALSAMO, BR","10",",I","8",",I","0",",I","16.1",",,I,14,","81.6",",,,I"
"BR00B6-0220","1994-12","-20.73","-49.58","530.0","BALSAMO, BR","22",",I","13",",I","2",",I","35.0",",,I,19,","163.0",",,,I"
"BR00B6-0220","1995-01","-20.73","-49.58","530.0","BALSAMO, BR","17",",I","12",",I","2",",I","48.0",",,I,22,","178.2",",,,I"
"BR00B6-0220","1995-02","-20.73","-49.58","530.0","BALSAMO, BR","22",",I","18",",I","7",",I","53.6",",,I,20,","415.3",",,,I"
"BR00B6-0220","1995-03","-20.73","-49.58","530.0","BALSAMO, BR","10",",I","8",",I","1",",I","35.5",",,I,13,","109.4",",,,I"
"BR00B6-0220","1995-04","-20.73","-49.58","530.0","BALSAMO, BR","9",",I","6",",I","3",",I","44.1",",,I,01,","150.9",",,,I"
"BR00B6-0220","1995-05","-20.73","-49.58","530.0","BALSAMO, BR","3",",I","3",",I","0",",I","6.9",",,I,07,","19.4",",,,I"
"BR00B6-0220","1995-06","-20.73","-49.58","530.0","BALSAMO, BR","3",",I","2",",I","0",",I","21.0",",,I,18,","25.8",",,,I"
"BR00B6-0220","1995-07","-20.73","-49.58","530.0","BALSAMO, BR","3",",I","3",",I","0",",I","9.7",",,I,09,","18.9",",,,I"
"BR00B6-0220","1995-08","-20.73","-49.58","530.0","BALSAMO, BR","0",",I","0",",I","0",",I","0.1",",,I,06,","0.1",",,,I"
"BR00B6-0220","1995-09","-20.73","-49.58","530.0","BALSAMO, BR","6",",I","4",",I","0",",I","9.0",",,I,28,","27.3",",,,I"
"BR00B6-0220","1995-10","-20.73","-49.58","530.0","BALSAMO, BR","10",",I","8",",I","0",",I","20.0",",,I,21,","94.1",",,,I"
"BR00B6-0220","1995-11","-20.73","-49.58","530.0","BALSAMO, BR","9",",I","6",",I","1",",I","28.5",",,I,15,","85.6",",,,I"
"BR00B6-0220","1995-12","-20.73","-49.58","530.0","BALSAMO, BR","16",",I","13",",I","5",",I","51.2",",,I,22,","233.1",",,,I"
"BR00B6-0220","1996-01","-20.73","-49.58","530.0","BALSAMO, BR","16",",I","12",",I","3",",I","73.2",",,I,03,","235.0",",,,I"
"BR00B6-0220","1996-02","-20.73","-49.58","530.0","BALSAMO, BR","11",",I","7",",I","1",",I","44.3",",,I,21,","108.4",",,,I"
"BR00B6-0220","1996-03","-20.73","-49.58","530.0","BALSAMO, BR","14",",I","10",",I","1",",I","64.0",",,I,08,","164.2",",,,I"
"BR00B6-0220","1996-04","-20.73","-49.58","530.0","BALSAMO, BR","8",",I","2",",I","1",",I","31.0",",,I,17,","42.5",",,,I"
"BR00B6-0220","1996-05","-20.73","-49.58","530.0","BALSAMO, BR","12",",I","6",",I","2",",I","45.0",",,I,18,","112.1",",,,I"
"BR00B6-0220","1996-06","-20.73","-49.58","530.0","BALSAMO, BR","3",",I","2",",I","0",",I","11.6",",,I,29,","17.2",",,,I"
"BR00B6-0220","1996-07","-20.73","-49.58","530.0","BALSAMO, BR","1",",I","0",",I","0",",I","0.3",",,I,29,","0.7",",,,I"
"BR00B6-0220","1996-08","-20.73","-49.58","530.0","BALSAMO, BR","3",",I","2",",I","0",",I","5.5",",,I,15,","9.1",",,,I"
"BR00B6-0220","1996-09","-20.73","-49.58","530.0","BALSAMO, BR","11",",I","9",",I","2",",I","28.0",",,I,04,","122.9",",,,I"
"BR00B6-0220","1996-10","-20.73","-49.58","530.0","BALSAMO, BR","10",",I","7",",I","0",",I","25.3",",,I,28,","64.8",",,,I"
"BR00B6-0220","1996-11","-20.73","-49.58","530.0","BALSAMO, BR","14",",I","10",",I","3",",I","50.8",",,I,16,","232.8",",,,I"
"BR00B6-0220","1996-12","-20.73","-49.58","530.0","BALSAMO, BR","17",",I","13",",I","1",",I","38.7",",,I,04,","194.0",",,,I"
"BR00B6-0220","1997-01","-20.73","-49.58","530.0","BALSAMO, BR","27",",I","18",",I","6",",I","37.2",",,I,07,","336.6",",,,I"
"BR00B6-0220","1997-02","-20.73","-49.58","530.0","BALSAMO, BR","10",",I","6",",I","0",",I","20.2",",,I,18,","84.0",",,,I"
"BR00B6-0220","1997-04","-20.73","-49.58","530.0","BALSAMO, BR","0","5,I","0","5,I","0","5,I","0.0","5,,I,30,+","0.0","5,,,I"
"BR00B6-0220","1997-05","-20.73","-49.58","530.0","BALSAMO, BR","5",",I","3",",I","0",",I","10.5",",,I,25,","30.4",",,,I"
"BR00B6-0220","1997-06","-20.73","-49.58","530.0","BALSAMO, BR","9",",I","4",",I","2",",I","87.1",",,I,06,","163.1",",,,I"
"BR00B6-0220","1997-07","-20.73","-49.58","530.0","BALSAMO, BR","2",",I","1",",I","0",",I","8.9",",,I,22,","10.1",",,,I"
"BR00B6-0220","1997-08","-20.73","-49.58","530.0","BALSAMO, BR","0",",I","0",",I","0",",I","0.0",",,I,31,+","0.0",",,,I"
"BR00B6-0220","1997-09","-20.73","-49.58","530.0","BALSAMO, BR","2",",I","2",",I","1",",I","67.0",",,I,21,","72.0",",,,I"
"BR00B6-0220","1997-10","-20.73","-49.58","530.0","BALSAMO, BR","7",",I","6",",I","1",",I","43.1",",,I,21,","100.5",",,,I"
"BR00B6-0220","1997-11","-20.73","-49.58","530.0","BALSAMO, BR","15",",I","13",",I","3",",I","41.6",",,I,28,","214.7",",,,I"
"BR00B6-0220","1997-12","-20.73","-49.58","530.0","BALSAMO, BR","14",",I","12",",I","1",",I","31.7",",,I,15,","137.7",",,,I"
