"STATION","DATE","LATITUDE","LONGITUDE","ELEVATION","NAME","CDSD","CDSD_ATTRIBUTES","CLDD","CLDD_ATTRIBUTES","DP01","DP01_ATTRIBUTES","DP10","DP10_ATTRIBUTES","DP1X","DP1X_ATTRIBUTES","DSND","DSND_ATTRIBUTES","DSNW","DSNW_ATTRIBUTES","DT00","DT00_ATTRIBUTES","DT32","DT32_ATTRIBUTES","DX32","DX32_ATTRIBUTES","DX70","DX70_ATTRIBUTES","DX90","DX90_ATTRIBUTES","EMNT","EMNT_ATTRIBUTES","EMSD","EMSD_ATTRIBUTES","EMSN","EMSN_ATTRIBUTES","EMXP","EMXP_ATTRIBUTES","EMXT","EMXT_ATTRIBUTES","HDSD","HDSD_ATTRIBUTES","HTDD","HTDD_ATTRIBUTES","PRCP","PRCP_ATTRIBUTES","SNOW","SNOW_ATTRIBUTES","TAVG","TAVG_ATTRIBUTES","TMAX","TMAX_ATTRIBUTES","TMIN","TMIN_ATTRIBUTES"
"CA007096215","1969-08","48.6833","-78.9833","290.0","POULARIES, QC CA","","","28.1",",C","13",",C","10",",C","1",",C","","","0",",C","0",",C","0",",C","0",",C","20",",C","0",",C","2.2",",C,20,","","","0",",,C,31,+","31.0",",,C,23,","29.4",",C,23,","","","72.5",",C","135.5",",,,C","0",",,,C","16.90",",C","22.21",",,,C","11.60",",,,C"
"CA007096215","1969-09","48.6833","-78.9833","290.0","POULARIES, QC CA","","","1.1",",C","15",",C","9",",C","1",",C","","","0",",C","0",",C","4",",C","0",",C","4",",C","0",",C","-5.6",",C,19,","","","0",",,C,30,+","30.5",",,C,23,","25.0",",C,05,","","","275.0",",C","86.2",",,,C","0",",,,C","9.21",",C","14.17",",,,C","4.24",",,,C"
"CA007096215","1969-10","48.6833","-78.9833","290.0","POULARIES, QC CA","","","0.0",",C","18",",C","11",",C","0",",C","","","2",",C","0",",C","19",",C","5",",C","0",",C","0",",C","-8.9",",C,23,","","","102",",,C,26,","16.0",",,C,13,","19.4",",C,05,","","","478.9",",C","104.4",",,,C","153",",,,C","2.89",",C","6.61",",,,C","-0.84",",,,C"
"CA007096215","1969-11","48.6833","-78.9833","290.0","POULARIES, QC CA","","","0.0",",C","20",",C","13",",C","0",",C","","","5",",C","3",",C","25",",C","9",",C","0",",C","0",",C","-24.4",",C,28,","","","64",",,C,19,","22.6",",,C,04,","8.3",",C,11,+","","","620.2",",C","134.6",",,,C","229",",,,C","-2.34",",C","1.04",",,,C","-5.72",",,,C"
"CA007096215","1969-12","48.6833","-78.9833","290.0","POULARIES, QC CA","","","0.0",",C","9",",C","7",",C","0",",C","","","7",",C","16",",C","31",",C","29",",C","0",",C","0",",C","-29.4",",C,24,+","","","152",",,C,11,","15.2",",,C,11,","1.7",",C,10,","","","962.2",",C","48.2",",,,C","482",",,,C","-12.70",",C","-8.60",",,,C","-16.81",",,,C"
"CA007096215","1970-01","48.6833","-78.9833","290.0","POULARIES, QC CA","0.0","C","0.0",",C","13",",C","5",",C","0",",C","","","5",",C","28",",C","31",",C","31",",C","0",",C","0",",C","-38.3",",C,20,","","","102",",,C,28,","10.2",",,C,28,","-2.2",",C,28,","","","1177.4",",C","35.5",",,,C","355",",,,C","-19.65",",C","-14.07",",,,C","-25.22",",,,C"
"CA007096215","1970-02","48.6833","-78.9833","290.0","POULARIES, QC CA","0.0","C","0.0",",C","12",",C","8",",C","0",",C","","","8",",C","23",",C","28",",C","27",",C","0",",C","0",",C","-40.6",",C,03,","","","51",",,C,17,+","5.1",",,C,17,+","2.2",",C,01,","","","1005.0",",C","36.9",",,,C","369",",,,C","-17.56",",C","-11.06",",,,C","-24.06",",,,C"
"CA007096215","1970-03","48.6833","-78.9833","290.0","POULARIES, QC CA","0.0","C","0.0",",C","8",",C","5",",C","0",",C","","","5",",C","10",",C","31",",C","23",",C","0",",C","0",",C","-26.1",",C,29,","","","178",",,C,26,","17.8",",,C,26,","10.0",",C,19,","","","834.7",",C","36.4",",,,C","364",",,,C","-8.59",",C","-2.71",",,,C","-14.48",",,,C"
"CA007096215","1970-04","48.6833","-78.9833","290.0","POULARIES, QC CA","0.0","C","0.0",",C","12",",C","5",",C","0",",C","","","2",",C","2",",C","21",",C","3",",C","0",",C","0",",C","-22.8",",C,05,","","","64",",,C,05,","6.4",",,C,05,","20.6",",C,30,","","","535.8",",C","30.9",",,,C","115",",,,C","0.47",",C","6.34",",,,C","-5.39",",,,C"
"CA007096215","1970-05","48.6833","-78.9833","290.0","POULARIES, QC CA","0.0","C","0.0",",C","15",",C","9",",C","0",",C","","","0",",C","0",",C","17",",C","0",",C","5",",C","0",",C","-12.2",",C,06,","","","3",",,C,12,","22.9",",,C,30,","23.3",",C,18,","","","341.6",",C","89.5",",,,C","3",",,,C","7.31",",C","13.70",",,,C","0.93",",,,C"
"CA007096215","1970-06","48.6833","-78.9833","290.0","POULARIES, QC CA","20.5","C","20.5",",C","15",",C","10",",C","3",",C","","","0","1,C","0",",C","4",",C","0",",C","14",",C","0",",C","-0.6",",C,03,","","","0","1,,C,30,+","34.0",",,C,19,","31.7",",C,09,","","","142.8",",C","181.3",",,,C","0","1,,,C","14.25",",C","21.36",",,,C","7.15",",,,C"
"CA007096215","1970-07","48.6833","-78.9833","290.0","POULARIES, QC CA","76.2","C","55.7",",C","16",",C","7",",C","0",",C","","","0",",C","0",",C","0",",C","0",",C","23",",C","0",",C","3.3",",C,01,","","","0",",,C,31,+","16.0",",,C,19,","30.6",",C,27,","55.1","C","55.1",",C","57.0",",,,C","0",",,,C","18.35",",C","24.53",",,,C","12.17",",,,C"
"CA007096215","1970-08","48.6833","-78.9833","290.0","POULARIES, QC CA","127.5","C","51.3",",C","15",",C","7",",C","0",",C","","","0",",C","0",",C","1",",C","0",",C","16",",C","1",",C","0.0",",C,18,","","","0",",,C,31,+","21.6",",,C,30,","32.8",",C,15,","162.0","C","106.9",",C","69.0",",,,C","0",",,,C","16.54",",C","22.37",",,,C","10.71",",,,C"
"CA007096215","1970-09","48.6833","-78.9833","290.0","POULARIES, QC CA","129.2","C","1.7",",C","13",",C","10",",C","0",",C","","","0",",C","0",",C","4",",C","0",",C","3",",C","0",",C","-2.2",",C,28,","","","0",",,C,30,+","20.8",",,C,04,","26.7",",C,20,","392.1","C","230.1",",C","88.4",",,,C","0",",,,C","10.72",",C","15.36",",,,C","6.08",",,,C"
"CA007096215","1970-10","48.6833","-78.9833","290.0","POULARIES, QC CA","132.6","C","3.4",",C","8",",C","5",",C","0",",C","","","0",",C","0",",C","9",",C","0",",C","4",",C","0",",C","-7.2",",C,19,","","","0",",,C,31,+","12.2",",,C,02,","26.7",",C,09,","726.7","C","334.6",",C","38.7",",,,C","0",",,,C","7.65",",C","12.54",",,,C","2.76",",,,C"
"CA007096215","1970-11","48.6833","-78.9833","290.0","POULARIES, QC CA","132.6","C","0.0",",C","13",",C","4",",C","0",",C","","","1",",C","3",",C","27",",C","14",",C","0",",C","0",",C","-25.0",",C,28,","","","30",",,C,16,","21.6",",,C,20,","11.1",",C,02,","1383.2","C","656.5",",C","42.3",",,,C","84",",,,C","-3.55",",C","0.63",",,,C","-7.73",",,,C"
"CA007096215","1970-12","48.6833","-78.9833","290.0","POULARIES, QC CA","132.6","C","0.0",",C","10",",C","10",",C","0",",C","","","9",",C","22",",C","31",",C","29",",C","0",",C","0",",C","-36.1",",C,22,","","","76",",,C,08,+","7.9",",,C,01,","4.4",",C,01,","2444.0","C","1060.8",",C","48.4",",,,C","405",",,,C","-15.89",",C","-10.74",",,,C","-21.04",",,,C"
"CA007096215","1971-01","48.6833","-78.9833","290.0","POULARIES, QC CA","0.0","C","0.0",",C","10",",C","2",",C","0",",C","","","2",",C","25",",C","31",",C","31",",C","0",",C","0",",C","-41.1",",C,31,","","","152",",,C,26,","15.2",",,C,26,","-0.6",",C,04,","3606.4","C","1162.4",",C","24.6",",,,C","246",",,,C","-19.16",",C","-14.17",",,,C","-24.15",",,,C"
"CA007096215","1971-02","48.6833","-78.9833","290.0","POULARIES, QC CA","0.0","C","0.0",",C","10",",C","4",",C","0",",C","","","3",",C","16",",C","27",",C","24",",C","0",",C","0",",C","-38.3",",C,01,","","","102",",,C,20,","10.2",",,C,20,","5.6",",C,26,","4497.2","C","890.8",",C","30.7",",,,C","226",",,,C","-13.48",",C","-7.62",",,,C","-19.34",",,,C"
"CA007096215","1971-03","48.6833","-78.9833","290.0","POULARIES, QC CA","0.0","C","0.0",",C","13",",C","5",",C","1",",C","","","4",",C","11",",C","31",",C","20",",C","0",",C","0",",C","-26.1",",C,03,","","","267",",,C,15,","33.3",",,C,15,","4.4",",C,28,","5347.3","C","850.1",",C","73.7",",,,C","491",",,,C","-9.09",",C","-3.36",",,,C","-14.81",",,,C"
"CA007096215","1971-04","48.6833","-78.9833","290.0","POULARIES, QC CA","0.0","C","0.0",",C","11",",C","5",",C","0",",C","","","0",",C","2",",C","26",",C","3",",C","0",",C","0",",C","-20.6",",C,08,","","","18",",,C,03,","8.9",",,C,24,","13.3",",C,12,+","5886.5","C","539.2",",C","35.9",",,,C","61",",,,C","0.36",",C","5.74",",,,C","-5.02",",,,C"
"CA007096215","1971-05","48.6833","-78.9833","290.0","POULARIES, QC CA","2.2","C","2.2",",C","8",",C","7",",C","0",",C","","","0",",C","0",",C","19",",C","0",",C","5",",C","0",",C","-6.1",",C,23,","","","0",",,C,31,+","18.8",",,C,25,","27.2",",C,29,","6212.3","C","325.8",",C","59.3",",,,C","0",",,,C","7.89",",C","15.30",",,,C","0.49",",,,C"
"CA007096215","1971-06","48.6833","-78.9833","290.0","POULARIES, QC CA","22.2","C","20.0",",C","8",",C","3",",C","1",",C","","","0",",C","0",",C","5",",C","0",",C","19",",C","0",",C","-5.0",",C,05,","","","0",",,C,30,+","32.0",",,C,30,","30.0",",C,17,","6342.1","C","129.8",",C","53.6",",,,C","0",",,,C","14.67",",C","22.43",",,,C","6.92",",,,C"
"CA007096215","1971-07","48.6833","-78.9833","290.0","POULARIES, QC CA","31.1","C","8.9",",C","20",",C","10",",C","1",",C","","","0",",C","0",",C","1",",C","0",",C","13",",C","0",",C","-0.6",",C,02,","","","0",",,C,31,+","58.7",",,C,22,","27.8",",C,04,","113.8","C","113.8",",C","144.6",",,,C","0",",,,C","14.95",",C","20.54",",,,C","9.35",",,,C"
"CA007096215","1971-08","48.6833","-78.9833","290.0","POULARIES, QC CA","50.1","C","19.0",",C","11",",C","4",",C","0",",C","","","0",",C","0",",C","1",",C","0",",C","17",",C","0",",C","-2.2",",C,25,","","","0",",,C,31,+","14.7",",,C,10,","30.0",",C,09,+","239.3","C","125.5",",C","46.2",",,,C","0",",,,C","14.90",",C","20.66",",,,C","9.13",",,,C"
"CA007096215","1971-09","48.6833","-78.9833","290.0","POULARIES, QC CA","69.8","C","19.7",",C","14",",C","9",",C","1",",C","","","0",",C","0",",C","2",",C","0",",C","11",",C","0",",C","-2.2",",C,27,","","","0",",,C,30,+","43.2",",,C,04,","28.3",",C,04,","408.3","C","169.0",",C","129.6",",,,C","0",",,,C","13.36",",C","18.65",",,,C","8.06",",,,C"
"CA007096215","1971-10","48.6833","-78.9833","290.0","POULARIES, QC CA","69.8","C","0.0",",C","15",",C","10",",C","0",",C","","","2",",C","0",",C","9",",C","0",",C","3",",C","0",",C","-4.4",",C,17,+","","","38",",,C,29,","18.3",",,C,05,","23.3",",C,01,","720.8","C","312.5",",C","85.1",",,,C","63",",,,C","8.25",",C","12.53",",,,C","3.98",",,,C"
"CA007096215","1971-11","48.6833","-78.9833","290.0","POULARIES, QC CA","69.8","C","0.0",",C","12",",C","10",",C","1",",C","","","5",",C","2",",C","28",",C","20",",C","0",",C","0",",C","-18.3",",C,23,","","","64",",,C,09,","27.4",",,C,02,","11.1",",C,18,","1397.2","C","676.4",",C","84.4",",,,C","229",",,,C","-4.22",",C","-1.23",",,,C","-7.20",",,,C"
"CA007096215","1971-12","48.6833","-78.9833","290.0","POULARIES, QC CA","69.8","C","0.0",",C","13",",C","11",",C","0",",C","","","10",",C","13",",C","31",",C","28",",C","0",",C","0",",C","-37.8",",C,27,","","","127",",,C,15,","15.7",",,C,10,","7.2",",C,10,","2351.2","C","954.0",",C","86.8",",,,C","711",",,,C","-12.44",",C","-7.13",",,,C","-17.75",",,,C"
"CA007096215","1972-01","48.6833","-78.9833","290.0","POULARIES, QC CA","0.0","C","0.0",",C","15",",C","10",",C","0",",C","","","9",",C","26",",C","31",",C","26",",C","0",",C","0",",C","-41.1",",C,16,","","","127",",,C,24,","12.7",",,C,24,","2.8",",C,22,+","3460.1","C","1108.9",",C","57.7",",,,C","521",",,,C","-17.44",",C","-10.15",",,,C","-24.72",",,,C"
"CA007096215","1972-02","48.6833","-78.9833","290.0","POULARIES, QC CA","0.0","C","0.0",",C","14",",C","9",",C","0",",C","","","9",",C","22",",C","29",",C","29",",C","0",",C","0",",C","-36.7",",C,07,","","","76",",,C,03,","7.6",",,C,03,","0.0",",C,14,+","4509.6","C","1049.5",",C","38.0",",,,C","380",",,,C","-17.86",",C","-12.09",",,,C","-23.62",",,,C"
"CA007096215","1972-03","48.6833","-78.9833","290.0","POULARIES, QC CA","0.0","C","0.0",",C","14",",C","7",",C","0",",C","","","7",",C","16",",C","30",",C","25",",C","0",",C","0",",C","-35.6",",C,03,","","","249",",,C,21,","24.9",",,C,21,","6.7",",C,29,","5448.1","C","938.5",",C","71.3",",,,C","690",",,,C","-11.94",",C","-6.22",",,,C","-17.66",",,,C"
"CA007096215","1972-04","48.6833","-78.9833","290.0","POULARIES, QC CA","0.0","C","0.0",",C","7",",C","0",",C","0",",C","","","0",",C","3",",C","26",",C","5",",C","0",",C","0",",C","-20.6",",C,07,","","","20",",,C,10,+","2.0",",,C,10,+","18.3",",C,30,","6032.2","C","584.1",",C","9.9",",,,C","76",",,,C","-1.14",",C","4.52",",,,C","-6.80",",,,C"
"CA007096215","1972-05","48.6833","-78.9833","290.0","POULARIES, QC CA","10.9","C","10.9",",C","8",",C","5",",C","1",",C","","","0",",C","0",",C","11",",C","0",",C","13",",C","0",",C","-9.4",",C,09,","","","5",",,C,06,","31.2",",,C,29,","30.0",",C,27,","6316.8","C","284.6",",C","63.5",",,,C","5",",,,C","9.51",",C","16.82",",,,C","2.20",",,,C"
"CA007096215","1972-06","48.6833","-78.9833","290.0","POULARIES, QC CA","21.5","C","10.6",",C","16",",C","6",",C","1",",C","","","0",",C","0",",C","5",",C","0",",C","14",",C","0",",C","-3.9",",C,11,+","","","0",",,C,30,+","26.9",",,C,26,","28.3",",C,30,+","6481.0","C","164.2",",C","88.4",",,,C","0",",,,C","13.22",",C","20.40",",,,C","6.03",",,,C"
"CA007096215","1972-07","48.6833","-78.9833","290.0","POULARIES, QC CA","43.7","C","22.2",",C","16",",C","4",",C","0",",C","","","0",",C","0",",C","2",",C","0",",C","21",",C","0",",C","-0.6",",C,03,","","","0",",,C,31,+","18.8",",,C,09,","30.0",",C,12,","89.6","C","89.6",",C","65.0",",,,C","0",",,,C","16.16",",C","22.30",",,,C","10.02",",,,C"
"CA007096215","1972-08","48.6833","-78.9833","290.0","POULARIES, QC CA","50.7","C","7.0",",C","14",",C","8",",C","1",",C","","","0",",C","0",",C","3",",C","0",",C","12",",C","0",",C","-1.1",",C,04,","","","0",",,C,31,+","30.7",",,C,24,","28.9",",C,31,","237.0","C","147.4",",C","90.1",",,,C","0",",,,C","13.80",",C","20.07",",,,C","7.54",",,,C"
"CA007096215","1972-09","48.6833","-78.9833","290.0","POULARIES, QC CA","51.0","C","0.3",",C","14",",C","11",",C","1",",C","","","0",",C","0",",C","8",",C","0",",C","1",",C","0",",C","-3.3",",C,28,+","","","0",",T,C,30,+","31.0",",,C,01,","21.1",",C,01,","500.0","C","263.0",",C","119.2",",,,C","0",",T,,C","9.58",",C","14.94",",,,C","4.22",",,,C"
"CA007096215","1972-10","48.6833","-78.9833","290.0","POULARIES, QC CA","51.0","C","0.0",",C","16",",C","10",",C","0",",C","","","1",",C","0",",C","21",",C","5",",C","1",",C","0",",C","-11.1",",C,31,","","","25",",,C,16,","11.7",",,C,16,","22.2",",C,04,","1001.6","C","501.6",",C","70.0",",,,C","56",",,,C","2.15",",C","5.84",",,,C","-1.54",",,,C"
"CA007096215","1972-11","48.6833","-78.9833","290.0","POULARIES, QC CA","51.0","C","0.0",",C","11",",C","4",",C","0",",C","","","4",",C","3",",C","29",",C","17",",C","0",",C","0",",C","-19.4",",C,29,","","","51",",,C,26,+","5.1",",,C,26,+","5.6",",C,07,","1680.2","C","678.6",",C","26.1",",,,C","230",",,,C","-4.29",",C","-0.67",",,,C","-7.90",",,,C"
"CA007096215","1972-12","48.6833","-78.9833","290.0","POULARIES, QC CA","51.0","C","0.0",",C","12",",C","9",",C","0",",C","","","7",",C","25",",C","31",",C","29",",C","0",",C","0",",C","-34.4",",C,29,","","","127",",,C,12,","12.7",",,C,12,","3.3",",C,31,","2757.9","C","1077.7",",C","52.4",",,,C","394",",,,C","-16.43",",C","-10.75",",,,C","-22.12",",,,C"
"CA007096215","1973-01","48.6833","-78.9833","290.0","POULARIES, QC CA","0.0","C","0.0",",C","14",",C","9",",C","0",",C","","","7",",C","17",",C","31",",C","23",",C","0",",C","0",",C","-43.3",",C,31,","","","76",",,C,19,","23.1",",,C,18,","5.6",",C,19,","3761.0","C","1003.1",",C","71.8",",,,C","395",",,,C","-14.03",",C","-8.63",",,,C","-19.43",",,,C"
"CA007096215","1973-02","48.6833","-78.9833","290.0","POULARIES, QC CA","0.0","C","0.0",",C","8",",C","6",",C","0",",C","","","5",",C","22",",C","28",",C","28",",C","0",",C","0",",C","-37.8",",C,16,","","","51",",,C,28,+","10.9",",,C,02,","-2.2",",C,02,","4775.2","C","1014.2",",C","32.8",",,,C","242",",,,C","-17.89",",C","-10.84",",,,C","-24.94",",,,C"
"CA007096215","1973-03","48.6833","-78.9833","290.0","POULARIES, QC CA","0.0","C","0.0",",C","10",",C","5",",C","0",",C","","","2",",C","3",",C","29",",C","11",",C","0",",C","0",",C","-17.8",",C,09,+","","","64",",,C,18,","15.7",",,C,11,","11.1",",C,28,+","5417.6","C","642.4",",C","57.7",",,,C","102",",,,C","-2.39",",C","3.19",",,,C","-7.96",",,,C"
"CA007096215","1973-04","48.6833","-78.9833","290.0","POULARIES, QC CA","0.0","C","0.0",",C","11",",C","7",",C","0",",C","","","1",",C","1",",C","25",",C","8",",C","1",",C","0",",C","-20.6",",C,09,","","","89",",,C,04,","22.4",",,C,21,","21.7",",C,16,","5950.7","C","533.1",",C","65.7",",,,C","102",",,,C","0.56",",C","6.45",",,,C","-5.33",",,,C"
"CA007096215","1973-05","48.6833","-78.9833","290.0","POULARIES, QC CA","0.0","C","0.0",",C","14",",C","10",",C","0",",C","","","0",",C","0",",C","13",",C","0",",C","3",",C","0",",C","-7.2",",C,01,","","","8",",,C,12,","21.8",",,C,02,","23.9",",C,27,","6270.7","C","320.0",",C","97.1",",,,C","8",",,,C","8.01",",C","14.01",",,,C","2.02",",,,C"
"CA007096215","1973-06","48.6833","-78.9833","290.0","POULARIES, QC CA","14.6","C","14.6","1,C","16",",C","8",",C","0",",C","","","0",",C","0",",C","1",",C","0","1,C","19","1,C","0","1,C","-3.9",",C,02,","","","0",",,C,30,+","18.8",",,C,08,","27.2","1,C,25,","6355.0","C","84.3","1,C","71.4",",,,C","0",",,,C","15.80","1,C","21.72","1,,,C","9.87",",,,C"
"CA007096215","1973-07","48.6833","-78.9833","290.0","POULARIES, QC CA","45.3","C","30.7",",C","12",",C","8",",C","0",",C","","","0",",C","0",",C","0",",C","0",",C","24",",C","0",",C","1.1",",C,11,","","","0",",,C,31,+","18.3",",,C,26,","30.6",",C,24,","62.4","C","62.4",",C","74.1",",,,C","0",",,,C","17.31",",C","24.02",",,,C","10.60",",,,C"
"CA007096215","1973-08","48.6833","-78.9833","290.0","POULARIES, QC CA","84.2","C","38.9",",C","14",",C","9",",C","1",",C","","","0",",C","0",",C","0",",C","0",",C","25",",C","0",",C","1.1",",C,24,+","","","0",",,C,31,+","30.2",",,C,20,","28.9",",C,28,","105.9","C","43.5",",C","92.5",",,,C","0",",,,C","18.18",",C","23.86",",,,C","12.51",",,,C"
"CA007096215","1973-09","48.6833","-78.9833","290.0","POULARIES, QC CA","102.8","C","18.6","1,C","19",",C","10",",C","0",",C","","","0",",C","0",",C","6",",C","0","1,C","4","1,C","0","1,C","-3.3",",C,24,+","","","0",",,C,30,+","23.6",",,C,02,","30.6","1,C,02,","332.4","C","226.5","1,C","127.6",",,,C","0",",,,C","11.09","1,C","16.18","1,,,C","6.00",",,,C"
"CA007096215","1973-10","48.6833","-78.9833","290.0","POULARIES, QC CA","102.8","C","0.0",",C","12",",C","11",",C","0",",C","","","1",",C","0",",C","11",",C","0",",C","2",",C","0",",C","-8.3",",C,29,","","","25",",,C,15,","22.1",",,C,13,","21.1",",C,12,+","672.6","C","340.2",",C","71.7",",,,C","25",",,,C","7.36",",C","11.95",",,,C","2.77",",,,C"
"CA007096215","1973-11","48.6833","-78.9833","290.0","POULARIES, QC CA","102.8","C","0.0",",C","14",",C","8",",C","0",",C","","","5",",C","0",",C","27",",C","21",",C","0",",C","0",",C","-15.0",",C,19,","","","102",",,C,07,","10.2",",,C,07,","8.3",",C,01,","1331.4","C","658.8",",C","48.3",",,,C","292",",,,C","-3.63",",C","-0.48",",,,C","-6.77",",,,C"
"CA007096215","1973-12","48.6833","-78.9833","290.0","POULARIES, QC CA","102.8","C","0.0",",C","13",",C","8",",C","0",",C","","","7",",C","18",",C","31",",C","29",",C","0",",C","0",",C","-35.0",",C,17,","","","152",",,C,25,","15.2",",,C,25,","1.7",",C,03,","2330.8","C","999.4",",C","58.5",",,,C","502",",,,C","-13.91",",C","-9.64",",,,C","-18.17",",,,C"
"CA007096215","1974-01","48.6833","-78.9833","290.0","POULARIES, QC CA","0.0","C","0.0",",C","15",",C","9",",C","0",",C","","","8",",C","27",",C","31",",C","27",",C","0",",C","0",",C","-37.8",",C,17,+","","","145",",,C,26,","16.3",",,C,21,","1.7",",C,30,","3452.4","C","1121.6",",C","84.8",",,,C","736",",,,C","-17.85",",C","-11.06",",,,C","-24.63",",,,C"
"CA007096215","1974-02","48.6833","-78.9833","290.0","POULARIES, QC CA","0.0","C","0.0",",C","13",",C","5",",C","0",",C","","","5",",C","23",",C","28",",C","28",",C","0",",C","0",",C","-38.9",",C,02,","","","127",",,C,22,","12.7",",,C,22,","0.0",",C,28,+","4482.2","C","1029.8",",C","44.7",",,,C","447",",,,C","-18.45",",C","-12.27",",,,C","-24.63",",,,C"
"CA007096215","1974-03","48.6833","-78.9833","290.0","POULARIES, QC CA","0.0","C","0.0",",C","11",",C","3",",C","0",",C","","","2",",C","17",",C","31",",C","23",",C","0",",C","0",",C","-30.6",",C,28,","","","64",",,C,31,","7.1",",,C,03,","8.3",",C,03,","5374.4","C","892.2",",C","29.3",",,,C","199",",,,C","-10.45",",C","-4.40",",,,C","-16.49",",,,C"
"CA007096215","1974-04","48.6833","-78.9833","290.0","POULARIES, QC CA","0.0","C","0.0",",C","17",",C","10",",C","0",",C","","","4",",C","3",",C","23",",C","8",",C","0",",C","0",",C","-23.9",",C,08,","","","114",",,C,02,","15.2",",,C,14,","16.7",",C,27,","5955.7","C","581.3",",C","83.3",",,,C","287",",,,C","-1.05",",C","4.31",",,,C","-6.40",",,,C"
"CA007096215","1974-05","48.6833","-78.9833","290.0","POULARIES, QC CA","0.0","C","0.0",",C","16",",C","11",",C","0",",C","","","1",",C","0",",C","14",",C","2",",C","1",",C","0",",C","-11.1",",C,05,","","","25",",,C,03,","13.2",",,C,11,","21.7",",C,22,","6335.1","C","379.4",",C","83.2",",,,C","48",",,,C","6.09",",C","11.58",",,,C","0.61",",,,C"
"CA007096215","1974-07","48.6833","-78.9833","290.0","POULARIES, QC CA","","","26.0",",C","12",",C","9",",C","0",",C","","","0",",C","0",",C","0",",C","0",",C","25",",C","0",",C","1.1",",C,20,","","","0",",,C,31,+","15.2",",,C,04,+","31.7",",C,13,","59.4","C","59.4",",C","99.8",",,,C","0",",,,C","17.25",",C","23.21",",,,C","11.30",",,,C"
"CA007096215","1974-08","48.6833","-78.9833","290.0","POULARIES, QC CA","","","17.8",",C","14",",C","7",",C","1",",C","","","0",",C","0",",C","1",",C","0",",C","18",",C","0",",C","-1.1",",C,15,","","","0",",,C,31,+","44.7",",,C,22,","30.6",",C,21,","153.9","C","94.5",",C","92.0",",,,C","0",",,,C","15.86",",C","21.56",",,,C","10.16",",,,C"
"CA007096215","1974-09","48.6833","-78.9833","290.0","POULARIES, QC CA","","","0.0",",C","20",",C","13",",C","1",",C","","","1",",C","0",",C","11",",C","1",",C","4",",C","0",",C","-4.4",",C,18,","","","25",",,C,29,","45.0",",,C,29,","22.8",",C,27,","468.7","C","314.8",",C","146.9",",,,C","43",",,,C","7.84",",C","12.59",",,,C","3.09",",,,C"
"CA007096215","1974-10","48.6833","-78.9833","290.0","POULARIES, QC CA","","","0.0",",C","16",",C","10",",C","0",",C","","","0",",C","0",",C","24",",C","5",",C","0",",C","0",",C","-12.2",",C,03,","","","20",",,C,14,","19.6",",,C,28,","15.6",",C,05,","994.4","C","525.7",",C","104.2",",,,C","48",",,,C","1.37",",C","5.17",",,,C","-2.42",",,,C"
"CA007096215","1974-11","48.6833","-78.9833","290.0","POULARIES, QC CA","","","0.0",",C","9",",C","6",",C","0",",C","","","3",",C","4",",C","26",",C","12",",C","0",",C","0",",C","-21.7",",C,22,","","","114",",,C,23,","11.4",",,C,23,","9.4",",C,08,","1623.5","C","629.1",",C","44.0",",,,C","215",",,,C","-2.64",",C","0.75",",,,C","-6.03",",,,C"
"CA007096215","1974-12","48.6833","-78.9833","290.0","POULARIES, QC CA","","","0.0",",C","18",",C","7",",C","0",",C","","","7",",C","13",",C","31",",C","25",",C","0",",C","0",",C","-26.7",",C,26,+","","","142",",,C,07,","14.2",",,C,07,","1.7",",C,07,","2500.4","C","876.9",",C","56.6",",,,C","566",",,,C","-9.95",",C","-5.04",",,,C","-14.87",",,,C"
"CA007096215","1975-01","48.6833","-78.9833","290.0","POULARIES, QC CA","0.0","C","0.0",",C","21",",C","9",",C","0",",C","","","7",",C","18",",C","31",",C","29",",C","0",",C","0",",C","-40.0",",C,20,","","","117",",,C,08,","12.7",",,C,10,","7.2",",C,11,","3531.8","C","1031.4",",C","76.7",",,,C","624",",,,C","-14.94",",C","-9.10",",,,C","-20.77",",,,C"
"CA007096215","1975-02","48.6833","-78.9833","290.0","POULARIES, QC CA","0.0","C","0.0",",C","12",",C","3",",C","0",",C","","","2",",C","17",",C","28",",C","23",",C","0",",C","0",",C","-38.9",",C,09,","","","30",",,C,15,","10.9",",,C,24,","6.7",",C,22,","4420.1","C","888.3",",C","27.7",",,,C","168",",,,C","-13.39",",C","-7.89",",,,C","-18.90",",,,C"
"CA007096215","1975-03","48.6833","-78.9833","290.0","POULARIES, QC CA","0.0","C","0.0",",C","10",",C","6",",C","0",",C","","","5",",C","13",",C","30",",C","25",",C","0",",C","0",",C","-26.7",",C,27,+","","","145",",,C,29,","14.5",",,C,29,","10.0",",C,18,","5290.0","C","869.9",",C","69.0",",,,C","647",",,,C","-9.73",",C","-3.72",",,,C","-15.73",",,,C"
"CA007096215","1975-04","48.6833","-78.9833","290.0","POULARIES, QC CA","0.0","C","0.0",",C","10",",C","5",",C","1",",C","","","3",",C","3",",C","27",",C","11",",C","0",",C","0",",C","-20.6",",C,02,+","","","76",",,C,04,","26.9",",,C,18,","16.1",",C,30,","5910.7","C","620.7",",C","62.6",",,,C","224",",,,C","-2.36",",C","4.23",",,,C","-8.94",",,,C"
"CA007096215","1975-05","48.6833","-78.9833","290.0","POULARIES, QC CA","9.1","C","9.1",",C","8",",C","5",",C","1",",C","","","0",",C","0",",C","6",",C","0",",C","14",",C","0",",C","-8.3",",C,12,","","","0",",,C,31,+","26.7",",,C,30,","28.9",",C,22,+","6096.2","C","185.5",",C","57.8",",,,C","0",",,,C","12.64",",C","20.48",",,,C","4.80",",,,C"
"CA007096215","1975-06","48.6833","-78.9833","290.0","POULARIES, QC CA","30.5","C","21.4",",C","16",",C","11",",C","0",",C","","","0",",C","0",",C","1",",C","0",",C","20",",C","0",",C","-2.2",",C,02,","","","0",",,C,30,+","19.3",",,C,17,","30.6",",C,22,","6183.9","C","87.7",",C","81.0",",,,C","0",",,,C","16.12",",C","22.69",",,,C","9.55",",,,C"
"CA007096215","1975-07","48.6833","-78.9833","290.0","POULARIES, QC CA","90.0","C","59.5",",C","15",",C","9",",C","1",",C","","","0",",C","0",",C","0",",C","0",",C","23",",C","2",",C","4.4",",C,21,","","","0",",,C,31,+","34.8",",,C,16,","37.2",",C,31,","61.8","C","61.8",",C","107.7",",,,C","0",",,,C","18.26",",C","24.49",",,,C","12.03",",,,C"
"CA007096215","1975-08","48.6833","-78.9833","290.0","POULARIES, QC CA","128.1","C","38.1",",C","10",",C","6",",C","0",",C","","","0",",C","0",",C","0",",C","0",",C","18",",C","2",",C","1.7",",C,30,+","","","0",",,C,31,+","24.1",",,C,13,","33.9",",C,01,","164.8","C","103.0",",C","79.7",",,,C","0",",,,C","16.24",",C","22.51",",,,C","9.97",",,,C"
"CA007096215","1975-09","48.6833","-78.9833","290.0","POULARIES, QC CA","128.1","C","0.0",",C","16",",C","9",",C","0",",C","","","0",",C","0",",C","5",",C","0",",C","1",",C","0",",C","-5.0",",C,25,","","","0",",,C,30,+","19.3",",,C,07,","21.7",",C,29,","442.1","C","277.3",",C","83.2",",,,C","0",",,,C","9.09",",C","13.54",",,,C","4.63",",,,C"
"CA007096215","1975-10","48.6833","-78.9833","290.0","POULARIES, QC CA","128.1","C","0.0",",C","20",",C","8",",C","0",",C","","","0",",C","0",",C","14",",C","2",",C","2",",C","0",",C","-12.8",",C,30,","","","0",",T,C,31,+","16.8",",,C,23,","21.7",",C,05,","841.0","C","398.9",",C","88.1",",,,C","0",",T,,C","5.47",",C","10.13",",,,C","0.80",",,,C"
"CA007096215","1975-11","48.6833","-78.9833","290.0","POULARIES, QC CA","128.1","C","0.0",",C","14",",C","8",",C","0",",C","","","4",",C","6",",C","25",",C","12",",C","0",",C","0",",C","-31.7",",C,26,","","","127",",,C,19,","12.7",",,C,19,","17.2",",C,06,","1464.3","C","623.3",",C","71.1",",,,C","441",",,,C","-2.45",",C","1.97",",,,C","-6.86",",,,C"
"CA007096215","1975-12","48.6833","-78.9833","290.0","POULARIES, QC CA","128.1","C","0.0",",C","14",",C","8",",C","0",",C","","","6",",C","18",",C","31",",C","28",",C","0",",C","0",",C","-37.8",",C,19,","","","76",",,C,30,","13.2",",,C,14,","8.3",",C,14,","2484.5","C","1020.2",",C","50.5",",,,C","327",",,,C","-14.58",",C","-8.83",",,,C","-20.33",",,,C"
"CA007096215","1976-01","48.6833","-78.9833","290.0","POULARIES, QC CA","0.0","C","0.0",",C","13",",C","10",",C","0",",C","","","10",",C","26",",C","31",",C","31",",C","0",",C","0",",C","-40.0",",C,24,","","","152",",,C,31,","15.2",",,C,31,","-2.2",",C,13,","3678.7","C","1194.2",",C","70.3",",,,C","703",",,,C","-20.19",",C","-14.25",",,,C","-26.13",",,,C"
"CA007096215","1976-02","48.6833","-78.9833","290.0","POULARIES, QC CA","0.0","C","0.0","2,C","16",",C","9",",C","0",",C","","","9",",C","15","1,C","28","1,C","23","2,C","0","2,C","0","2,C","-32.8","1,C,23,","","","127",",,C,01,","12.7",",,C,01,","6.1","2,C,26,","4535.5","C","856.8","2,C","62.6",",,,C","626",",,,C","-13.18","2,C","-7.64","2,,,C","-18.71","1,,,C"
"CA007096215","1976-03","48.6833","-78.9833","290.0","POULARIES, QC CA","0.0","C","0.0",",C","17",",C","7",",C","1",",C","","","4",",C","16",",C","29",",C","21",",C","0",",C","0",",C","-36.1",",C,01,","","","104",",,C,12,","35.1",",,C,26,","11.1",",C,30,+","5402.3","C","866.8",",C","102.4",",,,C","357",",,,C","-9.63",",C","-2.76",",,,C","-16.49",",,,C"
"CA007096215","1976-04","48.6833","-78.9833","290.0","POULARIES, QC CA","0.0","C","0.0",",C","11",",C","8",",C","0",",C","","","2",",C","1",",C","25",",C","4",",C","1",",C","0",",C","-18.3",",C,12,","","","64",",,C,10,","14.2",",,C,17,","26.7",",C,18,","5909.8","C","507.5",",C","82.2",",,,C","120",",,,C","1.42",",C","7.47",",,,C","-4.64",",,,C"
"CA007096215","1976-05","48.6833","-78.9833","290.0","POULARIES, QC CA","3.1","C","3.1",",C","17",",C","13",",C","0",",C","","","1",",C","0",",C","17",",C","0",",C","8",",C","0",",C","-7.8",",C,07,","","","25",",,C,17,","21.8",",,C,16,","26.7",",C,30,+","6260.0","C","350.2",",C","98.4",",,,C","81",",,,C","7.14",",C","13.18",",,,C","1.09",",,,C"
"CA007096215","1976-06","48.6833","-78.9833","290.0","POULARIES, QC CA","40.6","C","37.5",",C","13",",C","6",",C","0",",C","","","0",",C","0",",C","3",",C","0",",C","21",",C","0",",C","-2.8",",C,01,","","","0",",,C,30,+","10.9",",,C,12,","31.1",",C,23,","6340.3","C","80.3",",C","58.2",",,,C","0",",,,C","16.91",",C","24.37",",,,C","9.44",",,,C"
"CA007096215","1976-07","48.6833","-78.9833","290.0","POULARIES, QC CA","56.6","C","16.0",",C","16",",C","12",",C","1",",C","","","0",",C","0",",C","0",",C","0",",C","18",",C","0",",C","1.1",",C,25,","","","0",",,C,31,+","29.2",",,C,26,","31.1",",C,06,","93.7","C","93.7",",C","151.8",",,,C","0",",,,C","15.83",",C","21.87",",,,C","9.78",",,,C"
"CA007096215","1976-08","48.6833","-78.9833","290.0","POULARIES, QC CA","97.5","C","40.9",",C","10",",C","8",",C","2",",C","","","0",",C","0",",C","1",",C","0",",C","20",",C","0",",C","-0.6",",C,02,","","","0",",,C,31,+","38.9",",,C,15,","31.1",",C,21,+","212.2","C","118.5",",C","111.8",",,,C","0",",,,C","15.83",",C","22.24",",,,C","9.42",",,,C"
"CA007096215","1976-09","48.6833","-78.9833","290.0","POULARIES, QC CA","100.0","C","2.5",",C","11",",C","8",",C","2",",C","","","0",",C","0",",C","10",",C","0",",C","6",",C","0",",C","-4.4",",C,30,","","","0",",T,C,23,","36.3",",,C,09,","26.7",",C,13,","503.9","C","291.7",",C","160.7",",,,C","0",",T,,C","8.70",",C","14.07",",,,C","3.32",",,,C"
"CA007096215","1976-10","48.6833","-78.9833","290.0","POULARIES, QC CA","100.0","C","0.0","1,C","10",",C","9",",C","0",",C","","","5",",C","0","1,C","22","1,C","11",",C","1",",C","0",",C","-11.1","1,C,25,","","","157",",,C,21,","15.7",",,C,21,","22.8",",C,05,","1003.0","C","499.1",",C","68.6",",,,C","406",",,,C","1.80","1,C","5.63",",,,C","-2.04","1,,,C"
"CA007096215","1976-11","48.6833","-78.9833","290.0","POULARIES, QC CA","100.0","C","0.0",",C","18",",C","10",",C","0",",C","","","10",",C","3",",C","30",",C","25",",C","0",",C","0",",C","-23.3",",C,30,","","","157",",,C,27,","15.7",",,C,27,","3.9",",C,04,","1738.6","C","735.6",",C","74.6",",,,C","738",",,,C","-6.19",",C","-3.56",",,,C","-8.82",",,,C"
"CA007096215","1976-12","48.6833","-78.9833","290.0","POULARIES, QC CA","100.0","C","0.0",",C","17",",C","12",",C","0",",C","","","12",",C","29",",C","31",",C","31",",C","0",",C","0",",C","-36.7",",C,09,","","","89",",,C,20,","8.9",",,C,20,","-0.6",",C,14,","2927.5","C","1188.9",",C","73.0",",,,C","730",",,,C","-20.02",",C","-13.58",",,,C","-26.45",",,,C"
"CA007096215","1977-01","48.6833","-78.9833","290.0","POULARIES, QC CA","0.0","C","0.0",",C","13",",C","6",",C","0",",C","","","6",",C","24",",C","31",",C","31",",C","0",",C","0",",C","-38.0",",C,13,","","","114",",,C,10,","11.4",",,C,10,","-4.4",",C,24,","4083.6","C","1156.1",",C","55.1",",,,C","551",",,,C","-18.96",",C","-13.75",",,,C","-24.17",",,,C"
"CA007096215","1977-02","48.6833","-78.9833","290.0","POULARIES, QC CA","0.0","C","0.0",",C","13",",C","9",",C","0",",C","","","8",",C","16",",C","28",",C","26",",C","0",",C","0",",C","-32.8",",C,23,+","","","122",",,C,27,","12.2",",,C,27,","1.7",",C,25,+","4948.5","C","864.9",",C","56.0",",,,C","535",",,,C","-12.56",",C","-7.76",",,,C","-17.36",",,,C"
"CA007096215","1977-03","48.6833","-78.9833","290.0","POULARIES, QC CA","0.0","C","0.0",",C","11",",C","6",",C","0",",C","","","2",",C","5",",C","23",",C","13",",C","0",",C","0",",C","-22.8",",C,25,","","","127",",,C,04,","12.7",",,C,04,","14.4",",C,27,","5607.3","C","658.8",",C","54.8",",,,C","249",",,,C","-2.92",",C","2.37",",,,C","-8.21",",,,C"
"CA007096215","1977-04","48.6833","-78.9833","290.0","POULARIES, QC CA","0.0","C","0.0",",C","11",",C","8",",C","0",",C","","","3",",C","3",",C","24",",C","6",",C","0",",C","0",",C","-23.9",",C,09,+","","","152",",,C,04,","15.2",",,C,04,","20.6",",C,30,","6124.3","C","517.0",",C","63.5",",,,C","292",",,,C","1.10",",C","8.50",",,,C","-6.31",",,,C"
"CA007096215","1977-05","48.6833","-78.9833","290.0","POULARIES, QC CA","30.3","C","30.3",",C","7",",C","6",",C","0",",C","","","2",",C","0",",C","14",",C","0",",C","15",",C","0",",C","-8.3",",C,03,","","","51",",,C,07,","7.3",",,C,08,","31.7",",C,22,","6354.3","C","230.0",",C","27.8",",,,C","76",",,,C","11.89",",C","19.84",",,,C","3.94",",,,C"
"CA007096215","1977-06","48.6833","-78.9833","290.0","POULARIES, QC CA","37.8","C","7.5",",C","14",",C","10",",C","1",",C","","","0",",C","0",",C","6",",C","0",",C","11",",C","0",",C","-3.3",",C,06,+","","","0",",T,C,07,+","41.1",",,C,18,","27.8",",C,27,","6540.4","C","186.1",",C","139.3",",,,C","0",",T,,C","12.38",",C","18.61",",,,C","6.15",",,,C"
"CA007096215","1977-07","48.6833","-78.9833","290.0","POULARIES, QC CA","66.9","C","29.1",",C","12",",C","7",",C","0",",C","","","0",",C","0",",C","0",",C","0",",C","20",",C","2",",C","4.0",",C,18,","","","0",",,C,31,+","12.7",",,C,01,","33.9",",C,20,","78.3","C","78.3",",C","49.7",",,,C","0",",,,C","16.75",",C","22.88",",,,C","10.61",",,,C"
"CA007096215","1977-08","48.6833","-78.9833","290.0","POULARIES, QC CA","73.9","C","7.0",",C","16",",C","10",",C","0",",C","","","0",",C","0",",C","0",",C","0",",C","12",",C","0",",C","0.6",",C,20,","","","0",",,C,31,+","13.5",",,C,28,","28.9",",C,28,","210.8","C","132.5",",C","75.4",",,,C","0",",,,C","14.28",",C","19.59",",,,C","8.98",",,,C"
"CA007096215","1977-09","48.6833","-78.9833","290.0","POULARIES, QC CA","75.3","C","1.4",",C","12",",C","5",",C","0",",C","","","0",",C","0",",C","5",",C","0",",C","4",",C","0",",C","-2.8",",C,08,+","","","0",",,C,30,+","13.2",",,C,11,","23.9",",C,01,","459.1","C","248.3",",C","47.4",",,,C","0",",,,C","10.10",",C","15.74",",,,C","4.47",",,,C"
"CA007096215","1977-10","48.6833","-78.9833","290.0","POULARIES, QC CA","75.3","C","0.0","1,C","13",",C","7",",C","0",",C","","","0",",C","0","1,C","16","1,C","0",",C","0",",C","0",",C","-10.0","1,C,18,","","","0",",T,C,22,+","8.4",",,C,05,","18.9",",C,25,","873.5","C","414.4",",C","39.5",",,,C","0",",T,,C","4.48","1,C","9.29",",,,C","-0.32","1,,,C"
"CA007096215","1977-11","48.6833","-78.9833","290.0","POULARIES, QC CA","75.3","C","0.0",",C","13",",C","6",",C","0",",C","","","1",",C","4",",C","23",",C","13",",C","0",",C","0",",C","-25.6",",C,25,","","","41",",,C,23,","22.6",",,C,10,","14.4",",C,03,","1464.7","C","591.2",",C","80.7",",,,C","96",",,,C","-1.37",",C","2.60",",,,C","-5.35",",,,C"
"CA007096215","1977-12","48.6833","-78.9833","290.0","POULARIES, QC CA","75.3","C","0.0",",C","13",",C","11",",C","1",",C","","","11",",C","17",",C","31",",C","28",",C","0",",C","0",",C","-33.3",",C,30,","","","112",",,C,01,","32.8",",,C,01,","1.7",",C,01,","2444.9","C","980.2",",C","85.0",",,,C","634",",,,C","-13.29",",C","-9.19",",,,C","-17.38",",,,C"
"CA007096215","1978-01","48.6833","-78.9833","290.0","POULARIES, QC CA","0.0","C","0.0",",C","8",",C","6",",C","1",",C","","","6",",C","25",",C","31",",C","31",",C","0",",C","0",",C","-40.0",",C,13,","","","305",",,C,26,","30.5",",,C,26,","-0.6",",C,24,","3588.2","C","1143.3",",C","67.4",",,,C","674",",,,C","-18.55",",C","-13.17",",,,C","-23.93",",,,C"
"CA007096215","1978-02","48.6833","-78.9833","290.0","POULARIES, QC CA","0.0","C","0.0",",C","6",",C","3",",C","0",",C","","","3",",C","19",",C","28",",C","28",",C","0",",C","0",",C","-38.3",",C,04,","","","38",",,C,17,","3.8",",,C,17,","-2.8",",C,23,","4560.7","C","972.5",",C","12.2",",,,C","122",",,,C","-16.40",",C","-10.44",",,,C","-22.36",",,,C"
"CA007096215","1978-03","48.6833","-78.9833","290.0","POULARIES, QC CA","0.0","C","0.0",",C","10",",C","5",",C","0",",C","","","5",",C","18",",C","31",",C","23",",C","0",",C","0",",C","-31.1",",C,04,","","","79",",,C,13,","7.9",",,C,13,","5.6",",C,31,","5500.6","C","939.9",",C","39.5",",,,C","395",",,,C","-11.99",",C","-3.52",",,,C","-20.45",",,,C"
"CA007096215","1978-04","48.6833","-78.9833","290.0","POULARIES, QC CA","0.0","C","0.0",",C","10",",C","6",",C","0",",C","","","4",",C","4",",C","30",",C","7",",C","0",",C","0",",C","-20.6",",C,02,","","","81",",,C,01,","8.9",",,C,10,","12.2",",C,27,","6106.1","C","605.5",",C","40.0",",,,C","260",",,,C","-1.85",",C","3.91",",,,C","-7.61",",,,C"
"CA007096215","1978-05","48.6833","-78.9833","290.0","POULARIES, QC CA","23.6","C","23.6",",C","12",",C","9",",C","1",",C","","","0","1,C","0",",C","10",",C","1",",C","14",",C","1",",C","-7.8",",C,01,","","","0","1,T,C,31,+","30.0",",,C,28,","32.2",",C,27,","6328.2","C","222.1",",C","95.9",",,,C","0","1,T,,C","11.93",",C","19.13",",,,C","4.73",",,,C"
"CA007096215","1978-06","48.6833","-78.9833","290.0","POULARIES, QC CA","28.1","C","4.5",",C","14",",C","11",",C","1",",C","","","0",",C","0",",C","5",",C","0",",C","13",",C","0",",C","-3.9",",C,10,","","","0",",,C,30,+","28.7",",,C,02,","27.8",",C,24,","6501.8","C","173.6",",C","150.5",",,,C","0",",,,C","12.70",",C","18.71",",,,C","6.68",",,,C"
"CA007096215","1978-07","48.6833","-78.9833","290.0","POULARIES, QC CA","49.1","C","21.0",",C","13",",C","9",",C","1",",C","","","0",",C","0",",C","1",",C","0",",C","21",",C","0",",C","-1.1",",C,30,","","","0",",,C,31,+","61.0",",,C,07,","28.3",",C,05,","86.5","C","86.5",",C","145.9",",,,C","0",",,,C","16.22",",C","22.50",",,,C","9.94",",,,C"
"CA007096215","1978-08","48.6833","-78.9833","290.0","POULARIES, QC CA","72.4","C","23.3",",C","10",",C","6",",C","1",",C","","","0",",C","0",",C","2",",C","0",",C","15",",C","0",",C","-2.2",",C,27,","","","0",",,C,31,+","32.0",",,C,29,","31.1",",C,15,+","197.6","C","111.1",",C","100.6",",,,C","0",",,,C","15.50",",C","21.54",",,,C","9.47",",,,C"
"CA007096215","1978-09","48.6833","-78.9833","290.0","POULARIES, QC CA","73.3","C","0.9",",C","16",",C","10",",C","0",",C","","","0",",C","0",",C","10",",C","0",",C","2",",C","0",",C","-3.9",",C,18,","","","0",",,C,30,+","18.3",",,C,30,","25.6",",C,02,","484.6","C","287.0",",C","88.3",",,,C","0",",,,C","8.80",",C","14.15",",,,C","3.44",",,,C"
"CA007096215","1978-10","48.6833","-78.9833","290.0","POULARIES, QC CA","73.3","C","0.0",",C","16",",C","10",",C","0",",C","","","0",",C","0",",C","20",",C","3",",C","0",",C","0",",C","-6.7",",C,24,+","","","20",",,C,27,","16.8",",,C,03,","19.4",",C,11,","938.5","C","453.9",",C","67.0",",,,C","35",",,,C","3.69",",C","7.65",",,,C","-0.27",",,,C"
"CA007096215","1978-11","48.6833","-78.9833","290.0","POULARIES, QC CA","73.3","C","0.0",",C","13",",C","10",",C","0",",C","","","7",",C","8",",C","28",",C","18",",C","0",",C","0",",C","-28.3",",C,27,","","","178",",,C,18,","17.8",",,C,18,+","16.1",",C,03,","1651.0","C","712.5",",C","78.7",",,,C","526",",,,C","-5.42",",C","-0.78",",,,C","-10.06",",,,C"
"CA007096215","1978-12","48.6833","-78.9833","290.0","POULARIES, QC CA","73.3","C","0.0",",C","14",",C","12",",C","0",",C","","","12",",C","20",",C","31",",C","31",",C","0",",C","0",",C","-34.4",",C,10,","","","127",",,C,31,","12.7",",,C,31,","0.0",",C,13,+","2674.4","C","1023.4",",C","89.8",",,,C","898",",,,C","-14.68",",C","-9.08",",,,C","-20.28",",,,C"
"CA007096215","1979-01","48.6833","-78.9833","290.0","POULARIES, QC CA","0.0","C","0.0",",C","17",",C","8",",C","0",",C","","","7",",C","23",",C","31",",C","28",",C","0",",C","0",",C","-43.0",",C,16,","","","114",",,C,13,","11.4",",,C,13,","1.7",",C,26,","3797.1","C","1122.7",",C","49.3",",,,C","470",",,,C","-17.88",",C","-12.65",",,,C","-23.12",",,,C"
"CA007096215","1979-02","48.6833","-78.9833","290.0","POULARIES, QC CA","0.0","C","0.0",",C","6",",C","3",",C","0",",C","","","2",",C","22",",C","28",",C","26",",C","0",",C","0",",C","-46.0",",C,11,","","","135",",,C,21,","13.5",",,C,21,","3.3",",C,27,+","4895.8","C","1098.7",",C","28.6",",,,C","207",",,,C","-20.91",",C","-13.82",",,,C","-28.00",",,,C"
"CA007096215","1979-03","48.6833","-78.9833","290.0","POULARIES, QC CA","0.0","C","0.0",",C","16",",C","12",",C","0",",C","","","10",",C","13",",C","31",",C","16",",C","0",",C","0",",C","-27.2",",C,15,","","","216",",,C,13,","21.6",",,C,13,","13.9",",C,23,+","5682.0","C","786.2",",C","134.0",",,,C","1063",",,,C","-7.03",",C","-1.16",",,,C","-12.89",",,,C"
"CA007096215","1979-04","48.6833","-78.9833","290.0","POULARIES, QC CA","0.0","C","0.0",",C","11",",C","8",",C","1",",C","","","4",",C","1",",C","20",",C","5",",C","0",",C","0",",C","-17.8",",C,08,","","","122",",,C,30,","35.1",",,C,26,","12.8",",C,26,+","6225.6","C","543.6",",C","91.9",",,,C","287",",,,C","0.21",",C","5.14",",,,C","-4.71",",,,C"
"CA007096215","1979-05","48.6833","-78.9833","290.0","POULARIES, QC CA","2.5","C","2.5",",C","9","1,C","7","1,C","0","1,C","","","0",",C","0",",C","10",",C","0",",C","6",",C","0",",C","-8.3",",C,02,","","","0",",,C,31,+","25.1","1,,C,27,","26.7",",C,19,","6511.7","C","286.1",",C","73.6","1,,,C","0",",,,C","9.19",",C","15.24",",,,C","3.14",",,,C"
"CA007096215","1979-06","48.6833","-78.9833","290.0","POULARIES, QC CA","16.1","C","13.6",",C","14",",C","12",",C","1",",C","","","0",",C","0",",C","2",",C","0",",C","19",",C","0",",C","-1.1",",C,13,","","","0",",,C,30,+","32.3",",,C,17,","27.8",",C,15,+","6625.2","C","113.5",",C","160.9",",,,C","0",",,,C","15.00",",C","21.59",",,,C","8.41",",,,C"
"CA007096215","1979-07","48.6833","-78.9833","290.0","POULARIES, QC CA","61.8","C","45.7",",C","11",",C","6",",C","0",",C","","","0",",C","0",",C","1",",C","0",",C","23",",C","0",",C","0.0",",C,17,","","","0",",,C,31,+","23.1",",,C,24,","30.0",",C,24,+","78.0","C","78.0",",C","80.5",",,,C","0",",,,C","17.29",",C","23.46",",,,C","11.12",",,,C"
"CA007096215","1979-08","48.6833","-78.9833","290.0","POULARIES, QC CA","66.9","C","5.1",",C","22",",C","11",",C","1",",C","","","0",",C","0",",C","1",",C","0",",C","10",",C","0",",C","-1.7",",C,31,","","","0",",,C,31,+","28.4",",,C,03,","27.8",",C,23,","218.2","C","140.2",",C","153.0",",,,C","0",",,,C","13.97",",C","19.38",",,,C","8.57",",,,C"
"CA007096215","1979-09","48.6833","-78.9833","290.0","POULARIES, QC CA","69.7","C","2.8",",C","16",",C","10",",C","1",",C","","","0",",C","0",",C","6",",C","0",",C","5",",C","0",",C","-3.3",",C,23,","","","0",",,C,30,+","31.8",",,C,02,","26.1",",C,05,","458.0","C","239.8",",C","110.5",",,,C","0",",,,C","10.43",",C","15.60",",,,C","5.26",",,,C"
"CA007096215","1979-10","48.6833","-78.9833","290.0","POULARIES, QC CA","69.7","C","0.0",",C","21",",C","15",",C","1",",C","","","4",",C","0",",C","20",",C","3",",C","0",",C","0",",C","-9.4",",C,10,","","","91",",,C,25,","26.7",",,C,22,","20.6",",C,21,","922.1","C","464.1",",C","121.4",",,,C","260",",,,C","3.36",",C","6.66",",,,C","0.06",",,,C"
"CA007096215","1979-11","48.6833","-78.9833","290.0","POULARIES, QC CA","69.7","C","0.0",",C","20",",C","12",",C","0",",C","","","9",",C","2",",C","25",",C","15",",C","0",",C","0",",C","-18.9",",C,15,+","","","53",",,C,15,","15.0",",,C,23,","12.2",",C,26,","1533.7","C","611.6",",C","69.4",",,,C","440",",,,C","-2.06",",C","0.98",",,,C","-5.09",",,,C"
"CA007096215","1979-12","48.6833","-78.9833","290.0","POULARIES, QC CA","69.7","C","0.0",",C","6",",C","3",",C","0",",C","","","3",",C","12",",C","30",",C","27",",C","0",",C","0",",C","-32.8",",C,19,","","","135",",,C,05,","14.0",",,C,05,","3.9",",C,05,","2453.7","C","920.0",",C","37.8",",,,C","373",",,,C","-11.35",",C","-7.03",",,,C","-15.66",",,,C"
"CA007096215","1980-01","48.6833","-78.9833","290.0","POULARIES, QC CA","0.0","C","0.0",",C","16",",C","6",",C","0",",C","","","6",",C","20",",C","31",",C","27",",C","0",",C","0",",C","-30.0",",C,10,","","","120",",,C,22,","12.0",",,C,22,","5.0",",C,11,","3489.3","C","1035.6",",C","57.3",",,,C","523",",,,C","-15.07",",C","-9.94",",,,C","-20.21",",,,C"
"CA007096215","1980-02","48.6833","-78.9833","290.0","POULARIES, QC CA","0.0","C","0.0",",C","10",",C","5",",C","0",",C","","","5",",C","24",",C","29",",C","28",",C","0",",C","0",",C","-34.5",",C,26,","","","70",",,C,18,","7.0",",,C,18,","1.0",",C,20,","4513.5","C","1024.2",",C","26.0",",,,C","260",",,,C","-16.98",",C","-10.31",",,,C","-23.66",",,,C"
"CA007096215","1980-03","48.6833","-78.9833","290.0","POULARIES, QC CA","0.0","C","0.0",",C","13",",C","8",",C","1",",C","","","7",",C","10",",C","31",",C","22",",C","0",",C","0",",C","-30.0",",C,01,","","","260",",,C,21,","29.6",",,C,21,","10.0",",C,20,","5337.6","C","824.1",",C","89.4",",,,C","770",",,,C","-8.25",",C","-2.45",",,,C","-14.05",",,,C"
"CA007096215","1980-04","48.6833","-78.9833","290.0","POULARIES, QC CA","0.0","C","0.0",",C","15",",C","10",",C","0",",C","","","4",",C","0",",C","23",",C","1",",C","2",",C","0",",C","-17.0",",C,16,","","","120",",,C,12,","14.4",",,C,09,","23.0",",C,30,","5826.3","C","488.7",",C","83.2",",,,C","293",",,,C","2.04",",C","7.95",",,,C","-3.87",",,,C"
"CA007096215","1980-05","48.6833","-78.9833","290.0","POULARIES, QC CA","3.4","C","3.4",",C","10",",C","7",",C","0",",C","","","0",",C","0",",C","9",",C","0",",C","10",",C","0",",C","-5.0",",C,28,","","","0",",,C,31,+","17.2",",,C,07,","29.5",",C,21,","6097.9","C","271.6",",C","57.6",",,,C","0",",,,C","9.68",",C","16.99",",,,C","2.37",",,,C"
"CA007096215","1980-06","48.6833","-78.9833","290.0","POULARIES, QC CA","15.8","C","12.4",",C","13",",C","7",",C","0",",C","","","2",",C","0",",C","9",",C","0",",C","11",",C","0",",C","-4.5",",C,05,","","","40",",,C,09,","24.6",",,C,25,","29.0",",C,25,","6316.3","C","218.4",",C","84.8",",,,C","70",",,,C","11.47",",C","17.92",",,,C","5.02",",,,C"
"CA007096215","1980-07","48.6833","-78.9833","290.0","POULARIES, QC CA","26.5","C","10.7",",C","18",",C","10",",C","2",",C","","","0",",C","0",",C","0",",C","0",",C","23",",C","0",",C","2.5",",C,27,","","","0",",,C,31,+","27.6",",,C,15,","27.0",",C,24,+","77.5","C","77.5",",C","141.6",",,,C","0",",,,C","16.18",",C","22.94",",,,C","9.42",",,,C"
"CA007096215","1980-08","48.6833","-78.9833","290.0","POULARIES, QC CA","58.0","C","31.5",",C","16",",C","9",",C","2",",C","0",",C","0",",C","0",",C","0",",C","0",",C","23",",C","0",",C","3.0",",C,28,","0",",,C,31,+","0",",,C,31,+","31.2",",,C,30,","27.5",",C,25,+","135.1","C","57.6",",C","146.4",",,,C","0",",,,C","17.49",",C","22.94",",,,C","12.05",",,,C"
"CA007096215","1980-09","48.6833","-78.9833","290.0","POULARIES, QC CA","58.0","C","0.0",",C","20",",C","10",",C","1",",C","3",",C","2",",C","0",",C","11",",C","0",",C","3",",C","0",",C","-5.0",",C,24,","120",",,C,26,","120",",,C,25,","25.9",",,C,16,","24.0",",C,04,","438.6","C","303.5",",C","142.6",",,,C","160",",,,C","8.22",",C","13.17",",,,C","3.27",",,,C"
"CA007096215","1980-10","48.6833","-78.9833","290.0","POULARIES, QC CA","58.0","C","0.0","1,C","23",",C","16",",C","0",",C","10",",C","11",",C","0","1,C","24","1,C","4","1,C","0","1,C","0","1,C","-9.0","1,C,28,","100",",,C,30,+","90",",,C,21,","16.6",",,C,25,","17.0","1,C,01,","960.1","C","521.5","1,C","107.9",",,,C","540",",,,C","0.95","1,C","4.40","1,,,C","-2.50","1,,,C"
"CA007096215","1980-11","48.6833","-78.9833","290.0","POULARIES, QC CA","58.0","C","0.0",",C","13",",C","11",",C","0",",C","24","2,C","9","1,C","2",",C","28",",C","24",",C","0",",C","0",",C","-21.0",",C,25,","200","2,,C,30,+","160","1,,C,28,","16.0",",,C,28,","6.0",",C,03,","1658.8","C","698.7",",C","66.1",",,,C","545","1,,,C","-4.96",",C","-1.28",",,,C","-8.63",",,,C"
"CA007096215","1980-12","48.6833","-78.9833","290.0","POULARIES, QC CA","58.0","C","0.0",",C","12",",C","6",",C","0",",C","29","2,C","6","1,C","26",",C","31",",C","31",",C","0",",C","0",",C","-41.0",",C,17,","450","2,,C,31,+","120","1,,C,17,","12.0",",,C,17,","0.0",",C,07,","2851.6","C","1192.8",",C","52.3",",,,C","505","1,,,C","-20.15",",C","-13.76",",,,C","-26.53",",,,C"
"CA007096215","1981-01","48.6833","-78.9833","290.0","POULARIES, QC CA","0.0","C","0.0",",C","11",",C","6",",C","0",",C","31",",C","5",",C","25",",C","31",",C","30",",C","0",",C","0",",C","-42.0",",C,03,","480",",,C,31,+","65",",,C,22,","6.5",",,C,22,","2.0",",C,26,","3993.4","C","1141.8",",C","30.4",",,,C","288",",,,C","-18.50",",C","-12.63",",,,C","-24.37",",,,C"
"CA007096215","1981-02","48.6833","-78.9833","290.0","POULARIES, QC CA","0.0","C","0.0",",C","16",",C","9",",C","0",",C","28",",C","7",",C","11",",C","23",",C","14",",C","0",",C","0",",C","-44.0",",C,04,","650",",,C,16,+","120",",,C,01,","12.0",",,C,01,","7.0",",C,17,","4753.2","C","759.8",",C","64.4",",,,C","480",",,,C","-8.80",",C","-3.71",",,,C","-13.89",",,,C"
"CA007096215","1981-03","48.6833","-78.9833","290.0","POULARIES, QC CA","0.0","C","0.0","1,C","17",",C","10",",C","0",",C","30","1,C","7",",C","6",",C","30",",C","17","1,C","0","1,C","0","1,C","-27.0",",C,16,","220","1,,C,22,+","70",",,C,18,","13.4",",,C,28,","9.0","1,C,26,","5466.2","C","713.0","1,C","63.9",",,,C","385",",,,C","-5.28","1,C","-0.57","1,,,C","-9.98",",,,C"
"CA007096215","1981-04","48.6833","-78.9833","290.0","POULARIES, QC CA","0.0","C","0.0",",C","15",",C","13",",C","1",",C","4",",C","4",",C","2",",C","25",",C","2",",C","0",",C","0",",C","-20.0",",C,15,","80",",,C,24,","110",",,C,14,","33.2",",,C,04,","15.0",",C,13,+","5986.9","C","520.7",",C","128.8",",,,C","285",",,,C","0.98",",C","7.05",",,,C","-5.10",",,,C"
"CA007096215","1981-05","48.6833","-78.9833","290.0","POULARIES, QC CA","3.3","C","3.3",",C","12",",C","7",",C","1",",C","1",",C","1",",C","0",",C","19",",C","0",",C","5",",C","0",",C","-11.0",",C,10,","40",",,C,10,","40",",,C,09,","35.8",",,C,25,","28.0",",C,23,","6332.7","C","345.8",",C","79.8",",,,C","40",",,,C","7.28",",C","14.29",",,,C","0.27",",,,C"
"CA007096215","1981-06","48.6833","-78.9833","290.0","POULARIES, QC CA","7.6","C","4.3",",C","17",",C","11",",C","0",",C","0",",C","0",",C","0",",C","3",",C","0",",C","11",",C","0",",C","-3.0",",C,01,","0",",,C,30,+","0",",,C,30,+","17.4",",,C,12,","25.0",",C,30,+","6477.9","C","145.2",",C","100.8",",,,C","0",",,,C","13.63",",C","20.05",",,,C","7.22",",,,C"
"CA007096215","1981-07","48.6833","-78.9833","290.0","POULARIES, QC CA","38.9","C","31.3",",C","9",",C","7",",C","0",",C","0",",C","0",",C","0",",C","1",",C","0",",C","28",",C","0",",C","0.0",",C,22,","0",",,C,31,+","0",",,C,31,+","13.0",",,C,12,","31.5",",C,08,","56.8","C","56.8",",C","56.3",",,,C","0",",,,C","17.51",",C","25.06",",,,C","9.95",",,,C"
"CA007096215","1981-08","48.6833","-78.9833","290.0","POULARIES, QC CA","52.7","C","13.8",",C","9",",C","6",",C","0",",C","0","1,C","0",",C","0",",C","3",",C","0",",C","22",",C","0",",C","-1.0",",C,25,","0","1,,C,31,+","0",",,C,31,+","18.8",",,C,14,","31.0",",C,01,","131.7","C","74.9",",C","72.4",",,,C","0",",,,C","16.36",",C","24.02",",,,C","8.71",",,,C"
"CA007096215","1981-10","48.6833","-78.9833","290.0","POULARIES, QC CA","","","0.0",",C","19",",C","11",",C","1",",C","1",",C","1",",C","0",",C","21",",C","3",",C","0",",C","0",",C","-11.0",",C,24,","40",",,C,02,","40",",,C,01,","39.3",",,C,06,","16.0",",C,14,","","","480.6",",C","121.5",",,,C","110",",,,C","2.83",",C","7.45",",,,C","-1.79",",,,C"
"CA007096215","1981-11","48.6833","-78.9833","290.0","POULARIES, QC CA","","","0.0",",C","11",",C","7",",C","0",",C","14",",C","4",",C","0",",C","28",",C","17",",C","0",",C","0",",C","-16.0",",C,24,","100",",,C,30,+","60",",,C,26,+","10.0",",,C,17,","13.0",",C,05,+","","","593.2",",C","45.6",",,,C","308",",,,C","-1.44",",C","2.28",",,,C","-5.17",",,,C"
"CA007096215","1981-12","48.6833","-78.9833","290.0","POULARIES, QC CA","","","0.0",",C","18",",C","9",",C","0",",C","30","1,C","8",",C","7",",C","31",",C","27",",C","0",",C","0",",C","-28.0",",C,27,+","210","1,,C,19,+","70",",,C,10,","7.0",",,C,10,","2.5",",C,22,+","","","847.1",",C","45.9",",,,C","430",",,,C","-8.99",",C","-5.08",",,,C","-12.90",",,,C"
"CA007096215","1982-01","48.6833","-78.9833","290.0","POULARIES, QC CA","0.0","C","0.0","1,C","16",",C","10",",C","0",",C","30","1,C","10","1,C","29",",C","31",",C","30","1,C","0","1,C","0","1,C","-44.0",",C,18,","700","1,,C,31,","150","1,,C,04,","15.0",",,C,04,","-3.0","1,C,30,","","","1239.3","1,C","72.5",",,,C","705","1,,,C","-23.18","1,C","-16.19","1,,,C","-30.16",",,,C"
"CA007096215","1982-02","48.6833","-78.9833","290.0","POULARIES, QC CA","0.0","C","0.0",",C","8",",C","3",",C","0",",C","26","2,C","3","1,C","23",",C","28",",C","27",",C","0",",C","0",",C","-36.0",",C,04,","700","2,,C,28,+","30","1,,C,22,","3.0",",,C,22,","0.5",",C,20,","","","972.8",",C","13.0",",,,C","130","1,,,C","-16.41",",C","-9.41",",,,C","-23.41",",,,C"
"CA007096215","1982-03","48.6833","-78.9833","290.0","POULARIES, QC CA","0.0","C","0.0","1,C","10",",C","7",",C","0",",C","29","2,C","4",",C","16","1,C","29","1,C","18",",C","0",",C","0",",C","-34.0","1,C,08,","780","2,,C,12,+","105",",,C,10,","10.5",",,C,10,","9.0",",C,31,+","","","804.5",",C","39.5",",,,C","245",",,,C","-8.42","1,C","-1.84",",,,C","-15.00","1,,,C"
"CA007096215","1982-04","48.6833","-78.9833","290.0","POULARIES, QC CA","0.0","C","0.0","1,C","13",",C","12",",C","0",",C","25","2,C","6","1,C","4","1,C","26","1,C","10",",C","0",",C","0",",C","-28.0","1,C,06,","500","2,,C,14,+","150","1,,C,12,","16.0",",,C,26,","21.0",",C,25,","","","605.1",",C","106.2",",,,C","500","1,,,C","-2.58","1,C","3.54",",,,C","-8.71","1,,,C"
"CA007096215","1982-05","48.6833","-78.9833","290.0","POULARIES, QC CA","5.6","C","5.6",",C","8",",C","5",",C","0",",C","0",",C","0",",C","0",",C","9",",C","0",",C","14",",C","0",",C","-4.5",",C,21,+","0",",,C,31,+","0",",,C,31,+","24.4",",,C,19,","30.0",",C,27,","","","192.8",",C","66.4",",,,C","0",",,,C","12.30",",C","20.14",",,,C","4.45",",,,C"
"CA007096215","1982-06","48.6833","-78.9833","290.0","POULARIES, QC CA","5.8","C","0.2",",C","21",",C","11",",C","0",",C","0",",C","0",",C","0",",C","3",",C","0",",C","6",",C","0",",C","-1.0",",C,19,+","0",",,C,30,+","0",",,C,30,+","22.3",",,C,08,","26.0",",C,06,","","","181.5",",C","113.3",",,,C","0",",,,C","12.29",",C","18.47",",,,C","6.11",",,,C"
"CA007096215","1982-07","48.6833","-78.9833","290.0","POULARIES, QC CA","35.1","C","29.3",",C","18",",C","8",",C","1",",C","0",",C","0",",C","0",",C","2",",C","0",",C","21",",C","0",",C","-1.5",",C,04,","0",",,C,31,+","0",",,C,31,+","41.0",",,C,16,","30.5",",C,17,","84.4","C","84.4",",C","128.2",",,,C","0",",,,C","16.56",",C","23.00",",,,C","10.11",",,,C"
"CA007096215","1982-08","48.6833","-78.9833","290.0","POULARIES, QC CA","39.3","C","4.2",",C","19",",C","11",",C","0",",C","0",",C","0",",C","0",",C","1",",C","0",",C","10",",C","0",",C","-2.5",",C,02,","0",",,C,31,+","0",",,C,31,+","14.6",",,C,09,","26.5",",C,16,","260.6","C","176.2",",C","106.2",",,,C","0",",,,C","12.78",",C","18.27",",,,C","7.29",",,,C"
"CA007096215","1982-09","48.6833","-78.9833","290.0","POULARIES, QC CA","53.0","C","13.7",",C","22",",C","11",",C","0",",C","0",",C","0",",C","0",",C","3",",C","0",",C","5",",C","0",",C","-3.5",",C,07,","0",",,C,30,+","0",",,C,30,+","23.2",",,C,13,","28.0",",C,12,","486.8","C","226.2",",C","111.1",",,,C","0",",,,C","11.25",",C","15.85",",,,C","6.65",",,,C"
"CA007096215","1982-10","48.6833","-78.9833","290.0","POULARIES, QC CA","53.0","C","0.0",",C","20",",C","9",",C","0",",C","1",",C","1",",C","0",",C","9",",C","0",",C","0",",C","0",",C","-5.0",",C,26,+","40",",,C,21,","40",",,C,20,","18.6",",,C,19,","18.5",",C,29,","855.6","C","368.8",",C","102.6",",,,C","40",",,,C","6.44",",C","10.48",",,,C","2.39",",,,C"
"CA007096215","1982-12","48.6833","-78.9833","290.0","POULARIES, QC CA","","","0.0",",C","16",",C","11",",C","0",",C","23","2,C","7","1,C","12",",C","29",",C","23",",C","0",",C","0",",C","-33.0",",C,12,","120","2,,C,31,+","190","1,,C,31,","19.0",",,C,31,","15.0",",C,03,","","","893.3",",C","81.6",",,,C","504","1,,,C","-10.48",",C","-5.61",",,,C","-15.35",",,,C"
"CA007096215","1983-01","48.6833","-78.9833","290.0","POULARIES, QC CA","","","","","","","","","","","26","5,C","","","","","","","","","","","","","","","400","5,,C,31,","","","","","","","","","","","","","","","","","","","",""
"CA007096215","1983-02","48.6833","-78.9833","290.0","POULARIES, QC CA","","","","","10","4,C","7","4,C","0","4,C","25","3,C","7","4,C","15","3,C","25","3,C","","","","","","","-38.0","3,C,10,","600","3,,C,28,","80","4,,C,02,","8.0","4,,C,02,","","","","","","","42.7","4,,,C","423","4,,,C","","","","","-19.32","3,,,C"
"CA007096215","1983-03","48.6833","-78.9833","290.0","POULARIES, QC CA","","","0.0",",C","11",",C","10",",C","0",",C","29","2,C","9","1,C","12",",C","29",",C","19",",C","0",",C","0",",C","-33.0",",C,25,","750","2,,C,23,","60","1,,C,27,+","9.0",",,C,20,","6.0",",C,18,+","","","810.6",",C","59.3",",,,C","435","1,,,C","-7.81",",C","-1.98",",,,C","-13.65",",,,C"
"CA007096215","1983-04","48.6833","-78.9833","290.0","POULARIES, QC CA","","","0.0","1,C","14",",C","9",",C","0",",C","28","2,C","5","1,C","0","1,C","26","1,C","4",",C","0",",C","0",",C","-14.0","1,C,18,","600","2,,C,08,+","175","1,,C,18,","17.5",",,C,18,","18.0",",C,27,","","","532.9",",C","83.7",",,,C","535","1,,,C","0.01","1,C","5.02",",,,C","-5.00","1,,,C"
"CA007096215","1983-05","48.6833","-78.9833","290.0","POULARIES, QC CA","","","0.0",",C","14",",C","12",",C","0",",C","0",",C","1",",C","0",",C","16",",C","0",",C","3",",C","0",",C","-9.0",",C,09,","10",",,C,24,+","25",",,C,02,","23.8",",,C,30,","26.0",",C,13,","","","369.3",",C","155.9",",,,C","40",",,,C","6.42",",C","12.65",",,,C","0.19",",,,C"
"CA007096215","1983-06","48.6833","-78.9833","290.0","POULARIES, QC CA","","","39.4",",C","12",",C","9",",C","0",",C","0",",C","0",",C","0",",C","5",",C","0",",C","17",",C","0",",C","-2.0",",C,11,+","0",",,C,30,+","0",",,C,30,+","15.2",",,C,09,","32.0",",C,14,+","","","143.2",",C","75.6",",,,C","0",",,,C","14.88",",C","22.30",",,,C","7.45",",,,C"
"CA007096215","1983-07","48.6833","-78.9833","290.0","POULARIES, QC CA","","","42.4",",C","11",",C","8",",C","0",",C","0",",C","0",",C","0",",C","1",",C","0",",C","23",",C","0",",C","0.0",",C,22,","0",",,C,31,+","0",",,C,31,+","22.2",",,C,19,","31.5",",C,11,","67.5","C","67.5",",C","81.8",",,,C","0",",,,C","17.52",",C","24.18",",,,C","10.87",",,,C"
"CA007096215","1983-08","48.6833","-78.9833","290.0","POULARIES, QC CA","","","27.9",",C","12",",C","8",",C","0",",C","0",",C","0",",C","0",",C","0",",C","0",",C","24",",C","0",",C","2.0",",C,12,","0",",,C,31,+","0",",,C,31,+","22.2",",,C,25,","30.0",",C,05,","130.2","C","62.7",",C","69.4",",,,C","0",",,,C","17.21",",C","23.85",",,,C","10.56",",,,C"
"CA007096215","1983-09","48.6833","-78.9833","290.0","POULARIES, QC CA","","","14.3",",C","24",",C","15",",C","0",",C","0",",C","0",",C","0",",C","5",",C","0",",C","8",",C","0",",C","-3.0",",C,15,","0",",,C,30,+","0",",,C,30,+","16.6",",,C,20,","30.0",",C,03,","323.3","C","193.1",",C","108.1",",,,C","0",",,,C","12.38",",C","17.52",",,,C","7.23",",,,C"
"CA007096215","1983-10","48.6833","-78.9833","290.0","POULARIES, QC CA","","","","","15",",C","10",",C","0",",C","0","3,C","0",",C","0","3,C","16","3,C","","","","","","","-6.0","3,C,24,+","0","3,,C,31,+","0",",T,C,29,","24.8",",,C,02,","","","","","","","92.4",",,,C","0",",T,,C","","","","","1.25","3,,,C"
"CA007096215","1983-11","48.6833","-78.9833","290.0","POULARIES, QC CA","","","0.0",",C","11",",C","10",",C","0",",C","18",",C","5",",C","0",",C","27",",C","15",",C","0",",C","0",",C","-16.0",",C,19,+","200",",,C,11,","170",",,C,09,","17.0",",,C,09,","12.0",",C,08,+","","","622.7",",C","65.8",",,,C","370",",,,C","-2.43",",C","1.28",",,,C","-6.13",",,,C"
"CA007096215","1983-12","48.6833","-78.9833","290.0","POULARIES, QC CA","","","0.0","2,C","16","1,C","12","1,C","0","1,C","26","4,C","12","1,C","21","2,C","29","2,C","30","1,C","0","1,C","0","1,C","-39.5","2,C,19,","620","4,,C,31,+","100","1,,C,21,","10.0","1,,C,21,","-2.5","1,C,12,+","","","1022.9","1,C","80.2","1,,,C","802","1,,,C","-16.97","2,C","-10.83","1,,,C","-23.10","2,,,C"
"CA007096215","1984-01","48.6833","-78.9833","290.0","POULARIES, QC CA","","","","","13","4,C","6","4,C","0","4,C","28","3,C","6","4,C","26","3,C","28","3,C","","","","","","","-45.0","3,C,11,","700","3,,C,31,+","50","4,,C,09,","5.0","4,,C,09,","","","","","","","35.0","4,,,C","350","4,,,C","","","","","-29.14","3,,,C"
"CA007096215","1984-02","48.6833","-78.9833","290.0","POULARIES, QC CA","","","0.0",",C","14",",C","9",",C","0",",C","29",",C","7",",C","11",",C","27",",C","16",",C","0",",C","0",",C","-36.0",",C,09,+","830",",,C,09,","95",",,C,08,","9.6",",,C,19,+","9.5",",C,23,","","","795.4",",C","63.5",",,,C","455",",,,C","-9.09",",C","-3.98",",,,C","-14.21",",,,C"
"CA007096215","1984-03","48.6833","-78.9833","290.0","POULARIES, QC CA","","","0.0","1,C","7",",C","3",",C","0",",C","31",",C","2",",C","18","1,C","29","1,C","21",",C","0",",C","0",",C","-34.0","1,C,12,","450",",,C,20,+","55",",,C,15,+","6.6",",,C,21,","7.0",",C,21,+","","","891.5",",C","25.6",",,,C","180",",,,C","-11.34","1,C","-4.42",",,,C","-18.27","1,,,C"
"CA007096215","1984-05","48.6833","-78.9833","290.0","POULARIES, QC CA","","","0.0",",C","19",",C","13",",C","0",",C","3",",C","2",",C","0",",C","19",",C","0",",C","0",",C","0",",C","-5.0",",C,28,+","50",",,C,26,","50",",,C,25,+","22.0",",,C,08,","21.0",",C,22,+","","","361.3",",C","132.3",",,,C","100",",,,C","6.68",",C","12.55",",,,C","0.81",",,,C"
"CA007096215","1984-06","48.6833","-78.9833","290.0","POULARIES, QC CA","","","4.1",",C","18",",C","15",",C","1",",C","0",",C","0",",C","0",",C","3",",C","0",",C","14",",C","0",",C","-1.5",",C,22,","0",",,C,30,+","0",",,C,30,+","41.8",",,C,24,","26.5",",C,07,","","","140.3",",C","172.9",",,,C","0",",,,C","13.79",",C","20.05",",,,C","7.53",",,,C"
"CA007096215","1984-07","48.6833","-78.9833","290.0","POULARIES, QC CA","","","33.8",",C","23",",C","14",",C","0",",C","0",",C","0",",C","0",",C","0",",C","0",",C","21",",C","0",",C","3.0",",C,28,","0",",,C,31,+","0",",,C,31,+","16.0",",,C,14,","32.0",",C,21,","58.3","C","58.3",",C","122.0",",,,C","0",",,,C","17.54",",C","23.48",",,,C","11.60",",,,C"
"CA007096215","1984-08","48.6833","-78.9833","290.0","POULARIES, QC CA","","","26.9","2,C","15","2,C","10","2,C","0","2,C","0",",C","0","2,C","0","2,C","1","2,C","0","2,C","18","2,C","0","2,C","-1.0","2,C,24,","0",",,C,31,+","0","2,,C,31,+","23.2","2,,C,15,","29.0","2,C,05,+","132.6","C","74.3","2,C","93.6","2,,,C","0","2,,,C","16.70","2,C","22.74","2,,,C","10.66","2,,,C"
"CA007096215","1984-09","48.6833","-78.9833","290.0","POULARIES, QC CA","","","0.0",",C","19",",C","10",",C","0",",C","0",",C","0",",C","0",",C","7",",C","0",",C","2",",C","0",",C","-3.0",",C,29,","0",",,C,30,+","0",",T,C,26,","17.6",",,C,09,","24.0",",C,08,","398.9","C","266.3",",C","114.4",",,,C","0",",T,,C","9.46",",C","14.83",",,,C","4.08",",,,C"
"CA007096215","1984-11","48.6833","-78.9833","290.0","POULARIES, QC CA","","","0.0",",C","15",",C","10",",C","0",",C","13",",C","6",",C","0",",C","26",",C","13",",C","0",",C","0",",C","-15.0",",C,22,","130",",,C,11,+","130",",,C,09,","23.8",",,C,01,","11.0",",C,01,","","","616.5",",C","110.1",",,,C","435",",,,C","-2.22",",C","1.20",",,,C","-5.63",",,,C"
"CA007096215","1984-12","48.6833","-78.9833","290.0","POULARIES, QC CA","","","0.0",",C","15",",C","9",",C","0",",C","31",",C","8",",C","15",",C","30",",C","23",",C","0",",C","0",",C","-35.0",",C,27,","100",",,C,31,+","110",",,C,19,","11.0",",,C,19,","8.5",",C,16,","","","972.3",",C","58.3",",,,C","490",",,,C","-13.03",",C","-7.81",",,,C","-18.26",",,,C"
"CA007096215","1985-01","48.6833","-78.9833","290.0","POULARIES, QC CA","0.0","C","0.0","2,C","16",",C","6",",C","0",",C","28","3,C","6","1,C","24",",C","31",",C","29","2,C","0","2,C","0","2,C","-37.0",",C,16,","420","3,,C,31,+","100","1,,C,01,","10.0",",,C,01,","-4.0","2,C,04,","","","1071.4","2,C","47.0",",,,C","455","1,,,C","-18.57","2,C","-13.52","2,,,C","-23.63",",,,C"
"CA007096215","1985-02","48.6833","-78.9833","290.0","POULARIES, QC CA","0.0","C","0.0",",C","11",",C","8",",C","0",",C","28",",C","8",",C","18",",C","28",",C","21",",C","0",",C","0",",C","-35.5",",C,07,+","650",",,C,28,+","155",",,C,24,","15.5",",,C,24,","2.0",",C,28,+","","","906.1",",C","49.0",",,,C","490",",,,C","-14.03",",C","-8.00",",,,C","-20.05",",,,C"
"CA007096215","1985-03","48.6833","-78.9833","290.0","POULARIES, QC CA","0.0","C","0.0","1,C","11",",C","10",",C","0",",C","31",",C","9",",C","12","1,C","30","1,C","16",",C","0",",C","0",",C","-32.0","1,C,18,","800",",,C,18,+","80",",,C,31,+","15.5",",,C,26,","8.5",",C,22,","","","788.0",",C","69.9",",,,C","450",",,,C","-7.93","1,C","-0.97",",,,C","-14.90","1,,,C"
"CA007096215","1985-04","48.6833","-78.9833","290.0","POULARIES, QC CA","0.0","C","0.0",",C","12",",C","6",",C","0",",C","21","2,C","1","1,C","3",",C","23",",C","9",",C","4",",C","0",",C","-19.5",",C,17,+","620","2,,C,15,+","30","1,,C,10,","12.5",",,C,05,","26.0",",C,23,","","","532.2",",C","39.0",",,,C","90","1,,,C","0.59",",C","7.23",",,,C","-6.05",",,,C"
"CA007096215","1985-05","48.6833","-78.9833","290.0","POULARIES, QC CA","0.0","C","0.0","1,C","14",",C","8",",C","1",",C","0",",C","0",",C","0","1,C","14","1,C","0",",C","5",",C","0",",C","-8.0","1,C,08,","0",",,C,31,+","0",",,C,31,+","26.9",",,C,31,","27.0",",C,12,","","","312.0",",C","90.4",",,,C","0",",,,C","8.00","1,C","15.31",",,,C","0.70","1,,,C"
"CA007096215","1985-06","48.6833","-78.9833","290.0","POULARIES, QC CA","0.9","C","0.9","1,C","14",",C","9",",C","0",",C","0",",C","0",",C","0","1,C","2","1,C","0",",C","14",",C","0",",C","-3.0","1,C,04,","0",",,C,30,+","0",",,C,30,+","20.2",",,C,18,","28.0",",C,30,","","","161.6",",C","69.2",",,,C","0",",,,C","12.92","1,C","19.42",",,,C","6.43","1,,,C"
"CA007096215","1985-07","48.6833","-78.9833","290.0","POULARIES, QC CA","10.8","C","9.9",",C","26",",C","18",",C","1",",C","0",",C","0",",C","0",",C","0",",C","0",",C","16",",C","0",",C","1.0",",C,30,","0",",,C,31,+","0",",,C,31,+","27.4",",,C,13,","29.0",",C,01,","100.5","C","100.5",",C","185.5",",,,C","0",",,,C","15.41",",C","21.37",",,,C","9.45",",,,C"
"CA007096215","1985-08","48.6833","-78.9833","290.0","POULARIES, QC CA","29.6","C","18.8","2,C","16",",C","8",",C","1",",C","0",",C","0",",C","0","1,C","0","1,C","0","1,C","15","1,C","0","1,C","1.0","1,C,31,","0",",,C,31,+","0",",,C,31,+","28.2",",,C,07,","28.0","1,C,10,","206.5","C","106.0","1,C","88.4",",,,C","0",",,,C","15.31","2,C","21.03","1,,,C","9.58","1,,,C"
"CA007096215","1985-09","48.6833","-78.9833","290.0","POULARIES, QC CA","33.4","C","3.8",",C","21",",C","8",",C","0",",C","0",",C","0",",C","0",",C","4",",C","0",",C","8",",C","0",",C","-1.5",",C,14,","0",",,C,30,+","0",",,C,30,+","21.4",",,C,30,+","25.0",",C,20,+","423.0","C","216.5",",C","111.9",",,,C","0",",,,C","11.24",",C","16.35",",,,C","6.13",",,,C"
"CA007096215","1985-11","48.6833","-78.9833","290.0","POULARIES, QC CA","","","0.0",",C","14",",C","5",",C","0",",C","15",",C","1",",C","6",",C","27",",C","17",",C","0",",C","0",",C","-23.0",",C,11,","50",",,C,19,+","56",",,C,07,","9.8",",,C,04,","14.5",",C,02,","","","712.0",",C","51.2",",,,C","190",",,,C","-5.40",",C","-1.23",",,,C","-9.57",",,,C"
"CA007096215","1985-12","48.6833","-78.9833","290.0","POULARIES, QC CA","","","0.0",",C","18",",C","5",",C","0",",C","28","2,C","5","1,C","24",",C","31",",C","31",",C","0",",C","0",",C","-49.5",",C,18,","300","2,,C,21,+","190","1,,C,01,","19.0",",,C,01,","-2.0",",C,31,+","","","1200.1",",C","57.7",",,,C","577","1,,,C","-20.38",",C","-12.05",",,,C","-28.71",",,,C"
"CA007096215","1986-01","48.6833","-78.9833","290.0","POULARIES, QC CA","0.0","C","0.0",",C","15",",C","7",",C","0",",C","31",",C","7",",C","25",",C","31",",C","29",",C","0",",C","0",",C","-46.0",",C,24,","390",",,C,31,+","150",",,C,27,","15.0",",,C,27,","3.5",",C,17,","","","1188.8",",C","53.2",",,,C","532",",,,C","-20.02",",C","-12.05",",,,C","-27.98",",,,C"
"CA007096215","1986-02","48.6833","-78.9833","290.0","POULARIES, QC CA","0.0","C","0.0",",C","7",",C","2",",C","0",",C","28",",C","2",",C","22",",C","28",",C","27",",C","0",",C","0",",C","-40.5",",C,06,","460",",,C,28,","100",",,C,28,","10.0",",,C,28,","1.5",",C,20,","","","995.1",",C","24.4",",,,C","220",",,,C","-17.21",",C","-8.50",",,,C","-25.91",",,,C"
"CA007096215","1986-03","48.6833","-78.9833","290.0","POULARIES, QC CA","0.0","C","0.0",",C","16",",C","10",",C","0",",C","31",",C","9",",C","14",",C","30",",C","15",",C","0",",C","0",",C","-38.5",",C,20,+","760",",,C,19,","250",",,C,18,","25.0",",,C,18,","10.5",",C,30,","","","848.6",",C","82.0",",,,C","736",",,,C","-9.04",",C","-1.10",",,,C","-16.98",",,,C"
"CA007096215","1986-04","48.6833","-78.9833","290.0","POULARIES, QC CA","0.7","C","0.7",",C","12",",C","9",",C","0",",C","13",",C","3",",C","0",",C","21",",C","2",",C","4",",C","0",",C","-14.0",",C,22,","270",",,C,01,","60",",,C,10,","17.0",",,C,30,","29.5",",C,28,","","","442.7",",C","55.7",",,,C","170",",,,C","3.60",",C","9.72",",,,C","-2.52",",,,C"
"CA007096215","1986-05","48.6833","-78.9833","290.0","POULARIES, QC CA","2.4","C","1.7",",C","14",",C","7",",C","0",",C","0",",C","1",",C","0",",C","8",",C","1",",C","11",",C","0",",C","-10.0",",C,04,+","0",",T,C,07,+","60",",,C,01,","13.8",",,C,17,","29.0",",C,26,","","","277.0",",C","67.8",",,,C","60",",,,C","9.45",",C","16.63",",,,C","2.27",",,,C"
"CA007096215","1986-06","48.6833","-78.9833","290.0","POULARIES, QC CA","4.8","C","2.4",",C","19",",C","8",",C","0",",C","0",",C","0",",C","0",",C","9",",C","0",",C","10",",C","0",",C","-4.5",",C,05,","0",",,C,30,+","0",",,C,30,+","14.0",",,C,16,","29.0",",C,22,","","","217.2",",C","78.4",",,,C","0",",,,C","11.18",",C","19.10",",,,C","3.25",",,,C"
"CA007096215","1986-07","48.6833","-78.9833","290.0","POULARIES, QC CA","26.0","C","21.2",",C","19",",C","6",",C","1",",C","0",",C","0",",C","0",",C","2",",C","0",",C","22",",C","0",",C","-0.5",",C,21,+","0",",,C,31,+","0",",,C,31,+","28.0",",,C,19,","30.0",",C,06,","103.0","C","103.0",",C","90.9",",,,C","0",",,,C","15.69",",C","22.73",",,,C","8.66",",,,C"
"CA007096215","1986-08","48.6833","-78.9833","290.0","POULARIES, QC CA","30.1","C","4.1",",C","22",",C","8",",C","1",",C","0",",C","0",",C","0",",C","4",",C","0",",C","14",",C","0",",C","-3.0",",C,25,","0",",,C,31,+","0",",,C,31,+","34.7",",,C,10,","26.5",",C,16,","253.7","C","150.7",",C","112.3",",,,C","0",",,,C","13.60",",C","20.03",",,,C","7.18",",,,C"
"CA007096215","1986-09","48.6833","-78.9833","290.0","POULARIES, QC CA","30.1","C","0.0",",C","21",",C","11",",C","0",",C","0",",C","0",",C","0",",C","10",",C","0",",C","1",",C","0",",C","-7.0",",C,17,","0",",,C,30,+","0",",,C,30,+","21.4",",,C,11,","21.5",",C,03,","551.9","C","298.2",",C","95.2",",,,C","0",",,,C","8.39",",C","13.58",",,,C","3.20",",,,C"
"CA007096215","1986-10","48.6833","-78.9833","290.0","POULARIES, QC CA","30.1","C","0.0",",C","17",",C","9",",C","0",",C","0",",C","2",",C","0",",C","22",",C","2",",C","0",",C","0",",C","-11.0",",C,31,","0",",T,C,23,+","30",",,C,15,","20.8",",,C,12,","16.5",",C,20,","1037.7","C","485.8",",C","87.4",",,,C","64",",,,C","2.66",",C","7.44",",,,C","-2.11",",,,C"
"CA007096215","1986-11","48.6833","-78.9833","290.0","POULARIES, QC CA","30.1","C","0.0",",C","19",",C","7",",C","0",",C","21",",C","5",",C","10",",C","30",",C","19",",C","0",",C","0",",C","-35.0",",C,19,","110",",,C,23,","110",",,C,03,","11.0",",,C,03,","11.0",",C,08,","1828.2","C","790.5",",C","57.8",",,,C","448",",,,C","-8.02",",C","-2.43",",,,C","-13.60",",,,C"
"CA007096215","1986-12","48.6833","-78.9833","290.0","POULARIES, QC CA","30.1","C","0.0",",C","13",",C","9",",C","0",",C","31",",C","9",",C","19",",C","31",",C","25",",C","0",",C","0",",C","-42.0",",C,08,","210",",,C,04,","86",",,C,03,","8.6",",,C,03,","2.5",",C,22,","2752.0","C","923.8",",C","48.4",",,,C","484",",,,C","-11.47",",C","-4.39",",,,C","-18.55",",,,C"
"CA007096215","1987-01","48.6833","-78.9833","290.0","POULARIES, QC CA","0.0","C","0.0",",C","14",",C","7",",C","0",",C","31",",C","7",",C","20",",C","31",",C","28",",C","0",",C","0",",C","-41.5",",C,26,","220",",,C,10,","92",",,C,06,","9.2",",,C,06,","2.5",",C,14,","3793.8","C","1041.8",",C","41.4",",,,C","414",",,,C","-15.27",",C","-8.56",",,,C","-21.98",",,,C"
"CA007096215","1987-02","48.6833","-78.9833","290.0","POULARIES, QC CA","0.0","C","0.0","1,C","9",",C","3",",C","0",",C","28",",C","3",",C","21","1,C","27","1,C","27",",C","0",",C","0",",C","-43.5","1,C,14,","250",",,C,11,+","60",",,C,05,","6.0",",,C,05,","4.5",",C,27,","4775.3","C","981.5",",C","20.0",",,,C","200",",,,C","-17.96","1,C","-8.25",",,,C","-27.67","1,,,C"
"CA007096215","1987-03","48.6833","-78.9833","290.0","POULARIES, QC CA","0.0","C","0.0",",C","6",",C","5",",C","0",",C","21",",C","3",",C","11",",C","31",",C","14",",C","0",",C","0",",C","-34.0",",C,10,","340",",,C,04,+","86",",,C,02,","11.2",",,C,25,","15.5",",C,24,","5541.9","C","766.6",",C","42.2",",,,C","198",",,,C","-6.40",",C","1.74",",,,C","-14.53",",,,C"
"CA007096215","1987-04","48.6833","-78.9833","290.0","POULARIES, QC CA","0.0","C","0.0",",C","10",",C","5",",C","1",",C","0",",C","0",",C","0",",C","22",",C","1",",C","3",",C","0",",C","-15.5",",C,01,","0",",T,C,30,+","10",",,C,29,+","33.0",",,C,27,","27.0",",C,20,","5958.6","C","416.7",",C","58.4",",,,C","20",",,,C","4.44",",C","11.83",",,,C","-2.95",",,,C"
"CA007096215","1987-05","48.6833","-78.9833","290.0","POULARIES, QC CA","3.3","C","3.3",",C","14",",C","6",",C","1",",C","0",",C","0",",C","0",",C","18",",C","0",",C","11",",C","0",",C","-9.5",",C,02,","0",",T,C,15,+","0",",T,C,14,+","29.8",",,C,21,","27.0",",C,30,","6248.5","C","289.9",",C","75.6",",,,C","0",",T,,C","9.09",",C","16.77",",,,C","1.40",",,,C"
"CA007096215","1987-06","48.6833","-78.9833","290.0","POULARIES, QC CA","12.6","C","9.3",",C","20",",C","11",",C","0",",C","0",",C","0",",C","0",",C","5",",C","0",",C","19",",C","0",",C","-2.5",",C,13,+","0",",,C,30,+","0",",,C,30,+","14.8",",,C,25,","30.0",",C,24,","6372.3","C","123.8",",C","87.2",",,,C","0",",,,C","14.52",",C","22.02",",,,C","7.02",",,,C"
"CA007096215","1987-07","48.6833","-78.9833","290.0","POULARIES, QC CA","44.6","C","32.0",",C","17",",C","9",",C","2",",C","0",",C","0",",C","0",",C","0",",C","0",",C","19",",C","0",",C","0.5",",C,29,","0",",,C,31,+","0",",,C,31,+","43.2",",,C,03,","31.0",",C,11,","78.6","C","78.6",",C","148.0",",,,C","0",",,,C","16.83",",C","23.18",",,,C","10.48",",,,C"
"CA007096215","1987-08","48.6833","-78.9833","290.0","POULARIES, QC CA","62.4","C","17.8",",C","20",",C","9",",C","0",",C","0",",C","0",",C","0",",C","5",",C","0",",C","14",",C","0",",C","-1.0",",C,29,+","0",",,C,31,+","0",",,C,31,+","19.4",",,C,15,","29.5",",C,16,","222.5","C","143.9",",C","101.4",",,,C","0",",,,C","14.27",",C","20.76",",,,C","7.77",",,,C"
"CA007096215","1987-09","48.6833","-78.9833","290.0","POULARIES, QC CA","63.6","C","1.2",",C","24",",C","8",",C","1",",C","0",",C","0",",C","0",",C","5",",C","0",",C","8",",C","0",",C","-8.0",",C,27,","0",",,C,30,+","0",",T,C,30,+","26.4",",,C,08,","26.0",",C,28,+","429.4","C","206.9",",C","109.0",",,,C","0",",T,,C","11.48",",C","17.12",",,,C","5.83",",,,C"
"CA007096215","1987-10","48.6833","-78.9833","290.0","POULARIES, QC CA","63.6","C","0.0",",C","13",",C","10",",C","0",",C","1",",C","1",",C","0",",C","25",",C","0",",C","0",",C","0",",C","-9.5",",C,21,","30",",,C,03,","40",",,C,02,","21.0",",,C,02,","19.0",",C,05,","934.7","C","505.3",",C","93.8",",,,C","54",",,,C","2.03",",C","6.37",",,,C","-2.31",",,,C"
"CA007096215","1987-11","48.6833","-78.9833","290.0","POULARIES, QC CA","63.6","C","0.0",",C","12",",C","6",",C","0",",C","7",",C","2",",C","5",",C","27",",C","16",",C","0",",C","0",",C","-22.0",",C,26,+","60",",,C,29,+","114",",,C,30,","11.4",",,C,30,","13.5",",C,04,","1615.4","C","680.7",",C","47.0",",,,C","222",",,,C","-4.36",",C","0.13",",,,C","-8.85",",,,C"
"CA007096215","1987-12","48.6833","-78.9833","290.0","POULARIES, QC CA","63.6","C","0.0","1,C","18",",C","6",",C","0",",C","31",",C","5",",C","10","1,C","29","1,C","24",",C","0",",C","0",",C","-41.0","1,C,30,","170",",,C,30,+","60",",,C,20,","21.2",",,C,09,","3.0",",C,09,","2442.6","C","827.2",",C","57.6",",,,C","364",",,,C","-9.30","1,C","-4.32",",,,C","-14.28","1,,,C"
"CA007096215","1988-01","48.6833","-78.9833","290.0","POULARIES, QC CA","0.0","C","0.0",",C","14",",C","11",",C","0",",C","31",",C","11",",C","22",",C","31",",C","28",",C","0",",C","0",",C","-46.5",",C,14,","290",",,C,31,","116",",,C,30,","11.6",",,C,30,","5.0",",C,17,","3580.2","C","1137.6",",C","70.8",",,,C","708",",,,C","-18.36",",C","-10.63",",,,C","-26.10",",,,C"
"CA007096215","1988-02","48.6833","-78.9833","290.0","POULARIES, QC CA","0.0","C","0.0",",C","13",",C","5",",C","0",",C","29",",C","5",",C","27",",C","29",",C","27",",C","0",",C","0",",C","-45.5",",C,05,","500",",,C,17,+","178",",,C,14,","17.8",",,C,14,","4.0",",C,19,","4718.9","C","1138.7",",C","56.8",",,,C","568",",,,C","-20.93",",C","-11.14",",,,C","-30.72",",,,C"
"CA007096215","1988-03","48.6833","-78.9833","290.0","POULARIES, QC CA","0.0","C","0.0","2,C","13",",C","8",",C","0",",C","31",",C","5",",C","13","2,C","28","2,C","21",",C","0",",C","0",",C","-42.5","2,C,01,","510",",,C,20,+","80",",,C,18,+","9.0",",,C,29,","9.5",",C,26,","5571.8","C","852.9",",C","64.6",",,,C","386",",,,C","-11.25","2,C","-3.21",",,,C","-19.29","2,,,C"
"CA007096215","1988-04","48.6833","-78.9833","290.0","POULARIES, QC CA","0.0","C","0.0",",C","14",",C","9",",C","0",",C","7",",C","1",",C","0",",C","27",",C","3",",C","0",",C","0",",C","-13.5",",C,09,","200",",,C,02,+","40",",,C,25,","14.6",",,C,06,","17.0",",C,30,+","6095.8","C","524.0",",C","69.2",",,,C","94",",,,C","0.87",",C","6.43",",,,C","-4.70",",,,C"
"CA007096215","1988-05","48.6833","-78.9833","290.0","POULARIES, QC CA","0.6","C","0.6","1,C","15",",C","10",",C","0",",C","0",",C","0",",C","0",",C","17",",C","0","1,C","11","1,C","0","1,C","-7.0",",C,14,","0",",T,C,06,+","0",",T,C,24,+","20.4",",,C,21,","26.0","1,C,29,+","6359.6","C","263.8","1,C","99.0",",,,C","0",",T,,C","9.71","1,C","18.00","1,,,C","1.42",",,,C"
"CA007096215","1988-06","48.6833","-78.9833","290.0","POULARIES, QC CA","9.5","C","8.9",",C","14",",C","9",",C","0",",C","0",",C","0",",C","0",",C","9",",C","0",",C","10",",C","0",",C","-4.5",",C,10,","0",",,C,30,+","0",",,C,30,+","19.0",",,C,24,","29.0",",C,11,","6562.3","C","202.7",",C","86.0",",,,C","0",",,,C","11.88",",C","19.22",",,,C","4.53",",,,C"
"CA007096215","1988-07","48.6833","-78.9833","290.0","POULARIES, QC CA","51.3","C","41.8",",C","14",",C","6",",C","0",",C","0",",C","0",",C","0",",C","1",",C","0",",C","26",",C","2",",C","0.0",",C,15,","0",",,C,31,+","0",",,C,31,+","17.4",",,C,13,","33.0",",C,08,+","63.1","C","63.1",",C","60.4",",,,C","0",",,,C","17.65",",C","25.18",",,,C","10.11",",,,C"
"CA007096215","1988-08","48.6833","-78.9833","290.0","POULARIES, QC CA","67.3","C","16.0",",C","24",",C","12",",C","2",",C","0",",C","0",",C","0",",C","2",",C","0",",C","14",",C","0",",C","-0.5",",C,22,+","0",",,C,31,+","0",",,C,31,+","54.4",",,C,02,","28.0",",C,11,","171.4","C","108.3",",C","227.3",",,,C","0",",,,C","15.35",",C","20.94",",,,C","9.77",",,,C"
"CA007096215","1988-09","48.6833","-78.9833","290.0","POULARIES, QC CA","68.5","C","1.2",",C","27",",C","16",",C","0",",C","0",",C","0",",C","0",",C","5",",C","0",",C","6",",C","0",",C","-4.0",",C,29,+","0",",,C,30,+","0",",,C,30,+","24.6",",,C,22,","26.0",",C,03,","416.6","C","245.2",",C","139.4",",,,C","0",",,,C","10.20",",C","15.28",",,,C","5.12",",,,C"
"CA007096215","1988-10","48.6833","-78.9833","290.0","POULARIES, QC CA","68.5","C","0.0",",C","16",",C","9",",C","0",",C","2",",C","2",",C","0",",C","23",",C","2",",C","0",",C","0",",C","-11.0",",C,20,","60",",,C,31,","110",",,C,31,","20.2",",,C,17,","20.5",",C,16,","911.9","C","495.3",",C","90.6",",,,C","224",",,,C","2.35",",C","6.55",",,,C","-1.84",",,,C"
"CA007096215","1988-11","48.6833","-78.9833","290.0","POULARIES, QC CA","68.5","C","0.0",",C","20",",C","9",",C","0",",C","10",",C","2",",C","0",",C","27",",C","10",",C","0",",C","0",",C","-14.0",",C,30,+","150",",,C,01,","50",",,C,30,","13.4",",,C,27,","9.5",",C,27,+","1494.4","C","582.5",",C","82.3",",,,C","226",",,,C","-1.08",",C","1.88",",,,C","-4.05",",,,C"
"CA007096215","1988-12","48.6833","-78.9833","290.0","POULARIES, QC CA","","","","","13",",C","7",",C","0",",C","30",",C","7",",C","17","5,C","26","5,C","26","1,C","0","1,C","0","1,C","-40.0","5,C,16,","250",",,C,31,","140",",,C,20,","14.0",",,C,20,","4.0","1,C,06,","","","","","52.7",",,,C","527",",,,C","-16.32","6,C","-9.75","1,,,C","-22.88","5,,,C"
"CA007096215","1989-01","48.6833","-78.9833","290.0","POULARIES, QC CA","0.0","C","0.0",",C","18",",C","8",",C","0",",C","31",",C","8",",C","25",",C","31",",C","27",",C","0",",C","0",",C","-45.5",",C,04,+","410",",,C,27,","130",",,C,01,","13.0",",,C,01,","4.0",",C,28,","","","1103.8",",C","58.0",",,,C","580",",,,C","-17.27",",C","-7.55",",,,C","-27.00",",,,C"
"CA007096215","1989-02","48.6833","-78.9833","290.0","POULARIES, QC CA","0.0","C","0.0",",C","6",",C","1",",C","0",",C","28",",C","1",",C","26",",C","28",",C","28",",C","0",",C","0",",C","-46.0",",C,04,","400",",,C,12,+","40",",,C,13,","4.0",",,C,13,","-1.5",",C,13,","","","1085.3",",C","9.4",",,,C","94",",,,C","-20.43",",C","-10.82",",,,C","-30.04",",,,C"
"CA007096215","1989-03","48.6833","-78.9833","290.0","POULARIES, QC CA","0.0","C","0.0",",C","9",",C","8",",C","0",",C","31",",C","7",",C","22",",C","29",",C","22",",C","0",",C","0",",C","-48.5",",C,07,","510",",,C,17,","200",",,C,14,","20.0",",,C,14,","10.5",",C,27,","","","1011.3",",C","65.4",",,,C","614",",,,C","-14.29",",C","-4.82",",,,C","-23.76",",,,C"
"CA007096215","1989-04","48.6833","-78.9833","290.0","POULARIES, QC CA","0.0","C","0.0",",C","8",",C","4",",C","0",",C","24",",C","1",",C","4",",C","30",",C","5",",C","0",",C","0",",C","-21.0",",C,11,+","320",",,C,01,","40",",,C,17,","11.2",",,C,04,","12.5",",C,30,","","","626.0",",C","33.8",",,,C","116",",,,C","-2.53",",C","3.80",",,,C","-8.87",",,,C"
"CA007096215","1989-05","48.6833","-78.9833","290.0","POULARIES, QC CA","0.0","C","0.0",",C","16",",C","10",",C","2",",C","2",",C","1",",C","0",",C","9",",C","0",",C","7",",C","0",",C","-6.5",",C,10,","40",",,C,09,","50",",,C,08,","43.2",",,C,21,","28.0",",C,18,","","","272.6",",C","147.0",",,,C","50",",,,C","9.54",",C","15.73",",,,C","3.35",",,,C"
"CA007096215","1989-06","48.6833","-78.9833","290.0","POULARIES, QC CA","13.7","C","13.7",",C","20",",C","12",",C","1",",C","0",",C","0",",C","0",",C","5",",C","0",",C","11",",C","0",",C","-3.5",",C,04,","0",",,C,30,+","0",",,C,30,+","53.0",",,C,09,","29.0",",C,22,+","","","165.2",",C","144.0",",,,C","0",",,,C","13.28",",C","20.03",",,,C","6.53",",,,C"
"CA007096215","1989-07","48.6833","-78.9833","290.0","POULARIES, QC CA","43.0","C","29.3",",C","13",",C","10",",C","1",",C","0",",C","0",",C","0",",C","0",",C","0",",C","25",",C","0",",C","0.5",",C,15,","0",",,C,31,+","0",",,C,31,+","27.8",",,C,27,","31.0",",C,03,","82.2","C","82.2",",C","120.0",",,,C","0",",,,C","16.63",",C","24.45",",,,C","8.81",",,,C"
"CA007096215","1989-08","48.6833","-78.9833","290.0","POULARIES, QC CA","48.3","C","5.3",",C","15",",C","7",",C","0",",C","0",",C","0",",C","0",",C","2",",C","0",",C","14",",C","0",",C","-4.0",",C,25,","0",",,C,31,+","0",",,C,31,+","22.6",",,C,05,","27.0",",C,13,+","226.8","C","144.6",",C","63.4",",,,C","0",",,,C","13.84",",C","19.92",",,,C","7.76",",,,C"
"CA007096215","1989-09","48.6833","-78.9833","290.0","POULARIES, QC CA","51.5","C","3.2",",C","14",",C","7",",C","0",",C","0",",C","0",",C","0",",C","9",",C","0",",C","8",",C","0",",C","-7.0",",C,30,","0",",T,C,23,","20",",,C,22,","14.0",",,C,20,","26.5",",C,07,","462.2","C","235.4",",C","69.0",",,,C","20",",,,C","10.59",",C","17.37",",,,C","3.82",",,,C"
"CA007096215","1989-10","48.6833","-78.9833","290.0","POULARIES, QC CA","51.5","C","0.0",",C","17",",C","11",",C","0",",C","0",",C","1",",C","0",",C","15",",C","0",",C","1",",C","0",",C","-12.0",",C,19,","20",",,C,22,","40",",,C,21,","20.0",",,C,11,","22.0",",C,01,","878.5","C","416.3",",C","114.0",",,,C","70",",,,C","4.90",",C","9.35",",,,C","0.45",",,,C"
"CA007096215","1989-11","48.6833","-78.9833","290.0","POULARIES, QC CA","51.5","C","0.0",",C","20",",C","10",",C","0",",C","18","2,C","7","1,C","11",",C","27",",C","22",",C","0",",C","0",",C","-36.5",",C,23,","200","2,,C,29,+","100","1,,C,19,","19.2",",,C,05,","5.0",",C,08,","1684.7","C","806.2",",C","79.8",",,,C","530","1,,,C","-8.54",",C","-4.13",",,,C","-12.95",",,,C"
"CA007096215","1989-12","48.6833","-78.9833","290.0","POULARIES, QC CA","51.5","C","0.0",",C","13",",C","5",",C","0",",C","31",",C","5",",C","29",",C","31",",C","31",",C","0",",C","0",",C","-45.5",",C,29,","210",",,C,31,+","110",",,C,31,","11.0",",,C,31,","-5.0",",C,05,","3006.3","C","1321.6",",C","41.0",",,,C","410",",,,C","-24.30",",C","-16.18",",,,C","-32.42",",,,C"
"CA007096215","1990-01","48.6833","-78.9833","290.0","POULARIES, QC CA","0.0","C","0.0","3,C","18",",C","11",",C","0",",C","31",",C","9",",C","18","3,C","28","3,C","27",",C","0",",C","0",",C","-44.0","3,C,14,","440",",,C,27,+","200",",,C,25,","20.0",",,C,25,","2.0",",C,27,","3910.6","C","904.3",",C","85.4",",,,C","814",",,,C","-13.89","3,C","-5.61",",,,C","-22.16","3,,,C"
"CA007096215","1990-02","48.6833","-78.9833","290.0","POULARIES, QC CA","0.0","C","0.0","1,C","11","1,C","8","1,C","0","1,C","28",",C","8","1,C","21",",C","28",",C","23","1,C","0","1,C","0","1,C","-43.0",",C,25,","640",",,C,20,","114","1,,C,10,","11.4","1,,C,10,","7.0","1,C,21,","4873.1","C","962.5","1,C","57.6","1,,,C","576","1,,,C","-17.53","1,C","-7.91","1,,,C","-27.16",",,,C"
"CA007096215","1990-03","48.6833","-78.9833","290.0","POULARIES, QC CA","0.0","C","0.0",",C","10",",C","6",",C","0",",C","31",",C","2",",C","12",",C","26",",C","15",",C","0",",C","0",",C","-41.0",",C,06,+","580",",,C,01,","50",",,C,17,","16.0",",,C,14,","10.0",",C,15,","5696.9","C","823.8",",C","45.4",",,,C","144",",,,C","-8.24",",C","-0.65",",,,C","-15.84",",,,C"
"CA007096215","1990-04","48.6833","-78.9833","290.0","POULARIES, QC CA","1.9","C","1.9",",C","10",",C","7",",C","0",",C","20",",C","3",",C","2",",C","21",",C","7",",C","4",",C","0",",C","-25.0",",C,08,","140",",,C,07,+","60",",,C,04,","8.8",",,C,04,","27.5",",C,29,","6205.6","C","508.7",",C","34.2",",,,C","144",",,,C","1.44",",C","7.52",",,,C","-4.63",",,,C"
"CA007096215","1990-05","48.6833","-78.9833","290.0","POULARIES, QC CA","1.9","C","0.0",",C","15",",C","8",",C","0",",C","2",",C","1",",C","0",",C","16",",C","0",",C","5",",C","0",",C","-6.5",",C,04,","50",",,C,11,","48",",,C,09,","14.2",",,C,17,+","25.0",",C,31,","6552.4","C","346.8",",C","73.2",",,,C","74",",,,C","7.15",",C","14.06",",,,C","0.23",",,,C"
"CA007096215","1990-06","48.6833","-78.9833","290.0","POULARIES, QC CA","7.7","C","5.8",",C","21",",C","12",",C","2",",C","0",",C","0",",C","0",",C","2",",C","0",",C","16",",C","0",",C","-1.0",",C,11,+","0",",T,C,04,","0",",T,C,03,","25.8",",,C,17,","28.0",",C,02,","6682.6","C","130.2",",C","127.8",",,,C","0",",T,,C","14.18",",C","20.47",",,,C","7.90",",,,C"
"CA007096215","1990-07","48.6833","-78.9833","290.0","POULARIES, QC CA","24.9","C","17.2",",C","16",",C","10",",C","2",",C","0",",C","0",",C","0",",C","0",",C","0",",C","19",",C","0",",C","0.5",",C,31,","0",",,C,31,+","0",",,C,31,+","27.4",",,C,02,","30.5",",C,28,","94.2","C","94.2",",C","125.0",",,,C","0",",,,C","15.85",",C","22.76",",,,C","8.94",",,,C"
"CA007096215","1990-08","48.6833","-78.9833","290.0","POULARIES, QC CA","34.2","C","9.3",",C","24",",C","7",",C","0",",C","0",",C","0",",C","0",",C","1",",C","0",",C","17",",C","0",",C","-1.0",",C,19,","0",",,C,31,+","0",",,C,31,+","16.4",",,C,17,","27.0",",C,24,","215.3","C","121.1",",C","86.2",",,,C","0",",,,C","14.73",",C","21.26",",,,C","8.19",",,,C"
"CA007096215","1990-09","48.6833","-78.9833","290.0","POULARIES, QC CA","36.6","C","2.4",",C","26",",C","14",",C","1",",C","0",",C","0",",C","0",",C","7",",C","0",",C","3",",C","0",",C","-8.0",",C,18,","0",",,C,30,+","0",",T,C,30,+","27.4",",,C,21,","26.0",",C,01,","497.5","C","282.2",",C","159.4",",,,C","0",",T,,C","9.01",",C","14.30",",,,C","3.72",",,,C"
"CA007096215","1990-10","48.6833","-78.9833","290.0","POULARIES, QC CA","36.6","C","0.0",",C","17",",C","11",",C","0",",C","2",",C","1",",C","0",",C","20",",C","3",",C","0",",C","0",",C","-8.0",",C,08,","60",",,C,20,+","50",",,C,18,","19.0",",,C,18,","17.0",",C,03,","971.3","C","473.8",",C","114.0",",,,C","54",",,,C","3.05",",C","7.45",",,,C","-1.35",",,,C"
"CA007096215","1990-11","48.6833","-78.9833","290.0","POULARIES, QC CA","36.6","C","0.0","1,C","18",",C","8",",C","0",",C","14",",C","4",",C","2",",C","27",",C","14","1,C","0","1,C","0","1,C","-22.0",",C,26,","100",",,C,08,","60",",,C,05,","20.4",",,C,27,","14.0","1,C,02,","1579.7","C","608.4","1,C","73.6",",,,C","260",",,,C","-2.73","1,C","1.48","1,,,C","-6.93",",,,C"
"CA007096215","1990-12","48.6833","-78.9833","290.0","POULARIES, QC CA","36.6","C","0.0",",C","12",",C","8",",C","0",",C","28",",C","7",",C","17",",C","31",",C","27",",C","0",",C","0",",C","-42.0",",C,31,+","190",",,C,18,","154",",,C,17,","15.4",",,C,17,","4.5",",C,01,","2590.5","C","1010.8",",C","72.8",",,,C","668",",,,C","-14.27",",C","-6.97",",,,C","-21.58",",,,C"
"CA007096215","1991-01","48.6833","-78.9833","290.0","POULARIES, QC CA","0.0","","0.0",",C","15",",C","6",",C","0",",C","31",",C","6",",C","25",",C","31",",C","31",",C","0",",C","0",",C","-47.5",",C,25,","240",",,C,31,+","90",",,C,19,","9.0",",,C,19,","0.0",",C,19,","3825.6","","1235.1",",C","43.4",",,,C","434",",,,C","-21.51",",C","-12.92",",,,C","-30.10",",,,C"
"CA007096215","1991-02","48.6833","-78.9833","290.0","POULARIES, QC CA","","","","","6",",C","2",",C","0",",C","28",",C","2",",C","","","","","","","","","","","","","240",",,C,02,+","40",",,C,21,","4.0",",,C,21,","","","","","","","14.0",",,,C","140",",,,C","","","","","",""
"CA007096215","1991-03","48.6833","-78.9833","290.0","POULARIES, QC CA","","","","","10",",C","8",",C","0",",C","31",",C","5",",C","","","","","","","","","","","","","300",",,C,25,+","140",",,C,23,","16.0",",,C,23,","","","","","","","65.4",",,,C","370",",,,C","","","","","",""
"CA007096215","1991-04","48.6833","-78.9833","290.0","POULARIES, QC CA","","","","","11",",C","6",",C","0",",C","7",",C","2",",C","","","","","","","","","","","","","100",",,C,11,","140",",,C,10,","14.0",",,C,10,","","","","","","","47.8",",,,C","230",",,,C","","","","","",""
"CA007096215","1991-05","48.6833","-78.9833","290.0","POULARIES, QC CA","","","","","13",",C","8",",C","0",",C","0",",C","0",",C","","","","","","","","","","","","","0",",T,C,03,","0",",T,C,07,+","16.2",",,C,24,","","","","","","","82.7",",,,C","0",",T,,C","","","","","",""
"CA007096215","1991-06","48.6833","-78.9833","290.0","POULARIES, QC CA","","","","","8",",C","5",",C","0",",C","0",",C","0",",C","","","","","","","","","","","","","0",",,C,30,+","0",",,C,30,+","13.4",",,C,27,","","","","","","","56.8",",,,C","0",",,,C","","","","","",""
"CA007096215","1991-07","48.6833","-78.9833","290.0","POULARIES, QC CA","","","","","18",",C","12",",C","2",",C","0",",C","0",",C","","","","","","","","","","","","","0",",,C,31,+","0",",,C,31,+","31.4",",,C,04,","","","","","","","123.4",",,,C","0",",,,C","","","","","",""
"CA007096215","1991-08","48.6833","-78.9833","290.0","POULARIES, QC CA","","","","","24",",C","11",",C","1",",C","0",",C","0",",C","","","","","","","","","","","","","0",",,C,31,+","0",",,C,31,+","39.0",",,C,26,","","","","","","","131.7",",,,C","0",",,,C","","","","","",""
"CA007096215","1991-09","48.6833","-78.9833","290.0","POULARIES, QC CA","","","","","25",",C","11",",C","0",",C","0",",C","0",",C","","","","","","","","","","","","","0",",T,C,29,+","10",",,C,28,","21.0",",,C,14,","","","","","","","123.8",",,,C","18",",,,C","","","","","",""
"CA007096215","1991-10","48.6833","-78.9833","290.0","POULARIES, QC CA","","","","","16",",C","11",",C","0",",C","0",",C","0",",C","","","","","","","","","","","","","0",",T,C,28,+","16",",,C,06,","19.6",",,C,23,","","","","","","","103.0",",,,C","16",",,,C","","","","","",""
"CA007096215","1991-11","48.6833","-78.9833","290.0","POULARIES, QC CA","","","","","19",",C","9",",C","0",",C","11",",C","4",",C","","","","","","","","","","","","","60",",,C,14,+","60",",,C,06,","7.2",",,C,23,","","","","","","","55.4",",,,C","246",",,,C","","","","","",""
"CA007096215","1991-12","48.6833","-78.9833","290.0","POULARIES, QC CA","","","","","12",",C","8",",C","0",",C","28",",C","7",",C","","","","","","","","","","","","","110",",,C,12,+","50",",,C,22,+","8.0",",,C,12,","","","","","","","41.8",",,,C","358",",,,C","","","","","",""
"CA007096215","1992-01","48.6833","-78.9833","290.0","POULARIES, QC CA","","","","","10",",C","6",",C","0",",C","28",",C","5",",C","","","","","","","","","","","","","200",",,C,31,","110",",,C,23,","11.0",",,C,23,","","","","","","","49.0",",,,C","440",",,,C","","","","","",""
"CA007096215","1992-02","48.6833","-78.9833","290.0","POULARIES, QC CA","","","","","9",",C","4",",C","0",",C","29",",C","4",",C","","","","","","","","","","","","","220",",,C,09,+","74",",,C,25,","7.4",",,C,25,","","","","","","","27.0",",,,C","270",",,,C","","","","","",""
"CA007096215","1992-03","48.6833","-78.9833","290.0","POULARIES, QC CA","","","","","8",",C","5",",C","0",",C","31",",C","4",",C","","","","","","","","","","","","","290",",,C,10,","120",",,C,12,","12.0",",,C,12,+","","","","","","","44.0",",,,C","380",",,,C","","","","","",""
"CA007096215","1992-04","48.6833","-78.9833","290.0","POULARIES, QC CA","","","","","9",",C","6",",C","0",",C","10",",C","0",",C","","","","","","","","","","","","","50",",,C,04,+","20",",,C,11,","23.2",",,C,21,","","","","","","","65.4",",,,C","20",",,,C","","","","","",""
"CA007096215","1992-05","48.6833","-78.9833","290.0","POULARIES, QC CA","","","","","12",",C","6",",C","1",",C","1",",C","1",",C","","","","","","","","","","","","","30",",,C,02,","60",",,C,01,","29.5",",,C,02,","","","","","","","91.7",",,,C","60",",,,C","","","","","",""
"CA007096215","1992-06","48.6833","-78.9833","290.0","POULARIES, QC CA","","","","","12",",C","5",",C","0",",C","0",",C","0",",C","","","","","","","","","","","","","0",",,C,30,+","0",",T,C,21,","17.6",",,C,18,","","","","","","","47.8",",,,C","0",",T,,C","","","","","",""
"CA007096215","1992-07","48.6833","-78.9833","290.0","POULARIES, QC CA","","","","","18",",C","14",",C","0",",C","0",",C","0",",C","","","","","","","","","","","","","0",",,C,31,+","0",",,C,31,+","19.0",",,C,26,","","","","","","","126.2",",,,C","0",",,,C","","","","","",""
"CA007096215","1992-08","48.6833","-78.9833","290.0","POULARIES, QC CA","","","","","15",",C","10",",C","2",",C","0",",C","0",",C","","","","","","","","","","","","","0",",,C,31,+","0",",,C,31,+","44.4",",,C,18,","","","","","","","139.8",",,,C","0",",,,C","","","","","",""
"CA007096215","1992-09","48.6833","-78.9833","290.0","POULARIES, QC CA","","","","","18",",C","11",",C","1",",C","0",",C","0",",C","","","","","","","","","","","","","0",",T,C,30,","0",",T,C,30,+","28.0",",,C,18,","","","","","","","177.6",",,,C","0",",T,,C","","","","","",""
"CA007096215","1992-10","48.6833","-78.9833","290.0","POULARIES, QC CA","","","","","13",",C","6",",C","0",",C","0",",C","0",",C","","","","","","","","","","","","","0",",T,C,30,+","10",",,C,16,","9.6",",,C,12,","","","","","","","43.0",",,,C","10",",,,C","","","","","",""
"CA007096215","1992-11","48.6833","-78.9833","290.0","POULARIES, QC CA","","","","","9",",C","6",",C","0",",C","14",",C","2",",C","","","","","","","","","","","","","60",",,C,21,+","60",",,C,12,","18.0",",,C,12,","","","","","","","62.2",",,,C","140",",,,C","","","","","",""
"CA007096215","1992-12","48.6833","-78.9833","290.0","POULARIES, QC CA","","","","","16",",C","10",",C","0",",C","25",",C","9",",C","","","","","","","","","","","","","120",",,C,31,","90",",,C,28,","9.0",",,C,28,","","","","","","","57.8",",,,C","506",",,,C","","","","","",""
"CA007096215","1993-01","48.6833","-78.9833","290.0","POULARIES, QC CA","","","","","11",",C","5",",C","0",",C","30","1,C","5",",C","","","","","","","","","","","","","150","1,,C,02,+","110",",,C,30,","11.0",",,C,30,","","","","","","","34.6",",,,C","346",",,,C","","","","","",""
"CA007096215","1993-02","48.6833","-78.9833","290.0","POULARIES, QC CA","","","","","3",",C","2",",C","0",",C","","","2",",C","","","","","","","","","","","","","","","140",",,C,07,","14.0",",,C,07,","","","","","","","18.2",",,,C","182",",,,C","","","","","",""
"CA007096215","1993-03","48.6833","-78.9833","290.0","POULARIES, QC CA","","","","","7",",C","5",",C","0",",C","","","5",",C","","","","","","","","","","","","","","","114",",,C,16,","11.4",",,C,16,","","","","","","","33.4",",,,C","334",",,,C","","","","","",""
"CA007096215","1993-04","48.6833","-78.9833","290.0","POULARIES, QC CA","","","","","11",",C","10",",C","0",",C","4",",C","2",",C","","","","","","","","","","","","","80",",,C,16,+","86",",,C,15,","15.4",",,C,09,","","","","","","","82.4",",,,C","174",",,,C","","","","","",""
"CA007096215","1993-05","48.6833","-78.9833","290.0","POULARIES, QC CA","","","","","20",",C","12",",C","0",",C","0",",C","0",",C","","","","","","","","","","","","","0",",T,C,16,","0",",T,C,15,+","22.4",",,C,15,","","","","","","","124.5",",,,C","0",",T,,C","","","","","",""
"CA007096215","1993-06","48.6833","-78.9833","290.0","POULARIES, QC CA","","","","","13",",C","8",",C","0",",C","0",",C","0",",C","","","","","","","","","","","","","0",",,C,30,+","0",",,C,30,+","15.6",",,C,09,","","","","","","","78.8",",,,C","0",",,,C","","","","","",""
"CA007096215","1993-07","48.6833","-78.9833","290.0","POULARIES, QC CA","","","","","25",",C","11",",C","1",",C","0",",C","0",",C","","","","","","","","","","","","","0",",,C,31,+","0",",,C,31,+","32.4",",,C,02,","","","","","","","175.8",",,,C","0",",,,C","","","","","",""
"CA007096215","1993-08","48.6833","-78.9833","290.0","POULARIES, QC CA","","","","","26",",C","9",",C","1",",C","0",",C","0",",C","","","","","","","","","","","","","0",",,C,31,+","0",",,C,31,+","32.8",",,C,10,","","","","","","","137.0",",,,C","0",",,,C","","","","","",""
"CA007096215","1993-09","48.6833","-78.9833","290.0","POULARIES, QC CA","","","","","20",",C","6",",C","2",",C","0",",C","0",",C","","","","","","","","","","","","","0",",,C,30,+","0",",T,C,29,","27.0",",,C,14,+","","","","","","","99.9",",,,C","0",",T,,C","","","","","",""
"CA007096215","1993-10","48.6833","-78.9833","290.0","POULARIES, QC CA","","","","","20",",C","14",",C","0",",C","4",",C","2",",C","","","","","","","","","","","","","90",",,C,09,","112",",,C,08,","11.6",",,C,01,","","","","","","","107.1",",,,C","202",",,,C","","","","","",""
"CA007096215","1993-11","48.6833","-78.9833","290.0","POULARIES, QC CA","","","","","13",",C","9",",C","0",",C","23",",C","4",",C","","","","","","","","","","","","","80",",,C,13,+","64",",,C,05,","10.0",",,C,19,","","","","","","","57.0",",,,C","252",",,,C","","","","","",""
"CA007096215","1993-12","48.6833","-78.9833","290.0","POULARIES, QC CA","","","","","7",",C","5",",C","0",",C","24",",C","4",",C","","","","","","","","","","","","","140",",,C,13,+","100",",,C,09,","14.0",",,C,09,","","","","","","","48.8",",,,C","356",",,,C","","","","","",""
"CA007096215","1994-01","48.6833","-78.9833","290.0","POULARIES, QC CA","","","","","8",",C","6",",C","0",",C","31",",C","6",",C","","","","","","","","","","","","","200",",,C,01,","80",",,C,12,","8.0",",,C,12,","","","","","","","31.6",",,,C","316",",,,C","","","","","",""
"CA007096215","1994-02","48.6833","-78.9833","290.0","POULARIES, QC CA","","","","","8",",C","5",",C","0",",C","19",",C","4",",C","","","","","","","","","","","","","180",",,C,17,+","70",",,C,24,","7.0",",,C,24,","","","","","","","25.8",",,,C","200",",,,C","","","","","",""
"CA007096215","1994-03","48.6833","-78.9833","290.0","POULARIES, QC CA","","","","","11",",C","8",",C","0",",C","12",",C","7",",C","","","","","","","","","","","","","80",",,C,31,+","90",",,C,24,","9.0",",,C,24,","","","","","","","43.2",",,,C","392",",,,C","","","","","",""
"CA007096215","1994-04","48.6833","-78.9833","290.0","POULARIES, QC CA","","","","","15",",C","10",",C","0",",C","9",",C","5",",C","","","","","","","","","","","","","150",",,C,05,","130",",,C,02,","21.8",",,C,26,","","","","","","","80.0",",,,C","354",",,,C","","","","","",""
"CA007096215","1994-05","48.6833","-78.9833","290.0","POULARIES, QC CA","","","","","11","1,C","4","1,C","0","1,C","0",",C","0",",C","","","","","","","","","","","","","0",",T,C,17,+","0",",T,C,16,+","9.2","1,,C,15,","","","","","","","34.0","1,,,C","0",",T,,C","","","","","",""
