"STATION","DATE","LATITUDE","LONGITUDE","ELEVATION","NAME","CDSD","CDSD_ATTRIBUTES","CLDD","CLDD_ATTRIBUTES","DP01","DP01_ATTRIBUTES","DP10","DP10_ATTRIBUTES","DP1X","DP1X_ATTRIBUTES","DSND","DSND_ATTRIBUTES","DSNW","DSNW_ATTRIBUTES","DT00","DT00_ATTRIBUTES","DT32","DT32_ATTRIBUTES","DX32","DX32_ATTRIBUTES","DX70","DX70_ATTRIBUTES","DX90","DX90_ATTRIBUTES","EMNT","EMNT_ATTRIBUTES","EMSD","EMSD_ATTRIBUTES","EMSN","EMSN_ATTRIBUTES","EMXP","EMXP_ATTRIBUTES","EMXT","EMXT_ATTRIBUTES","HDSD","HDSD_ATTRIBUTES","HTDD","HTDD_ATTRIBUTES","PRCP","PRCP_ATTRIBUTES","SNOW","SNOW_ATTRIBUTES","TAVG","TAVG_ATTRIBUTES","TMAX","TMAX_ATTRIBUTES","TMIN","TMIN_ATTRIBUTES"
"CA006158738","1974-01","43.8","-79.2333","160.0","TORONTO MALVERN, ON CA","","","","","10","4,C","6","4,C","0","4,C","","","3","4,C","","","","","","","","","","","","","","","127","4,,C,08,","17.0","4,,C,26,","","","","","","","61.0","4,,,C","224","4,,,C","","","","","",""
"CA006158738","1974-02","43.8","-79.2333","160.0","TORONTO MALVERN, ON CA","","","0.0",",C","8",",C","6",",C","0",",C","","","2",",C","4",",C","27",",C","19",",C","0",",C","0",",C","-20.0",",C,05,","","","102",",,C,06,","11.7",",,C,21,","9.4",",C,22,","","","719.9",",C","46.6",",,,C","211",",,,C","-7.38",",C","-3.29",",,,C","-11.46",",,,C"
"CA006158738","1974-03","43.8","-79.2333","160.0","TORONTO MALVERN, ON CA","","","0.0",",C","12",",C","7",",C","1",",C","","","3",",C","0",",C","27",",C","10",",C","0",",C","0",",C","-16.1",",C,25,","","","61",",,C,23,","26.4",",,C,04,","17.2",",C,03,","","","602.0",",C","55.6",",,,C","132",",,,C","-1.09",",C","2.45",",,,C","-4.62",",,,C"
"CA006158738","1974-04","43.8","-79.2333","160.0","TORONTO MALVERN, ON CA","","","0.0",",C","11",",C","6",",C","0",",C","","","0",",C","0",",C","11",",C","1",",C","4",",C","0",",C","-6.7",",C,08,","","","0",",T,C,07,+","23.6",",,C,03,","25.6",",C,28,","","","328.0",",C","83.9",",,,C","0",",T,,C","7.40",",C","12.74",",,,C","2.06",",,,C"
"CA006158738","1974-05","43.8","-79.2333","160.0","TORONTO MALVERN, ON CA","","","3.4",",C","15",",C","9",",C","2",",C","","","0",",C","0",",C","4",",C","0",",C","4",",C","0",",C","-2.2",",C,05,+","","","0",",T,C,06,","31.5",",,C,16,","27.8",",C,22,","","","248.9",",C","128.1",",,,C","0",",T,,C","10.41",",C","15.12",",,,C","5.70",",,,C"
"CA006158738","1974-06","43.8","-79.2333","160.0","TORONTO MALVERN, ON CA","","","15.0",",C","16",",C","9",",C","1",",C","","","0",",C","0",",C","0",",C","0",",C","19",",C","0",",C","7.8",",C,02,","","","0",",,C,30,+","32.8",",,C,19,","28.3",",C,10,+","","","53.9",",C","97.1",",,,C","0",",,,C","17.04",",C","22.00",",,,C","12.07",",,,C"
"CA006158738","1974-07","43.8","-79.2333","160.0","TORONTO MALVERN, ON CA","","","89.8",",C","12",",C","4",",C","0",",C","","","0",",C","0",",C","0",",C","0",",C","29",",C","3",",C","10.6",",C,20,+","","","0",",,C,31,+","5.1",",,C,03,","34.4",",C,09,","3.3","C","3.3",",C","21.0",",,,C","0",",,,C","21.12",",C","26.54",",,,C","15.71",",,,C"
"CA006158738","1974-08","43.8","-79.2333","160.0","TORONTO MALVERN, ON CA","","","73.6",",C","12",",C","3",",C","1",",C","","","0",",C","0",",C","0",",C","0",",C","31",",C","0",",C","10.6",",C,15,","","","0",",,C,31,+","34.8",",,C,23,","30.6",",C,21,","9.4","C","6.1",",C","51.7",",,,C","0",",,,C","20.51",",C","25.65",",,,C","15.37",",,,C"
"CA006158738","1974-09","43.8","-79.2333","160.0","TORONTO MALVERN, ON CA","","","13.9",",C","10",",C","6",",C","0",",C","","","0",",C","0",",C","1",",C","0",",C","12",",C","0",",C","0.0",",C,24,","","","0",",,C,30,+","14.5",",,C,28,","27.2",",C,09,","138.0","C","128.6",",C","56.3",",,,C","0",",,,C","14.51",",C","19.56",",,,C","9.46",",,,C"
"CA006158738","1974-10","43.8","-79.2333","160.0","TORONTO MALVERN, ON CA","","","0.0",",C","12",",C","6",",C","0",",C","","","0",",C","0",",C","9",",C","0",",C","1",",C","0",",C","-5.6",",C,20,","","","0",",T,C,19,+","10.9",",,C,13,","21.7",",C,05,","473.6","C","335.6",",C","37.4",",,,C","0",",T,,C","7.51",",C","12.56",",,,C","2.45",",,,C"
"CA006158738","1974-11","43.8","-79.2333","160.0","TORONTO MALVERN, ON CA","","","0.0",",C","16",",C","9",",C","0",",C","","","1",",C","0",",C","13",",C","6",",C","1",",C","0",",C","-10.0",",C,30,+","","","41",",,C,28,","19.1",",,C,20,","22.8",",C,01,","925.9","C","452.3",",C","78.5",",,,C","59",",,,C","3.26",",C","6.15",",,,C","0.37",",,,C"
"CA006158738","1974-12","43.8","-79.2333","160.0","TORONTO MALVERN, ON CA","","","0.0",",C","16",",C","7",",C","0",",C","","","4",",C","0",",C","26",",C","9",",C","0",",C","0",",C","-12.2",",C,26,","","","79",",,C,19,","13.2",",,C,02,","6.7",",C,23,","1517.5","C","591.6",",C","58.6",",,,C","282",",,,C","-0.75",",C","1.75",",,,C","-3.26",",,,C"
"CA006158738","1975-01","43.8","-79.2333","160.0","TORONTO MALVERN, ON CA","0.0","C","0.0",",C","14",",C","6",",C","0",",C","","","2",",C","2",",C","26",",C","14",",C","0",",C","0",",C","-23.3",",C,20,","","","61",",,C,18,","12.4",",,C,08,","12.2",",C,11,","2185.5","C","668.0",",C","57.7",",,,C","150",",,,C","-3.21",",C","0.39",",,,C","-6.82",",,,C"
"CA006158738","1975-02","43.8","-79.2333","160.0","TORONTO MALVERN, ON CA","0.0","C","0.0",",C","15",",C","9",",C","1",",C","","","5",",C","0",",C","25",",C","17",",C","0",",C","0",",C","-14.4",",C,10,","","","53",",,C,18,+","30.7",",,C,24,","9.4",",C,22,","2794.5","C","609.0",",C","78.4",",,,C","255",",,,C","-3.42",",C","-0.58",",,,C","-6.26",",,,C"
"CA006158738","1975-03","43.8","-79.2333","160.0","TORONTO MALVERN, ON CA","0.0","C","0.0",",C","11",",C","10",",C","0",",C","","","4",",C","0",",C","29",",C","13",",C","0",",C","0",",C","-16.1",",C,09,","","","104",",,C,07,","19.3",",,C,19,","8.3",",C,18,","3427.4","C","632.9",",C","85.8",",,,C","266",",,,C","-2.08",",C","1.18",",,,C","-5.35",",,,C"
"CA006158738","1975-04","43.8","-79.2333","160.0","TORONTO MALVERN, ON CA","0.0","C","0.0",",C","7",",C","4",",C","1",",C","","","2",",C","0",",C","18",",C","7",",C","0",",C","0",",C","-9.4",",C,05,","","","137",",,C,02,","33.3",",,C,18,","17.8",",C,18,","3892.9","C","465.5",",C","67.1",",,,C","236",",,,C","2.82",",C","7.00",",,,C","-1.36",",,,C"
"CA006158738","1975-05","43.8","-79.2333","160.0","TORONTO MALVERN, ON CA","28.1","C","28.1",",C","12",",C","7",",C","1",",C","","","0",",C","0",",C","0",",C","0",",C","18",",C","0",",C","4.4",",C,02,","","","0",",,C,31,+","39.1",",,C,04,","30.6",",C,21,","3997.4","C","104.5",",C","89.0",",,,C","0",",,,C","15.87",",C","21.31",",,,C","10.43",",,,C"
"CA006158738","1975-06","43.8","-79.2333","160.0","TORONTO MALVERN, ON CA","77.8","C","49.7",",C","12",",C","8",",C","0",",C","","","0",",C","0",",C","0",",C","0",",C","23",",C","1",",C","7.8",",C,10,","","","0",",,C,30,+","16.0",",,C,15,","32.2",",C,23,","4031.8","C","34.4",",C","76.8",",,,C","0",",,,C","18.84",",C","23.51",",,,C","14.17",",,,C"
"CA006158738","1975-07","43.8","-79.2333","160.0","TORONTO MALVERN, ON CA","211.5","C","133.7",",C","10",",C","4",",C","0",",C","","","0",",C","0",",C","0",",C","0",",C","31",",C","3",",C","10.0",",C,26,","","","0",",,C,31,+","8.9",",,C,19,+","35.0",",C,31,","3.3","C","3.3",",C","31.8",",,,C","0",",,,C","22.54",",C","28.25",",,,C","16.84",",,,C"
"CA006158738","1975-08","43.8","-79.2333","160.0","TORONTO MALVERN, ON CA","297.7","C","86.2",",C","13",",C","7",",C","2",",C","","","0",",C","0",",C","0",",C","0",",C","27",",C","2",",C","9.4",",C,19,","","","0",",,C,31,+","37.1",",,C,10,","35.0",",C,01,","17.3","C","14.0",",C","108.9",",,,C","0",",,,C","20.66",",C","25.44",",,,C","15.88",",,,C"
"CA006158738","1975-09","43.8","-79.2333","160.0","TORONTO MALVERN, ON CA","299.4","C","1.7",",C","13",",C","4",",C","2",",C","","","0",",C","0",",C","0",",C","0",",C","9",",C","0",",C","2.8",",C,10,","","","0",",,C,30,+","46.5",",,C,11,","24.4",",C,11,","141.1","C","123.8",",C","101.8",",,,C","0",",,,C","14.26",",C","18.53",",,,C","10.00",",,,C"
"CA006158738","1975-10","43.8","-79.2333","160.0","TORONTO MALVERN, ON CA","299.4","C","0.0",",C","8",",C","4",",C","0",",C","","","0",",C","0",",C","2",",C","0",",C","1",",C","0",",C","-5.6",",C,31,","","","0",",,C,31,+","11.4",",,C,13,","22.2",",C,15,","384.8","C","243.7",",C","34.3",",,,C","0",",,,C","10.47",",C","14.73",",,,C","6.22",",,,C"
"CA006158738","1975-11","43.8","-79.2333","160.0","TORONTO MALVERN, ON CA","299.4","C","0.0",",C","13",",C","9",",C","0",",C","","","0",",C","0",",C","11",",C","1",",C","0",",C","0",",C","-3.9",",C,26,","","","8",",,C,26,","14.2",",,C,10,","20.6",",C,08,","724.0","C","339.2",",C","65.1",",,,C","8",",,,C","7.03",",C","10.85",",,,C","3.20",",,,C"
"CA006158738","1975-12","43.8","-79.2333","160.0","TORONTO MALVERN, ON CA","299.4","C","0.0",",C","19",",C","11",",C","0",",C","","","7",",C","4",",C","30",",C","19",",C","0",",C","0",",C","-21.7",",C,24,","","","124",",,C,19,","14.2",",,C,09,","13.9",",C,14,","1436.8","C","712.8",",C","92.0",",,,C","593",",,,C","-4.66",",C","-0.76",",,,C","-8.56",",,,C"
"CA006158738","1976-01","43.8","-79.2333","160.0","TORONTO MALVERN, ON CA","0.0","C","0.0",",C","16",",C","7",",C","0",",C","","","6",",C","10",",C","31",",C","22",",C","0",",C","0",",C","-29.4",",C,23,","","","157",",,C,13,","15.7",",,C,13,","6.1",",C,26,","2282.9","C","846.1",",C","64.6",",,,C","501",",,,C","-8.96",",C","-4.26",",,,C","-13.66",",,,C"
"CA006158738","1976-02","43.8","-79.2333","160.0","TORONTO MALVERN, ON CA","0.0","C","0.0",",C","12",",C","5",",C","0",",C","","","1",",C","1",",C","25",",C","9",",C","0",",C","0",",C","-25.0",",C,02,","","","48",",,C,21,","22.4",",,C,21,","14.4",",C,25,","2873.4","C","590.5",",C","52.0",",,,C","76",",,,C","-2.03",",C","2.21",",,,C","-6.27",",,,C"
"CA006158738","1976-03","43.8","-79.2333","160.0","TORONTO MALVERN, ON CA","0.0","C","0.0",",C","20",",C","10",",C","1",",C","","","5",",C","0",",C","25",",C","9",",C","0",",C","0",",C","-12.8",",C,18,+","","","155",",,C,01,","25.7",",,C,31,","17.8",",C,20,","3430.8","C","557.4",",C","100.8",",,,C","352",",,,C","0.35",",C","4.51",",,,C","-3.80",",,,C"
"CA006158738","1976-04","43.8","-79.2333","160.0","TORONTO MALVERN, ON CA","1.7","C","1.7",",C","8",",C","6",",C","0",",C","","","1",",C","0",",C","10",",C","1",",C","5",",C","0",",C","-6.7",",C,12,+","","","97",",,C,25,","15.0",",,C,24,","27.8",",C,18,","3743.5","C","312.7",",C","53.3",",,,C","97",",,,C","7.97",",C","13.27",",,,C","2.66",",,,C"
"CA006158738","1976-05","43.8","-79.2333","160.0","TORONTO MALVERN, ON CA","1.7","C","0.0",",C","17",",C","6",",C","1",",C","","","0",",C","0",",C","0",",C","0",",C","4",",C","0",",C","1.1",",C,08,+","","","0",",T,C,19,+","38.6",",,C,06,","22.8",",C,27,+","3966.9","C","223.4",",C","122.0",",,,C","0",",T,,C","11.13",",C","15.83",",,,C","6.43",",,,C"
"CA006158738","1976-06","43.8","-79.2333","160.0","TORONTO MALVERN, ON CA","72.2","C","70.5",",C","13",",C","8",",C","0",",C","","","0",",C","0",",C","0",",C","0",",C","25",",C","2",",C","8.3",",C,02,","","","0",",,C,30,+","14.0",",,C,24,","32.2",",C,10,+","3992.3","C","25.4",",C","88.0",",,,C","0",",,,C","19.84",",C","24.76",",,,C","14.91",",,,C"
"CA006158738","1976-07","43.8","-79.2333","160.0","TORONTO MALVERN, ON CA","125.8","C","53.6",",C","16",",C","11",",C","1",",C","","","0",",C","0",",C","0",",C","0",",C","27",",C","0",",C","10.0",",C,25,","","","0",",,C,31,+","27.4",",,C,20,","31.1",",C,11,","11.1","C","11.1",",C","145.8",",,,C","0",",,,C","19.70",",C","24.01",",,,C","15.39",",,,C"
"CA006158738","1976-08","43.8","-79.2333","160.0","TORONTO MALVERN, ON CA","179.2","C","53.4",",C","10",",C","7",",C","3",",C","","","0",",C","0",",C","0",",C","0",",C","24",",C","0",",C","5.6",",C,31,","","","0",",,C,31,+","63.2",",,C,27,","30.6",",C,22,","42.1","C","31.0",",C","167.4",",,,C","0",",,,C","19.05",",C","23.98",",,,C","14.12",",,,C"
"CA006158738","1976-09","43.8","-79.2333","160.0","TORONTO MALVERN, ON CA","195.9","C","16.7",",C","11",",C","7",",C","0",",C","","","0",",C","0",",C","0",",C","0",",C","12",",C","0",",C","2.2",",C,24,","","","0",",,C,30,+","23.4",",,C,17,","29.4",",C,12,","153.9","C","111.8",",C","72.0",",,,C","0",",,,C","15.16",",C","19.91",",,,C","10.41",",,,C"
"CA006158738","1976-10","43.8","-79.2333","160.0","TORONTO MALVERN, ON CA","195.9","C","0.0",",C","12",",C","7",",C","0",",C","","","0",",C","0",",C","6",",C","0",",C","0",",C","0",",C","-5.6",",C,27,","","","3",",,C,22,","13.2",",,C,06,","20.6",",C,02,","512.2","C","358.3",",C","55.1",",,,C","3",",,,C","6.77",",C","10.46",",,,C","3.09",",,,C"
"CA006158738","1976-11","43.8","-79.2333","160.0","TORONTO MALVERN, ON CA","195.9","C","0.0",",C","10",",C","3",",C","0",",C","","","0",",C","0",",C","24",",C","5",",C","0",",C","0",",C","-11.1",",C,30,","","","20",",,C,21,","9.9",",,C,26,","14.4",",C,27,","1041.1","C","528.9",",C","23.0",",,,C","53",",,,C","0.70",",C","4.44",",,,C","-3.04",",,,C"
"CA006158738","1976-12","43.8","-79.2333","160.0","TORONTO MALVERN, ON CA","195.9","C","0.0",",C","14",",C","8",",C","0",",C","","","6",",C","7",",C","31",",C","21",",C","0",",C","0",",C","-20.6",",C,08,","","","79",",,C,03,","8.1",",,C,20,","5.0",",C,15,","1828.7","C","787.6",",C","50.0",",,,C","361",",,,C","-7.07",",C","-2.62",",,,C","-11.53",",,,C"
"CA006158738","1977-01","43.8","-79.2333","160.0","TORONTO MALVERN, ON CA","0.0","C","0.0",",C","14",",C","9",",C","0",",C","","","9",",C","7",",C","31",",C","31",",C","0",",C","0",",C","-27.2",",C,18,","","","107",",,C,09,","10.7",",,C,09,","-1.1",",C,25,","2729.9","C","901.2",",C","61.2",",,,C","612",",,,C","-10.74",",C","-7.28",",,,C","-14.19",",,,C"
"CA006158738","1977-02","43.8","-79.2333","160.0","TORONTO MALVERN, ON CA","0.0","C","0.0",",C","9",",C","4",",C","0",",C","","","1",",C","1",",C","27",",C","19",",C","0",",C","0",",C","-20.6",",C,06,","","","25",",,C,09,","10.9",",,C,12,","6.7",",C,27,","3392.2","C","662.3",",C","33.6",",,,C","41",",,,C","-5.32",",C","-1.96",",,,C","-8.68",",,,C"
"CA006158738","1977-03","43.8","-79.2333","160.0","TORONTO MALVERN, ON CA","0.0","C","0.0",",C","9",",C","7",",C","1",",C","","","3",",C","0",",C","19",",C","3",",C","2",",C","0",",C","-17.2",",C,23,","","","91",",,C,18,","32.8",",,C,12,","22.8",",C,30,+","3880.9","C","488.7",",C","93.2",",,,C","228",",,,C","2.57",",C","6.85",",,,C","-1.71",",,,C"
"CA006158738","1977-04","43.8","-79.2333","160.0","TORONTO MALVERN, ON CA","0.9","C","0.9",",C","9",",C","6",",C","0",",C","","","0",",C","0",",C","10",",C","1",",C","4",",C","0",",C","-8.5",",C,08,","","","7",",,C,07,","19.6",",,C,22,","27.5",",C,13,","4196.3","C","315.4",",C","69.6",",,,C","13",",,,C","7.85",",C","12.90",",,,C","2.80",",,,C"
"CA006158738","1977-05","43.8","-79.2333","160.0","TORONTO MALVERN, ON CA","36.9","C","36.0",",C","12",",C","3",",C","0",",C","","","0",",C","0",",C","1",",C","0",",C","15",",C","1",",C","0.0",",C,08,","","","0",",T,C,08,","14.0",",,C,31,","32.5",",C,17,","4320.6","C","124.3",",C","40.0",",,,C","0",",T,,C","15.48",",C","21.71",",,,C","9.26",",,,C"
"CA006158738","1977-06","43.8","-79.2333","160.0","TORONTO MALVERN, ON CA","60.8","C","23.9",",C","11",",C","8",",C","1",",C","","","0",",C","0",",C","0",",C","0",",C","23",",C","0",",C","3.5",",C,03,","","","0",",,C,30,+","29.0",",,C,28,","29.5",",C,17,","4373.5","C","52.9",",C","83.2",",,,C","0",",,,C","17.37",",C","22.63",",,,C","12.10",",,,C"
"CA006158738","1977-07","43.8","-79.2333","160.0","TORONTO MALVERN, ON CA","160.1","C","99.3",",C","8",",C","6",",C","2",",C","","","0",",C","0",",C","0",",C","0",",C","27",",C","1",",C","10.0",",C,27,+","","","0",",,C,31,+","87.6",",,C,15,","35.5",",C,20,","13.4","C","13.4",",C","165.4",",,,C","0",",,,C","21.10",",C","25.85",",,,C","16.35",",,,C"
"CA006158738","1977-08","43.8","-79.2333","160.0","TORONTO MALVERN, ON CA","217.0","C","56.9",",C","13",",C","7",",C","0",",C","","","0",",C","0",",C","0",",C","0",",C","22",",C","0",",C","7.5",",C,19,","","","0",",,C,31,+","20.2",",,C,06,","31.0",",C,28,","46.1","C","32.7",",C","93.6",",,,C","0",",,,C","19.11",",C","23.60",",,,C","14.63",",,,C"
"CA006158738","1977-09","43.8","-79.2333","160.0","TORONTO MALVERN, ON CA","230.3","C","13.3",",C","18",",C","12",",C","1",",C","","","0",",C","0",",C","0",",C","0",",C","8",",C","0",",C","6.5",",C,29,","","","0",",,C,30,+","48.8",",,C,24,","30.0",",C,01,","134.1","C","88.0",",C","161.5",",,,C","0",",,,C","15.84",",C","19.22",",,,C","12.47",",,,C"
"CA006158738","1977-10","43.8","-79.2333","160.0","TORONTO MALVERN, ON CA","230.3","C","0.0",",C","9",",C","4",",C","2",",C","","","0",",C","0",",C","2",",C","0",",C","0",",C","0",",C","0.0",",C,23,+","","","0",",,C,31,+","35.2",",,C,08,","18.0",",C,26,+","432.9","C","298.8",",C","78.2",",,,C","0",",,,C","8.69",",C","12.92",",,,C","4.47",",,,C"
"CA006158738","1977-11","43.8","-79.2333","160.0","TORONTO MALVERN, ON CA","230.3","C","0.0",",C","14",",C","8",",C","1",",C","","","1",",C","0",",C","12",",C","4",",C","0",",C","0",",C","-12.0",",C,27,","","","60",",,C,27,","70.0",",,C,07,","17.0",",C,03,","852.9","C","420.0",",C","154.8",",,,C","72",",,,C","4.33",",C","7.15",",,,C","1.52",",,,C"
"CA006158738","1977-12","43.8","-79.2333","160.0","TORONTO MALVERN, ON CA","230.3","C","0.0",",C","14",",C","11",",C","0",",C","","","6",",C","2",",C","28",",C","17",",C","0",",C","0",",C","-21.5",",C,11,","","","222",",,C,08,","24.6",",,C,13,","12.0",",C,01,","1549.0","C","696.1",",C","125.2",",,,C","596",",,,C","-4.12",",C","-1.19",",,,C","-7.05",",,,C"
"CA006158738","1978-01","43.8","-79.2333","160.0","TORONTO MALVERN, ON CA","0.0","C","0.0",",C","14",",C","10",",C","0",",C","","","8",",C","4",",C","30",",C","26",",C","0",",C","0",",C","-20.0",",C,10,","","","98",",,C,20,","21.6",",,C,08,","4.5",",C,08,","2374.3","C","825.3",",C","91.0",",,,C","514",",,,C","-8.29",",C","-5.05",",,,C","-11.53",",,,C"
"CA006158738","1978-02","43.8","-79.2333","160.0","TORONTO MALVERN, ON CA","0.0","C","0.0",",C","6",",C","1",",C","0",",C","","","1",",C","3",",C","28",",C","27",",C","0",",C","0",",C","-22.0",",C,04,","","","36",",,C,05,","3.6",",,C,05,","1.0",",C,24,","3136.9","C","762.6",",C","10.6",",,,C","106",",,,C","-8.90",",C","-5.14",",,,C","-12.66",",,,C"
"CA006158738","1978-03","43.8","-79.2333","160.0","TORONTO MALVERN, ON CA","0.0","C","0.0",",C","12",",C","9",",C","0",",C","","","2",",C","0",",C","30",",C","14",",C","0",",C","0",",C","-15.5",",C,05,","","","42",",,C,11,","11.0",",,C,14,","7.5",",C,31,","3801.0","C","664.1",",C","53.4",",,,C","102",",,,C","-3.09",",C","0.65",",,,C","-6.82",",,,C"
"CA006158738","1978-04","43.8","-79.2333","160.0","TORONTO MALVERN, ON CA","0.0","C","0.0",",C","7",",C","6",",C","0",",C","","","0",",C","0",",C","16",",C","1",",C","0",",C","0",",C","-6.0",",C,02,","","","0",",T,C,20,+","25.0",",,C,06,","18.0",",C,27,","4217.5","C","416.5",",C","73.8",",,,C","0",",T,,C","4.45",",C","8.80",",,,C","0.10",",,,C"
"CA006158738","1978-05","43.8","-79.2333","160.0","TORONTO MALVERN, ON CA","29.3","C","29.3",",C","11",",C","6",",C","0",",C","","","0",",C","0",",C","3",",C","0",",C","12",",C","0",",C","-2.5",",C,01,","","","0",",,C,31,+","24.8",",,C,14,","30.5",",C,26,","4396.6","C","179.1",",C","89.2",",,,C","0",",,,C","13.50",",C","18.40",",,,C","8.60",",,,C"
"CA006158738","1978-06","43.8","-79.2333","160.0","TORONTO MALVERN, ON CA","72.0","C","42.7",",C","8",",C","3",",C","0",",C","","","0",",C","0",",C","0",",C","0",",C","19",",C","1",",C","5.0",",C,06,","","","0",",,C,30,+","15.0",",,C,12,","33.5",",C,27,","4461.5","C","64.9",",C","26.6",",,,C","0",",,,C","17.59",",C","23.45",",,,C","11.73",",,,C"
"CA006158738","1978-07","43.8","-79.2333","160.0","TORONTO MALVERN, ON CA","169.0","C","97.0",",C","5",",C","3",",C","0",",C","","","0",",C","0",",C","0",",C","0",",C","30",",C","2",",C","11.0",",C,11,","","","0",",,C,31,+","11.8",",,C,03,","34.0",",C,20,","7.1","C","7.1",",C","30.8",",,,C","0",",,,C","21.23",",C","26.60",",,,C","15.87",",,,C"
"CA006158738","1978-08","43.8","-79.2333","160.0","TORONTO MALVERN, ON CA","239.7","C","70.7",",C","10",",C","7",",C","2",",C","","","0",",C","0",",C","0",",C","0",",C","31",",C","0",",C","10.0",",C,05,","","","0",",,C,31,+","39.4",",,C,24,","31.0",",C,13,","14.3","C","7.2",",C","118.0",",,,C","0",",,,C","20.38",",C","25.63",",,,C","15.13",",,,C"
"CA006158738","1978-09","43.8","-79.2333","160.0","TORONTO MALVERN, ON CA","257.1","C","17.4",",C","15",",C","10",",C","2",",C","","","0",",C","0",",C","0",",C","0",",C","10",",C","0",",C","2.5",",C,26,","","","0",",,C,30,+","33.8",",,C,18,","31.0",",C,06,","123.2","C","108.9",",C","128.6",",,,C","0",",,,C","15.28",",C","19.87",",,,C","10.70",",,,C"
"CA006158738","1978-10","43.8","-79.2333","160.0","TORONTO MALVERN, ON CA","257.1","C","0.0",",C","12",",C","5",",C","0",",C","","","0",",C","0",",C","6",",C","0",",C","1",",C","0",",C","-5.0",",C,30,","","","0",",T,C,14,","12.8",",,C,03,","21.5",",C,10,","420.8","C","297.6",",C","47.4",",,,C","0",",T,,C","8.73",",C","12.81",",,,C","4.66",",,,C"
"CA006158738","1978-11","43.8","-79.2333","160.0","TORONTO MALVERN, ON CA","257.1","C","0.0",",C","6",",C","5",",C","0",",C","","","1",",C","0",",C","15",",C","5",",C","0",",C","0",",C","-10.5",",C,26,","","","92",",,C,27,","24.6",",,C,23,","17.5",",C,05,","877.3","C","456.5",",C","72.2",",,,C","96",",,,C","3.12",",C","7.08",",,,C","-0.85",",,,C"
"CA006158738","1978-12","43.8","-79.2333","160.0","TORONTO MALVERN, ON CA","257.1","C","0.0",",C","13",",C","9",",C","0",",C","","","3",",C","0",",C","29",",C","12",",C","0",",C","0",",C","-16.5",",C,29,","","","74",",,C,24,","20.0",",,C,31,","10.0",",C,31,+","1522.6","C","645.3",",C","66.0",",,,C","178",",,,C","-2.48",",C","1.05",",,,C","-6.02",",,,C"
"CA006158738","1979-01","43.8","-79.2333","160.0","TORONTO MALVERN, ON CA","0.0","C","0.0",",C","9",",C","6",",C","1",",C","","","5",",C","3",",C","31",",C","23",",C","0",",C","0",",C","-22.5",",C,19,","","","94",",,C,21,","28.8",",,C,24,","2.5",",C,27,+","2324.9","C","802.3",",C","72.8",",,,C","374",",,,C","-7.55",",C","-4.63",",,,C","-10.47",",,,C"
"CA006158738","1979-02","43.8","-79.2333","160.0","TORONTO MALVERN, ON CA","0.0","C","0.0",",C","9",",C","3",",C","0",",C","","","2",",C","11",",C","28",",C","22",",C","0",",C","0",",C","-27.5",",C,17,","","","62",",,C,26,","10.2",",,C,23,","8.0",",C,28,","3135.7","C","810.8",",C","30.6",",,,C","188",",,,C","-10.63",",C","-6.82",",,,C","-14.43",",,,C"
"CA006158738","1979-03","43.8","-79.2333","160.0","TORONTO MALVERN, ON CA","0.0","C","0.0",",C","10",",C","9",",C","0",",C","","","0",",C","0",",C","24",",C","4",",C","0",",C","0",",C","-16.0",",C,15,","","","8",",,C,01,","13.8",",,C,24,","15.0",",C,31,+","3658.3","C","522.6",",C","65.2",",,,C","8",",,,C","1.48",",C","6.03",",,,C","-3.08",",,,C"
"CA006158738","1979-04","43.8","-79.2333","160.0","TORONTO MALVERN, ON CA","0.0","C","0.0",",C","15",",C","8",",C","1",",C","","","2",",C","0",",C","10",",C","1",",C","0",",C","0",",C","-7.0",",C,08,+","","","152",",,C,08,","26.0",",,C,26,","20.0",",C,24,","4051.5","C","393.2",",C","122.8",",,,C","276",",,,C","5.23",",C","9.32",",,,C","1.13",",,,C"
"CA006158738","1979-05","43.8","-79.2333","160.0","TORONTO MALVERN, ON CA","6.1","C","6.1",",C","9",",C","5",",C","0",",C","","","0",",C","0",",C","2",",C","0",",C","5",",C","0",",C","-0.5",",C,05,+","","","0",",,C,31,+","24.4",",,C,25,","30.5",",C,09,","4262.7","C","211.2",",C","75.2",",,,C","0",",,,C","11.72",",C","16.56",",,,C","6.87",",,,C"
"CA006158738","1979-06","43.8","-79.2333","160.0","TORONTO MALVERN, ON CA","37.2","C","31.1",",C","9",",C","6",",C","0",",C","","","0",",C","0",",C","0",",C","0",",C","22",",C","0",",C","5.0",",C,12,","","","0",",,C,30,+","23.2",",,C,29,","31.5",",C,16,","4320.8","C","58.1",",C","80.0",",,,C","0",",,,C","17.43",",C","22.85",",,,C","12.02",",,,C"
"CA006158738","1979-07","43.8","-79.2333","160.0","TORONTO MALVERN, ON CA","137.1","C","99.9",",C","6",",C","2",",C","0",",C","","","0",",C","0",",C","0",",C","0",",C","28",",C","0",",C","8.5",",C,05,","","","0",",,C,31,+","13.5",",,C,31,","31.5",",C,22,","11.0","C","11.0",",C","26.7",",,,C","0",",,,C","21.20",",C","26.65",",,,C","15.76",",,,C"
"CA006158738","1979-08","43.8","-79.2333","160.0","TORONTO MALVERN, ON CA","189.3","C","52.2",",C","9",",C","7",",C","0",",C","","","0",",C","0",",C","0",",C","0",",C","24",",C","0",",C","7.5",",C,16,","","","0",",,C,31,+","16.4",",,C,01,","30.0",",C,04,","34.5","C","23.5",",C","55.4",",,,C","0",",,,C","19.26",",C","23.81",",,,C","14.71",",,,C"
"CA006158738","1979-09","43.8","-79.2333","160.0","TORONTO MALVERN, ON CA","206.2","C","16.9",",C","6",",C","4",",C","0",",C","","","0",",C","0",",C","0",",C","0",",C","14",",C","0",",C","0.5",",C,20,","","","0",",,C,30,+","20.0",",,C,13,","30.0",",C,06,","132.9","C","98.4",",C","45.4",",,,C","0",",,,C","15.62",",C","20.80",",,,C","10.43",",,,C"
"CA006158738","1979-10","43.8","-79.2333","160.0","TORONTO MALVERN, ON CA","208.8","C","2.6",",C","16",",C","11",",C","0",",C","","","0",",C","0",",C","6",",C","0",",C","3",",C","0",",C","-2.5",",C,10,","","","2",",,C,26,","17.2",",,C,04,","24.5",",C,21,","437.1","C","304.2",",C","88.6",",,,C","2",",,,C","8.60",",C","11.95",",,,C","5.26",",,,C"
"CA006158738","1979-11","43.8","-79.2333","160.0","TORONTO MALVERN, ON CA","208.8","C","0.0",",C","13",",C","10",",C","0",",C","","","0",",C","0",",C","17",",C","0",",C","0",",C","0",",C","-8.5",",C,16,","","","22",",,C,15,","21.6",",,C,09,","15.5",",C,23,","863.8","C","426.7",",C","90.0",",,,C","22",",,,C","4.11",",C","7.42",",,,C","0.80",",,,C"
"CA006158738","1979-12","43.8","-79.2333","160.0","TORONTO MALVERN, ON CA","208.8","C","0.0",",C","14",",C","9",",C","2",",C","","","3",",C","0",",C","27",",C","10",",C","0",",C","0",",C","-17.0",",C,17,","","","102",",,C,18,","35.0",",,C,24,","13.5",",C,11,","1470.6","C","606.8",",C","123.6",",,,C","256",",,,C","-1.24",",C","2.11",",,,C","-4.60",",,,C"
"CA006158738","1980-01","43.8","-79.2333","160.0","TORONTO MALVERN, ON CA","0.0","C","0.0",",C","8",",C","4",",C","1",",C","","","1",",C","2",",C","29",",C","18",",C","0",",C","0",",C","-20.5",",C,24,","","","48",",,C,06,","28.8",",,C,11,","10.0",",C,11,","2191.9","C","721.3",",C","46.0",",,,C","72",",,,C","-4.94",",C","-1.73",",,,C","-8.15",",,,C"
"CA006158738","1980-02","43.8","-79.2333","160.0","TORONTO MALVERN, ON CA","0.0","C","0.0",",C","9",",C","2",",C","0",",C","","","1",",C","6",",C","29",",C","24",",C","0",",C","0",",C","-24.0",",C,29,","","","46",",,C,15,","5.0",",,C,22,","3.0",",C,21,+","2949.3","C","757.4",",C","15.2",",,,C","94",",,,C","-7.78",",C","-4.47",",,,C","-11.10",",,,C"
"CA006158738","1980-03","43.8","-79.2333","160.0","TORONTO MALVERN, ON CA","","","","","16",",C","9",",C","1",",C","","","4",",C","2",",C","27",",C","","","","","","","-21.5",",C,02,","","","152",",,C,08,","29.6",",,C,21,","","","","","","","107.0",",,,C","290",",,,C","","","","","-5.44",",,,C"
"CA006158738","1980-04","43.8","-79.2333","160.0","TORONTO MALVERN, ON CA","","","0.0",",C","17",",C","11",",C","1",",C","","","0",",C","0",",C","9",",C","1",",C","0",",C","0",",C","-6.0",",C,16,","","","0",",T,C,16,+","45.0",",,C,14,","16.5",",C,21,+","","","357.5",",C","140.8",",,,C","0",",T,,C","6.42",",C","10.70",",,,C","2.13",",,,C"
"CA006158738","1980-05","43.8","-79.2333","160.0","TORONTO MALVERN, ON CA","","","20.2",",C","8",",C","5",",C","0",",C","","","0",",C","0",",C","0",",C","0",",C","11",",C","0",",C","2.0",",C,08,","","","0",",,C,31,+","17.4",",,C,17,","30.5",",C,23,","","","139.2",",C","54.2",",,,C","0",",,,C","14.49",",C","19.97",",,,C","9.02",",,,C"
"CA006158738","1980-06","43.8","-79.2333","160.0","TORONTO MALVERN, ON CA","","","22.7","1,C","14",",C","11",",C","1",",C","","","0",",C","0",",C","0",",C","0","1,C","11","1,C","0","1,C","3.0",",C,09,","","","0",",,C,30,+","37.0",",,C,19,","32.0","1,C,26,","","","109.6","1,C","122.4",",,,C","0",",,,C","15.38","1,C","20.34","1,,,C","10.42",",,,C"
"CA006158738","1980-07","43.8","-79.2333","160.0","TORONTO MALVERN, ON CA","","","88.3",",C","12",",C","5",",C","1",",C","","","0",",C","0",",C","0",",C","0",",C","31",",C","0",",C","10.0",",C,03,","","","0",",,C,31,+","36.8",",,C,28,","31.0",",C,21,+","3.1","C","3.1",",C","87.0",",,,C","0",",,,C","21.08",",C","26.15",",,,C","16.02",",,,C"
"CA006158738","1980-08","43.8","-79.2333","160.0","TORONTO MALVERN, ON CA","","","112.0",",C","9",",C","7",",C","0",",C","","","0",",C","0",",C","0",",C","0",",C","30",",C","0",",C","13.5",",C,13,","","","0",",,C,31,+","15.4",",,C,30,","32.0",",C,27,","4.9","C","1.8",",C","53.0",",,,C","0",",,,C","21.89",",C","26.39",",,,C","17.39",",,,C"
"CA006158738","1980-09","43.8","-79.2333","160.0","TORONTO MALVERN, ON CA","","","21.8",",C","8",",C","6",",C","0",",C","","","0",",C","0",",C","0",",C","0",",C","14",",C","0",",C","0.5",",C,27,","","","0",",,C,30,+","22.0",",,C,22,","29.0",",C,01,","112.7","C","107.8",",C","63.2",",,,C","0",",,,C","15.47",",C","20.25",",,,C","10.68",",,,C"
"CA006158738","1980-10","43.8","-79.2333","160.0","TORONTO MALVERN, ON CA","","","0.0",",C","14",",C","9",",C","1",",C","","","0",",C","0",",C","5",",C","0",",C","2",",C","0",",C","-4.0",",C,23,","","","0",",T,C,28,+","29.0",",,C,25,","22.5",",C,01,","452.8","C","340.1",",C","97.6",",,,C","0",",T,,C","7.36",",C","10.74",",,,C","3.98",",,,C"
"CA006158738","1980-11","43.8","-79.2333","160.0","TORONTO MALVERN, ON CA","","","0.0",",C","14",",C","9",",C","0",",C","2",",C","2",",C","0",",C","20",",C","4",",C","0",",C","0",",C","-7.5",",C,17,+","30",",,C,28,+","52",",,C,27,","8.0",",,C,13,","13.0",",C,09,+","945.5","C","492.7",",C","52.2",",,,C","110",",,,C","1.91",",C","4.92",",,,C","-1.10",",,,C"
"CA006158738","1980-12","43.8","-79.2333","160.0","TORONTO MALVERN, ON CA","","","0.0",",C","13",",C","9",",C","0",",C","22",",C","5",",C","3",",C","28",",C","22",",C","0",",C","0",",C","-29.0",",C,25,","150",",,C,27,+","62",",,C,09,","15.0",",,C,02,","11.5",",C,08,","1719.3","C","773.8",",C","67.4",",,,C","284",",,,C","-6.63",",C","-2.63",",,,C","-10.63",",,,C"
"CA006158738","1981-01","43.8","-79.2333","160.0","TORONTO MALVERN, ON CA","0.0","C","0.0","3,C","7",",C","4",",C","0",",C","31",",C","4",",C","8",",C","31",",C","26","3,C","0","3,C","0","3,C","-31.5",",C,04,","260",",,C,18,+","98",",,C,06,","9.8",",,C,06,","2.0","3,C,25,+","2546.1","C","826.8","3,C","25.2",",,,C","252",",,,C","-10.90","3,C","-7.27","3,,,C","-14.53",",,,C"
"CA006158738","1981-02","43.8","-79.2333","160.0","TORONTO MALVERN, ON CA","0.0","C","0.0","1,C","13",",C","9",",C","1",",C","17",",C","4",",C","2",",C","19",",C","9","1,C","0","1,C","0","1,C","-22.5",",C,05,","90",",,C,08,+","134",",,C,10,","37.4",",,C,10,","10.5","1,C,18,","3083.6","C","537.5","1,C","92.0",",,,C","260",",,,C","-1.62","1,C","1.98","1,,,C","-5.21",",,,C"
"CA006158738","1981-03","43.8","-79.2333","160.0","TORONTO MALVERN, ON CA","0.0","C","0.0","1,C","6",",C","2",",C","0",",C","0",",C","0",",C","0",",C","24",",C","9","1,C","0","1,C","0","1,C","-14.0",",C,18,","0",",T,C,20,+","6",",,C,02,","13.0",",,C,30,","20.5","1,C,29,","3622.8","C","539.2","1,C","21.8",",,,C","14",",,,C","0.38","1,C","4.80","1,,,C","-4.03",",,,C"
"CA006158738","1981-04","43.8","-79.2333","160.0","TORONTO MALVERN, ON CA","0.0","C","0.0",",C","15",",C","5",",C","0",",C","0",",C","0",",C","0",",C","9",",C","0",",C","2",",C","0",",C","-6.0",",C,21,","0",",,C,30,+","0",",T,C,05,","15.2",",,C,13,","22.0",",C,03,","3950.5","C","327.7",",C","53.8",",,,C","0",",T,,C","7.41",",C","12.27",",,,C","2.55",",,,C"
"CA006158738","1981-05","43.8","-79.2333","160.0","TORONTO MALVERN, ON CA","2.2","C","2.2",",C","11",",C","7",",C","1",",C","0",",C","0",",C","0",",C","0",",C","0",",C","10",",C","0",",C","0.5",",C,18,+","0",",,C,31,+","0",",,C,31,+","27.4",",,C,11,","26.5",",C,21,","4145.5","C","195.0",",C","77.6",",,,C","0",",,,C","12.11",",C","17.44",",,,C","6.79",",,,C"
"CA006158738","1981-06","43.8","-79.2333","160.0","TORONTO MALVERN, ON CA","29.5","C","27.3","1,C","12",",C","7",",C","0",",C","0",",C","0",",C","0",",C","0",",C","0","1,C","20","1,C","0","1,C","5.0",",C,01,","0",",,C,30,+","0",",,C,30,+","12.2",",,C,16,","32.0","1,C,15,","4183.5","C","38.0","1,C","68.6",",,,C","0",",,,C","17.94","1,C","23.16","1,,,C","12.72",",,,C"
"CA006158738","1981-07","43.8","-79.2333","160.0","TORONTO MALVERN, ON CA","129.1","C","99.6",",C","11",",C","5",",C","1",",C","0",",C","0",",C","0",",C","0",",C","0",",C","29",",C","4",",C","10.5",",C,23,+","0",",,C,31,+","0",",,C,31,+","39.0",",,C,28,","33.5",",C,08,","10.2","C","10.2",",C","86.8",",,,C","0",",,,C","21.22",",C","26.15",",,,C","16.29",",,,C"
"CA006158738","1981-08","43.8","-79.2333","160.0","TORONTO MALVERN, ON CA","188.9","C","59.8",",C","11","2,C","7","2,C","0","2,C","0",",C","0",",C","0",",C","0",",C","0",",C","28",",C","0",",C","10.0",",C,18,+","0",",,C,31,+","0",",,C,31,+","24.2","2,,C,15,","28.0",",C,02,","19.9","C","9.7",",C","97.4","2,,,C","0",",,,C","19.95",",C","24.48",",,,C","15.42",",,,C"
"CA006158738","1981-09","43.8","-79.2333","160.0","TORONTO MALVERN, ON CA","210.8","C","21.9",",C","15",",C","10",",C","1",",C","0",",C","0",",C","0",",C","1",",C","0",",C","8",",C","0",",C","0.0",",C,30,","0",",,C,30,+","0",",,C,30,+","32.4",",,C,04,","27.0",",C,13,","142.3","C","122.4",",C","112.2",",,,C","0",",,,C","14.98",",C","18.68",",,,C","11.28",",,,C"
"CA006158738","1981-10","43.8","-79.2333","160.0","TORONTO MALVERN, ON CA","210.8","C","0.0",",C","15",",C","11",",C","0",",C","","","0",",C","0",",C","6",",C","0",",C","0",",C","0",",C","-2.5",",C,24,","","","6",",,C,22,+","23.2",",,C,27,","17.0",",C,06,","497.1","C","354.8",",C","130.2",",,,C","12",",,,C","6.89",",C","10.40",",,,C","3.37",",,,C"
"CA006158738","1981-11","43.8","-79.2333","160.0","TORONTO MALVERN, ON CA","210.8","C","0.0",",C","11",",C","7",",C","0",",C","","","0",",C","0",",C","14",",C","1",",C","0",",C","0",",C","-6.0",",C,25,+","","","0",",T,C,29,+","19.0",",,C,16,","16.0",",C,02,","932.1","C","435.0",",C","65.8",",,,C","0",",T,,C","3.83",",C","7.20",",,,C","0.47",",,,C"
"CA006158738","1981-12","43.8","-79.2333","160.0","TORONTO MALVERN, ON CA","210.8","C","0.0","1,C","10",",C","7",",C","0",",C","13",",C","5",",C","0","1,C","26","1,C","14",",C","0",",C","0",",C","-14.5","1,C,20,","130",",,C,31,+","94",",,C,21,","9.4",",,C,21,","5.5",",C,02,+","1550.3","C","618.2",",C","45.4",",,,C","314",",,,C","-2.28","1,C","0.23",",,,C","-4.78","1,,,C"
"CA006158738","1982-01","43.8","-79.2333","160.0","TORONTO MALVERN, ON CA","0.0","C","0.0","1,C","15",",C","8",",C","0",",C","23",",C","6",",C","9",",C","31",",C","22","1,C","0","1,C","0","1,C","-27.5",",C,10,","220",",,C,31,","180",",,C,31,","18.0",",,C,31,","7.0","1,C,04,","2388.8","C","838.5","1,C","76.8",",,,C","584",",,,C","-9.64","1,C","-5.40","1,,,C","-13.87",",,,C"
"CA006158738","1982-02","43.8","-79.2333","160.0","TORONTO MALVERN, ON CA","0.0","C","0.0",",C","7",",C","5",",C","0",",C","28",",C","5",",C","1",",C","28",",C","18",",C","0",",C","0",",C","-18.0",",C,05,","450",",,C,08,+","158",",,C,03,","15.8",",,C,03,","7.0",",C,15,","3065.1","C","676.3",",C","36.6",",,,C","362",",,,C","-5.82",",C","-2.66",",,,C","-8.98",",,,C"
"CA006158738","1982-03","43.8","-79.2333","160.0","TORONTO MALVERN, ON CA","0.0","C","0.0",",C","13",",C","10",",C","0",",C","24",",C","3",",C","0",",C","25",",C","9",",C","0",",C","0",",C","-17.0",",C,03,","370",",,C,10,","148",",,C,25,","16.8",",,C,16,","16.5",",C,31,","3672.7","C","607.6",",C","77.4",",,,C","344",",,,C","-1.27",",C","2.44",",,,C","-4.97",",,,C"
"CA006158738","1982-04","43.8","-79.2333","160.0","TORONTO MALVERN, ON CA","0.0","C","0.0",",C","10",",C","5",",C","0",",C","0","1,C","0",",C","0",",C","17",",C","4",",C","1",",C","0",",C","-11.5",",C,07,+","20","1,,C,05,","18",",,C,04,","15.4",",,C,20,","22.0",",C,24,","4075.2","C","402.5",",C","51.2",",,,C","36",",,,C","4.92",",C","9.75",",,,C","0.08",",,,C"
"CA006158738","1982-05","43.8","-79.2333","160.0","TORONTO MALVERN, ON CA","3.6","C","3.6",",C","11",",C","6",",C","1",",C","0",",C","0",",C","0",",C","0",",C","0",",C","6",",C","0",",C","4.5",",C,05,","0",",,C,31,+","0",",,C,31,+","29.6",",,C,19,","26.0",",C,16,","4191.4","C","116.2",",C","65.0",",,,C","0",",,,C","14.70",",C","19.35",",,,C","10.05",",,,C"
"CA006158738","1982-06","43.8","-79.2333","160.0","TORONTO MALVERN, ON CA","6.9","C","3.3",",C","15",",C","12",",C","1",",C","0",",C","0",",C","0",",C","0",",C","0",",C","8",",C","0",",C","5.5",",C,03,","0",",,C,30,+","0",",,C,30,+","37.8",",,C,05,","26.0",",C,29,","4270.4","C","79.0",",C","134.0",",,,C","0",",,,C","15.81",",C","19.85",",,,C","11.77",",,,C"
"CA006158738","1982-07","43.8","-79.2333","160.0","TORONTO MALVERN, ON CA","115.2","C","108.3",",C","4",",C","3",",C","0",",C","0",",C","0",",C","0",",C","0",",C","0",",C","29",",C","1",",C","10.0",",C,01,","0",",,C,31,+","0",",,C,31,+","22.4",",,C,27,","32.5",",C,18,","5.6","C","5.6",",C","50.0",",,,C","0",",,,C","21.65",",C","26.87",",,,C","16.42",",,,C"
"CA006158738","1982-08","43.8","-79.2333","160.0","TORONTO MALVERN, ON CA","145.8","C","30.6","1,C","8",",C","6",",C","1",",C","0",",C","0",",C","0",",C","0",",C","0","1,C","23","1,C","0","1,C","5.5",",C,29,","0",",,C,31,+","0",",,C,31,+","48.6",",,C,24,","28.5","1,C,16,","35.9","C","30.3","1,C","94.0",",,,C","0",",,,C","18.38","1,C","23.13","1,,,C","13.63",",,,C"
"CA006158738","1982-09","43.8","-79.2333","160.0","TORONTO MALVERN, ON CA","158.8","C","13.0",",C","12",",C","9",",C","0",",C","0",",C","0",",C","0",",C","0",",C","0",",C","10",",C","0",",C","3.5",",C,19,","0",",,C,30,+","0",",,C,30,+","24.8",",,C,14,","28.5",",C,14,","134.9","C","99.0",",C","92.4",",,,C","0",",,,C","15.47",",C","19.92",",,,C","11.02",",,,C"
"CA006158738","1982-10","43.8","-79.2333","160.0","TORONTO MALVERN, ON CA","158.8","C","0.0",",C","9",",C","5",",C","0",",C","0",",C","0",",C","0",",C","3",",C","0",",C","2",",C","0",",C","-1.0",",C,24,","0",",,C,31,+","0",",T,C,15,","18.2",",,C,07,","22.5",",C,03,+","384.7","C","249.8",",C","41.6",",,,C","0",",T,,C","10.27",",C","14.74",",,,C","5.81",",,,C"
"CA006158738","1982-11","43.8","-79.2333","160.0","TORONTO MALVERN, ON CA","158.8","C","0.0",",C","14",",C","11",",C","0",",C","","","1",",C","0",",C","13",",C","0",",C","0",",C","0",",C","-8.0",",C,27,","","","34",",,C,26,","22.6",",,C,02,","15.5",",C,12,","795.2","C","410.5",",C","116.8",",,,C","40",",,,C","4.65",",C","7.57",",,,C","1.73",",,,C"
"CA006158738","1982-12","43.8","-79.2333","160.0","TORONTO MALVERN, ON CA","158.8","C","0.0",",C","16",",C","11",",C","0",",C","6",",C","2",",C","0",",C","18",",C","10",",C","0",",C","0",",C","-17.5",",C,13,","210",",,C,21,","102",",,C,18,","14.4",",,C,15,","19.5",",C,03,","1333.3","C","538.1",",C","84.6",",,,C","226",",,,C","0.98",",C","4.32",",,,C","-2.37",",,,C"
"CA006158738","1983-01","43.8","-79.2333","160.0","TORONTO MALVERN, ON CA","0.0","C","0.0",",C","11",",C","5",",C","0",",C","8",",C","2",",C","2",",C","28",",C","13",",C","0",",C","0",",C","-19.0",",C,18,","60",",,C,20,+","54",",,C,15,","21.0",",,C,10,","5.5",",C,10,","2013.1","C","679.8",",C","45.2",",,,C","118",",,,C","-3.60",",C","-0.47",",,,C","-6.73",",,,C"
"CA006158738","1983-02","43.8","-79.2333","160.0","TORONTO MALVERN, ON CA","0.0","C","0.0",",C","8",",C","5",",C","0",",C","8",",C","2",",C","1",",C","24",",C","11",",C","0",",C","0",",C","-18.5",",C,10,","80",",,C,08,","38",",,C,06,","22.6",",,C,02,","8.5",",C,28,","2604.9","C","591.8",",C","47.4",",,,C","78",",,,C","-2.80",",C","0.38",",,,C","-5.98",",,,C"
"CA006158738","1983-03","43.8","-79.2333","160.0","TORONTO MALVERN, ON CA","0.0","C","0.0",",C","12",",C","8",",C","1",",C","6",",C","2",",C","0",",C","20",",C","7",",C","0",",C","0",",C","-13.5",",C,24,","110",",,C,23,+","114",",,C,21,","35.0",",,C,18,","10.5",",C,07,","3145.0","C","540.1",",C","83.6",",,,C","154",",,,C","0.91",",C","4.29",",,,C","-2.47",",,,C"
"CA006158738","1983-04","43.8","-79.2333","160.0","TORONTO MALVERN, ON CA","0.0","C","0.0",",C","16",",C","8",",C","1",",C","0",",C","0",",C","0",",C","8",",C","0",",C","1",",C","0",",C","-4.0",",C,01,","20",",,C,20,","22",",,C,19,","28.2",",,C,09,","24.0",",C,27,","3519.2","C","374.2",",C","104.0",",,,C","30",",,,C","5.86",",C","9.52",",,,C","2.20",",,,C"
"CA006158738","1983-05","43.8","-79.2333","160.0","TORONTO MALVERN, ON CA","0.0","C","0.0",",C","14",",C","12",",C","0",",C","0",",C","0",",C","0",",C","1",",C","0",",C","2",",C","0",",C","-0.5",",C,09,","0",",,C,31,+","0",",,C,31,+","24.8",",,C,19,","22.5",",C,07,","3764.5","C","245.3",",C","119.8",",,,C","0",",,,C","10.42",",C","14.81",",,,C","6.03",",,,C"
"CA006158738","1983-06","43.8","-79.2333","160.0","TORONTO MALVERN, ON CA","69.1","C","69.1",",C","8",",C","5",",C","0",",C","0",",C","0",",C","0",",C","0",",C","0",",C","21",",C","2",",C","4.5",",C,08,","0",",,C,30,+","0",",,C,30,+","9.0",",,C,06,","33.5",",C,26,+","3814.1","C","49.6",",C","28.4",",,,C","0",",,,C","18.98",",C","24.65",",,,C","13.32",",,,C"
"CA006158738","1983-07","43.8","-79.2333","160.0","TORONTO MALVERN, ON CA","225.4","C","156.3",",C","8",",C","4",",C","0",",C","0",",C","0",",C","0",",C","0",",C","0",",C","30",",C","4",",C","10.0",",C,06,","0",",,C,31,+","0",",,C,31,+","10.2",",,C,18,","35.5",",C,15,","3.9","C","3.9",",C","33.8",",,,C","0",",,,C","23.25",",C","28.68",",,,C","17.82",",,,C"
"CA006158738","1983-08","43.8","-79.2333","160.0","TORONTO MALVERN, ON CA","329.6","C","104.2",",C","7","2,C","5","2,C","0","2,C","0",",C","0",",C","0",",C","0",",C","0",",C","29",",C","1",",C","11.0",",C,10,","0",",,C,31,+","0",",,C,31,+","20.4","2,,C,27,","34.0",",C,08,","10.9","C","7.0",",C","87.6",",a,,C","0",",,,C","21.47",",C","26.52",",,,C","16.42",",,,C"
"CA006158738","1983-09","43.8","-79.2333","160.0","TORONTO MALVERN, ON CA","383.5","C","53.9",",C","9",",C","4",",C","1",",C","0",",C","0",",C","0",",C","0",",C","0",",C","15",",C","1",",C","4.5",",C,25,","0",",,C,30,+","0",",,C,30,+","26.4",",,C,16,","34.5",",C,10,","83.6","C","72.7",",C","53.2",",,,C","0",",,,C","17.71",",C","22.65",",,,C","12.77",",,,C"
"CA006158738","1983-10","43.8","-79.2333","160.0","TORONTO MALVERN, ON CA","386.8","C","3.3",",C","13",",C","9",",C","0",",C","0",",C","0",",C","0",",C","3",",C","0",",C","3",",C","0",",C","-3.5",",C,30,","0",",,C,31,+","0",",,C,31,+","20.6",",,C,11,","25.0",",C,03,","346.3","C","262.7",",C","103.2",",,,C","0",",,,C","9.97",",C","13.82",",,,C","6.11",",,,C"
"CA006158738","1983-11","43.8","-79.2333","160.0","TORONTO MALVERN, ON CA","386.8","C","0.0",",C","13",",C","11",",C","1",",C","2",",C","3",",C","0",",C","14",",C","3",",C","0",",C","0",",C","-9.0",",C,13,","30",",,C,12,+","56",",,C,04,","40.8",",,C,15,","17.0",",C,02,","794.0","C","447.7",",C","127.6",",,,C","146",",,,C","3.41",",C","6.43",",,,C","0.38",",,,C"
"CA006158738","1983-12","43.8","-79.2333","160.0","TORONTO MALVERN, ON CA","386.8","C","0.0",",C","13",",C","8",",C","1",",C","17",",C","6",",C","3",",C","30",",C","18",",C","0",",C","0",",C","-22.0",",C,25,","200",",,C,31,+","115",",,C,28,","26.8",",,C,11,","5.0",",C,14,","1528.8","C","734.8",",C","104.7",",,,C","361",",,,C","-5.37",",C","-2.45",",,,C","-8.29",",,,C"
"CA006158738","1984-01","43.8","-79.2333","160.0","TORONTO MALVERN, ON CA","0.0","C","0.0",",C","13",",C","7",",C","0",",C","31",",C","7",",C","7",",C","30",",C","23",",C","0",",C","0",",C","-24.5",",C,15,","270",",,C,31,+","74",",,C,26,","7.4",",,C,26,+","2.5",",C,25,+","2355.6","C","826.8",",C","45.2",",,,C","408",",,,C","-8.34",",C","-4.77",",,,C","-11.90",",,,C"
"CA006158738","1984-02","43.8","-79.2333","160.0","TORONTO MALVERN, ON CA","0.0","C","0.0",",C","12",",C","8",",C","1",",C","18",",C","5",",C","1",",C","22",",C","10",",C","0",",C","0",",C","-19.5",",C,01,","270",",,C,01,","152",",,C,27,","44.4",",,C,13,","13.5",",C,23,","2919.8","C","564.2",",C","95.0",",,,C","420",",,,C","-1.12",",C","2.16",",,,C","-4.40",",,,C"
"CA006158738","1984-03","43.8","-79.2333","160.0","TORONTO MALVERN, ON CA","0.0","C","0.0",",C","9","1,C","7","1,C","0","1,C","24",",C","4","1,C","4",",C","28",",C","15",",C","0",",C","0",",C","-20.0",",C,08,","260",",,C,01,","40","1,,C,21,","15.0","1,,C,21,","10.0",",C,31,","3613.1","C","693.3",",C","43.4","1,,,C","158","1,,,C","-4.03",",C","-0.27",",,,C","-7.79",",,,C"
"CA006158738","1984-04","43.8","-79.2333","160.0","TORONTO MALVERN, ON CA","0.0","C","0.0","2,C","13",",C","6",",C","1",",C","0",",C","0",",C","0","2,C","7","2,C","0",",C","2",",C","0",",C","-2.5","2,C,02,","0",",,C,30,+","6",",,C,06,","29.6",",,C,04,","23.5",",C,30,+","3918.9","C","305.8",",C","86.8",",,,C","6",",,,C","7.46","2,C","11.72",",,,C","3.20","2,,,C"
"CA006158738","1984-05","43.8","-79.2333","160.0","TORONTO MALVERN, ON CA","1.2","C","1.2",",C","16",",C","9",",C","0",",C","0",",C","0",",C","0",",C","0",",C","0",",C","3",",C","0",",C","0.5",",C,03,","0",",,C,31,+","0",",T,C,01,","21.8",",,C,03,","27.0",",C,22,","4152.9","C","234.0",",C","101.6",",,,C","0",",T,,C","10.82",",C","15.34",",,,C","6.31",",,,C"
"CA006158738","1984-06","43.8","-79.2333","160.0","TORONTO MALVERN, ON CA","50.4","C","49.2",",C","11",",C","5",",C","1",",C","0",",C","0",",C","0",",C","0",",C","0",",C","23",",C","0",",C","6.5",",C,01,","0",",,C,30,+","0",",,C,30,+","28.6",",,C,17,","31.0",",C,10,+","4188.3","C","35.4",",C","73.4",",,,C","0",",,,C","18.79",",C","24.20",",,,C","13.38",",,,C"
"CA006158738","1984-07","43.8","-79.2333","160.0","TORONTO MALVERN, ON CA","129.4","C","79.0",",C","9",",C","6",",C","0",",C","0",",C","0",",C","0",",C","0",",C","0",",C","28",",C","1",",C","9.0",",C,08,","0",",,C,31,+","0",",,C,31,+","22.6",",,C,17,","32.5",",C,23,","8.6","C","8.6",",C","65.6",",,,C","0",",,,C","20.60",",C","25.98",",,,C","15.23",",,,C"
"CA006158738","1984-08","43.8","-79.2333","160.0","TORONTO MALVERN, ON CA","242.1","C","112.7",",C","8",",C","6",",C","0",",C","0",",C","0",",C","0",",C","0",",C","0",",C","30",",C","0",",C","8.0",",C,20,","0",",,C,31,+","0",",,C,31,+","24.0",",,C,28,","31.5",",C,15,","13.8","C","5.2",",C","68.6",",,,C","0",",,,C","21.80",",C","26.82",",,,C","16.77",",,,C"
"CA006158738","1984-09","43.8","-79.2333","160.0","TORONTO MALVERN, ON CA","250.9","C","8.8","3,C","10",",C","7",",C","2",",C","0",",C","0",",C","0","2,C","0","2,C","0","3,C","8","3,C","0","3,C","2.5","2,C,28,","0",",,C,30,+","0",",,C,30,+","28.2",",,C,13,","25.0","3,C,20,+","123.3","C","109.5","3,C","100.4",",,,C","0",",,,C","14.56","3,C","18.93","3,,,C","10.20","2,,,C"
"CA006158738","1984-10","43.8","-79.2333","160.0","TORONTO MALVERN, ON CA","250.9","C","0.0",",C","8",",C","4",",C","0",",C","0",",C","0",",C","0",",C","2",",C","0",",C","1",",C","0",",C","-1.0",",C,06,","0",",,C,31,+","0",",,C,31,+","8.2",",,C,17,","22.0",",C,28,","356.9","C","233.6",",C","31.2",",,,C","0",",,,C","10.80",",C","14.81",",,,C","6.79",",,,C"
"CA006158738","1984-11","43.8","-79.2333","160.0","TORONTO MALVERN, ON CA","250.9","C","0.0",",C","9",",C","6",",C","1",",C","","","0",",C","0",",C","17",",C","4",",C","0",",C","0",",C","-8.5",",C,21,+","","","0",",T,C,20,+","32.0",",,C,10,","18.5",",C,01,","814.4","C","457.5",",C","71.2",",,,C","0",",T,,C","3.08",",C","6.67",",,,C","-0.50",",,,C"
"CA006158738","1984-12","43.8","-79.2333","160.0","TORONTO MALVERN, ON CA","250.9","C","0.0",",C","14",",C","9",",C","0",",C","2",",C","5",",C","0",",C","25",",C","6",",C","0",",C","0",",C","-13.5",",C,07,","60",",,C,06,","74",",,C,31,","25.0",",,C,21,","15.0",",C,28,","1380.2","C","565.8",",C","69.6",",,,C","296",",,,C","0.08",",C","3.66",",,,C","-3.50",",,,C"
"CA006158738","1985-01","43.8","-79.2333","160.0","TORONTO MALVERN, ON CA","0.0","C","0.0",",C","11",",C","8",",C","0",",C","31",",C","7",",C","5",",C","31",",C","28",",C","0",",C","0",",C","-21.5",",C,21,","260",",,C,31,","82",",,C,16,","8.2",",,C,16,","2.5",",C,01,","2196.0","C","815.8",",C","45.2",",,,C","384",",,,C","-7.98",",C","-4.58",",,,C","-11.39",",,,C"
"CA006158738","1985-02","43.8","-79.2333","160.0","TORONTO MALVERN, ON CA","0.0","C","0.0",",C","15",",C","7",",C","1",",C","28",",C","4",",C","1",",C","25",",C","16",",C","0",",C","0",",C","-18.0",",C,08,","390",",,C,12,+","92",",,C,05,","37.6",",,C,23,","10.0",",C,24,","2857.6","C","661.6",",C","85.6",",,,C","356",",,,C","-5.29",",C","-2.29",",,,C","-8.30",",,,C"
"CA006158738","1985-03","43.8","-79.2333","160.0","TORONTO MALVERN, ON CA","0.0","C","0.0",",C","10",",C","7",",C","0",",C","9",",C","2",",C","0",",C","26",",C","6",",C","0",",C","0",",C","-13.0",",C,18,+","240",",,C,06,+","162",",,C,04,","24.8",",,C,31,","17.5",",C,27,","3412.9","C","555.3",",C","85.6",",,,C","234",",,,C","0.42",",C","4.85",",,,C","-4.02",",,,C"
"CA006158738","1985-04","43.8","-79.2333","160.0","TORONTO MALVERN, ON CA","2.9","C","2.9",",C","13",",C","5",",C","0",",C","1",",C","1",",C","0",",C","9",",C","1",",C","3",",C","0",",C","-7.0",",C,10,","30",",,C,08,","30",",,C,07,","13.8",",,C,04,","30.0",",C,22,","3750.6","C","337.7",",C","43.8",",,,C","64",",,,C","7.18",",C","12.12",",,,C","2.23",",,,C"
"CA006158738","1985-05","43.8","-79.2333","160.0","TORONTO MALVERN, ON CA","10.9","C","8.0",",C","14",",C","11",",C","0",",C","0",",C","0",",C","0",",C","0",",C","0",",C","12",",C","0",",C","0.5",",C,09,","0",",,C,31,+","0",",,C,31,+","23.6",",,C,26,","28.0",",C,10,","3898.7","C","148.1",",C","103.2",",,,C","0",",,,C","13.81",",C","19.32",",,,C","8.31",",,,C"
"CA006158738","1985-06","43.8","-79.2333","160.0","TORONTO MALVERN, ON CA","18.7","C","7.8",",C","7",",C","5",",C","0",",C","0",",C","0",",C","0",",C","0",",C","0",",C","16",",C","0",",C","6.0",",C,15,+","0",",,C,30,+","0",",,C,30,+","12.6",",,C,22,","28.0",",C,09,","3976.8","C","78.1",",C","42.8",",,,C","0",",,,C","15.99",",C","21.35",",,,C","10.63",",,,C"
"CA006158738","1985-07","43.8","-79.2333","160.0","TORONTO MALVERN, ON CA","87.4","C","68.7",",C","8",",C","3",",C","0",",C","0",",C","0",",C","0",",C","0",",C","0",",C","30",",C","0",",C","10.5",",C,24,","0",",,C,31,+","0",",,C,31,+","17.2",",,C,15,","30.5",",C,25,","4.2","C","4.2",",C","44.6",",,,C","0",",,,C","20.41",",C","25.58",",,,C","15.24",",,,C"
"CA006158738","1985-08","43.8","-79.2333","160.0","TORONTO MALVERN, ON CA","147.2","C","59.8",",C","10","2,C","7","2,C","0","2,C","0","4,C","0",",C","0",",C","0",",C","0",",C","25",",C","0",",C","9.0",",C,31,","0","4,,C,31,+","0",",,C,31,+","25.2","2,,C,18,","31.0",",C,14,+","17.1","C","12.9",",C","102.4",",a,,C","0",",,,C","19.85",",C","24.52",",,,C","15.18",",,,C"
"CA006158738","1985-09","43.8","-79.2333","160.0","TORONTO MALVERN, ON CA","193.7","C","46.5",",C","11",",C","7",",C","0",",C","0",",C","0",",C","0",",C","0",",C","0",",C","14",",C","0",",C","4.0",",C,13,","0",",,C,30,+","0",",,C,30,+","18.4",",,C,05,","30.5",",C,07,","95.1","C","78.0",",C","63.4",",,,C","0",",,,C","17.28",",C","22.05",",,,C","12.52",",,,C"
"CA006158738","1985-10","43.8","-79.2333","160.0","TORONTO MALVERN, ON CA","193.7","C","0.0","1,C","13",",C","8",",C","0",",C","0",",C","0",",C","0",",C","3",",C","0","1,C","0","1,C","0","1,C","-3.5",",C,29,","0",",,C,31,+","0",",,C,31,+","15.0",",,C,12,","20.5","1,C,09,","345.6","C","250.5","1,C","64.4",",,,C","0",",,,C","9.95","1,C","14.18","1,,,C","5.73",",,,C"
"CA006158738","1985-11","43.8","-79.2333","160.0","TORONTO MALVERN, ON CA","193.7","C","0.0",",C","18",",C","13",",C","2",",C","2",",C","1",",C","0",",C","17",",C","2",",C","0",",C","0",",C","-5.0",",C,26,+","40",",,C,23,","52",",,C,22,","54.6",",,C,03,","18.5",",C,19,","807.1","C","461.5",",C","197.2",",,,C","94",",,,C","2.95",",C","5.40",",,,C","0.50",",,,C"
"CA006158738","1985-12","43.8","-79.2333","160.0","TORONTO MALVERN, ON CA","193.7","C","0.0",",C","13",",C","8",",C","0",",C","20",",C","7",",C","0",",C","30",",C","19",",C","0",",C","0",",C","-17.5",",C,25,","210",",,C,29,+","100",",,C,22,","10.6",",,C,01,","10.5",",C,01,","1517.4","C","710.3",",C","63.8",",,,C","494",",,,C","-4.58",",C","-1.69",",,,C","-7.47",",,,C"
"CA006158738","1986-01","43.8","-79.2333","160.0","TORONTO MALVERN, ON CA","0.0","C","0.0",",C","11",",C","4",",C","0",",C","22",",C","2",",C","6",",C","29",",C","19",",C","0",",C","0",",C","-21.5",",C,08,","150",",,C,09,+","56",",,C,27,","13.4",",,C,19,","6.5",",C,18,","2267.5","C","750.1",",C","31.2",",,,C","134",",,,C","-5.86",",C","-2.52",",,,C","-9.21",",,,C"
"CA006158738","1986-02","43.8","-79.2333","160.0","TORONTO MALVERN, ON CA","0.0","C","0.0",",C","9",",C","5",",C","0",",C","27",",C","3",",C","0",",C","27",",C","25",",C","0",",C","0",",C","-16.0",",C,27,+","150",",,C,18,+","142",",,C,01,","14.2",",,C,01,","3.0",",C,19,","2957.6","C","690.1",",C","41.2",",,,C","236",",,,C","-6.31",",C","-3.43",",,,C","-9.20",",,,C"
"CA006158738","1986-03","43.8","-79.2333","160.0","TORONTO MALVERN, ON CA","0.0","C","0.0",",C","14",",C","7",",C","0",",C","12",",C","1",",C","1",",C","23",",C","7",",C","1",",C","0",",C","-19.0",",C,08,","120",",,C,07,","86",",,C,06,","11.8",",,C,18,","23.5",",C,30,","3500.4","C","542.8",",C","66.7",",,,C","120",",,,C","0.82",",C","5.27",",,,C","-3.63",",,,C"
"CA006158738","1986-04","43.8","-79.2333","160.0","TORONTO MALVERN, ON CA","0.0","C","0.0",",C","13",",C","5",",C","0",",C","0",",C","0",",C","0",",C","8",",C","0",",C","3",",C","0",",C","-4.5",",C,22,","10",",,C,11,","12",",,C,10,","16.4",",,C,15,","23.5",",C,01,","3820.1","C","319.7",",C","55.6",",,,C","20",",,,C","7.68",",C","12.30",",,,C","3.05",",,,C"
"CA006158738","1986-05","43.8","-79.2333","160.0","TORONTO MALVERN, ON CA","18.7","C","18.7",",C","9","1,C","5","1,C","1","1,C","","","0",",C","0",",C","3",",C","0",",C","11",",C","0",",C","-2.0",",C,03,","","","0",",,C,31,+","27.2","1,,C,18,","31.0",",C,29,","3948.6","C","128.5",",C","65.8","1,,,C","0",",,,C","14.79",",C","19.92",",,,C","9.66",",,,C"
"CA006158738","1986-06","43.8","-79.2333","160.0","TORONTO MALVERN, ON CA","37.1","C","18.4",",C","13",",C","9",",C","0",",C","","","0",",C","0",",C","0",",C","0",",C","19",",C","0",",C","4.5",",C,03,+","","","0",",,C,30,+","16.0",",,C,22,","28.0",",C,28,+","4008.3","C","59.7",",C","74.0",",,,C","0",",,,C","16.96",",C","22.17",",,,C","11.75",",,,C"
"CA006158738","1986-07","43.8","-79.2333","160.0","TORONTO MALVERN, ON CA","139.0","C","101.9",",C","12",",C","10",",C","0",",C","","","0",",C","0",",C","0",",C","0",",C","28",",C","1",",C","11.5",",C,04,","","","0",",,C,31,+","20.4",",,C,30,","33.0",",C,06,","8.5","C","8.5",",C","100.0",",,,C","0",",,,C","21.35",",C","26.11",",,,C","16.58",",,,C"
"CA006158738","1986-08","43.8","-79.2333","160.0","TORONTO MALVERN, ON CA","185.1","C","46.1",",C","14",",C","9",",C","2",",C","","","0",",C","0",",C","0",",C","0",",C","25",",C","0",",C","5.0",",C,28,","","","0",",,C,31,+","73.0",",,C,26,","29.0",",C,17,","43.4","C","34.9",",C","197.8",",,,C","0",",,,C","18.69",",C","23.79",",,,C","13.60",",,,C"
"CA006158738","1986-09","43.8","-79.2333","160.0","TORONTO MALVERN, ON CA","188.9","C","3.8",",C","13",",C","12",",C","2",",C","","","0",",C","0",",C","0",",C","0",",C","8",",C","0",",C","2.5",",C,17,","","","0",",,C,30,+","70.6",",,C,10,","25.0",",C,02,","154.7","C","111.3",",C","211.2",",,,C","0",",,,C","14.75",",C","18.83",",,,C","10.67",",,,C"
"CA006158738","1986-10","43.8","-79.2333","160.0","TORONTO MALVERN, ON CA","188.9","C","0.0",",C","15",",C","6",",C","0",",C","","","0",",C","0",",C","5",",C","0",",C","0",",C","0",",C","-2.0",",C,31,+","","","0",",,C,31,+","13.8",",,C,13,","20.0",",C,02,","438.5","C","283.8",",C","59.4",",,,C","0",",,,C","9.18",",C","13.26",",,,C","5.10",",,,C"
"CA006158738","1986-11","43.8","-79.2333","160.0","TORONTO MALVERN, ON CA","188.9","C","0.0",",C","8",",C","5",",C","0",",C","2","2,C","1","1,C","0",",C","19",",C","6",",C","0",",C","0",",C","-10.5",",C,19,","140","2,,C,22,","126","1,,C,20,","13.4",",,C,26,","18.0",",C,01,","935.7","C","497.2",",C","44.6",",,,C","126","1,,,C","1.76",",C","5.42",",,,C","-1.90",",,,C"
"CA006158738","1986-12","43.8","-79.2333","160.0","TORONTO MALVERN, ON CA","188.9","C","0.0",",C","10",",C","7",",C","2",",C","10",",C","3",",C","0",",C","25",",C","6",",C","0",",C","0",",C","-16.0",",C,13,","60",",,C,03,","108",",,C,02,","36.4",",,C,24,","4.0",",C,24,+","1544.3","C","608.6",",C","102.0",",,,C","248",",,,C","-1.30",",C","0.98",",,,C","-3.58",",,,C"
"CA006158738","1987-01","43.8","-79.2333","160.0","TORONTO MALVERN, ON CA","0.0","C","0.0",",C","12",",C","8",",C","0",",C","22",",C","7",",C","0",",C","31",",C","20",",C","0",",C","0",",C","-17.5",",C,24,","280",",,C,20,","152",",,C,19,","15.2",",,C,19,","6.5",",C,14,","2251.6","C","707.3",",C","63.2",",,,C","570",",,,C","-4.48",",C","-1.60",",,,C","-7.37",",,,C"
"CA006158738","1987-02","43.8","-79.2333","160.0","TORONTO MALVERN, ON CA","0.0","C","0.0",",C","4",",C","3",",C","0",",C","28",",C","2",",C","5",",C","28",",C","13",",C","0",",C","0",",C","-23.5",",C,15,","230",",,C,03,+","50",",,C,02,","10.2",",,C,28,","4.0",",C,07,","2914.7","C","663.1",",C","22.0",",,,C","86",",,,C","-5.35",",C","-1.11",",,,C","-9.59",",,,C"
"CA006158738","1987-03","43.8","-79.2333","160.0","TORONTO MALVERN, ON CA","0.0","C","0.0",",C","6",",C","5",",C","0",",C","1",",C","2",",C","0",",C","23",",C","6",",C","0",",C","0",",C","-16.0",",C,10,","50",",,C,31,","126",",,C,31,","20.6",",,C,30,","17.5",",C,07,","3428.5","C","513.8",",C","62.6",",,,C","184",",,,C","1.76",",C","6.50",",,,C","-2.98",",,,C"
"CA006158738","1987-04","43.8","-79.2333","160.0","TORONTO MALVERN, ON CA","1.1","C","1.1",",C","11",",C","7",",C","0",",C","4",",C","1",",C","0",",C","4",",C","0",",C","4",",C","0",",C","-6.0",",C,01,","170",",,C,01,","82",",,C,01,","12.8",",,C,12,","27.5",",C,21,","3711.8","C","283.3",",C","56.6",",,,C","82",",,,C","8.93",",C","13.53",",,,C","4.32",",,,C"
"CA006158738","1987-05","43.8","-79.2333","160.0","TORONTO MALVERN, ON CA","34.7","C","33.6",",C","11",",C","4",",C","1",",C","","","0",",C","0",",C","0",",C","0",",C","13",",C","2",",C","1.5",",C,01,","","","0",",,C,31,+","30.2",",,C,27,","32.5",",C,30,+","3850.5","C","138.7",",C","51.8",",,,C","0",",,,C","14.94",",C","20.71",",,,C","9.18",",,,C"
"CA006158738","1987-06","43.8","-79.2333","160.0","TORONTO MALVERN, ON CA","100.5","C","65.8",",C","14",",C","10",",C","0",",C","","","0",",C","0",",C","0",",C","0",",C","25",",C","1",",C","7.0",",C,10,","","","0",",,C,30,+","20.0",",,C,22,","33.0",",C,14,","3877.6","C","27.1",",C","73.0",",,,C","0",",,,C","19.63",",C","25.13",",,,C","14.12",",,,C"
"CA006158738","1987-07","43.8","-79.2333","160.0","TORONTO MALVERN, ON CA","245.6","C","145.1",",C","11",",C","8",",C","0",",C","","","0",",C","0",",C","0",",C","0",",C","28",",C","5",",C","11.0",",C,17,","","","0",",,C,31,+","20.2",",,C,13,","34.0",",C,24,+","4.9","C","4.9",",C","104.4",",,,C","0",",,,C","22.85",",C","27.90",",,,C","17.81",",,,C"
"CA006158738","1987-08","43.8","-79.2333","160.0","TORONTO MALVERN, ON CA","316.6","C","71.0",",C","9",",C","5",",C","0",",C","","","0",",C","0",",C","0",",C","0",",C","26",",C","1",",C","9.5",",C,24,","","","0",",,C,31,+","23.0",",,C,09,","34.0",",C,16,","24.5","C","19.6",",C","54.8",",,,C","0",",,,C","19.99",",C","24.95",",,,C","15.03",",,,C"
"CA006158738","1987-09","43.8","-79.2333","160.0","TORONTO MALVERN, ON CA","325.1","C","8.5",",C","16",",C","11",",C","1",",C","","","0",",C","0",",C","0",",C","0",",C","12",",C","0",",C","4.5",",C,25,","","","0",",,C,30,+","37.8",",,C,22,","26.0",",C,28,","108.5","C","84.0",",C","143.6",",,,C","0",",,,C","15.82",",C","19.92",",,,C","11.72",",,,C"
"CA006158738","1987-10","43.8","-79.2333","160.0","TORONTO MALVERN, ON CA","325.1","C","0.0","1,C","12",",C","5",",C","0",",C","","","0",",C","0",",C","7",",C","0","1,C","0","1,C","0","1,C","-3.0",",C,26,","","","0",",,C,31,+","13.8",",,C,07,","18.5","1,C,05,","428.7","C","320.2","1,C","56.4",",,,C","0",",,,C","7.72","1,C","12.02","1,,,C","3.42",",,,C"
"CA006158738","1987-11","43.8","-79.2333","160.0","TORONTO MALVERN, ON CA","325.1","C","0.0",",C","13",",C","9",",C","1",",C","3",",C","2",",C","0",",C","14",",C","2",",C","0",",C","0",",C","-14.0",",C,21,","60",",,C,26,","54",",,C,25,","28.4",",,C,25,","20.0",",C,03,","879.4","C","450.7",",C","95.0",",,,C","100",",,,C","3.31",",C","6.72",",,,C","-0.10",",,,C"
"CA006158738","1987-12","43.8","-79.2333","160.0","TORONTO MALVERN, ON CA","325.1","C","0.0",",C","11",",C","6",",C","0",",C","5",",C","2",",C","0",",C","24",",C","8",",C","0",",C","0",",C","-17.0",",C,30,","60",",,C,16,","68",",,C,15,","20.8",",,C,15,","11.5",",C,09,","1453.7","C","574.3",",C","64.2",",,,C","150",",,,C","-0.19",",C","2.58",",,,C","-2.97",",,,C"
"CA006158738","1988-01","43.8","-79.2333","160.0","TORONTO MALVERN, ON CA","0.0","C","0.0",",C","16",",C","6",",C","0",",C","6",",C","3",",C","2",",C","28",",C","20",",C","0",",C","0",",C","-24.5",",C,14,","50",",,C,24,+","56",",,C,07,","9.8",",,C,17,","13.0",",C,31,","2172.3","C","718.6",",C","40.6",",,,C","192",",,,C","-4.85",",C","-0.87",",,,C","-8.82",",,,C"
"CA006158738","1988-02","43.8","-79.2333","160.0","TORONTO MALVERN, ON CA","0.0","C","0.0",",C","13",",C","7",",C","0",",C","28",",C","6",",C","1",",C","29",",C","20",",C","0",",C","0",",C","-21.0",",C,21,","360",",,C,13,","170",",,C,11,","17.0",",,C,11,","8.0",",C,22,","2878.0","C","705.7",",C","76.8",",,,C","616",",,,C","-6.00",",C","-1.93",",,,C","-10.07",",,,C"
"CA006158738","1988-03","43.8","-79.2333","160.0","TORONTO MALVERN, ON CA","0.0","C","0.0",",C","12",",C","3",",C","0",",C","8",",C","0",",C","1",",C","25",",C","9",",C","0",",C","0",",C","-18.0",",C,01,","160",",,C,01,","16",",,C,14,","13.4",",,C,25,","19.0",",C,23,","3460.6","C","582.6",",C","33.0",",,,C","34",",,,C","-0.46",",C","3.89",",,,C","-4.81",",,,C"
"CA006158738","1988-04","43.8","-79.2333","160.0","TORONTO MALVERN, ON CA","0.0","C","0.0",",C","13",",C","8",",C","0",",C","","","0",",C","0",",C","9",",C","0",",C","0",",C","0",",C","-4.0",",C,20,","","","0",",T,C,19,+","17.6",",,C,03,","18.0",",C,17,","3826.6","C","366.0",",C","73.8",",,,C","0",",T,,C","6.13",",C","10.23",",,,C","2.03",",,,C"
"CA006158738","1988-05","43.8","-79.2333","160.0","TORONTO MALVERN, ON CA","21.8","C","21.8",",C","10",",C","5",",C","0",",C","","","0",",C","0",",C","0",",C","0",",C","8",",C","0",",C","2.5",",C,14,","","","0",",,C,31,+","19.2",",,C,15,","32.0",",C,30,","3968.2","C","141.6",",C","51.0",",,,C","0",",,,C","14.47",",C","19.92",",,,C","9.02",",,,C"
"CA006158738","1988-06","43.8","-79.2333","160.0","TORONTO MALVERN, ON CA","90.6","C","68.8",",C","8",",C","2",",C","0",",C","","","0",",C","0",",C","0",",C","0",",C","20",",C","5",",C","5.5",",C,09,","","","0",",,C,30,+","22.4",",,C,21,","35.5",",C,20,","4021.2","C","53.0",",C","32.6",",,,C","0",",,,C","18.86",",C","24.92",",,,C","12.80",",,,C"
"CA006158738","1988-07","43.8","-79.2333","160.0","TORONTO MALVERN, ON CA","252.7","C","162.1",",C","13",",C","11",",C","0",",C","","","0",",C","0",",C","0",",C","0",",C","31",",C","7",",C","10.0",",C,03,+","","","0",",,C,31,+","12.6",",,C,26,","37.5",",C,07,","0.9","C","0.9",",C","77.6",",,,C","0",",,,C","23.53",",C","29.58",",,,C","17.48",",,,C"
"CA006158738","1988-08","43.8","-79.2333","160.0","TORONTO MALVERN, ON CA","382.3","C","129.6",",C","10",",C","7",",C","0",",C","","","0",",C","0",",C","0",",C","0",",C","27",",C","6",",C","8.5",",C,22,","","","0",",,C,31,+","7.8",",,C,17,","35.5",",C,13,","13.3","C","12.4",",C","35.6",",,,C","0",",,,C","22.11",",C","27.23",",,,C","17.00",",,,C"
"CA006158738","1988-09","43.8","-79.2333","160.0","TORONTO MALVERN, ON CA","397.2","C","14.9",",C","10",",C","6",",C","1",",C","","","0",",C","0",",C","0",",C","0",",C","12",",C","0",",C","5.5",",C,29,","","","0",",,C,30,+","28.4",",,C,03,","28.0",",C,18,","100.2","C","86.9",",C","86.4",",,,C","0",",,,C","15.93",",C","20.80",",,,C","11.07",",,,C"
"CA006158738","1988-10","43.8","-79.2333","160.0","TORONTO MALVERN, ON CA","399.9","C","2.7",",C","17",",C","9",",C","0",",C","","","0",",C","0",",C","5",",C","0",",C","1",",C","0",",C","-5.5",",C,31,","","","0",",T,C,30,+","18.0",",,C,02,","25.5",",C,01,","438.2","C","338.0",",C","100.4",",,,C","0",",T,,C","7.52",",C","11.39",",,,C","3.65",",,,C"
"CA006158738","1988-11","43.8","-79.2333","160.0","TORONTO MALVERN, ON CA","399.9","C","0.0",",C","14",",C","8",",C","0",",C","","","0",",C","0",",C","10",",C","0",",C","0",",C","0",",C","-3.5",",C,22,","","","0",",T,C,28,+","18.8",",,C,05,","15.5",",C,16,","854.2","C","416.0",",C","76.6",",,,C","0",",T,,C","4.47",",C","7.57",",,,C","1.37",",,,C"
"CA006158738","1988-12","43.8","-79.2333","160.0","TORONTO MALVERN, ON CA","399.9","C","0.0",",C","12",",C","7",",C","0",",C","5",",C","3",",C","1",",C","29",",C","14",",C","0",",C","0",",C","-20.5",",C,12,","90",",,C,19,","62",",,C,16,","13.4",",,C,27,","11.5",",C,20,","1508.8","C","654.6",",C","50.8",",,,C","240",",,,C","-2.78",",C","0.92",",,,C","-6.48",",,,C"
"CA006158738","1989-01","43.8","-79.2333","160.0","TORONTO MALVERN, ON CA","0.0","C","0.0",",C","14",",C","5",",C","0",",C","4",",C","2",",C","2",",C","29",",C","8",",C","0",",C","0",",C","-22.5",",C,04,","70",",,C,06,","62",",,C,05,","12.0",",,C,25,","10.5",",C,31,","2146.4","C","637.6",",C","43.4",",,,C","150",",,,C","-2.23",",C","2.00",",,,C","-6.47",",,,C"
"CA006158738","1989-02","43.8","-79.2333","160.0","TORONTO MALVERN, ON CA","0.0","C","0.0",",C","8",",C","5",",C","0",",C","8",",C","5",",C","2",",C","27",",C","20",",C","0",",C","0",",C","-19.5",",C,24,","80",",,C,27,","52",",,C,20,+","5.2",",,C,20,+","5.5",",C,14,","2829.0","C","682.6",",C","23.4",",,,C","230",",,,C","-6.04",",C","-2.48",",,,C","-9.61",",,,C"
"CA006158738","1989-03","43.8","-79.2333","160.0","TORONTO MALVERN, ON CA","0.0","C","0.0",",C","9",",C","4",",C","0",",C","18",",C","3",",C","1",",C","28",",C","13",",C","0",",C","0",",C","-21.5",",C,07,","110",",,C,21,","70",",,C,17,","8.4",",,C,17,","21.0",",C,28,","3466.1","C","637.1",",C","27.0",",,,C","156",",,,C","-2.22",",C","1.82",",,,C","-6.26",",,,C"
"CA006158738","1989-04","43.8","-79.2333","160.0","TORONTO MALVERN, ON CA","0.0","C","0.0",",C","13",",C","6",",C","0",",C","0",",C","0",",C","0",",C","18",",C","0",",C","0",",C","0",",C","-5.5",",C,10,","0",",T,C,11,+","24",",,C,09,","10.8",",,C,03,","19.0",",C,26,","3873.1","C","407.0",",C","45.2",",,,C","46",",,,C","4.77",",C","9.57",",,,C","-0.03",",,,C"
"CA006158738","1989-05","43.8","-79.2333","160.0","TORONTO MALVERN, ON CA","7.8","C","7.8",",C","15",",C","12",",C","0",",C","","","0",",C","0",",C","0",",C","0",",C","14",",C","0",",C","0.5",",C,04,","","","0",",T,C,07,+","15.0",",,C,11,","27.5",",C,31,","4038.0","C","164.9",",C","94.2",",,,C","0",",T,,C","13.27",",C","18.35",",,,C","8.18",",,,C"
"CA006158738","1989-06","43.8","-79.2333","160.0","TORONTO MALVERN, ON CA","47.1","C","39.3","1,C","12",",C","7",",C","0",",C","","","0",",C","0","1,C","0","1,C","0",",C","21",",C","0",",C","8.5","1,C,06,","","","0",",,C,30,+","21.0",",,C,19,","31.0",",C,24,","4066.9","C","28.9",",C","69.2",",,,C","0",",,,C","18.79","1,C","23.23",",,,C","14.34","1,,,C"
"CA006158738","1989-07","43.8","-79.2333","160.0","TORONTO MALVERN, ON CA","178.9","C","131.8",",C","4",",C","1",",C","0",",C","","","0",",C","0",",C","0",",C","0",",C","30",",C","1",",C","11.0",",C,15,","","","0",",,C,31,+","5.2",",,C,27,","33.5",",C,25,","0.8","C","0.8",",C","9.0",",,,C","0",",,,C","22.56",",C","27.66",",,,C","17.45",",,,C"
"CA006158738","1989-08","43.8","-79.2333","160.0","TORONTO MALVERN, ON CA","261.5","C","82.6",",C","5",",C","4",",C","1",",C","","","0",",C","0",",C","0",",C","0",",C","29",",C","1",",C","9.0",",C,08,","","","0",",,C,31,+","26.4",",,C,04,","33.0",",C,03,","12.2","C","11.4",",C","65.4",",,,C","0",",,,C","20.63",",C","25.15",",,,C","16.11",",,,C"
"CA006158738","1989-09","43.8","-79.2333","160.0","TORONTO MALVERN, ON CA","288.7","C","27.2",",C","8",",C","6",",C","2",",C","","","0",",C","0",",C","1",",C","0",",C","15",",C","0",",C","-1.0",",C,27,","","","0",",,C,30,+","36.8",",,C,22,","29.0",",C,09,+","100.1","C","87.9",",C","95.4",",,,C","0",",,,C","16.31",",C","20.85",",,,C","11.77",",,,C"
"CA006158738","1989-10","43.8","-79.2333","160.0","TORONTO MALVERN, ON CA","288.7","C","0.0",",C","11",",C","9",",C","0",",C","","","0",",C","0",",C","1",",C","0",",C","4",",C","0",",C","-0.5",",C,08,","","","0",",T,C,19,+","24.6",",,C,10,","24.0",",C,16,","348.9","C","248.8",",C","110.0",",,,C","0",",T,,C","10.31",",C","14.94",",,,C","5.68",",,,C"
"CA006158738","1989-11","43.8","-79.2333","160.0","TORONTO MALVERN, ON CA","288.7","C","0.0",",C","16",",C","10",",C","1",",C","0",",C","0",",C","0",",C","17",",C","6",",C","0",",C","0",",C","-13.0",",C,29,","20",",,C,18,","24",",,C,17,","27.6",",,C,14,","16.0",",C,13,","827.1","C","478.2",",C","108.6",",,,C","72",",,,C","2.39",",C","5.97",",,,C","-1.18",",,,C"
"CA006158738","1989-12","43.8","-79.2333","160.0","TORONTO MALVERN, ON CA","288.7","C","0.0",",C","13",",C","6",",C","0",",C","17",",C","5",",C","5",",C","31",",C","26",",C","0",",C","0",",C","-24.0",",C,22,","260",",,C,30,","112",",,C,27,","11.2",",,C,27,","4.5",",C,31,","1693.2","C","866.1",",C","48.0",",,,C","418",",,,C","-9.60",",C","-5.90",",,,C","-13.31",",,,C"
"CA006158738","1990-01","43.8","-79.2333","160.0","TORONTO MALVERN, ON CA","0.0","C","0.0",",C","14",",C","8",",C","0",",C","10",",C","4",",C","0",",C","28",",C","9",",C","0",",C","0",",C","-14.5",",C,13,","180",",,C,01,","118",",,C,29,","11.8",",,C,29,","9.0",",C,27,+","2287.3","C","594.1",",C","58.4",",,,C","292",",,,C","-0.83",",C","2.32",",,,C","-3.98",",,,C"
"CA006158738","1990-02","43.8","-79.2333","160.0","TORONTO MALVERN, ON CA","0.0","C","0.0",",C","12",",C","8",",C","1",",C","22",",C","5",",C","2",",C","27",",C","12",",C","0",",C","0",",C","-20.0",",C,26,","160",",,C,16,","120",",,C,15,","32.2",",,C,22,","11.0",",C,13,","2897.9","C","610.6",",C","86.8",",,,C","402",",,,C","-3.47",",C","0.09",",,,C","-7.04",",,,C"
"CA006158738","1990-03","43.8","-79.2333","160.0","TORONTO MALVERN, ON CA","0.0","C","0.0",",C","10",",C","6",",C","0",",C","11",",C","2",",C","0",",C","19",",C","8",",C","0",",C","0",",C","-15.5",",C,05,","120",",,C,01,","48",",,C,19,","21.2",",,C,11,","21.0",",C,13,","3434.5","C","536.6",",C","43.8",",,,C","98",",,,C","1.02",",C","4.81",",,,C","-2.76",",,,C"
"CA006158738","1990-04","43.8","-79.2333","160.0","TORONTO MALVERN, ON CA","16.1","C","16.1",",C","11",",C","8",",C","0",",C","0",",C","0",",C","0",",C","9",",C","0",",C","5",",C","0",",C","-5.0",",C,07,","10",",,C,12,","16",",,C,10,","15.2",",,C,10,","31.5",",C,26,","3740.6","C","306.1",",C","60.4",",,,C","36",",,,C","8.67",",C","13.13",",,,C","4.20",",,,C"
"CA006158738","1990-05","43.8","-79.2333","160.0","TORONTO MALVERN, ON CA","16.1","C","0.0",",C","12",",C","7",",C","1",",C","","","0",",C","0",",C","0",",C","0",",C","6",",C","0",",C","1.5",",C,03,","","","0",",T,C,10,","25.8",",,C,16,","25.0",",C,27,","3931.9","C","191.3",",C","92.4",",,,C","0",",T,,C","12.16",",C","16.94",",,,C","7.39",",,,C"
"CA006158738","1990-06","43.8","-79.2333","160.0","TORONTO MALVERN, ON CA","66.2","C","50.1",",C","16",",C","11",",C","0",",C","","","0",",C","0",",C","0",",C","0",",C","23",",C","0",",C","7.0",",C,05,","","","0",",,C,30,+","21.4",",,C,29,","30.5",",C,16,","3960.5","C","28.6",",C","95.6",",,,C","0",",,,C","19.05",",C","24.03",",,,C","14.07",",,,C"
"CA006158738","1990-07","43.8","-79.2333","160.0","TORONTO MALVERN, ON CA","166.5","C","100.3",",C","9",",C","9",",C","0",",C","","","0",",C","0",",C","0",",C","0",",C","30",",C","1",",C","13.0",",C,06,","","","0",",,C,31,+","20.8",",,C,22,","35.0",",C,04,","2.3","C","2.3",",C","88.4",",,,C","0",",,,C","21.49",",C","26.08",",,,C","16.90",",,,C"
"CA006158738","1990-08","43.8","-79.2333","160.0","TORONTO MALVERN, ON CA","254.1","C","87.6",",C","10",",C","7",",C","1",",C","","","0",",C","0",",C","0",",C","0",",C","29",",C","0",",C","11.5",",C,08,","","","0",",,C,31,+","25.4",",,C,12,","30.5",",C,25,","6.7","C","4.4",",C","89.4",",,,C","0",",,,C","21.02",",C","25.74",",,,C","16.29",",,,C"
"CA006158738","1990-09","43.8","-79.2333","160.0","TORONTO MALVERN, ON CA","281.6","C","27.5",",C","10",",C","3",",C","0",",C","","","0",",C","0",",C","0",",C","0",",C","12",",C","0",",C","4.0",",C,17,","","","0",",,C,30,+","16.8",",,C,29,+","27.5",",C,02,","97.9","C","91.2",",C","45.4",",,,C","0",",,,C","16.21",",C","20.30",",,,C","12.12",",,,C"
"CA006158738","1990-10","43.8","-79.2333","160.0","TORONTO MALVERN, ON CA","283.8","C","2.2",",C","15",",C","12",",C","0",",C","","","0",",C","0",",C","4",",C","0",",C","4",",C","0",",C","-3.0",",C,27,","","","0",",T,C,28,+","22.6",",,C,12,","25.0",",C,06,","364.4","C","266.5",",C","109.6",",,,C","0",",T,,C","9.81",",C","13.74",",,,C","5.87",",,,C"
"CA006158738","1990-11","43.8","-79.2333","160.0","TORONTO MALVERN, ON CA","283.8","C","0.0",",C","13",",C","6",",C","0",",C","1",",C","1",",C","0",",C","13",",C","0",",C","1",",C","0",",C","-5.5",",C,18,","70",",,C,12,","78",",,C,11,","22.4",",,C,05,","22.0",",C,03,","769.6","C","405.2",",C","58.8",",,,C","82",",,,C","4.83",",C","8.78",",,,C","0.87",",,,C"
"CA006158738","1990-12","43.8","-79.2333","160.0","TORONTO MALVERN, ON CA","283.8","C","0.0",",C","14",",C","12",",C","1",",C","11",",C","4",",C","0",",C","25",",C","9",",C","0",",C","0",",C","-14.0",",C,31,","120",",,C,05,","166",",,C,03,","35.2",",,C,03,","13.0",",C,22,","1351.4","C","581.8",",C","126.6",",,,C","336",",,,C","-0.44",",C","2.97",",,,C","-3.84",",,,C"
"CA006158738","1991-01","43.8","-79.2333","160.0","TORONTO MALVERN, ON CA","0.0","C","0.0",",C","14",",C","5",",C","0",",C","26",",C","3",",C","3",",C","29",",C","22",",C","0",",C","0",",C","-19.5",",C,21,","210",",,C,14,","168",",,C,11,","18.2",",,C,11,","6.0",",C,19,","2088.0","C","736.6",",C","48.0",",,,C","360",",,,C","-5.43",",C","-2.11",",,,C","-8.74",",,,C"
"CA006158738","1991-02","43.8","-79.2333","160.0","TORONTO MALVERN, ON CA","0.0","C","0.0",",C","11",",C","6",",C","0",",C","12",",C","5",",C","1",",C","22",",C","12",",C","0",",C","0",",C","-20.0",",C,16,","100",",,C,01,","60",",,C,14,","6.0",",,C,14,","11.5",",C,04,","2653.3","C","565.3",",C","28.6",",,,C","232",",,,C","-1.86",",C","1.89",",,,C","-5.61",",,,C"
"CA006158738","1991-03","43.8","-79.2333","160.0","TORONTO MALVERN, ON CA","0.0","C","0.0",",C","15",",C","11",",C","1",",C","0",",C","1",",C","0",",C","22",",C","6",",C","0",",C","0",",C","-10.5",",C,11,","20",",,C,29,+","26",",,C,09,","25.4",",,C,27,","16.0",",C,27,","3173.4","C","520.1",",C","128.4",",,,C","66",",,,C","1.56",",C","5.15",",,,C","-2.03",",,,C"
"CA006158738","1991-04","43.8","-79.2333","160.0","TORONTO MALVERN, ON CA","3.1","C","3.1","1,C","16",",C","10",",C","1",",C","","","1",",C","0",",C","6",",C","0","1,C","2","1,C","0","1,C","-5.0",",C,03,","","","28",",,C,01,","30.8",",,C,08,","28.0","1,C,07,","3456.1","C","282.7","1,C","129.0",",,,C","28",",,,C","8.62","1,C","12.91","1,,,C","4.32",",,,C"
"CA006158738","1991-05","43.8","-79.2333","160.0","TORONTO MALVERN, ON CA","53.7","C","50.6","1,C","16",",C","7",",C","0",",C","","","0",",C","0",",C","0",",C","0","1,C","17","1,C","0","1,C","2.0",",C,04,","","","0",",,C,31,+","12.6",",,C,26,","29.0","1,C,30,","3557.2","C","101.1","1,C","63.8",",,,C","0",",,,C","16.65","1,C","21.80","1,,,C","11.50",",,,C"
"CA006158738","1991-06","43.8","-79.2333","160.0","TORONTO MALVERN, ON CA","129.6","C","75.9","1,C","7",",C","5",",C","0",",C","0",",C","0",",C","0","1,C","0","1,C","0",",C","26",",C","2",",C","7.5","1,C,13,","0",",,C,30,+","0",",,C,30,+","16.2",",,C,10,","34.0",",C,28,","3569.8","C","12.6",",C","39.6",",,,C","0",",,,C","20.50","1,C","25.83",",,,C","15.17","1,,,C"
"CA006158738","1991-07","43.8","-79.2333","160.0","TORONTO MALVERN, ON CA","251.4","C","121.8",",C","12",",C","6",",C","1",",C","","","0",",C","0",",C","0",",C","0",",C","31",",C","2",",C","12.0",",C,27,","","","0",",,C,31,+","26.0",",,C,06,","34.5",",C,20,","0.3","C","0.3",",C","69.0",",,,C","0",",,,C","22.25",",C","27.05",",,,C","17.45",",,,C"
"CA006158738","1991-08","43.8","-79.2333","160.0","TORONTO MALVERN, ON CA","377.0","C","125.6",",C","8",",C","5",",C","0",",C","0",",C","0",",C","0",",C","0",",C","0",",C","30",",C","3",",C","13.0",",C,25,+","0",",,C,31,+","0",",,C,31,+","16.2",",,C,10,","34.0",",C,30,","1.0","C","0.7",",C","45.2",",,,C","0",",,,C","22.36",",C","26.87",",,,C","17.85",",,,C"
"CA006158738","1991-09","43.8","-79.2333","160.0","TORONTO MALVERN, ON CA","417.6","C","40.6",",C","8",",C","3",",C","0",",C","","","0",",C","0",",C","0",",C","0",",C","16",",C","0",",C","1.0",",C,30,","","","0",",,C,30,+","20.4",",,C,15,","32.0",",C,15,","109.3","C","108.3",",C","48.0",",,,C","0",",,,C","16.08",",C","20.83",",,,C","11.32",",,,C"
"CA006158738","1991-10","43.8","-79.2333","160.0","TORONTO MALVERN, ON CA","417.6","C","0.0",",C","16",",C","9",",C","0",",C","","","0",",C","0",",C","2",",C","0",",C","6",",C","0",",C","-2.0",",C,20,","","","0",",,C,31,+","9.2",",,C,04,","24.5",",C,02,","338.4","C","229.1",",C","51.6",",,,C","0",",,,C","10.94",",C","15.16",",,,C","6.73",",,,C"
"CA006158738","1991-11","43.8","-79.2333","160.0","TORONTO MALVERN, ON CA","417.6","C","0.0",",C","13",",C","7",",C","0",",C","1",",C","1",",C","0",",C","16",",C","1",",C","0",",C","0",",C","-7.0",",C,09,+","150",",,C,29,","152",",,C,28,","15.2",",,C,28,","17.0",",C,30,+","799.1","C","460.7",",C","69.0",",,,C","162",",,,C","2.98",",C","6.17",",,,C","-0.22",",,,C"
"CA006158738","1991-12","43.8","-79.2333","160.0","TORONTO MALVERN, ON CA","417.6","C","0.0","1,C","12",",C","6",",C","0",",C","16","1,C","3",",C","0",",C","23",",C","12","1,C","0","1,C","0","1,C","-16.5",",C,19,","160","1,,C,07,","142",",,C,05,","17.0",",,C,29,","12.5","1,C,08,","1405.6","C","606.5","1,C","58.4",",,,C","332",",,,C","-1.83","1,C","1.53","1,,,C","-5.19",",,,C"
"CA006158738","1992-01","43.8","-79.2333","160.0","TORONTO MALVERN, ON CA","0.0","C","0.0",",C","13",",C","4",",C","0",",C","15",",C","2",",C","3",",C","28",",C","16",",C","0",",C","0",",C","-22.5",",C,16,","80",",,C,22,+","38",",,C,14,","13.4",",,C,13,","6.0",",C,12,","2109.2","C","703.6",",C","49.4",",,,C","172",",,,C","-4.36",",C","-1.11",",,,C","-7.61",",,,C"
"CA006158738","1992-02","43.8","-79.2333","160.0","TORONTO MALVERN, ON CA","0.0","C","0.0",",C","10",",C","4",",C","1",",C","3",",C","2",",C","2",",C","28",",C","13",",C","0",",C","0",",C","-19.5",",C,12,+","50",",,C,17,+","58",",,C,15,","26.0",",,C,15,","5.0",",C,19,","2750.9","C","641.7",",C","52.4",",,,C","140",",,,C","-3.79",",C","-0.34",",,,C","-7.24",",,,C"
"CA006158738","1992-03","43.8","-79.2333","160.0","TORONTO MALVERN, ON CA","0.0","C","0.0",",C","12",",C","6",",C","0",",C","1",",C","2",",C","0",",C","24",",C","9",",C","0",",C","0",",C","-15.0",",C,13,","30",",,C,23,","28",",,C,31,+","13.0",",,C,10,","11.5",",C,25,","3355.7","C","604.8",",C","37.4",",,,C","78",",,,C","-1.18",",C","2.76",",,,C","-5.11",",,,C"
"CA006158738","1992-04","43.8","-79.2333","160.0","TORONTO MALVERN, ON CA","0.0","C","0.0",",C","15",",C","7",",C","1",",C","0",",C","0",",C","0",",C","11",",C","0",",C","0",",C","0",",C","-5.5",",C,13,","10",",,C,01,","8",",,C,01,","34.4",",,C,16,","18.0",",C,22,","3729.7","C","374.0",",C","108.2",",,,C","20",",,,C","5.87",",C","9.68",",,,C","2.05",",,,C"
"CA006158738","1992-05","43.8","-79.2333","160.0","TORONTO MALVERN, ON CA","4.9","C","4.9",",C","9",",C","6",",C","0",",C","0",",C","0",",C","0",",C","0",",C","0",",C","8",",C","0",",C","1.5",",C,07,","0",",,C,31,+","0",",,C,31,+","24.0",",,C,02,","29.0",",C,23,","3900.9","C","171.2",",C","65.2",",,,C","0",",,,C","12.97",",C","18.08",",,,C","7.85",",,,C"
"CA006158738","1992-06","43.8","-79.2333","160.0","TORONTO MALVERN, ON CA","27.7","C","22.8",",C","9",",C","4",",C","0",",C","0",",C","0",",C","0",",C","0",",C","0",",C","19",",C","0",",C","5.5",",C,22,","0",",,C,30,+","0",",,C,30,+","7.2",",,C,05,","30.5",",C,13,","3960.6","C","59.7",",C","23.6",",,,C","0",",,,C","17.10",",C","22.07",",,,C","12.13",",,,C"
"CA006158738","1992-07","43.8","-79.2333","160.0","TORONTO MALVERN, ON CA","49.4","C","21.7",",C","18",",C","12",",C","1",",C","0",",C","0",",C","0",",C","0",",C","0",",C","20",",C","0",",C","9.5",",C,22,","0",",,C,31,+","0",",,C,31,+","29.6",",,C,17,","26.5",",C,19,+","27.0","C","27.0",",C","131.8",",,,C","0",",,,C","18.16",",C","22.00",",,,C","14.32",",,,C"
"CA006158738","1992-08","43.8","-79.2333","160.0","TORONTO MALVERN, ON CA","81.6","C","32.2","1,C","12","1,C","8","1,C","2","1,C","0",",C","0",",C","0","1,C","0","1,C","0",",C","18",",C","0",",C","9.5","1,C,20,","0",",,C,31,+","0",",,C,31,+","39.2","1,,C,27,","30.0",",C,26,","50.9","C","23.9",",C","145.4","1,,,C","0",",,,C","18.68","1,C","22.79",",,,C","14.57","1,,,C"
"CA006158738","1992-09","43.8","-79.2333","160.0","TORONTO MALVERN, ON CA","103.7","C","22.1",",C","14",",C","7",",C","0",",C","0",",C","0",",C","0",",C","0",",C","0",",C","12",",C","0",",C","3.0",",C,24,","0",",,C,30,+","0",",,C,30,+","24.4",",,C,18,","27.0",",C,16,","163.7","C","112.8",",C","95.8",",,,C","0",",,,C","15.31",",C","19.55",",,,C","11.07",",,,C"
"CA006158738","1992-10","43.8","-79.2333","160.0","TORONTO MALVERN, ON CA","103.7","C","0.0",",C","12",",C","9",",C","0",",C","0",",C","1",",C","0",",C","5",",C","0",",C","1",",C","0",",C","-4.0",",C,20,","0",",T,C,19,","28",",,C,18,","14.6",",,C,20,","24.5",",C,02,","484.0","C","320.3",",C","79.0",",,,C","34",",,,C","8.00",",C","12.02",",,,C","3.98",",,,C"
"CA006158738","1992-11","43.8","-79.2333","160.0","TORONTO MALVERN, ON CA","103.7","C","0.0",",C","17",",C","9",",C","2",",C","3",",C","1",",C","0",",C","13",",C","1",",C","0",",C","0",",C","-7.0",",C,07,","70",",,C,17,","74",",,C,16,","29.8",",,C,02,","14.0",",C,12,","934.2","C","450.2",",C","110.1",",,,C","106",",,,C","3.33",",C","5.95",",,,C","0.70",",,,C"
"CA006158738","1992-12","43.8","-79.2333","160.0","TORONTO MALVERN, ON CA","103.7","C","0.0",",C","12",",C","6",",C","1",",C","26",",C","3",",C","0",",C","24",",C","10",",C","0",",C","0",",C","-15.0",",C,24,","520",",,C,12,","418",",,C,10,","41.8",",,C,10,","8.0",",C,16,","1536.0","C","601.8",",C","90.0",",,,C","624",",,,C","-1.08",",C","1.50",",,,C","-3.66",",,,C"
"CA006158738","1993-01","43.8","-79.2333","160.0","TORONTO MALVERN, ON CA","0.0","","0.0",",C","15",",C","11",",C","1",",C","15",",C","6",",C","0",",C","27",",C","19",",C","0",",C","0",",C","-13.5",",C,28,","140",",,C,31,","142",",,C,30,","32.4",",,C,04,","11.5",",C,04,","2212.8","","676.8",",C","101.6",",,,C","376",",,,C","-3.50",",C","-0.60",",,,C","-6.40",",,,C"
"CA006158738","1993-02","43.8","-79.2333","160.0","TORONTO MALVERN, ON CA","0.0","","0.0",",C","9",",C","5",",C","0",",C","22",",C","5",",C","5",",C","28",",C","23",",C","0",",C","0",",C","-21.5",",C,06,","320",",,C,24,+","180",",,C,21,","18.0",",,C,21,","5.0",",C,05,","2942.4","","729.6",",C","41.2",",,,C","412",",,,C","-7.72",",C","-3.68",",,,C","-11.77",",,,C"
"CA006158738","1993-03","43.8","-79.2333","160.0","TORONTO MALVERN, ON CA","0.0","","0.0",",C","11",",C","6",",C","0",",C","28",",C","3",",C","0",",C","24",",C","10",",C","0",",C","0",",C","-17.0",",C,12,","300",",,C,06,","72",",,C,04,","7.2",",,C,04,","16.0",",C,30,","3548.7","","606.3",",C","37.6",",,,C","210",",,,C","-1.23",",C","2.50",",,,C","-4.95",",,,C"
"CA006158738","1993-04","43.8","-79.2333","160.0","TORONTO MALVERN, ON CA","0.0","","0.0",",C","14",",C","7",",C","0",",C","0",",C","0",",C","0",",C","9",",C","0",",C","0",",C","0",",C","-2.0",",C,27,+","0",",T,C,04,+","10",",,C,02,","14.8",",,C,25,","20.0",",C,30,","3895.7","","347.0",",C","79.4",",,,C","16",",,,C","6.77",",C","10.87",",,,C","2.67",",,,C"
"CA006158738","1993-05","43.8","-79.2333","160.0","TORONTO MALVERN, ON CA","6.3","","6.3",",C","14",",C","9",",C","0",",C","0",",C","0",",C","0",",C","0",",C","0",",C","6",",C","0",",C","2.0",",C,18,","0",",,C,31,+","0",",,C,31,+","14.2",",,C,05,","29.0",",C,10,","4069.1","","173.4",",C","62.4",",,,C","0",",,,C","12.94",",C","18.08",",,,C","7.81",",,,C"
"CA006158738","1993-06","43.8","-79.2333","160.0","TORONTO MALVERN, ON CA","27.3","","21.0",",C","12",",C","8",",C","1",",C","0",",C","0",",C","0",",C","0",",C","0",",C","20",",C","0",",C","6.5",",C,01,","0",",,C,30,+","0",",,C,30,+","35.0",",,C,20,","27.5",",C,18,","4116.6","","47.5",",C","118.6",",,,C","0",",,,C","17.45",",C","22.12",",,,C","12.78",",,,C"
