"STATION","DATE","LATITUDE","LONGITUDE","ELEVATION","NAME","CDSD","CDSD_ATTRIBUTES","CLDD","CLDD_ATTRIBUTES","DP01","DP01_ATTRIBUTES","DP10","DP10_ATTRIBUTES","DP1X","DP1X_ATTRIBUTES","DSND","DSND_ATTRIBUTES","DSNW","DSNW_ATTRIBUTES","DT00","DT00_ATTRIBUTES","DT32","DT32_ATTRIBUTES","DX32","DX32_ATTRIBUTES","DX70","DX70_ATTRIBUTES","DX90","DX90_ATTRIBUTES","EMNT","EMNT_ATTRIBUTES","EMSD","EMSD_ATTRIBUTES","EMSN","EMSN_ATTRIBUTES","EMXP","EMXP_ATTRIBUTES","EMXT","EMXT_ATTRIBUTES","HDSD","HDSD_ATTRIBUTES","HTDD","HTDD_ATTRIBUTES","PRCP","PRCP_ATTRIBUTES","SNOW","SNOW_ATTRIBUTES","TAVG","TAVG_ATTRIBUTES","TMAX","TMAX_ATTRIBUTES","TMIN","TMIN_ATTRIBUTES","WDFG","WDFG_ATTRIBUTES","WSFG","WSFG_ATTRIBUTES"
"CA006153193","2012-01","43.1667","-79.9333","238.0","HAMILTON A, ON CA","0.0","C","0.0","2,C","18","2,C","11","2,C","0","2,C","","","5","2,C","0","2,C","27","2,C","11","2,C","0","2,C","0","2,C","-17.4","2,C,15,","","","94","2,,C,29,","11.8","2,,C,17,","10.8","2,C,31,","","","607.6","2,C","82.2","2,,,C","342","2,,,C","-2.62","2,C","1.52","2,,,C","-6.76","2,,,C","","","",""
"CA006153193","2012-02","43.1667","-79.9333","238.0","HAMILTON A, ON CA","0.0","C","0.0",",C","13",",C","8",",C","0",",C","","","5",",C","0",",C","28",",C","6",",C","0",",C","0",",C","-15.5",",C,11,","","","44",",,C,11,","8.4",",,C,24,","10.0",",C,01,","","","560.4",",C","36.4",",,,C","234",",,,C","-0.99",",C","2.71",",,,C","-4.69",",,,C","","","",""
"CA006153193","2012-03","43.1667","-79.9333","238.0","HAMILTON A, ON CA","0.0","C","0.0","1,C","9",",C","6",",C","0",",C","","","0",",C","0","1,C","15","1,C","2","1,C","5","1,C","0","1,C","-12.9","1,C,05,","","","20",",,C,09,","9.6",",,C,08,","26.8","1,C,22,","","","361.8","1,C","37.2",",,,C","30",",,,C","6.27","1,C","12.41","1,,,C","0.14","1,,,C","","","",""
"CA006153193","2012-04","43.1667","-79.9333","238.0","HAMILTON A, ON CA","0.0","C","0.0",",C","8",",C","5",",C","0",",C","","","0",",C","0",",C","14",",C","0",",C","3",",C","0",",C","-3.4",",C,28,","","","10",",,C,23,","13.0",",,C,23,","24.8",",C,16,","","","346.6",",C","39.2",",,,C","10",",,,C","6.78",",C","12.77",",,,C","0.79",",,,C","","","",""
"CA006153193","2012-05","43.1667","-79.9333","238.0","HAMILTON A, ON CA","22.7","C","22.7",",C","7",",C","4",",C","0",",C","","","0",",C","0",",C","0",",C","0",",C","19",",C","0",",C","1.4",",C,17,","","","0",",,C,31,+","8.6",",,C,08,","31.9",",C,28,","","","96.8",",C","24.0",",,,C","0",",,,C","15.94",",C","22.28",",,,C","9.60",",,,C","","","",""
"CA006153193","2012-06","43.1667","-79.9333","238.0","HAMILTON A, ON CA","90.4","C","67.7","1,C","13","1,C","5","1,C","1","1,C","","","0","1,C","0","1,C","0","1,C","0",",C","23",",C","4",",C","7.3","1,C,13,","","","0","1,,C,30,+","30.0","1,,C,01,","32.8",",C,20,","","","36.2",",C","62.6","1,,,C","0","1,,,C","19.44","1,C","25.50",",,,C","13.39","1,,,C","","","",""
"CA006153193","2012-07","43.1667","-79.9333","238.0","HAMILTON A, ON CA","239.3","C","148.9",",C","7",",C","3",",C","1",",C","","","0",",C","0",",C","0",",C","0",",C","31",",C","5",",C","12.4",",C,09,","","","0",",,C,31,+","66.2",",,C,22,","35.8",",C,17,","0.0","C","0.0",",C","94.8",",,,C","0",",,,C","23.14",",C","29.64",",,,C","16.64",",,,C","","","",""
"CA006153193","2012-08","43.1667","-79.9333","238.0","HAMILTON A, ON CA","302.8","C","63.5",",C","8",",C","8",",C","0",",C","","","0",",C","0",",C","0",",C","0",",C","29",",C","2",",C","7.9",",C,21,","","","0",",,C,31,+","13.6",",,C,27,","32.8",",C,04,","10.9","C","10.9",",C","59.2",",,,C","0",",,,C","20.03",",C","26.25",",,,C","13.81",",,,C","","","",""
"CA006153193","2012-09","43.1667","-79.9333","238.0","HAMILTON A, ON CA","326.1","C","23.3",",C","9","1,C","7","1,C","1","1,C","","","0",",C","0",",C","0",",C","0",",C","13",",C","0",",C","2.7",",C,24,","","","0",",,C,30,+","28.2","1,,C,08,","28.4",",C,13,+","120.1","C","109.2",",C","92.4","1,,,C","0",",,,C","15.47",",C","21.34",",,,C","9.59",",,,C","","","",""
"CA006153193","2012-10","43.1667","-79.9333","238.0","HAMILTON A, ON CA","326.3","C","0.2","3,C","20","3,C","12","3,C","1","3,C","","","0","3,C","0","3,C","2","3,C","0","3,C","3","3,C","0","3,C","-1.8","3,C,13,","","","0","3,,C,31,+","34.6","3,,C,30,","24.2","3,C,25,","372.7","C","252.6","3,C","160.6","3,,,C","0","3,,,C","9.32","3,C","13.74","3,,,C","4.90","3,,,C","","","",""
"CA006153193","2012-11","43.1667","-79.9333","238.0","HAMILTON A, ON CA","326.3","C","0.0","1,C","4","1,C","3","1,C","0","1,C","","","1","1,C","0","1,C","20","1,C","0","1,C","0","1,C","0","1,C","-4.1","1,C,27,","","","44","1,,C,30,","8.6","1,,C,12,","19.1","1,C,12,","816.7","C","444.0","1,C","16.6","1,,,C","48","1,,,C","3.02","1,C","7.12","1,,,C","-1.08","1,,,C","","","",""
"CA006153193","2013-02","43.1667","-79.9333","238.0","HAMILTON A, ON CA","","","0.0",",C","12","1,C","5","1,C","0","1,C","28",",C","4",",C","2",",C","27",",C","16",",C","0",",C","0",",C","-18.5",",C,09,","280",",,C,10,+","248",",,C,08,","24.8","1,,C,08,","5.9",",C,11,","","","663.4",",C","67.0","1,,,C","574",",,,C","-5.36",",C","-1.56",",,,C","-9.16",",,,C","","","",""
"CA006153193","2013-04","43.1667","-79.9333","238.0","HAMILTON A, ON CA","","","0.0","4,C","12","4,C","9","4,C","0","4,C","","","0","4,C","0","4,C","11","4,C","0","3,C","1","3,C","0","3,C","-6.4","4,C,06,","","","4","4,,C,20,","21.4","4,,C,10,","25.5","3,C,18,","","","319.1","3,C","84.6","4,,,C","4","4,,,C","5.94","4,C","11.35","3,,,C","0.53","4,,,C","","","",""
"CA006153193","2013-05","43.1667","-79.9333","238.0","HAMILTON A, ON CA","","","20.0",",C","13",",C","6",",C","1",",C","","","0",",C","0",",C","0",",C","0",",C","19",",C","0",",C","0.1",",C,13,","","","0",",T,C,12,","29.4",",,C,28,","29.4",",C,30,","","","140.9",",C","86.0",",,,C","0",",T,,C","14.43",",C","20.91",",,,C","7.96",",,,C","","","",""
"CA006153193","2013-06","43.1667","-79.9333","238.0","HAMILTON A, ON CA","","","42.6","1,C","12","2,C","6","2,C","1","2,C","","","0","1,C","0","1,C","0","1,C","0","1,C","20","1,C","0","1,C","6.8","1,C,04,","","","0","1,,C,30,+","35.2","2,,C,28,","30.6","1,C,24,+","","","47.9","1,C","69.0","2,,,C","0","1,,,C","18.15","1,C","23.18","1,,,C","13.12","1,,,C","","","",""
"CA006153193","2013-07","43.1667","-79.9333","238.0","HAMILTON A, ON CA","","","87.3","2,C","11","2,C","2","2,C","0","2,C","","","0","2,C","0","2,C","0","2,C","0","2,C","28","2,C","3","2,C","10.5","2,C,25,","","","0","2,,C,31,+","6.6","2,,C,06,","33.4","2,C,18,","8.3","C","8.3","2,C","22.2","2,,,C","0","2,,,C","21.06","2,C","26.00","2,,,C","16.12","2,,,C","","","",""
"CA006153193","2013-08","43.1667","-79.9333","238.0","HAMILTON A, ON CA","","","49.9","2,C","9","2,C","6","2,C","0","2,C","","","0","2,C","0","2,C","0","2,C","0","1,C","30","1,C","0","1,C","7.8","2,C,11,","","","0","2,,C,31,+","16.6","2,,C,01,","29.8","1,C,21,","25.2","C","16.9","1,C","69.0","2,,,C","0","2,,,C","19.53","2,C","25.60","1,,,C","13.46","2,,,C","","","",""
"CA006153193","2013-09","43.1667","-79.9333","238.0","HAMILTON A, ON CA","","","18.0","1,C","9","1,C","4","1,C","1","1,C","","","0","1,C","0","1,C","0","1,C","0","1,C","11","1,C","0","1,C","2.4","1,C,17,","","","0","1,,C,30,+","26.9","1,,C,21,","31.7","1,C,10,","140.9","C","115.7","1,C","71.1","1,,,C","0","1,,,C","14.96","1,C","20.62","1,,,C","9.30","1,,,C","","","",""
"CA006153193","2013-10","43.1667","-79.9333","238.0","HAMILTON A, ON CA","","","1.6","2,C","14","2,C","10","2,C","0","2,C","","","0","2,C","0","2,C","4","2,C","0","1,C","3","1,C","0","1,C","-1.9","2,C,29,","","","0","2,,C,31,+","22.8","2,,C,31,","25.5","1,C,06,","376.0","C","235.1","1,C","114.2","2,,,C","0","2,,,C","10.31","2,C","15.22","1,,,C","5.41","2,,,C","","","",""
"CA006153193","2013-11","43.1667","-79.9333","238.0","HAMILTON A, ON CA","","","0.0","1,C","14",",C","6",",C","0",",C","","","1","1,C","0","1,C","20","1,C","5","1,C","0","1,C","0","1,C","-12.4","1,C,28,","","","46","1,,C,27,","11.2",",,C,17,","16.3","1,C,17,","859.3","C","483.3","1,C","48.8",",,,C","76","1,,,C","1.67","1,C","5.90","1,,,C","-2.56","1,,,C","","","",""
"CA006153193","2013-12","43.1667","-79.9333","238.0","HAMILTON A, ON CA","","","0.0","3,C","15","2,C","6","2,C","0","2,C","","","3","3,C","2","3,C","24","3,C","16","2,C","0","2,C","0","2,C","-20.0","3,C,25,","","","180","3,,C,14,","16.2","2,,C,21,","14.3","2,C,05,","1494.7","C","635.4","2,C","68.8","2,,,C","360","3,,,C","-4.44","3,C","-1.02","2,,,C","-7.85","3,,,C","","","",""
"CA006153193","2014-01","43.1667","-79.9333","238.0","HAMILTON A, ON CA","0.0","C","0.0","1,C","19","1,C","7","1,C","0","1,C","28",",C","5","1,C","12","1,C","28","1,C","20","1,C","0","1,C","0","1,C","-24.0","1,C,07,","160",",,C,31,+","64","1,,C,02,","10.0","1,,C,05,","6.7","1,C,11,","2309.1","C","814.4","1,C","50.6","1,,,C","338","1,,,C","-8.82","1,C","-4.66","1,,,C","-12.97","1,,,C","","","",""
"CA006153193","2014-02","43.1667","-79.9333","238.0","HAMILTON A, ON CA","0.0","C","0.0","2,C","14","1,C","4","1,C","0","1,C","28",",C","5","1,C","9","2,C","26","2,C","22","2,C","0","2,C","0","2,C","-23.5","2,C,17,","360",",,C,19,+","174","1,,C,05,","17.0","1,,C,05,","4.2","2,C,19,","3046.1","C","737.0","2,C","62.0","1,,,C","514","1,,,C","-10.01","2,C","-5.60","2,,,C","-14.42","2,,,C","","","",""
"CA006153193","2014-03","43.1667","-79.9333","238.0","HAMILTON A, ON CA","0.0","C","0.0",",C","10",",C","5",",C","0",",C","27",",C","3",",C","4",",C","29",",C","13",",C","0",",C","0",",C","-23.5",",C,03,","230",",,C,07,+","164",",,C,12,","16.6",",,C,12,","10.9",",C,31,","3770.1","C","724.0",",C","41.2",",,,C","322",",,,C","-5.02",",C","-0.11",",,,C","-9.93",",,,C","","","",""
"CA006153193","2014-04","43.1667","-79.9333","238.0","HAMILTON A, ON CA","0.0","C","0.0",",C","14",",C","11",",C","1",",C","","","1",",C","0",",C","13",",C","0",",C","2",",C","0",",C","-8.2",",C,16,","","","34",",,C,15,","27.4",",,C,29,","23.0",",C,21,","4158.4","C","388.3",",C","115.0",",,,C","34",",,,C","5.39",",C","11.08",",,,C","-0.31",",,,C","","","",""
"CA006153193","2014-05","43.1667","-79.9333","238.0","HAMILTON A, ON CA","8.5","C","8.5",",C","15",",C","7",",C","0",",C","","","0",",C","0",",C","0",",C","0",",C","12",",C","0",",C","1.6",",C,17,","","","0",",,C,31,+","20.4",",,C,13,","28.5",",C,27,+","4324.2","C","165.8",",C","87.4",",,,C","0",",,,C","13.26",",C","19.16",",,,C","7.35",",,,C","","","",""
"CA006153193","2014-06","43.1667","-79.9333","238.0","HAMILTON A, ON CA","56.0","C","47.5",",C","10",",C","8",",C","0",",C","","","0",",C","0",",C","0",",C","0",",C","25",",C","0",",C","7.5",",C,01,","","","0",",,C,30,+","21.6",",,C,03,","30.3",",C,17,","4350.3","C","26.1",",C","73.2",",,,C","0",",,,C","19.05",",C","24.98",",,,C","13.11",",,,C","","","",""
"CA006153193","2014-07","43.1667","-79.9333","238.0","HAMILTON A, ON CA","92.2","C","36.2",",C","13",",C","8",",C","1",",C","","","0",",C","0",",C","0",",C","0",",C","27",",C","0",",C","8.5",",C,17,+","","","0",",,C,31,+","49.4",",,C,28,","29.0",",C,22,","22.8","C","22.8",",C","133.2",",,,C","0",",,,C","18.76",",C","24.42",",,,C","13.11",",,,C","","","",""
"CA006153193","2014-08","43.1667","-79.9333","238.0","HAMILTON A, ON CA","134.0","C","41.8",",C","8",",C","5",",C","0",",C","","","0",",C","0",",C","0",",C","0",",C","27",",C","0",",C","7.9",",C,28,","","","0",",,C,31,+","9.4",",,C,05,","29.4",",C,30,","47.5","C","24.7",",C","29.0",",,,C","0",",,,C","18.89",",C","24.16",",,,C","13.61",",,,C","","","",""
"CA006153193","2014-09","43.1667","-79.9333","238.0","HAMILTON A, ON CA","152.6","C","18.6","1,C","9",",C","6",",C","1",",C","","","0","1,C","0","1,C","0","1,C","0","1,C","18","1,C","0","1,C","2.7","1,C,19,","","","0","1,,C,30,+","41.4",",,C,05,","29.6","1,C,05,","147.8","C","100.3","1,C","87.6",",,,C","0","1,,,C","15.52","1,C","21.35","1,,,C","9.68","1,,,C","","","",""
"CA006153193","2014-10","43.1667","-79.9333","238.0","HAMILTON A, ON CA","153.5","C","0.9",",C","13","1,C","9","1,C","0","1,C","","","0",",C","0",",C","4",",C","0",",C","3",",C","0",",C","-1.1",",C,27,+","","","2",",,C,31,","11.6","1,,C,03,","23.6",",C,03,","400.9","C","253.1",",C","52.4","1,,,C","2",",,,C","10.20",",C","15.00",",,,C","5.40",",,,C","","","",""
"CA006153193","2014-11","43.1667","-79.9333","238.0","HAMILTON A, ON CA","153.5","C","0.0",",C","16",",C","8",",C","0",",C","","","4",",C","0",",C","22",",C","7",",C","0",",C","0",",C","-13.2",",C,19,","","","76",",,C,17,","18.6",",,C,24,","17.0",",C,24,","917.1","C","516.2",",C","60.6",",,,C","248",",,,C","1.13",",C","5.13",",,,C","-2.88",",,,C","","","",""
"CA006153193","2014-12","43.1667","-79.9333","238.0","HAMILTON A, ON CA","153.5","C","0.0",",C","13",",C","6",",C","0",",C","","","1",",C","0",",C","24",",C","8",",C","0",",C","0",",C","-10.9",",C,31,","","","52",",,C,11,","12.4",",,C,24,","11.1",",C,24,","1503.8","C","586.7",",C","36.6",",,,C","80",",,,C","-0.59",",C","2.40",",,,C","-3.58",",,,C","","","",""
"CA006153193","2015-01","43.1667","-79.9333","238.0","HAMILTON A, ON CA","0.0","C","0.0","1,C","14","1,C","7","1,C","0","1,C","16","2,C","6","1,C","8","1,C","30","1,C","26","1,C","0","1,C","0","1,C","-21.1","1,C,14,","130","2,,C,14,","100","1,,C,26,","19.8","1,,C,03,","4.5","1,C,17,","2307.5","C","803.7","1,C","68.0","1,,,C","372","1,,,C","-8.46","1,C","-3.57","1,,,C","-13.35","1,,,C","","","",""
"CA006153193","2015-02","43.1667","-79.9333","238.0","HAMILTON A, ON CA","0.0","C","0.0",",C","13",",C","7",",C","0",",C","28",",C","7",",C","18",",C","28",",C","28",",C","0",",C","0",",C","-29.1",",C,16,","500",",,C,28,+","124",",,C,02,","12.4",",,C,02,","-0.7",",C,04,","3201.4","C","893.9",",C","55.0",",,,C","566",",,,C","-13.59",",C","-8.47",",,,C","-18.71",",,,C","","","",""
"CA006153193","2015-03","43.1667","-79.9333","238.0","HAMILTON A, ON CA","0.0","C","0.0",",C","9",",C","5",",C","0",",C","19",",C","2",",C","2",",C","29",",C","8",",C","0",",C","0",",C","-21.3",",C,06,","500",",,C,04,","58",",,C,26,","7.2",",,C,26,","9.2",",C,20,","3851.8","C","650.4",",C","24.7",",,,C","108",",,,C","-2.65",",C","1.97",",,,C","-7.26",",,,C","","","",""
"CA006153193","2015-04","43.1667","-79.9333","238.0","HAMILTON A, ON CA","0.0","C","0.0",",C","9","2,C","5","2,C","0","2,C","","","0","1,C","0",",C","10",",C","0",",C","2",",C","0",",C","-5.0",",C,01,","","","12","1,,C,05,","19.2","2,,C,20,","24.2",",C,13,","4204.6","C","352.8",",C","51.2","2,,,C","16","1,,,C","6.57",",C","12.13",",,,C","1.02",",,,C","23",",C","93.0",",C"
"CA006153193","2015-05","43.1667","-79.9333","238.0","HAMILTON A, ON CA","27.0","C","27.0",",C","6","2,C","4","2,C","1","2,C","","","0","1,C","0",",C","1",",C","0",",C","18",",C","0",",C","-0.4",",C,23,","","","0","1,,C,31,+","52.2","2,,C,31,","30.4",",C,08,","4315.8","C","111.2",",C","71.4","2,,,C","0","1,,,C","15.61",",C","22.59",",,,C","8.64",",,,C","26",",C","83.0",",C"
"CA006153193","2015-06","43.1667","-79.9333","238.0","HAMILTON A, ON CA","43.4","C","16.4","2,C","11","3,C","9","3,C","1","3,C","","","0","3,C","0","2,C","0","2,C","0","2,C","19","2,C","0","2,C","5.6","2,C,07,","","","0","3,,C,30,+","56.0","3,,C,27,","28.4","2,C,15,","4358.5","C","42.7","2,C","145.0","3,,,C","0","3,,,C","17.39","2,C","22.44","2,,,C","12.35","2,,,C","23","2,C","74.0","2,C"
"CA006153193","2015-07","43.1667","-79.9333","238.0","HAMILTON A, ON CA","114.7","C","71.3",",C","7",",C","3",",C","0",",C","","","0",",C","0",",C","0",",C","0",",C","30",",C","0",",C","8.5",",C,03,","","","0",",,C,31,+","12.8",",,C,14,","31.9",",C,29,","11.9","C","11.9",",C","25.4",",,,C","0",",,,C","20.25",",C","26.36",",,,C","14.13",",,,C","22","2,C","54.0","2,C"
"CA006153193","2015-08","43.1667","-79.9333","238.0","HAMILTON A, ON CA","162.2","C","47.5",",C","7","2,C","5","2,C","0","2,C","","","0","2,C","0",",C","0",",C","0",",C","28",",C","0",",C","8.2",",C,28,","","","0","2,,C,31,+","10.0","2,,C,10,","30.6",",C,17,","33.8","C","21.9",",C","42.6","2,,,C","0","2,,,C","19.16",",C","24.69",",,,C","13.64",",,,C","26",",C","61.0",",C"
"CA006153193","2015-09","43.1667","-79.9333","238.0","HAMILTON A, ON CA","211.0","C","48.8",",C","8","2,C","6","2,C","0","2,C","","","0",",C","0",",C","0",",C","0",",C","21",",C","0",",C","5.2",",C,14,","","","0",",,C,30,+","16.8","2,,C,29,","31.6",",C,07,","85.8","C","52.0",",C","64.6","2,,,C","0",",,,C","18.23",",C","23.73",",,,C","12.72",",,,C","24",",C","61.0",",C"
"CA006153193","2015-10","43.1667","-79.9333","238.0","HAMILTON A, ON CA","211.0","C","0.0",",C","15",",C","7",",C","1",",C","","","0",",C","0",",C","5",",C","0",",C","2",",C","0",",C","-3.8",",C,19,","","","0",",,C,31,+","40.4",",,C,28,","21.8",",C,12,","363.1","C","277.3",",C","73.6",",,,C","0",",,,C","9.39",",C","14.32",",,,C","4.45",",,,C","23",",C","82.0",",C"
"CA006153193","2015-11","43.1667","-79.9333","238.0","HAMILTON A, ON CA","211.0","C","0.0",",C","11","2,C","3","2,C","0","2,C","","","0",",C","0",",C","10",",C","0",",C","3",",C","0",",C","-8.4",",C,23,","","","8",",,C,24,","9.4","2,,C,27,","23.1",",C,05,","724.6","C","361.5",",C","30.4","2,,,C","18",",,,C","6.28",",C","11.06",",,,C","1.51",",,,C","24",",C","83.0",",C"
"CA006153193","2015-12","43.1667","-79.9333","238.0","HAMILTON A, ON CA","211.0","C","0.0",",C","16","2,C","6","2,C","0","2,C","","","2",",C","0",",C","16",",C","3",",C","0",",C","0",",C","-6.6",",C,20,","","","50",",,C,29,","11.4","2,,C,29,","17.4",",C,14,","1180.6","C","456.0",",C","51.4","2,,,C","90",",,,C","3.62",",C","7.07",",,,C","0.17",",,,C","23",",C","83.0",",C"
"CA006153193","2016-01","43.1667","-79.9333","238.0","HAMILTON A, ON CA","0.0","C","0.0",",C","17",",C","7",",C","0",",C","9","2,C","2",",C","0",",C","29",",C","16",",C","0",",C","0",",C","-17.1",",C,05,","110","2,,C,14,","74",",,C,12,","14.4",",,C,10,","9.8",",C,31,","1877.9","C","697.3",",C","50.6",",,,C","198",",,,C","-4.16",",C","-0.22",",,,C","-8.11",",,,C","26",",C","91.0",",C"
"CA006153193","2016-02","43.1667","-79.9333","238.0","HAMILTON A, ON CA","0.0","C","0.0",",C","15","1,C","9","1,C","1","1,C","","","4","1,C","3",",C","25",",C","10",",C","0",",C","0",",C","-24.3",",C,14,","","","80","1,,C,16,","51.0","1,,C,24,","14.9",",C,28,","2486.0","C","608.1",",C","104.4","1,,,C","248","1,,,C","-2.64",",C","1.91",",,,C","-7.18",",,,C","24",",C","80.0",",C"
"CA006153193","2016-03","43.1667","-79.9333","238.0","HAMILTON A, ON CA","0.0","C","0.0",",C","14",",C","11",",C","1",",C","","","2",",C","0",",C","20",",C","5",",C","0",",C","0",",C","-10.8",",C,06,","","","118",",,C,02,","28.6",",,C,31,","18.6",",C,09,","2971.4","C","485.4",",C","141.1",",,,C","190",",,,C","2.67",",C","7.05",",,,C","-1.70",",,,C","23",",C","87.0",",C"
"CA006153193","2016-04","43.1667","-79.9333","238.0","HAMILTON A, ON CA","0.0","C","0.0",",C","13",",C","10",",C","0",",C","","","5",",C","0",",C","15",",C","3",",C","2",",C","0",",C","-10.9",",C,05,","","","133",",,C,04,","13.2",",,C,04,","24.7",",C,18,","3396.9","C","425.5",",C","71.6",",,,C","319",",,,C","4.15",",C","9.26",",,,C","-0.96",",,,C","4",",C","74.0",",C"
"CA006153193","2016-05","43.1667","-79.9333","238.0","HAMILTON A, ON CA","23.9","C","23.9",",C","6","1,C","5","1,C","0","1,C","","","0","1,C","0",",C","1",",C","0",",C","13",",C","0",",C","-0.2",",C,16,","","","0","1,T,C,15,","15.6","1,,C,13,","31.4",",C,28,","3562.3","C","165.4",",C","41.2","1,,,C","0","1,T,,C","13.77",",C","19.90",",,,C","7.63",",,,C","22",",C","70.0",",C"
"CA006153193","2016-06","43.1667","-79.9333","238.0","HAMILTON A, ON CA","67.7","C","43.8",",C","8",",C","5",",C","0",",C","","","0",",C","0",",C","0",",C","0",",C","24",",C","0",",C","4.0",",C,09,","","","0",",,C,30,+","10.4",",,C,15,","31.6",",C,27,","3603.1","C","40.8",",C","37.6",",,,C","0",",,,C","18.44",",C","24.92",",,,C","11.95",",,,C","25",",C","82.0",",C"
"CA006153193","2016-07","43.1667","-79.9333","238.0","HAMILTON A, ON CA","183.9","C","116.2","1,C","8","1,C","5","1,C","0","1,C","","","0","1,C","0",",C","0",",C","0","1,C","30","1,C","4","1,C","8.8",",C,02,","","","0","1,,C,31,+","19.8","1,,C,25,","33.4","1,C,22,","2.2","C","2.2","1,C","47.8","1,,,C","0","1,,,C","22.18","1,C","28.42","1,,,C","15.93",",,,C","25",",C","82.0",",C"
"CA006153193","2016-08","43.1667","-79.9333","238.0","HAMILTON A, ON CA","314.8","C","130.9",",C","11",",C","10",",C","0",",C","","","0","1,C","0",",C","0",",C","0",",C","31",",C","2",",C","11.6",",C,23,","","","0","1,,C,31,+","16.6",",,C,25,","32.8",",C,11,","2.6","C","0.4",",C","84.6",",,,C","0","1,,,C","22.54",",C","28.44",",,,C","16.64",",,,C","24","1,C","70.0","1,C"
"CA006153193","2016-09","43.1667","-79.9333","238.0","HAMILTON A, ON CA","352.2","C","37.4","1,C","10",",C","7",",C","0",",C","","","0",",C","0","1,C","0","1,C","0","1,C","21","1,C","1","1,C","6.5","1,C,25,","","","0",",,C,30,+","21.2",",,C,29,","33.5","1,C,07,","49.9","C","47.3","1,C","77.0",",,,C","0",",,,C","17.99","1,C","23.95","1,,,C","12.03","1,,,C","22",",C","65.0",",C"
"CA006153193","2016-10","43.1667","-79.9333","238.0","HAMILTON A, ON CA","355.8","C","3.6",",C","10",",C","6",",C","0",",C","","","0",",C","0",",C","6",",C","0",",C","7",",C","0",",C","-3.2",",C,28,","","","1",",,C,27,","14.0",",,C,20,","24.3",",C,06,","277.1","C","227.2",",C","60.4",",,,C","1",",,,C","11.12",",C","16.13",",,,C","6.10",",,,C","22",",C","80.0",",C"
"CA006153193","2016-11","43.1667","-79.9333","238.0","HAMILTON A, ON CA","355.8","C","0.0",",C","12",",C","7",",C","0",",C","","","","","0",",C","13",",C","0",",C","0",",C","0",",C","-7.3",",C,23,","","","","","14.2",",,C,03,","19.8",",C,01,","645.2","C","368.1",",C","56.2",",,,C","","","6.06",",C","11.21",",,,C","0.92",",,,C","31",",C","74.0",",C"
"CA006153193","2016-12","43.1667","-79.9333","238.0","HAMILTON A, ON CA","355.8","C","0.0",",C","19",",C","8",",C","0",",C","18","3,C","5",",C","0",",C","27",",C","13",",C","0",",C","0",",C","-17.5",",C,19,","190","3,,C,17,","98",",,C,11,","9.8",",,C,11,","10.7",",C,26,","1289.6","C","644.4",",C","64.2",",,,C","438",",,,C","-2.45",",C","0.72",",,,C","-5.63",",,,C","24",",C","72.0",",C"
"CA006153193","2017-01","43.1667","-79.9333","238.0","HAMILTON A, ON CA","0.0","C","0.0",",C","16",",C","10",",C","0",",C","","","1",",C","0",",C","24",",C","11",",C","0",",C","0",",C","-16.6",",C,07,","","","26",",,C,31,","16.0",",,C,10,","12.2",",C,12,","1925.4","C","635.8",",C","81.0",",,,C","96",",,,C","-2.18",",C","0.79",",,,C","-5.14",",,,C","25",",C","93.0",",C"
"CA006153193","2017-02","43.1667","-79.9333","238.0","HAMILTON A, ON CA","0.0","C","0.0","2,C","12","2,C","5","2,C","0","2,C","","","1","2,C","0","2,C","23","2,C","8","2,C","0","2,C","0","2,C","-11.8","2,C,04,","","","34","2,,C,12,","14.2","2,,C,25,+","17.9","2,C,23,","2413.2","C","487.8","2,C","56.8","2,,,C","96","2,,,C","-0.43","2,C","3.80","2,,,C","-4.66","2,,,C","30","2,C","78.0","2,C"
"CA006153193","2017-03","43.1667","-79.9333","238.0","HAMILTON A, ON CA","0.0","C","0.0","3,C","13","3,C","9","3,C","0","3,C","","","4","3,C","0","3,C","19","3,C","9","3,C","0","3,C","0","3,C","-12.3","3,C,05,","","","130","3,,C,13,","13.0","3,,C,13,","17.6","3,C,24,","2943.6","C","530.4","3,C","74.2","3,,,C","352","3,,,C","-0.61","3,C","3.41","3,,,C","-4.64","3,,,C","6","4,C","70.0","4,C"
"CA006153193","2017-04","43.1667","-79.9333","238.0","HAMILTON A, ON CA","0.0","C","0.0",",C","14",",C","10",",C","2",",C","","","2",",C","0",",C","6",",C","0",",C","4",",C","0",",C","-1.6",",C,08,","","","98",",,C,06,","50.6",",,C,20,","27.2",",C,27,","3236.1","C","292.5",",C","137.8",",,,C","132",",,,C","8.58",",C","13.85",",,,C","3.32",",,,C","7",",C","83.0",",C"
"CA006153193","2017-05","43.1667","-79.9333","238.0","HAMILTON A, ON CA","5.7","C","5.7",",C","16",",C","9",",C","2",",C","","","0",",C","0",",C","1",",C","0",",C","6",",C","0",",C","-0.7",",C,09,","","","0",",,C,31,+","37.2",",,C,25,","28.7",",C,17,","3446.3","C","210.2",",C","151.4",",,,C","0",",,,C","11.73",",C","16.55",",,,C","6.92",",,,C","23",",C","82.0",",C"
"CA006153193","2017-06","43.1667","-79.9333","238.0","HAMILTON A, ON CA","51.5","C","45.8",",C","14",",C","9",",C","0",",C","","","0",",C","0",",C","0",",C","0",",C","22",",C","0",",C","6.9",",C,02,","","","0",",,C,30,+","19.8",",,C,23,","30.6",",C,17,","3485.5","C","39.2",",C","88.6",",,,C","0",",,,C","18.55",",C","23.99",",,,C","13.11",",,,C","22",",C","63.0",",C"
"CA006153193","2017-07","43.1667","-79.9333","238.0","HAMILTON A, ON CA","118.1","C","66.6",",C","10",",C","7",",C","0",",C","","","0",",C","0",",C","0",",C","0",",C","30",",C","0",",C","11.1",",C,09,","","","0",",,C,31,+","25.2",",,C,13,","29.2",",C,19,","1.8","C","1.8",",C","110.8",",,,C","0",",,,C","20.42",",C","25.69",",,,C","15.15",",,,C","27",",C","57.0",",C"
"CA006153193","2017-08","43.1667","-79.9333","238.0","HAMILTON A, ON CA","153.8","C","35.7","1,C","11",",C","6",",C","1",",C","","","0",",C","0","1,C","0","1,C","0",",C","27",",C","0",",C","7.8","1,C,31,","","","0",",,C,31,+","33.8",",,C,11,","29.2",",C,01,","27.8","C","26.0",",C","74.8",",,,C","0",",,,C","18.70","1,C","24.45",",,,C","12.95","1,,,C","25",",C","59.0",",C"
"CA006153193","2017-09","43.1667","-79.9333","238.0","HAMILTON A, ON CA","195.5","C","41.7",",C","9",",C","3",",C","0",",C","","","0",",C","0",",C","0",",C","0",",C","18",",C","0",",C","4.0",",C,30,","","","0",",,C,30,+","5.8",",,C,03,","32.0",",C,24,","100.7","C","72.9",",C","18.4",",,,C","0",",,,C","17.29",",C","23.61",",,,C","10.97",",,,C","22",",C","72.0",",C"
"CA006153193","2017-10","43.1667","-79.9333","238.0","HAMILTON A, ON CA","199.8","C","4.3",",C","12",",C","9",",C","1",",C","","","0",",C","0",",C","1",",C","0",",C","10",",C","0",",C","-0.8",",C,26,","","","0",",,C,31,+","28.9",",,C,09,","25.9",",C,07,","282.2","C","181.5",",C","99.4",",,,C","0",",,,C","12.61",",C","17.99",",,,C","7.24",",,,C","24",",C","82.0",",C"
"CA006153193","2017-11","43.1667","-79.9333","238.0","HAMILTON A, ON CA","199.8","C","0.0","2,C","15","1,C","10","1,C","0","1,C","","","0","1,C","0",",C","22",",C","2","2,C","0","2,C","0","2,C","-9.7",",C,10,","","","22","1,,C,19,","23.0","1,,C,02,","15.9","2,C,28,","716.3","C","434.1","2,C","89.8","1,,,C","22","1,,,C","2.84","2,C","7.29","2,,,C","-1.62",",,,C","23","1,C","76.0","1,C"
"CA006153193","2017-12","43.1667","-79.9333","238.0","HAMILTON A, ON CA","199.8","C","0.0","2,C","15",",C","9",",C","0",",C","","","8",",C","5","1,C","29","1,C","21","1,C","0","1,C","0","1,C","-25.5","1,C,31,","","","132",",,C,12,","9.4",",,C,05,","10.3","1,C,05,","1420.4","C","704.1","1,C","58.9",",,,C","584",",,,C","-5.80","2,C","-2.20","1,,,C","-9.40","1,,,C","24",",C","72.0",",C"
"CA006153193","2018-01","43.1667","-79.9333","238.0","HAMILTON A, ON CA","0.0","C","0.0",",C","15",",C","9",",C","0",",C","17",",C","3",",C","5",",C","28",",C","17",",C","0",",C","0",",C","-24.4",",C,06,","290",",,C,08,","160",",,C,29,","15.2",",,C,12,","11.2",",C,12,","2185.6","C","765.2",",C","84.6",",,,C","318",",,,C","-6.35",",C","-1.87",",,,C","-10.83",",,,C","22",",C","83.0",",C"
"CA006153193","2018-02","43.1667","-79.9333","238.0","HAMILTON A, ON CA","0.0","C","0.0",",C","14",",C","10",",C","0",",C","17",",C","4",",C","1",",C","24",",C","11",",C","0",",C","0",",C","-18.4",",C,08,","340",",,C,11,","74",",,C,07,","15.6",",,C,20,","15.9",",C,20,","2763.7","C","578.1",",C","87.8",",,,C","274",",,,C","-2.31",",C","2.19",",,,C","-6.81",",,,C","23",",C","74.0",",C"
"CA006153193","2018-03","43.1667","-79.9333","238.0","HAMILTON A, ON CA","0.0","C","0.0",",C","8",",C","5",",C","0",",C","4","3,C","2",",C","0",",C","28",",C","6",",C","0",",C","0",",C","-8.6",",C,11,","60","3,,C,02,","80",",,C,01,","19.2",",,C,29,","9.2",",C,18,","3359.3","C","595.6",",C","43.8",",,,C","140",",,,C","-0.88",",C","3.26",",,,C","-5.02",",,,C","21",",C","76.0",",C"
"CA006153193","2018-04","43.1667","-79.9333","238.0","HAMILTON A, ON CA","0.0","C","0.0",",C","14","1,C","11","1,C","2","1,C","","","2","1,C","0",",C","21",",C","1",",C","0",",C","0",",C","-6.8",",C,05,","","","50","1,,C,14,","32.0","1,,C,16,","18.9",",C,30,","3823.3","C","464.0",",C","148.8","1,,,C","92","1,,,C","2.87",",C","7.53",",,,C","-1.80",",,,C","26",",C","98.0",",C"
"CA006153193","2018-05","43.1667","-79.9333","238.0","HAMILTON A, ON CA","23.1","C","23.1","1,C","10",",C","7",",C","0",",C","","","0",",C","0","1,C","0","1,C","0",",C","19",",C","0",",C","2.5","1,C,11,","","","0",",,C,31,+","20.4",",,C,15,","31.5",",C,28,","3919.5","C","96.2",",C","61.2",",,,C","0",",,,C","15.89","1,C","22.61",",,,C","9.17","1,,,C","22","1,C","69.0","1,C"
"CA006153193","2018-06","43.1667","-79.9333","238.0","HAMILTON A, ON CA","62.0","C","38.9","1,C","10",",C","6",",C","0",",C","","","0",",C","0",",C","0",",C","0","1,C","20","1,C","1","1,C","7.7",",C,06,","","","0",",,C,30,+","23.8",",,C,18,","32.5","1,C,30,","3959.6","C","40.1","1,C","88.6",",,,C","0",",,,C","18.27","1,C","23.57","1,,,C","12.97",",,,C","28",",C","70.0",",C"
"CA006153193","2018-07","43.1667","-79.9333","238.0","HAMILTON A, ON CA","174.9","C","112.9",",C","7","1,C","3","1,C","0","1,C","","","0","1,C","0",",C","0",",C","0",",C","31",",C","1",",C","9.7",",C,19,","","","0","1,,C,31,+","22.4","1,,C,26,","32.7",",C,16,","1.0","C","1.0",",C","50.4","1,,,C","0","1,,,C","21.94",",C","28.04",",,,C","15.85",",,,C","25",",C","65.0",",C"
"CA006153193","2018-08","43.1667","-79.9333","238.0","HAMILTON A, ON CA","285.5","C","110.6",",C","10",",C","8",",C","2",",C","","","0",",C","0",",C","0",",C","0",",C","30",",C","0",",C","11.3",",C,23,","","","0",",,C,31,+","37.6",",,C,08,","31.7",",C,06,+","6.7","C","5.7",",C","119.0",",,,C","0",",,,C","21.72",",C","26.69",",,,C","16.75",",,,C","24",",C","61.0",",C"
"CA006153193","2018-09","43.1667","-79.9333","238.0","HAMILTON A, ON CA","341.6","C","56.1",",C","9",",C","7",",C","0",",C","","","0",",C","0",",C","0",",C","0",",C","19",",C","0",",C","5.1",",C,23,","","","0",",,C,30,+","21.0",",,C,25,","31.6",",C,05,","77.0","C","70.3",",C","66.4",",,,C","0",",,,C","17.86",",C","22.78",",,,C","12.94",",,,C","23",",C","78.0",",C"
"CA006153193","2018-10","43.1667","-79.9333","238.0","HAMILTON A, ON CA","348.4","C","6.8",",C","14",",C","7",",C","1",",C","","","0","1,C","0",",C","6",",C","0",",C","5",",C","0",",C","-2.4",",C,30,","","","0","1,,C,31,+","26.2",",,C,27,","28.2",",C,09,","378.9","C","301.9",",C","87.0",",,,C","0","1,,,C","8.81",",C","13.45",",,,C","4.18",",,,C","24","1,C","67.0","1,C"
"CA006153193","2018-11","43.1667","-79.9333","238.0","HAMILTON A, ON CA","348.4","C","0.0",",C","14",",C","6",",C","1",",C","","","1","3,C","0",",C","21",",C","2",",C","0",",C","0",",C","-14.9",",C,22,","","","110","3,,C,15,","31.4",",,C,01,","14.7",",C,06,","901.6","C","522.7",",C","87.9",",,,C","178","3,,,C","0.91",",C","3.63",",,,C","-1.81",",,,C","","","",""
"CA006153193","2018-12","43.1667","-79.9333","238.0","HAMILTON A, ON CA","348.4","C","0.0",",C","13",",C","6",",C","0",",C","","","0",",C","0",",C","28",",C","8",",C","0",",C","0",",C","-11.0",",C,09,","","","8",",,C,12,+","7.4",",,C,20,","14.1",",C,02,","1486.0","C","584.4",",C","40.0",",,,C","36",",,,C","-0.52",",C","2.54",",,,C","-3.57",",,,C","26","5,C","63.0","5,C"
"CA006153193","2019-01","43.1667","-79.9333","238.0","HAMILTON A, ON CA","0.0","C","0.0","1,C","15",",C","7",",C","0",",C","12","4,C","4",",C","7","1,C","29","1,C","20","1,C","0","1,C","0","1,C","-24.5","1,C,31,","320","4,,C,31,+","154",",,C,28,","15.4",",,C,28,","10.6","1,C,01,","2241.4","C","755.4","1,C","77.0",",,,C","596",",,,C","-6.85","1,C","-2.32","1,,,C","-11.37","1,,,C","22","3,C","74.0","3,C"
"CA006153193","2019-02","43.1667","-79.9333","238.0","HAMILTON A, ON CA","0.0","C","0.0",",C","15",",C","8",",C","0",",C","15",",C","6",",C","2",",C","26",",C","14",",C","0",",C","0",",C","-22.8",",C,01,","320",",,C,02,+","124",",,C,12,","20.8",",,C,12,","12.1",",C,04,","2877.7","C","636.3",",C","81.1",",,,C","431",",,,C","-4.39",",C","-0.06",",,,C","-8.73",",,,C","23","3,C","87.0","3,C"
"CA006153193","2019-03","43.1667","-79.9333","238.0","HAMILTON A, ON CA","0.0","C","0.0","1,C","10",",C","4",",C","0",",C","","","2","2,C","1","1,C","26","1,C","8","1,C","0","1,C","0","1,C","-18.0","1,C,05,","","","34","2,,C,15,","24.6",",,C,30,","12.2","1,C,14,","3467.2","C","589.5","1,C","53.4",",,,C","130","2,,,C","-1.32","1,C","3.53","1,,,C","-6.16","1,,,C","","","",""
"CA006153193","2019-04","43.1667","-79.9333","238.0","HAMILTON A, ON CA","0.0","C","0.0","1,C","17","1,C","9","1,C","0","1,C","","","0","1,C","0","1,C","11","1,C","0","1,C","1","1,C","0","1,C","-8.1","1,C,01,","","","0","1,T,C,27,+","20.6","1,,C,14,","21.4","1,C,18,","3839.0","C","371.8","1,C","95.3","1,,,C","0","1,T,,C","5.51","1,C","10.05","1,,,C","0.97","1,,,C","","","",""
"CA006153193","2019-05","43.1667","-79.9333","238.0","HAMILTON A, ON CA","0.0","C","0.0","1,C","16",",C","11",",C","1",",C","","","0",",C","0","1,C","0","1,C","0","1,C","9","1,C","0","1,C","0.6","1,C,11,","","","0",",,C,31,+","35.4",",,C,25,","29.3","1,C,19,","4043.4","C","204.4","1,C","132.8",",,,C","0",",,,C","11.52","1,C","17.13","1,,,C","5.91","1,,,C","31","5,C","85.0","5,C"
"CA006153193","2019-06","43.1667","-79.9333","238.0","HAMILTON A, ON CA","24.9","C","24.9","3,C","10",",C","6",",C","0",",C","","","0",",C","0","3,C","0","3,C","0","3,C","20","3,C","0","3,C","4.5","3,C,03,","","","0",",,C,30,+","20.0",",,C,24,","30.1","3,C,28,","4087.5","C","44.1","3,C","90.5",",,,C","0",",,,C","17.62","3,C","23.31","3,,,C","11.93","3,,,C","","","",""
"CA006153193","2019-07","43.1667","-79.9333","238.0","HAMILTON A, ON CA","138.5","C","113.6","1,C","14",",C","9",",C","1",",C","","","0",",C","0","1,C","0","1,C","0","1,C","29","1,C","1","1,C","12.2","1,C,15,+","","","0",",,C,31,+","35.2",",,C,06,","32.4","1,C,05,","1.0","C","1.0","1,C","114.5",",,,C","0",",,,C","22.09","1,C","27.63","1,,,C","16.54","1,,,C","","","",""
"CA006153193","2019-08","43.1667","-79.9333","238.0","HAMILTON A, ON CA","196.5","C","58.0","1,C","10","1,C","5","1,C","1","1,C","","","0","1,C","0","1,C","0","1,C","0","1,C","30","1,C","0","1,C","9.9","1,C,31,","","","0","1,,C,31,+","40.8","1,,C,06,","29.0","1,C,21,","11.2","C","10.2","1,C","100.4","1,,,C","0","1,,,C","19.93","1,C","25.41","1,,,C","14.44","1,,,C","","","",""
"CA006153193","2019-09","43.1667","-79.9333","238.0","HAMILTON A, ON CA","211.0","C","14.5","1,C","9","1,C","5","1,C","0","1,C","","","0","4,C","0","1,C","0","1,C","0","1,C","20","1,C","0","1,C","6.8","1,C,05,","","","0","4,,C,30,+","21.6","1,,C,10,","28.9","1,C,22,","65.0","C","53.8","1,C","66.4","1,,,C","0","4,,,C","16.98","1,C","22.38","1,,,C","11.58","1,,,C","","","",""
"CA006153193","2019-10","43.1667","-79.9333","238.0","HAMILTON A, ON CA","214.7","C","3.7","1,C","12",",C","10",",C","1",",C","","","0",",C","0","1,C","2","1,C","0","1,C","1","1,C","0","1,C","-0.8","1,C,26,","","","0",",,C,31,+","29.6",",,C,27,","30.0","1,C,01,","318.6","C","253.6","1,C","154.4",",,,C","0",",,,C","10.00","1,C","14.83","1,,,C","5.17","1,,,C","","","",""
"CA006153193","2019-11","43.1667","-79.9333","238.0","HAMILTON A, ON CA","214.7","C","0.0",",C","13",",C","4",",C","0",",C","","","2",",C","0",",C","23",",C","6",",C","0",",C","0",",C","-14.1",",C,12,","","","130",",,C,11,","13.0",",,C,11,","11.8",",C,27,","857.2","C","538.6",",C","37.6",",,,C","218",",,,C","0.38",",C","4.01",",,,C","-3.25",",,,C","","","",""
"CA006153193","2019-12","43.1667","-79.9333","238.0","HAMILTON A, ON CA","214.7","C","0.0",",C","12",",C","6",",C","0",",C","","","3",",C","0",",C","25",",C","9",",C","0",",C","0",",C","-15.3",",C,19,","","","120",",,C,14,","22.4",",,C,14,","11.5",",C,27,","1461.5","C","604.3",",C","83.6",",,,C","238",",,,C","-1.16",",C","2.28",",,,C","-4.60",",,,C","","","",""
"CA006153193","2020-01","43.1667","-79.9333","238.0","HAMILTON A, ON CA","0.0","C","0.0",",C","13",",C","9",",C","1",",C","","","3",",C","0",",C","25",",C","9",",C","0",",C","0",",C","-16.9",",C,20,","","","122",",,C,18,","41.2",",,C,11,","12.3",",C,11,","2077.7","C","616.2",",C","106.4",",,,C","248",",,,C","-1.54",",C","1.75",",,,C","-4.84",",,,C","25","4,C","68.0","4,C"
"CA006153193","2020-02","43.1667","-79.9333","238.0","HAMILTON A, ON CA","","","","","14",",C","5",",C","0",",C","11",",C","7",",C","","","","","","","","","","","","","160",",,C,29,","138",",,C,26,","13.4",",,C,26,","","","","","","","49.0",",,,C","510",",,,C","","","","","","","27","3,C","78.0","3,C"
"CA006153193","2020-03","43.1667","-79.9333","238.0","HAMILTON A, ON CA","","","0.0","1,C","15",",C","11",",C","0",",C","","","2",",C","0","1,C","18","1,C","0","1,C","0","1,C","0","1,C","-12.8","1,C,01,","","","46",",,C,06,","12.0",",,C,10,","19.8","1,C,29,","","","479.6","1,C","80.1",",,,C","80",",,,C","2.35","1,C","6.73","1,,,C","-2.04","1,,,C","25","3,C","96.0","3,C"
"CA006153193","2020-04","43.1667","-79.9333","238.0","HAMILTON A, ON CA","","","0.0",",C","14",",C","6",",C","0",",C","","","0",",C","0",",C","15",",C","0",",C","0",",C","0",",C","-5.6",",C,16,","","","4",",,C,14,","14.2",",,C,13,","18.1",",C,12,","","","393.2",",C","64.6",",,,C","4",",,,C","5.23",",C","10.58",",,,C","-0.13",",,,C","27","1,C","81.0","1,C"
"CA006153193","2020-05","43.1667","-79.9333","238.0","HAMILTON A, ON CA","","","20.8",",C","12",",C","8",",C","0",",C","","","0",",C","0",",C","7",",C","0",",C","10",",C","0",",C","-3.8",",C,09,","","","4",",,C,11,+","17.6",",,C,18,","31.3",",C,26,","","","232.2",",C","70.1",",,,C","8",",,,C","11.51",",C","17.28",",,,C","5.75",",,,C","","","",""
"CA006153193","2020-06","43.1667","-79.9333","238.0","HAMILTON A, ON CA","","","59.9",",C","6",",C","4",",C","0",",C","","","0",",C","0",",C","0",",C","0",",C","26",",C","0",",C","6.2",",C,13,","","","0",",,C,30,+","18.0",",,C,10,","31.1",",C,21,","","","34.4",",C","45.5",",,,C","0",",,,C","19.18",",C","25.61",",,,C","12.76",",,,C","","","",""
"CA006153193","2020-07","43.1667","-79.9333","238.0","HAMILTON A, ON CA","","","160.2",",C","7",",C","6",",C","0",",C","","","0",",C","0",",C","0",",C","0",",C","31",",C","5",",C","12.9",",C,14,","","","0",",,C,31,+","21.0",",,C,11,","34.8",",C,07,","0.0","C","0.0",",C","46.8",",,,C","0",",,,C","23.50",",C","29.58",",,,C","17.42",",,,C","","","",""
"CA006153193","2020-08","43.1667","-79.9333","238.0","HAMILTON A, ON CA","","","70.7","1,C","12",",C","6",",C","0",",C","","","0",",C","0","1,C","0","1,C","0","1,C","30","1,C","0","1,C","8.4","1,C,20,+","","","0",",,C,31,+","21.0",",,C,02,","31.6","1,C,24,","5.4","C","5.4","1,C","50.7",",,,C","0",",,,C","20.51","1,C","26.79","1,,,C","14.23","1,,,C","23","5,C","72.0","5,C"
"CA006153193","2020-09","43.1667","-79.9333","238.0","HAMILTON A, ON CA","","","15.7","1,C","6",",C","3",",C","0",",C","","","0",",C","0","1,C","0","1,C","0","1,C","16","1,C","0","1,C","3.3","1,C,18,","","","0",",,C,30,+","13.4",",,C,07,","28.9","1,C,01,","88.3","C","82.9","1,C","38.4",",,,C","0",",,,C","16.02","1,C","21.89","1,,,C","10.15","1,,,C","","","",""
"CA006153193","2020-10","43.1667","-79.9333","238.0","HAMILTON A, ON CA","","","0.0",",C","19",",C","11",",C","0",",C","","","0",",C","0",",C","2",",C","0",",C","2",",C","0",",C","-7.3",",C,31,","","","5",",,C,30,","17.2",",,C,15,","24.7",",C,23,","382.9","C","294.6",",C","93.7",",,,C","5",",,,C","8.83",",C","13.54",",,,C","4.12",",,,C","","","",""
"CA006153193","2020-11","43.1667","-79.9333","238.0","HAMILTON A, ON CA","","","0.0",",C","8",",C","7",",C","1",",C","","","","","0",",C","14",",C","0",",C","3",",C","0",",C","-4.8",",C,18,","","","","","34.4",",,C,30,","23.7",",C,10,","746.6","C","363.7",",C","76.6",",,,C","","","6.21",",C","10.92",",,,C","1.50",",,,C","","","",""
"CA006153193","2020-12","43.1667","-79.9333","238.0","HAMILTON A, ON CA","","","0.0",",C","13",",C","7",",C","0",",C","8","5,C","","","0",",C","28",",C","8",",C","0",",C","0",",C","-8.8",",C,18,","150","5,,C,27,+","","","19.2",",,C,24,","10.4",",C,12,","1329.6","C","583.0",",C","75.2",",,,C","","","-0.47",",C","2.56",",,,C","-3.51",",,,C","27","4,C","78.0","4,C"
"CA006153193","2021-01","43.1667","-79.9333","238.0","HAMILTON A, ON CA","0.0","C","0.0","1,C","9",",C","5",",C","0",",C","5",",C","2",",C","0","1,C","30","1,C","14","1,C","0","1,C","0","1,C","-14.9","1,C,28,","60",",,C,27,","74",",,C,26,","9.2",",,C,02,+","4.4","1,C,09,","1970.4","C","640.8","1,C","38.0",",,,C","180",",,,C","-3.03","1,C","-0.24","1,,,C","-5.82","1,,,C","","","",""
"CA006153193","2021-02","43.1667","-79.9333","238.0","HAMILTON A, ON CA","0.0","C","0.0",",C","17",",C","8",",C","0",",C","24",",C","8",",C","4",",C","28",",C","17",",C","0",",C","0",",C","-18.8",",C,17,","300",",,C,22,","100",",,C,16,","8.8",",,C,16,","7.7",",C,24,","2667.0","C","696.6",",C","54.8",",,,C","478",",,,C","-6.55",",C","-2.26",",,,C","-10.84",",,,C","","","",""
"CA006153193","2021-03","43.1667","-79.9333","238.0","HAMILTON A, ON CA","0.0","C","0.0","1,C","5",",C","2",",C","0",",C","","","0",",C","0","1,C","22","1,C","3","1,C","1","1,C","0","1,C","-10.4","1,C,02,","","","0",",T,C,29,+","24.6",",,C,26,","21.2","1,C,24,","3113.4","C","446.4","1,C","38.2",",,,C","0",",T,,C","3.45","1,C","9.81","1,,,C","-2.90","1,,,C","","","",""
"CA006153193","2021-04","43.1667","-79.9333","238.0","HAMILTON A, ON CA","0.0","C","0.0",",C","15",",C","8",",C","1",",C","","","2",",C","0",",C","10",",C","0",",C","2",",C","0",",C","-6.8",",C,03,","","","66",",,C,21,","25.9",",,C,11,","24.1",",C,28,","3449.2","C","335.8",",C","69.0",",,,C","112",",,,C","7.14",",C","12.53",",,,C","1.74",",,,C","27","5,C","72.0","5,C"
"CA006153193","2021-05","43.1667","-79.9333","238.0","HAMILTON A, ON CA","15.8","C","15.8","1,C","6",",C","3",",C","0",",C","","","0",",C","0","1,C","5","1,C","0","1,C","13","1,C","0","1,C","-1.3","1,C,11,","","","0",",,C,31,+","20.6",",,C,28,","31.0","1,C,25,","3639.1","C","189.9","1,C","34.8",",,,C","0",",,,C","12.53","1,C","19.42","1,,,C","5.64","1,,,C","","","",""
"CA006153193","2021-06","43.1667","-79.9333","238.0","HAMILTON A, ON CA","91.5","C","75.7",",C","13",",C","10",",C","1",",C","","","0",",C","0",",C","0",",C","0",",C","29",",C","0",",C","5.4",",C,17,","","","0",",,C,30,+","25.4",",,C,26,","32.1",",C,29,","3661.0","C","21.9",",C","98.8",",,,C","0",",,,C","20.12",",C","26.15",",,,C","14.09",",,,C","30","2,C","68.0","2,C"
"CA006153193","2021-07","43.1667","-79.9333","238.0","HAMILTON A, ON CA","146.7","C","55.2","1,C","15",",C","10",",C","0",",C","","","0",",C","0","1,C","0","1,C","0","1,C","26","1,C","0","1,C","8.0","1,C,31,","","","0",",,C,31,+","20.4",",,C,08,","30.7","1,C,06,","9.8","C","9.8","1,C","99.1",",,,C","0",",,,C","19.85","1,C","25.08","1,,,C","14.62","1,,,C","","","",""
"CA006153193","2021-08","43.1667","-79.9333","238.0","HAMILTON A, ON CA","265.8","C","119.1",",C","10",",C","8",",C","0",",C","","","0",",C","0",",C","0",",C","0",",C","31",",C","0",",C","10.1",",C,15,","","","0",",,C,31,+","17.5",",,C,13,","31.3",",C,29,","13.9","C","4.1",",C","60.9",",,,C","0",",,,C","22.04",",C","27.63",",,,C","16.45",",,,C","","","",""
"CA006153193","2021-09","43.1667","-79.9333","238.0","HAMILTON A, ON CA","274.3","C","8.5","2,C","14",",C","11",",C","3",",C","","","0",",C","0","2,C","0","2,C","0","2,C","19","2,C","0","2,C","4.8","2,C,30,","","","0",",,C,30,+","46.4",",,C,07,","27.5","2,C,14,","72.7","C","58.8","2,C","183.8",",,,C","0",",,,C","16.54","2,C","22.33","2,,,C","10.75","2,,,C","","","",""
"CA006153193","2021-10","43.1667","-79.9333","238.0","HAMILTON A, ON CA","277.3","C","3.0",",C","14",",C","11",",C","0",",C","","","0",",C","0",",C","1",",C","0",",C","6",",C","0",",C","-0.5",",C,24,","","","0",",,C,31,+","25.0",",,C,29,","25.3",",C,02,","242.2","C","169.5",",C","155.2",",,,C","0",",,,C","12.96",",C","16.74",",,,C","9.18",",,,C","","","",""
"CA006153193","2021-11","43.1667","-79.9333","238.0","HAMILTON A, ON CA","277.3","C","0.0","3,C","14",",C","8",",C","0",",C","","","2",",C","0","3,C","17","3,C","2","3,C","0","3,C","0","3,C","-7.6","3,C,29,","","","35",",,C,28,","8.2",",,C,25,","18.4","3,C,08,","657.9","C","415.7","3,C","41.4",",,,C","109",",,,C","2.94","3,C","7.40","3,,,C","-1.53","3,,,C","","","",""
