"STATION","DATE","LATITUDE","LONGITUDE","ELEVATION","NAME","DP01","DP01_ATTRIBUTES","DP10","DP10_ATTRIBUTES","DP1X","DP1X_ATTRIBUTES","EMXP","EMXP_ATTRIBUTES","PRCP","PRCP_ATTRIBUTES"
"IN012010200","1914-06","19.17","75.17","570.0","PATHARDI, IN","12",",I","8",",I","2",",I","111.3",",,I,27,","209.5",",,,I"
"IN012010200","1914-07","19.17","75.17","570.0","PATHARDI, IN","12",",I","9",",I","0",",I","13.0",",,I,31,","57.9",",,,I"
"IN012010200","1914-08","19.17","75.17","570.0","PATHARDI, IN","11",",I","6",",I","2",",I","62.7",",,I,16,","166.1",",,,I"
"IN012010200","1914-09","19.17","75.17","570.0","PATHARDI, IN","17",",I","10",",I","2",",I","35.1",",,I,16,","157.2",",,,I"
"IN012010200","1914-10","19.17","75.17","570.0","PATHARDI, IN","4",",I","3",",I","0",",I","2.8",",,I,22,","8.3",",,,I"
"IN012010200","1914-11","19.17","75.17","570.0","PATHARDI, IN","2",",I","2",",I","0",",I","20.3",",,I,06,","26.1",",,,I"
"IN012010200","1914-12","19.17","75.17","570.0","PATHARDI, IN","1",",I","1",",I","0",",I","3.3",",,I,15,","3.3",",,,I"
"IN012010200","1915-01","19.17","75.17","570.0","PATHARDI, IN","1",",I","1",",I","0",",I","19.1",",,I,17,","19.1",",,,I"
"IN012010200","1915-02","19.17","75.17","570.0","PATHARDI, IN","0",",I","0",",I","0",",I","0.0",",,I,28,+","0.0",",,,I"
"IN012010200","1915-03","19.17","75.17","570.0","PATHARDI, IN","4",",I","4",",I","0",",I","17.8",",,I,09,","26.6",",,,I"
"IN012010200","1915-04","19.17","75.17","570.0","PATHARDI, IN","4",",I","3",",I","0",",I","4.6",",,I,14,","12.1",",,,I"
"IN012010200","1915-05","19.17","75.17","570.0","PATHARDI, IN","2",",I","1",",I","0",",I","5.1",",,I,16,","7.1",",,,I"
"IN012010200","1915-06","19.17","75.17","570.0","PATHARDI, IN","7",",I","6",",I","3",",I","54.4",",,I,18,","153.2",",,,I"
"IN012010200","1915-07","19.17","75.17","570.0","PATHARDI, IN","10",",I","7",",I","2",",I","43.2",",,I,16,","154.9",",,,I"
"IN012010200","1915-08","19.17","75.17","570.0","PATHARDI, IN","6",",I","3",",I","0",",I","7.1",",,I,23,","18.7",",,,I"
"IN012010200","1915-09","19.17","75.17","570.0","PATHARDI, IN","12",",I","9",",I","4",",I","51.3",",,I,09,","221.0",",,,I"
"IN012010200","1915-10","19.17","75.17","570.0","PATHARDI, IN","9",",I","5",",I","2",",I","56.9",",,I,12,","130.6",",,,I"
"IN012010200","1915-11","19.17","75.17","570.0","PATHARDI, IN","1",",I","1",",I","0",",I","2.8",",,I,21,","2.8",",,,I"
"IN012010200","1915-12","19.17","75.17","570.0","PATHARDI, IN","1",",I","1",",I","1",",I","72.9",",,I,27,","72.9",",,,I"
"IN012010200","1916-01","19.17","75.17","570.0","PATHARDI, IN","0",",I","0",",I","0",",I","0.0",",,I,31,+","0.0",",,,I"
"IN012010200","1916-02","19.17","75.17","570.0","PATHARDI, IN","0",",I","0",",I","0",",I","0.0",",,I,29,+","0.0",",,,I"
"IN012010200","1916-03","19.17","75.17","570.0","PATHARDI, IN","1",",I","0",",I","0",",I","1.8",",,I,26,","1.8",",,,I"
"IN012010200","1916-04","19.17","75.17","570.0","PATHARDI, IN","0",",I","0",",I","0",",I","0.0",",,I,30,+","0.0",",,,I"
"IN012010200","1916-05","19.17","75.17","570.0","PATHARDI, IN","3",",I","3",",I","0",",I","9.7",",,I,30,","23.7",",,,I"
"IN012010200","1916-06","19.17","75.17","570.0","PATHARDI, IN","10",",I","6",",I","0",",I","13.5",",,I,05,","44.8",",,,I"
"IN012010200","1916-07","19.17","75.17","570.0","PATHARDI, IN","17",",I","13",",I","3",",I","113.0",",,I,21,","325.4",",,,I"
"IN012010200","1916-08","19.17","75.17","570.0","PATHARDI, IN","8",",I","6",",I","0",",I","20.8",",,I,19,","68.2",",,,I"
"IN012010200","1916-09","19.17","75.17","570.0","PATHARDI, IN","18",",I","16",",I","5",",I","94.7",",,I,05,","402.3",",,,I"
"IN012010200","1916-10","19.17","75.17","570.0","PATHARDI, IN","10",",I","8",",I","1",",I","47.0",",,I,26,","126.7",",,,I"
"IN012010200","1916-11","19.17","75.17","570.0","PATHARDI, IN","4",",I","4",",I","1",",I","30.0",",,I,01,","61.2",",,,I"
"IN012010200","1916-12","19.17","75.17","570.0","PATHARDI, IN","0",",I","0",",I","0",",I","0.0",",,I,31,+","0.0",",,,I"
"IN012010200","1917-01","19.17","75.17","570.0","PATHARDI, IN","1",",I","0",",I","0",",I","1.0",",,I,03,","1.0",",,,I"
"IN012010200","1917-02","19.17","75.17","570.0","PATHARDI, IN","4",",I","4",",I","1",",I","30.5",",,I,03,","45.7",",,,I"
"IN012010200","1917-03","19.17","75.17","570.0","PATHARDI, IN","2",",I","1",",I","0",",I","17.3",",,I,29,","19.3",",,,I"
"IN012010200","1917-04","19.17","75.17","570.0","PATHARDI, IN","0",",I","0",",I","0",",I","0.0",",,I,30,+","0.0",",,,I"
"IN012010200","1917-05","19.17","75.17","570.0","PATHARDI, IN","0",",I","0",",I","0",",I","0.0",",,I,31,+","0.0",",,,I"
"IN012010200","1917-06","19.17","75.17","570.0","PATHARDI, IN","12",",I","11",",I","0",",I","23.6",",,I,06,","143.2",",,,I"
"IN012010200","1917-07","19.17","75.17","570.0","PATHARDI, IN","4",",I","2",",I","1",",I","25.9",",,I,21,","30.2",",,,I"
"IN012010200","1917-08","19.17","75.17","570.0","PATHARDI, IN","14",",I","11",",I","3",",I","61.0",",,I,23,","242.1",",,,I"
"IN012010200","1917-09","19.17","75.17","570.0","PATHARDI, IN","21",",I","13",",I","5",",I","55.9",",,I,23,","281.2",",,,I"
"IN012010200","1917-10","19.17","75.17","570.0","PATHARDI, IN","5",",I","5",",I","1",",I","109.2",",,I,15,","162.7",",,,I"
"IN012010200","1917-11","19.17","75.17","570.0","PATHARDI, IN","1",",I","1",",I","0",",I","8.9",",,I,21,","8.9",",,,I"
"IN012010200","1917-12","19.17","75.17","570.0","PATHARDI, IN","0",",I","0",",I","0",",I","0.0",",,I,31,+","0.0",",,,I"
"IN012010200","1918-01","19.17","75.17","570.0","PATHARDI, IN","0",",I","0",",I","0",",I","0.0",",,I,31,+","0.0",",,,I"
"IN012010200","1918-02","19.17","75.17","570.0","PATHARDI, IN","0",",I","0",",I","0",",I","0.0",",,I,28,+","0.0",",,,I"
"IN012010200","1918-03","19.17","75.17","570.0","PATHARDI, IN","0",",I","0",",I","0",",I","0.0",",,I,31,+","0.0",",,,I"
"IN012010200","1918-04","19.17","75.17","570.0","PATHARDI, IN","0",",I","0",",I","0",",I","0.0",",,I,30,+","0.0",",,,I"
"IN012010200","1918-05","19.17","75.17","570.0","PATHARDI, IN","6",",I","4",",I","0",",I","15.2",",,I,28,","55.8",",,,I"
"IN012010200","1918-06","19.17","75.17","570.0","PATHARDI, IN","4",",I","3",",I","1",",I","61.7",",,I,30,","75.2",",,,I"
"IN012010200","1918-07","19.17","75.17","570.0","PATHARDI, IN","5",",I","3",",I","0",",I","11.4",",,I,04,","22.6",",,,I"
"IN012010200","1918-08","19.17","75.17","570.0","PATHARDI, IN","5",",I","3",",I","0",",I","7.6",",,I,17,","15.7",",,,I"
"IN012010200","1918-09","19.17","75.17","570.0","PATHARDI, IN","10",",I","6",",I","0",",I","23.4",",,I,17,","59.1",",,,I"
"IN012010200","1918-10","19.17","75.17","570.0","PATHARDI, IN","2",",I","2",",I","0",",I","17.8",",,I,04,","32.5",",,,I"
"IN012010200","1918-11","19.17","75.17","570.0","PATHARDI, IN","1",",I","1",",I","0",",I","15.2",",,I,28,","15.2",",,,I"
"IN012010200","1918-12","19.17","75.17","570.0","PATHARDI, IN","1",",I","1",",I","1",",I","71.1",",,I,02,","71.1",",,,I"
"IN012010200","1919-01","19.17","75.17","570.0","PATHARDI, IN","0",",I","0",",I","0",",I","0.0",",,I,31,+","0.0",",,,I"
"IN012010200","1919-02","19.17","75.17","570.0","PATHARDI, IN","1",",I","1",",I","0",",I","6.6",",,I,24,","6.6",",,,I"
"IN012010200","1919-03","19.17","75.17","570.0","PATHARDI, IN","0",",I","0",",I","0",",I","0.0",",,I,31,+","0.0",",,,I"
"IN012010200","1919-04","19.17","75.17","570.0","PATHARDI, IN","1",",I","1",",I","1",",I","35.6",",,I,04,","35.6",",,,I"
"IN012010200","1919-05","19.17","75.17","570.0","PATHARDI, IN","1",",I","0",",I","0",",I","0.5",",,I,31,","0.5",",,,I"
"IN012010200","1919-06","19.17","75.17","570.0","PATHARDI, IN","11",",I","8",",I","2",",I","40.1",",,I,29,","130.1",",,,I"
"IN012010200","1919-07","19.17","75.17","570.0","PATHARDI, IN","10",",I","3",",I","1",",I","69.9",",,I,01,","87.3",",,,I"
"IN012010200","1919-08","19.17","75.17","570.0","PATHARDI, IN","11",",I","4",",I","1",",I","34.0",",,I,18,","76.1",",,,I"
"IN012010200","1919-09","19.17","75.17","570.0","PATHARDI, IN","14",",I","11",",I","6",",I","45.7",",,I,25,","278.6",",,,I"
"IN012010200","1919-10","19.17","75.17","570.0","PATHARDI, IN","2",",I","2",",I","0",",I","4.1",",,I,01,","6.6",",,,I"
"IN012010200","1919-11","19.17","75.17","570.0","PATHARDI, IN","1",",I","1",",I","0",",I","12.2",",,I,04,","12.2",",,,I"
"IN012010200","1919-12","19.17","75.17","570.0","PATHARDI, IN","1",",I","0",",I","0",",I","0.3",",,I,13,","0.3",",,,I"
"IN012010200","1920-01","19.17","75.17","570.0","PATHARDI, IN","4",",I","4",",I","0",",I","20.8",",,I,07,","56.1",",,,I"
"IN012010200","1920-02","19.17","75.17","570.0","PATHARDI, IN","0",",I","0",",I","0",",I","0.0",",,I,29,+","0.0",",,,I"
"IN012010200","1920-03","19.17","75.17","570.0","PATHARDI, IN","0",",I","0",",I","0",",I","0.0",",,I,31,+","0.0",",,,I"
"IN012010200","1920-04","19.17","75.17","570.0","PATHARDI, IN","0",",I","0",",I","0",",I","0.0",",,I,30,+","0.0",",,,I"
"IN012010200","1920-05","19.17","75.17","570.0","PATHARDI, IN","3",",I","1",",I","0",",I","5.3",",,I,15,","8.1",",,,I"
"IN012010200","1920-06","19.17","75.17","570.0","PATHARDI, IN","7",",I","1",",I","1",",I","37.6",",,I,21,","44.0",",,,I"
"IN012010200","1920-07","19.17","75.17","570.0","PATHARDI, IN","6",",I","3",",I","0",",I","8.6",",,I,06,","19.5",",,,I"
"IN012010200","1920-08","19.17","75.17","570.0","PATHARDI, IN","5",",I","3",",I","0",",I","15.0",",,I,17,","30.9",",,,I"
"IN012010200","1920-09","19.17","75.17","570.0","PATHARDI, IN","12",",I","11",",I","1",",I","48.3",",,I,21,","129.7",",,,I"
"IN012010200","1920-10","19.17","75.17","570.0","PATHARDI, IN","0",",I","0",",I","0",",I","0.0",",,I,31,+","0.0",",,,I"
"IN012010200","1920-11","19.17","75.17","570.0","PATHARDI, IN","0",",I","0",",I","0",",I","0.0",",,I,30,+","0.0",",,,I"
"IN012010200","1920-12","19.17","75.17","570.0","PATHARDI, IN","0",",I","0",",I","0",",I","0.0",",,I,31,+","0.0",",,,I"
"IN012010200","1921-01","19.17","75.17","570.0","PATHARDI, IN","0",",I","0",",I","0",",I","0.0",",,I,31,+","0.0",",,,I"
"IN012010200","1921-02","19.17","75.17","570.0","PATHARDI, IN","0",",I","0",",I","0",",I","0.0",",,I,28,+","0.0",",,,I"
"IN012010200","1921-03","19.17","75.17","570.0","PATHARDI, IN","0",",I","0",",I","0",",I","0.0",",,I,31,+","0.0",",,,I"
"IN012010200","1921-04","19.17","75.17","570.0","PATHARDI, IN","0",",I","0",",I","0",",I","0.0",",,I,30,+","0.0",",,,I"
"IN012010200","1921-05","19.17","75.17","570.0","PATHARDI, IN","0",",I","0",",I","0",",I","0.0",",,I,31,+","0.0",",,,I"
"IN012010200","1921-06","19.17","75.17","570.0","PATHARDI, IN","8",",I","7",",I","1",",I","27.2",",,I,04,","119.4",",,,I"
"IN012010200","1921-07","19.17","75.17","570.0","PATHARDI, IN","13",",I","9",",I","3",",I","53.8",",,I,09,","159.9",",,,I"
"IN012010200","1921-08","19.17","75.17","570.0","PATHARDI, IN","6",",I","2",",I","0",",I","6.4",",,I,13,","11.8",",,,I"
"IN012010200","1921-09","19.17","75.17","570.0","PATHARDI, IN","11",",I","6",",I","2",",I","93.2",",,I,18,","145.1",",,,I"
"IN012010200","1921-10","19.17","75.17","570.0","PATHARDI, IN","2",",I","2",",I","0",",I","8.9",",,I,08,","13.5",",,,I"
"IN012010200","1921-11","19.17","75.17","570.0","PATHARDI, IN","1",",I","0",",I","0",",I","1.0",",,I,03,","1.0",",,,I"
"IN012010200","1921-12","19.17","75.17","570.0","PATHARDI, IN","0",",I","0",",I","0",",I","0.0",",,I,31,+","0.0",",,,I"
"IN012010200","1922-01","19.17","75.17","570.0","PATHARDI, IN","2",",I","1",",I","0",",I","21.6",",,I,08,","23.6",",,,I"
"IN012010200","1922-02","19.17","75.17","570.0","PATHARDI, IN","0",",I","0",",I","0",",I","0.0",",,I,28,+","0.0",",,,I"
"IN012010200","1922-03","19.17","75.17","570.0","PATHARDI, IN","0",",I","0",",I","0",",I","0.0",",,I,31,+","0.0",",,,I"
"IN012010200","1922-04","19.17","75.17","570.0","PATHARDI, IN","0",",I","0",",I","0",",I","0.0",",,I,30,+","0.0",",,,I"
"IN012010200","1922-05","19.17","75.17","570.0","PATHARDI, IN","3",",I","3",",I","2",",I","25.4",",,I,23,+","74.9",",,,I"
"IN012010200","1922-06","19.17","75.17","570.0","PATHARDI, IN","11",",I","9",",I","5",",I","85.1",",,I,01,","320.5",",,,I"
"IN012010200","1922-07","19.17","75.17","570.0","PATHARDI, IN","10",",I","5",",I","2",",I","54.9",",,I,01,","111.0",",,,I"
"IN012010200","1922-08","19.17","75.17","570.0","PATHARDI, IN","3",",I","1",",I","0",",I","3.3",",,I,20,","5.6",",,,I"
"IN012010200","1922-09","19.17","75.17","570.0","PATHARDI, IN","13",",I","10",",I","1",",I","58.4",",,I,10,","178.5",",,,I"
"IN012010200","1922-10","19.17","75.17","570.0","PATHARDI, IN","3",",I","3",",I","1",",I","26.7",",,I,10,","39.4",",,,I"
"IN012010200","1922-11","19.17","75.17","570.0","PATHARDI, IN","7",",I","5",",I","3",",I","82.6",",,I,11,","226.6",",,,I"
"IN012010200","1922-12","19.17","75.17","570.0","PATHARDI, IN","0",",I","0",",I","0",",I","0.0",",,I,31,+","0.0",",,,I"
"IN012010200","1923-01","19.17","75.17","570.0","PATHARDI, IN","1",",I","1",",I","0",",I","4.3",",,I,12,","4.3",",,,I"
"IN012010200","1923-02","19.17","75.17","570.0","PATHARDI, IN","0",",I","0",",I","0",",I","0.0",",,I,28,+","0.0",",,,I"
"IN012010200","1923-03","19.17","75.17","570.0","PATHARDI, IN","3",",I","2",",I","0",",I","13.2",",,I,10,","20.9",",,,I"
"IN012010200","1923-04","19.17","75.17","570.0","PATHARDI, IN","0",",I","0",",I","0",",I","0.0",",,I,30,+","0.0",",,,I"
"IN012010200","1923-05","19.17","75.17","570.0","PATHARDI, IN","0",",I","0",",I","0",",I","0.0",",,I,31,+","0.0",",,,I"
"IN012010200","1923-06","19.17","75.17","570.0","PATHARDI, IN","4",",I","4",",I","0",",I","8.9",",,I,20,","24.1",",,,I"
"IN012010200","1923-07","19.17","75.17","570.0","PATHARDI, IN","11",",I","8",",I","1",",I","119.4",",,I,21,","189.1",",,,I"
"IN012010200","1923-08","19.17","75.17","570.0","PATHARDI, IN","5",",I","4",",I","0",",I","10.2",",,I,11,","21.3",",,,I"
"IN012010200","1923-09","19.17","75.17","570.0","PATHARDI, IN","13",",I","13",",I","6",",I","88.9",",,I,16,","332.6",",,,I"
"IN012010200","1923-10","19.17","75.17","570.0","PATHARDI, IN","1",",I","1",",I","0",",I","2.5",",,I,18,","2.5",",,,I"
"IN012010200","1923-11","19.17","75.17","570.0","PATHARDI, IN","0",",I","0",",I","0",",I","0.0",",,I,30,+","0.0",",,,I"
"IN012010200","1923-12","19.17","75.17","570.0","PATHARDI, IN","2",",I","2",",I","0",",I","15.2",",,I,04,","18.5",",,,I"
"IN012010200","1924-01","19.17","75.17","570.0","PATHARDI, IN","0",",I","0",",I","0",",I","0.0",",,I,31,+","0.0",",,,I"
"IN012010200","1924-02","19.17","75.17","570.0","PATHARDI, IN","0",",I","0",",I","0",",I","0.0",",,I,29,+","0.0",",,,I"
"IN012010200","1924-03","19.17","75.17","570.0","PATHARDI, IN","0",",I","0",",I","0",",I","0.0",",,I,31,+","0.0",",,,I"
"IN012010200","1924-04","19.17","75.17","570.0","PATHARDI, IN","2",",I","1",",I","0",",I","3.3",",,I,02,","4.1",",,,I"
"IN012010200","1924-05","19.17","75.17","570.0","PATHARDI, IN","1",",I","0",",I","0",",I","1.3",",,I,27,","1.3",",,,I"
"IN012010200","1924-06","19.17","75.17","570.0","PATHARDI, IN","6",",I","5",",I","1",",I","30.5",",,I,15,","87.1",",,,I"
"IN012010200","1924-07","19.17","75.17","570.0","PATHARDI, IN","3",",I","3",",I","0",",I","11.4",",,I,05,","16.7",",,,I"
"IN012010200","1924-08","19.17","75.17","570.0","PATHARDI, IN","13",",I","10",",I","1",",I","27.7",",,I,30,","109.2",",,,I"
"IN012010200","1924-09","19.17","75.17","570.0","PATHARDI, IN","15",",I","13",",I","0",",I","24.1",",,I,27,","134.3",",,,I"
"IN012010200","1924-10","19.17","75.17","570.0","PATHARDI, IN","5",",I","3",",I","0",",I","9.7",",,I,19,","22.8",",,,I"
"IN012010200","1924-11","19.17","75.17","570.0","PATHARDI, IN","1",",I","1",",I","0",",I","6.6",",,I,22,","6.6",",,,I"
"IN012010200","1924-12","19.17","75.17","570.0","PATHARDI, IN","1",",I","0",",I","0",",I","1.3",",,I,09,","1.3",",,,I"
"IN012010200","1925-01","19.17","75.17","570.0","PATHARDI, IN","0",",I","0",",I","0",",I","0.0",",,I,31,+","0.0",",,,I"
"IN012010200","1925-02","19.17","75.17","570.0","PATHARDI, IN","0",",I","0",",I","0",",I","0.0",",,I,28,+","0.0",",,,I"
"IN012010200","1925-03","19.17","75.17","570.0","PATHARDI, IN","0",",I","0",",I","0",",I","0.0",",,I,31,+","0.0",",,,I"
"IN012010200","1925-04","19.17","75.17","570.0","PATHARDI, IN","0",",I","0",",I","0",",I","0.0",",,I,30,+","0.0",",,,I"
"IN012010200","1925-05","19.17","75.17","570.0","PATHARDI, IN","2",",I","2",",I","0",",I","21.8",",,I,29,","26.1",",,,I"
"IN012010200","1925-06","19.17","75.17","570.0","PATHARDI, IN","12",",I","11",",I","2",",I","108.0",",,I,02,","314.3",",,,I"
"IN012010200","1925-07","19.17","75.17","570.0","PATHARDI, IN","7",",I","4",",I","0",",I","9.1",",,I,18,","24.2",",,,I"
"IN012010200","1925-08","19.17","75.17","570.0","PATHARDI, IN","16",",I","11",",I","0",",I","24.1",",,I,10,","125.1",",,,I"
"IN012010200","1925-09","19.17","75.17","570.0","PATHARDI, IN","10",",I","6",",I","0",",I","22.9",",,I,19,","79.0",",,,I"
"IN012010200","1925-10","19.17","75.17","570.0","PATHARDI, IN","4",",I","2",",I","0",",I","5.6",",,I,01,","11.8",",,,I"
"IN012010200","1925-11","19.17","75.17","570.0","PATHARDI, IN","7",",I","4",",I","1",",I","43.2",",,I,11,","65.1",",,,I"
"IN012010200","1925-12","19.17","75.17","570.0","PATHARDI, IN","2",",I","1",",I","1",",I","27.9",",,I,28,","29.2",",,,I"
"IN012010200","1926-01","19.17","75.17","570.0","PATHARDI, IN","6",",I","6",",I","1",",I","37.6",",,I,30,","54.0",",,,I"
"IN012010200","1926-02","19.17","75.17","570.0","PATHARDI, IN","0",",I","0",",I","0",",I","0.0",",,I,28,+","0.0",",,,I"
"IN012010200","1926-03","19.17","75.17","570.0","PATHARDI, IN","0",",I","0",",I","0",",I","0.0",",,I,31,+","0.0",",,,I"
"IN012010200","1926-04","19.17","75.17","570.0","PATHARDI, IN","0",",I","0",",I","0",",I","0.0",",,I,30,+","0.0",",,,I"
"IN012010200","1926-05","19.17","75.17","570.0","PATHARDI, IN","1",",I","1",",I","0",",I","8.9",",,I,19,","8.9",",,,I"
"IN012010200","1926-06","19.17","75.17","570.0","PATHARDI, IN","9",",I","7",",I","1",",I","26.7",",,I,26,","71.4",",,,I"
"IN012010200","1926-07","19.17","75.17","570.0","PATHARDI, IN","10",",I","6",",I","1",",I","42.9",",,I,15,","73.6",",,,I"
"IN012010200","1926-08","19.17","75.17","570.0","PATHARDI, IN","13",",I","13",",I","2",",I","38.1",",,I,05,","165.9",",,,I"
"IN012010200","1926-09","19.17","75.17","570.0","PATHARDI, IN","11",",I","8",",I","2",",I","163.8",",,I,12,","248.8",",,,I"
"IN012010200","1926-10","19.17","75.17","570.0","PATHARDI, IN","1",",I","0",",I","0",",I","1.8",",,I,22,","1.8",",,,I"
"IN012010200","1926-11","19.17","75.17","570.0","PATHARDI, IN","3",",I","2",",I","0",",I","4.3",",,I,11,","8.6",",,,I"
"IN012010200","1926-12","19.17","75.17","570.0","PATHARDI, IN","3",",I","2",",I","0",",I","9.1",",,I,20,","16.5",",,,I"
"IN012010200","1927-01","19.17","75.17","570.0","PATHARDI, IN","0",",I","0",",I","0",",I","0.0",",,I,31,+","0.0",",,,I"
"IN012010200","1927-02","19.17","75.17","570.0","PATHARDI, IN","0",",I","0",",I","0",",I","0.0",",,I,28,+","0.0",",,,I"
"IN012010200","1927-03","19.17","75.17","570.0","PATHARDI, IN","0",",I","0",",I","0",",I","0.0",",,I,31,+","0.0",",,,I"
"IN012010200","1927-04","19.17","75.17","570.0","PATHARDI, IN","1",",I","1",",I","0",",I","3.6",",,I,27,","3.6",",,,I"
"IN012010200","1927-05","19.17","75.17","570.0","PATHARDI, IN","0",",I","0",",I","0",",I","0.0",",,I,31,+","0.0",",,,I"
"IN012010200","1927-06","19.17","75.17","570.0","PATHARDI, IN","12",",I","11",",I","2",",I","63.8",",,I,13,","184.3",",,,I"
"IN012010200","1927-07","19.17","75.17","570.0","PATHARDI, IN","12",",I","6",",I","1",",I","54.1",",,I,13,","105.2",",,,I"
"IN012010200","1927-08","19.17","75.17","570.0","PATHARDI, IN","7",",I","3",",I","0",",I","6.4",",,I,02,","16.3",",,,I"
"IN012010200","1927-09","19.17","75.17","570.0","PATHARDI, IN","16",",I","11",",I","1",",I","26.2",",,I,24,","118.5",",,,I"
"IN012010200","1927-10","19.17","75.17","570.0","PATHARDI, IN","5",",I","2",",I","1",",I","41.1",",,I,01,","52.1",",,,I"
"IN012010200","1927-11","19.17","75.17","570.0","PATHARDI, IN","4",",I","3",",I","2",",I","77.5",",,I,12,","139.5",",,,I"
"IN012010200","1927-12","19.17","75.17","570.0","PATHARDI, IN","0",",I","0",",I","0",",I","0.0",",,I,31,+","0.0",",,,I"
"IN012010200","1928-01","19.17","75.17","570.0","PATHARDI, IN","0",",I","0",",I","0",",I","0.0",",,I,31,+","0.0",",,,I"
"IN012010200","1928-02","19.17","75.17","570.0","PATHARDI, IN","2",",I","2",",I","0",",I","10.9",",,I,03,","20.3",",,,I"
"IN012010200","1928-03","19.17","75.17","570.0","PATHARDI, IN","0",",I","0",",I","0",",I","0.0",",,I,31,+","0.0",",,,I"
"IN012010200","1928-04","19.17","75.17","570.0","PATHARDI, IN","0",",I","0",",I","0",",I","0.0",",,I,30,+","0.0",",,,I"
"IN012010200","1928-05","19.17","75.17","570.0","PATHARDI, IN","0",",I","0",",I","0",",I","0.0",",,I,31,+","0.0",",,,I"
"IN012010200","1928-06","19.17","75.17","570.0","PATHARDI, IN","14",",I","10",",I","2",",I","54.1",",,I,12,","201.6",",,,I"
"IN012010200","1928-07","19.17","75.17","570.0","PATHARDI, IN","7",",I","3",",I","0",",I","8.9",",,I,13,","22.9",",,,I"
"IN012010200","1928-08","19.17","75.17","570.0","PATHARDI, IN","10",",I","6",",I","0",",I","18.8",",,I,28,","54.7",",,,I"
"IN012010200","1928-09","19.17","75.17","570.0","PATHARDI, IN","15",",I","11",",I","6",",I","80.0",",,I,18,","391.5",",,,I"
"IN012010200","1928-10","19.17","75.17","570.0","PATHARDI, IN","7",",I","5",",I","0",",I","15.5",",,I,06,","38.0",",,,I"
"IN012010200","1928-11","19.17","75.17","570.0","PATHARDI, IN","0",",I","0",",I","0",",I","0.0",",,I,30,+","0.0",",,,I"
"IN012010200","1928-12","19.17","75.17","570.0","PATHARDI, IN","1",",I","1",",I","0",",I","4.1",",,I,05,","4.1",",,,I"
"IN012010200","1929-01","19.17","75.17","570.0","PATHARDI, IN","0",",I","0",",I","0",",I","0.0",",,I,31,+","0.0",",,,I"
"IN012010200","1929-02","19.17","75.17","570.0","PATHARDI, IN","1",",I","1",",I","0",",I","23.6",",,I,17,","23.6",",,,I"
"IN012010200","1929-03","19.17","75.17","570.0","PATHARDI, IN","0",",I","0",",I","0",",I","0.0",",,I,31,+","0.0",",,,I"
"IN012010200","1929-04","19.17","75.17","570.0","PATHARDI, IN","4",",I","4",",I","1",",I","37.8",",,I,24,","52.5",",,,I"
"IN012010200","1929-05","19.17","75.17","570.0","PATHARDI, IN","0",",I","0",",I","0",",I","0.0",",,I,31,+","0.0",",,,I"
"IN012010200","1929-06","19.17","75.17","570.0","PATHARDI, IN","14",",I","8",",I","2",",I","82.0",",,I,20,","196.4",",,,I"
"IN012010200","1929-07","19.17","75.17","570.0","PATHARDI, IN","7",",I","5",",I","0",",I","16.5",",,I,11,","45.5",",,,I"
"IN012010200","1929-08","19.17","75.17","570.0","PATHARDI, IN","7",",I","4",",I","0",",I","8.9",",,I,17,","23.6",",,,I"
"IN012010200","1929-09","19.17","75.17","570.0","PATHARDI, IN","12",",I","10",",I","1",",I","30.5",",,I,29,","139.7",",,,I"
"IN012010200","1929-10","19.17","75.17","570.0","PATHARDI, IN","2",",I","2",",I","2",",I","65.8",",,I,01,","92.5",",,,I"
"IN012010200","1929-11","19.17","75.17","570.0","PATHARDI, IN","0",",I","0",",I","0",",I","0.0",",,I,30,+","0.0",",,,I"
"IN012010200","1929-12","19.17","75.17","570.0","PATHARDI, IN","0",",I","0",",I","0",",I","0.0",",,I,31,+","0.0",",,,I"
"IN012010200","1930-01","19.17","75.17","570.0","PATHARDI, IN","0",",I","0",",I","0",",I","0.0",",,I,31,+","0.0",",,,I"
"IN012010200","1930-02","19.17","75.17","570.0","PATHARDI, IN","0",",I","0",",I","0",",I","0.0",",,I,28,+","0.0",",,,I"
"IN012010200","1930-03","19.17","75.17","570.0","PATHARDI, IN","0",",I","0",",I","0",",I","0.0",",,I,31,+","0.0",",,,I"
"IN012010200","1930-04","19.17","75.17","570.0","PATHARDI, IN","0",",I","0",",I","0",",I","0.0",",,I,30,+","0.0",",,,I"
"IN012010200","1930-05","19.17","75.17","570.0","PATHARDI, IN","1",",I","1",",I","0",",I","9.9",",,I,22,","9.9",",,,I"
"IN012010200","1930-06","19.17","75.17","570.0","PATHARDI, IN","11",",I","6",",I","1",",I","52.1",",,I,18,","92.5",",,,I"
"IN012010200","1930-07","19.17","75.17","570.0","PATHARDI, IN","5",",I","3",",I","0",",I","21.6",",,I,25,","40.9",",,,I"
"IN012010200","1930-08","19.17","75.17","570.0","PATHARDI, IN","7",",I","4",",I","1",",I","61.5",",,I,02,","73.2",",,,I"
"IN012010200","1930-09","19.17","75.17","570.0","PATHARDI, IN","14",",I","13",",I","6",",I","44.2",",,I,05,","272.9",",,,I"
"IN012010200","1930-10","19.17","75.17","570.0","PATHARDI, IN","7",",I","6",",I","0",",I","24.6",",,I,28,","72.9",",,,I"
"IN012010200","1930-11","19.17","75.17","570.0","PATHARDI, IN","4",",I","4",",I","0",",I","12.7",",,I,05,","31.0",",,,I"
"IN012010200","1930-12","19.17","75.17","570.0","PATHARDI, IN","1",",I","1",",I","0",",I","13.5",",,I,06,","13.5",",,,I"
"IN012010200","1931-01","19.17","75.17","570.0","PATHARDI, IN","0",",I","0",",I","0",",I","0.0",",,I,31,+","0.0",",,,I"
"IN012010200","1931-02","19.17","75.17","570.0","PATHARDI, IN","0",",I","0",",I","0",",I","0.0",",,I,28,+","0.0",",,,I"
"IN012010200","1931-03","19.17","75.17","570.0","PATHARDI, IN","0",",I","0",",I","0",",I","0.0",",,I,31,+","0.0",",,,I"
"IN012010200","1931-04","19.17","75.17","570.0","PATHARDI, IN","0",",I","0",",I","0",",I","0.0",",,I,30,+","0.0",",,,I"
"IN012010200","1931-05","19.17","75.17","570.0","PATHARDI, IN","0",",I","0",",I","0",",I","0.0",",,I,31,+","0.0",",,,I"
"IN012010200","1931-06","19.17","75.17","570.0","PATHARDI, IN","9",",I","7",",I","2",",I","83.6",",,I,28,","153.0",",,,I"
"IN012010200","1931-07","19.17","75.17","570.0","PATHARDI, IN","15",",I","13",",I","1",",I","54.1",",,I,27,","168.3",",,,I"
"IN012010200","1931-08","19.17","75.17","570.0","PATHARDI, IN","6",",I","3",",I","0",",I","12.7",",,I,23,","30.3",",,,I"
"IN012010200","1931-09","19.17","75.17","570.0","PATHARDI, IN","13",",I","10",",I","4",",I","67.3",",,I,18,","291.6",",,,I"
"IN012010200","1931-10","19.17","75.17","570.0","PATHARDI, IN","11",",I","9",",I","3",",I","38.1",",,I,02,","141.0",",,,I"
"IN012010200","1931-11","19.17","75.17","570.0","PATHARDI, IN","3",",I","3",",I","1",",I","49.5",",,I,05,","60.7",",,,I"
"IN012010200","1931-12","19.17","75.17","570.0","PATHARDI, IN","3",",I","2",",I","0",",I","10.2",",,I,14,","19.8",",,,I"
"IN012010200","1932-01","19.17","75.17","570.0","PATHARDI, IN","0",",I","0",",I","0",",I","0.0",",,I,31,+","0.0",",,,I"
"IN012010200","1932-02","19.17","75.17","570.0","PATHARDI, IN","0",",I","0",",I","0",",I","0.0",",,I,29,+","0.0",",,,I"
"IN012010200","1932-03","19.17","75.17","570.0","PATHARDI, IN","1",",I","0",",I","0",",I","0.8",",,I,25,","0.8",",,,I"
"IN012010200","1932-04","19.17","75.17","570.0","PATHARDI, IN","1",",I","1",",I","0",",I","2.5",",,I,30,","2.5",",,,I"
"IN012010200","1932-05","19.17","75.17","570.0","PATHARDI, IN","1",",I","0",",I","0",",I","1.3",",,I,21,","1.3",",,,I"
"IN012010200","1932-06","19.17","75.17","570.0","PATHARDI, IN","8",",I","5",",I","0",",I","17.8",",,I,20,","75.5",",,,I"
"IN012010200","1932-07","19.17","75.17","570.0","PATHARDI, IN","16",",I","10",",I","1",",I","25.9",",,I,05,","99.2",",,,I"
"IN012010200","1932-08","19.17","75.17","570.0","PATHARDI, IN","11",",I","8",",I","2",",I","38.1",",,I,21,","116.4",",,,I"
"IN012010200","1932-09","19.17","75.17","570.0","PATHARDI, IN","10",",I","6",",I","1",",I","30.5",",,I,03,","118.7",",,,I"
"IN012010200","1932-10","19.17","75.17","570.0","PATHARDI, IN","7",",I","6",",I","1",",I","27.9",",,I,27,","76.5",",,,I"
"IN012010200","1932-11","19.17","75.17","570.0","PATHARDI, IN","1",",I","1",",I","0",",I","6.4",",,I,30,","6.4",",,,I"
"IN012010200","1932-12","19.17","75.17","570.0","PATHARDI, IN","0",",I","0",",I","0",",I","0.0",",,I,31,+","0.0",",,,I"
"IN012010200","1933-01","19.17","75.17","570.0","PATHARDI, IN","0",",I","0",",I","0",",I","0.0",",,I,31,+","0.0",",,,I"
"IN012010200","1933-02","19.17","75.17","570.0","PATHARDI, IN","0",",I","0",",I","0",",I","0.0",",,I,28,+","0.0",",,,I"
"IN012010200","1933-03","19.17","75.17","570.0","PATHARDI, IN","0",",I","0",",I","0",",I","0.0",",,I,31,+","0.0",",,,I"
"IN012010200","1933-04","19.17","75.17","570.0","PATHARDI, IN","1",",I","0",",I","0",",I","1.3",",,I,10,","1.3",",,,I"
"IN012010200","1933-05","19.17","75.17","570.0","PATHARDI, IN","3",",I","2",",I","0",",I","24.6",",,I,17,","31.2",",,,I"
"IN012010200","1933-06","19.17","75.17","570.0","PATHARDI, IN","12",",I","9",",I","2",",I","59.4",",,I,03,","165.9",",,,I"
"IN012010200","1933-07","19.17","75.17","570.0","PATHARDI, IN","9",",I","4",",I","0",",I","16.0",",,I,17,","36.6",",,,I"
"IN012010200","1933-08","19.17","75.17","570.0","PATHARDI, IN","14",",I","10",",I","1",",I","28.7",",,I,25,","95.0",",,,I"
"IN012010200","1933-09","19.17","75.17","570.0","PATHARDI, IN","16",",I","12",",I","3",",I","54.6",",,I,12,","220.6",",,,I"
"IN012010200","1933-10","19.17","75.17","570.0","PATHARDI, IN","7",",I","3",",I","0",",I","6.6",",,I,01,","18.0",",,,I"
"IN012010200","1933-11","19.17","75.17","570.0","PATHARDI, IN","2",",I","2",",I","0",",I","6.6",",,I,19,","10.2",",,,I"
"IN012010200","1933-12","19.17","75.17","570.0","PATHARDI, IN","3",",I","1",",I","0",",I","7.9",",,I,20,","9.9",",,,I"
"IN012010200","1934-01","19.17","75.17","570.0","PATHARDI, IN","1",",I","1",",I","0",",I","3.8",",,I,07,","3.8",",,,I"
"IN012010200","1934-02","19.17","75.17","570.0","PATHARDI, IN","0",",I","0",",I","0",",I","0.0",",,I,28,+","0.0",",,,I"
"IN012010200","1934-03","19.17","75.17","570.0","PATHARDI, IN","0",",I","0",",I","0",",I","0.0",",,I,31,+","0.0",",,,I"
"IN012010200","1934-04","19.17","75.17","570.0","PATHARDI, IN","0",",I","0",",I","0",",I","0.0",",,I,30,+","0.0",",,,I"
"IN012010200","1934-05","19.17","75.17","570.0","PATHARDI, IN","0",",I","0",",I","0",",I","0.0",",,I,31,+","0.0",",,,I"
"IN012010200","1934-06","19.17","75.17","570.0","PATHARDI, IN","5",",I","3",",I","3",",I","48.3",",,I,08,","138.8",",,,I"
"IN012010200","1934-07","19.17","75.17","570.0","PATHARDI, IN","16",",I","9",",I","1",",I","30.0",",,I,31,","119.3",",,,I"
"IN012010200","1934-08","19.17","75.17","570.0","PATHARDI, IN","13",",I","6",",I","3",",I","61.7",",,I,03,","226.5",",,,I"
"IN012010200","1934-09","19.17","75.17","570.0","PATHARDI, IN","13",",I","11",",I","2",",I","152.9",",,I,07,","249.2",",,,I"
"IN012010200","1934-10","19.17","75.17","570.0","PATHARDI, IN","1",",I","0",",I","0",",I","0.5",",,I,13,","0.5",",,,I"
"IN012010200","1934-11","19.17","75.17","570.0","PATHARDI, IN","3",",I","3",",I","1",",I","77.0",",,I,02,","107.2",",,,I"
"IN012010200","1934-12","19.17","75.17","570.0","PATHARDI, IN","0",",I","0",",I","0",",I","0.0",",,I,31,+","0.0",",,,I"
"IN012010200","1935-01","19.17","75.17","570.0","PATHARDI, IN","0",",I","0",",I","0",",I","0.0",",,I,31,+","0.0",",,,I"
"IN012010200","1935-02","19.17","75.17","570.0","PATHARDI, IN","0",",I","0",",I","0",",I","0.0",",,I,28,+","0.0",",,,I"
"IN012010200","1935-03","19.17","75.17","570.0","PATHARDI, IN","0",",I","0",",I","0",",I","0.0",",,I,31,+","0.0",",,,I"
"IN012010200","1935-04","19.17","75.17","570.0","PATHARDI, IN","0",",I","0",",I","0",",I","0.0",",,I,30,+","0.0",",,,I"
"IN012010200","1935-05","19.17","75.17","570.0","PATHARDI, IN","0",",I","0",",I","0",",I","0.0",",,I,31,+","0.0",",,,I"
"IN012010200","1935-06","19.17","75.17","570.0","PATHARDI, IN","14",",I","7",",I","2",",I","61.0",",,I,12,","190.8",",,,I"
"IN012010200","1935-07","19.17","75.17","570.0","PATHARDI, IN","10",",I","6",",I","1",",I","84.1",",,I,05,","119.5",",,,I"
"IN012010200","1935-08","19.17","75.17","570.0","PATHARDI, IN","11",",I","7",",I","1",",I","58.9",",,I,27,","132.3",",,,I"
"IN012010200","1935-09","19.17","75.17","570.0","PATHARDI, IN","9",",I","7",",I","2",",I","36.3",",,I,02,","111.2",",,,I"
"IN012010200","1935-10","19.17","75.17","570.0","PATHARDI, IN","10",",I","6",",I","1",",I","33.5",",,I,24,","84.3",",,,I"
"IN012010200","1935-11","19.17","75.17","570.0","PATHARDI, IN","0",",I","0",",I","0",",I","0.0",",,I,30,+","0.0",",,,I"
"IN012010200","1935-12","19.17","75.17","570.0","PATHARDI, IN","0",",I","0",",I","0",",I","0.0",",,I,31,+","0.0",",,,I"
"IN012010200","1936-01","19.17","75.17","570.0","PATHARDI, IN","0",",I","0",",I","0",",I","0.0",",,I,31,+","0.0",",,,I"
"IN012010200","1936-02","19.17","75.17","570.0","PATHARDI, IN","1",",I","1",",I","0",",I","2.5",",,I,12,","2.5",",,,I"
"IN012010200","1936-03","19.17","75.17","570.0","PATHARDI, IN","1",",I","0",",I","0",",I","2.0",",,I,31,","2.0",",,,I"
"IN012010200","1936-04","19.17","75.17","570.0","PATHARDI, IN","1",",I","1",",I","0",",I","15.7",",,I,01,","15.7",",,,I"
"IN012010200","1936-05","19.17","75.17","570.0","PATHARDI, IN","1",",I","1",",I","0",",I","13.2",",,I,22,","13.2",",,,I"
"IN012010200","1936-06","19.17","75.17","570.0","PATHARDI, IN","7",",I","3",",I","0",",I","8.1",",,I,28,","21.6",",,,I"
"IN012010200","1936-07","19.17","75.17","570.0","PATHARDI, IN","7",",I","3",",I","0",",I","11.7",",,I,25,","29.8",",,,I"
"IN012010200","1936-08","19.17","75.17","570.0","PATHARDI, IN","4",",I","3",",I","0",",I","3.6",",,I,12,","9.9",",,,I"
"IN012010200","1936-09","19.17","75.17","570.0","PATHARDI, IN","16",",I","8",",I","3",",I","43.2",",,I,22,","143.9",",,,I"
"IN012010200","1936-10","19.17","75.17","570.0","PATHARDI, IN","0",",I","0",",I","0",",I","0.0",",,I,31,+","0.0",",,,I"
"IN012010200","1936-11","19.17","75.17","570.0","PATHARDI, IN","11",",I","9",",I","1",",I","26.4",",,I,22,","82.4",",,,I"
"IN012010200","1936-12","19.17","75.17","570.0","PATHARDI, IN","0",",I","0",",I","0",",I","0.0",",,I,31,+","0.0",",,,I"
"IN012010200","1937-01","19.17","75.17","570.0","PATHARDI, IN","0",",I","0",",I","0",",I","0.0",",,I,31,+","0.0",",,,I"
"IN012010200","1937-02","19.17","75.17","570.0","PATHARDI, IN","0",",I","0",",I","0",",I","0.0",",,I,28,+","0.0",",,,I"
"IN012010200","1937-03","19.17","75.17","570.0","PATHARDI, IN","0",",I","0",",I","0",",I","0.0",",,I,31,+","0.0",",,,I"
"IN012010200","1937-04","19.17","75.17","570.0","PATHARDI, IN","3",",I","2",",I","1",",I","43.7",",,I,19,","59.5",",,,I"
"IN012010200","1937-05","19.17","75.17","570.0","PATHARDI, IN","1",",I","0",",I","0",",I","1.5",",,I,28,","1.5",",,,I"
"IN012010200","1937-06","19.17","75.17","570.0","PATHARDI, IN","7",",I","7",",I","2",",I","34.3",",,I,18,","95.5",",,,I"
"IN012010200","1937-07","19.17","75.17","570.0","PATHARDI, IN","16",",I","12",",I","1",",I","37.3",",,I,10,","146.0",",,,I"
"IN012010200","1937-08","19.17","75.17","570.0","PATHARDI, IN","4",",I","1",",I","0",",I","4.1",",,I,20,","7.6",",,,I"
"IN012010200","1937-09","19.17","75.17","570.0","PATHARDI, IN","13",",I","10",",I","4",",I","42.4",",,I,25,","195.1",",,,I"
"IN012010200","1937-10","19.17","75.17","570.0","PATHARDI, IN","8",",I","7",",I","2",",I","75.2",",,I,28,","154.7",",,,I"
"IN012010200","1937-11","19.17","75.17","570.0","PATHARDI, IN","0",",I","0",",I","0",",I","0.0",",,I,30,+","0.0",",,,I"
"IN012010200","1937-12","19.17","75.17","570.0","PATHARDI, IN","4",",I","2",",I","0",",I","22.4",",,I,25,","27.8",",,,I"
"IN012010200","1938-01","19.17","75.17","570.0","PATHARDI, IN","0",",I","0",",I","0",",I","0.0",",,I,31,+","0.0",",,,I"
"IN012010200","1938-02","19.17","75.17","570.0","PATHARDI, IN","0",",I","0",",I","0",",I","0.0",",,I,28,+","0.0",",,,I"
"IN012010200","1938-03","19.17","75.17","570.0","PATHARDI, IN","2",",I","2",",I","2",",I","53.1",",,I,26,","94.2",",,,I"
"IN012010200","1938-04","19.17","75.17","570.0","PATHARDI, IN","3",",I","1",",I","0",",I","17.0",",,I,01,","18.3",",,,I"
"IN012010200","1938-05","19.17","75.17","570.0","PATHARDI, IN","6",",I","5",",I","1",",I","77.7",",,I,27,","119.1",",,,I"
"IN012010200","1938-06","19.17","75.17","570.0","PATHARDI, IN","12",",I","9",",I","1",",I","37.1",",,I,10,","135.7",",,,I"
"IN012010200","1938-07","19.17","75.17","570.0","PATHARDI, IN","16",",I","11",",I","5",",I","109.2",",,I,07,","351.8",",,,I"
"IN012010200","1938-08","19.17","75.17","570.0","PATHARDI, IN","11",",I","9",",I","2",",I","42.2",",,I,07,","139.4",",,,I"
"IN012010200","1938-09","19.17","75.17","570.0","PATHARDI, IN","15",",I","12",",I","4",",I","108.0",",,I,14,","282.4",",,,I"
"IN012010200","1938-10","19.17","75.17","570.0","PATHARDI, IN","7",",I","5",",I","3",",I","59.7",",,I,02,","130.1",",,,I"
"IN012010200","1938-11","19.17","75.17","570.0","PATHARDI, IN","0",",I","0",",I","0",",I","0.0",",,I,30,+","0.0",",,,I"
"IN012010200","1938-12","19.17","75.17","570.0","PATHARDI, IN","0",",I","0",",I","0",",I","0.0",",,I,31,+","0.0",",,,I"
"IN012010200","1939-01","19.17","75.17","570.0","PATHARDI, IN","0",",I","0",",I","0",",I","0.0",",,I,31,+","0.0",",,,I"
"IN012010200","1939-02","19.17","75.17","570.0","PATHARDI, IN","0",",I","0",",I","0",",I","0.0",",,I,28,+","0.0",",,,I"
"IN012010200","1939-03","19.17","75.17","570.0","PATHARDI, IN","0",",I","0",",I","0",",I","0.0",",,I,31,+","0.0",",,,I"
"IN012010200","1939-04","19.17","75.17","570.0","PATHARDI, IN","2",",I","0",",I","0",",I","1.0",",,I,17,","1.8",",,,I"
"IN012010200","1939-05","19.17","75.17","570.0","PATHARDI, IN","0",",I","0",",I","0",",I","0.0",",,I,31,+","0.0",",,,I"
"IN012010200","1939-06","19.17","75.17","570.0","PATHARDI, IN","10",",I","8",",I","2",",I","47.5",",,I,09,","137.5",",,,I"
"IN012010200","1939-07","19.17","75.17","570.0","PATHARDI, IN","11",",I","9",",I","1",",I","50.3",",,I,06,","120.3",",,,I"
"IN012010200","1939-08","19.17","75.17","570.0","PATHARDI, IN","8",",I","6",",I","1",",I","51.3",",,I,25,","115.3",",,,I"
"IN012010200","1939-09","19.17","75.17","570.0","PATHARDI, IN","7",",I","2",",I","1",",I","34.3",",,I,19,","49.7",",,,I"
"IN012010200","1939-10","19.17","75.17","570.0","PATHARDI, IN","5",",I","2",",I","0",",I","9.7",",,I,03,","22.1",",,,I"
"IN012010200","1939-11","19.17","75.17","570.0","PATHARDI, IN","3",",I","3",",I","0",",I","19.8",",,I,01,","31.0",",,,I"
"IN012010200","1939-12","19.17","75.17","570.0","PATHARDI, IN","0",",I","0",",I","0",",I","0.0",",,I,31,+","0.0",",,,I"
"IN012010200","1940-01","19.17","75.17","570.0","PATHARDI, IN","0",",I","0",",I","0",",I","0.0",",,I,31,+","0.0",",,,I"
"IN012010200","1940-02","19.17","75.17","570.0","PATHARDI, IN","0",",I","0",",I","0",",I","0.0",",,I,29,+","0.0",",,,I"
"IN012010200","1940-03","19.17","75.17","570.0","PATHARDI, IN","0",",I","0",",I","0",",I","0.0",",,I,31,+","0.0",",,,I"
"IN012010200","1940-04","19.17","75.17","570.0","PATHARDI, IN","2",",I","1",",I","0",",I","2.8",",,I,20,","4.3",",,,I"
"IN012010200","1940-05","19.17","75.17","570.0","PATHARDI, IN","1",",I","0",",I","0",",I","0.3",",,I,04,","0.3",",,,I"
"IN012010200","1940-06","19.17","75.17","570.0","PATHARDI, IN","17",",I","13",",I","2",",I","108.2",",,I,23,","245.5",",,,I"
"IN012010200","1940-07","19.17","75.17","570.0","PATHARDI, IN","10",",I","3",",I","0",",I","12.4",",,I,18,","29.8",",,,I"
"IN012010200","1940-08","19.17","75.17","570.0","PATHARDI, IN","12",",I","7",",I","2",",I","32.3",",,I,13,","138.1",",,,I"
"IN012010200","1940-09","19.17","75.17","570.0","PATHARDI, IN","6",",I","4",",I","2",",I","41.9",",,I,24,","106.9",",,,I"
"IN012010200","1940-10","19.17","75.17","570.0","PATHARDI, IN","5",",I","4",",I","1",",I","30.5",",,I,14,","41.5",",,,I"
"IN012010200","1940-11","19.17","75.17","570.0","PATHARDI, IN","2",",I","1",",I","1",",I","34.0",",,I,28,","35.8",",,,I"
"IN012010200","1940-12","19.17","75.17","570.0","PATHARDI, IN","1",",I","1",",I","0",",I","4.3",",,I,12,","4.3",",,,I"
"IN012010200","1941-01","19.17","75.17","570.0","PATHARDI, IN","4",",I","2",",I","1",",I","58.9",",,I,08,","63.0",",,,I"
"IN012010200","1941-02","19.17","75.17","570.0","PATHARDI, IN","2",",I","1",",I","0",",I","3.8",",,I,07,","5.6",",,,I"
"IN012010200","1941-03","19.17","75.17","570.0","PATHARDI, IN","0",",I","0",",I","0",",I","0.0",",,I,31,+","0.0",",,,I"
"IN012010200","1941-04","19.17","75.17","570.0","PATHARDI, IN","1",",I","1",",I","0",",I","13.2",",,I,10,","13.2",",,,I"
"IN012010200","1941-05","19.17","75.17","570.0","PATHARDI, IN","0",",I","0",",I","0",",I","0.0",",,I,31,+","0.0",",,,I"
"IN012010200","1941-06","19.17","75.17","570.0","PATHARDI, IN","4",",I","2",",I","0",",I","18.5",",,I,05,","24.1",",,,I"
"IN012010200","1941-07","19.17","75.17","570.0","PATHARDI, IN","6",",I","4",",I","0",",I","15.0",",,I,01,","39.0",",,,I"
"IN012010200","1941-08","19.17","75.17","570.0","PATHARDI, IN","7",",I","3",",I","0",",I","21.8",",,I,09,","37.5",",,,I"
"IN012010200","1941-09","19.17","75.17","570.0","PATHARDI, IN","10",",I","6",",I","3",",I","117.1",",,I,14,","246.2",",,,I"
"IN012010200","1941-10","19.17","75.17","570.0","PATHARDI, IN","2",",I","0",",I","0",",I","1.5",",,I,04,","2.3",",,,I"
"IN012010200","1941-11","19.17","75.17","570.0","PATHARDI, IN","0",",I","0",",I","0",",I","0.0",",,I,30,+","0.0",",,,I"
"IN012010200","1941-12","19.17","75.17","570.0","PATHARDI, IN","0",",I","0",",I","0",",I","0.0",",,I,31,+","0.0",",,,I"
"IN012010200","1942-01","19.17","75.17","570.0","PATHARDI, IN","0",",I","0",",I","0",",I","0.0",",,I,31,+","0.0",",,,I"
"IN012010200","1942-02","19.17","75.17","570.0","PATHARDI, IN","1",",I","1",",I","0",",I","21.8",",,I,03,","21.8",",,,I"
"IN012010200","1942-03","19.17","75.17","570.0","PATHARDI, IN","0",",I","0",",I","0",",I","0.0",",,I,31,+","0.0",",,,I"
"IN012010200","1942-04","19.17","75.17","570.0","PATHARDI, IN","0",",I","0",",I","0",",I","0.0",",,I,30,+","0.0",",,,I"
"IN012010200","1942-05","19.17","75.17","570.0","PATHARDI, IN","1",",I","1",",I","0",",I","6.4",",,I,18,","6.4",",,,I"
"IN012010200","1942-06","19.17","75.17","570.0","PATHARDI, IN","11",",I","10",",I","4",",I","64.8",",,I,15,","244.8",",,,I"
"IN012010200","1942-07","19.17","75.17","570.0","PATHARDI, IN","12",",I","9",",I","0",",I","17.5",",,I,06,","74.5",",,,I"
"IN012010200","1942-08","19.17","75.17","570.0","PATHARDI, IN","14",",I","8",",I","1",",I","26.7",",,I,28,","116.5",",,,I"
"IN012010200","1942-09","19.17","75.17","570.0","PATHARDI, IN","10",",I","7",",I","2",",I","34.8",",,I,01,","105.5",",,,I"
"IN012010200","1942-10","19.17","75.17","570.0","PATHARDI, IN","1",",I","1",",I","0",",I","4.3",",,I,10,","4.3",",,,I"
"IN012010200","1942-11","19.17","75.17","570.0","PATHARDI, IN","0",",I","0",",I","0",",I","0.0",",,I,30,+","0.0",",,,I"
"IN012010200","1942-12","19.17","75.17","570.0","PATHARDI, IN","3",",I","3",",I","1",",I","36.8",",,I,23,","56.4",",,,I"
"IN012010200","1943-01","19.17","75.17","570.0","PATHARDI, IN","0",",I","0",",I","0",",I","0.0",",,I,31,+","0.0",",,,I"
"IN012010200","1943-02","19.17","75.17","570.0","PATHARDI, IN","0",",I","0",",I","0",",I","0.0",",,I,28,+","0.0",",,,I"
"IN012010200","1943-03","19.17","75.17","570.0","PATHARDI, IN","0",",I","0",",I","0",",I","0.0",",,I,31,+","0.0",",,,I"
"IN012010200","1943-04","19.17","75.17","570.0","PATHARDI, IN","0",",I","0",",I","0",",I","0.0",",,I,30,+","0.0",",,,I"
"IN012010200","1943-05","19.17","75.17","570.0","PATHARDI, IN","6",",I","6",",I","1",",I","43.2",",,I,27,","73.5",",,,I"
"IN012010200","1943-06","19.17","75.17","570.0","PATHARDI, IN","13",",I","12",",I","3",",I","55.1",",,I,13,","221.7",",,,I"
"IN012010200","1943-07","19.17","75.17","570.0","PATHARDI, IN","8",",I","8",",I","3",",I","58.4",",,I,02,","169.4",",,,I"
"IN012010200","1943-08","19.17","75.17","570.0","PATHARDI, IN","1",",I","0",",I","0",",I","1.3",",,I,15,","1.3",",,,I"
"IN012010200","1943-09","19.17","75.17","570.0","PATHARDI, IN","14",",I","14",",I","4",",I","73.7",",,I,10,","289.8",",,,I"
"IN012010200","1943-10","19.17","75.17","570.0","PATHARDI, IN","8",",I","7",",I","2",",I","83.1",",,I,15,","236.8",",,,I"
"IN012010200","1943-11","19.17","75.17","570.0","PATHARDI, IN","1",",I","0",",I","0",",I","1.8",",,I,03,","1.8",",,,I"
"IN012010200","1943-12","19.17","75.17","570.0","PATHARDI, IN","0",",I","0",",I","0",",I","0.0",",,I,31,+","0.0",",,,I"
"IN012010200","1944-01","19.17","75.17","570.0","PATHARDI, IN","0",",I","0",",I","0",",I","0.0",",,I,31,+","0.0",",,,I"
"IN012010200","1944-02","19.17","75.17","570.0","PATHARDI, IN","0",",I","0",",I","0",",I","0.0",",,I,29,+","0.0",",,,I"
"IN012010200","1944-03","19.17","75.17","570.0","PATHARDI, IN","2",",I","1",",I","1",",I","25.4",",,I,12,","27.7",",,,I"
"IN012010200","1944-04","19.17","75.17","570.0","PATHARDI, IN","0",",I","0",",I","0",",I","0.0",",,I,30,+","0.0",",,,I"
"IN012010200","1944-05","19.17","75.17","570.0","PATHARDI, IN","0",",I","0",",I","0",",I","0.0",",,I,31,+","0.0",",,,I"
"IN012010200","1944-06","19.17","75.17","570.0","PATHARDI, IN","9",",I","4",",I","0",",I","16.0",",,I,22,","40.7",",,,I"
"IN012010200","1944-07","19.17","75.17","570.0","PATHARDI, IN","17",",I","13",",I","1",",I","27.9",",,I,01,","176.4",",,,I"
"IN012010200","1944-08","19.17","75.17","570.0","PATHARDI, IN","7",",I","5",",I","0",",I","8.1",",,I,21,","33.0",",,,I"
"IN012010200","1944-09","19.17","75.17","570.0","PATHARDI, IN","12",",I","11",",I","1",",I","53.6",",,I,08,","165.2",",,,I"
"IN012010200","1944-10","19.17","75.17","570.0","PATHARDI, IN","8",",I","7",",I","1",",I","29.0",",,I,09,","100.1",",,,I"
"IN012010200","1944-11","19.17","75.17","570.0","PATHARDI, IN","2",",I","2",",I","0",",I","15.2",",,I,02,","24.1",",,,I"
"IN012010200","1944-12","19.17","75.17","570.0","PATHARDI, IN","0",",I","0",",I","0",",I","0.0",",,I,31,+","0.0",",,,I"
"IN012010200","1945-01","19.17","75.17","570.0","PATHARDI, IN","0",",I","0",",I","0",",I","0.0",",,I,31,+","0.0",",,,I"
"IN012010200","1945-02","19.17","75.17","570.0","PATHARDI, IN","0",",I","0",",I","0",",I","0.0",",,I,28,+","0.0",",,,I"
"IN012010200","1945-03","19.17","75.17","570.0","PATHARDI, IN","0",",I","0",",I","0",",I","0.0",",,I,31,+","0.0",",,,I"
"IN012010200","1945-04","19.17","75.17","570.0","PATHARDI, IN","1",",I","0",",I","0",",I","0.8",",,I,19,","0.8",",,,I"
"IN012010200","1945-05","19.17","75.17","570.0","PATHARDI, IN","0",",I","0",",I","0",",I","0.0",",,I,31,+","0.0",",,,I"
"IN012010200","1945-06","19.17","75.17","570.0","PATHARDI, IN","6",",I","6",",I","1",",I","32.5",",,I,20,","88.4",",,,I"
"IN012010200","1945-07","19.17","75.17","570.0","PATHARDI, IN","6",",I","4",",I","0",",I","17.8",",,I,28,","41.2",",,,I"
"IN012010200","1945-08","19.17","75.17","570.0","PATHARDI, IN","8",",I","8",",I","3",",I","67.1",",,I,08,","187.7",",,,I"
"IN012010200","1945-09","19.17","75.17","570.0","PATHARDI, IN","7",",I","7",",I","1",",I","33.3",",,I,22,","84.9",",,,I"
"IN012010200","1945-10","19.17","75.17","570.0","PATHARDI, IN","6",",I","4",",I","0",",I","11.7",",,I,20,","27.7",",,,I"
"IN012010200","1945-11","19.17","75.17","570.0","PATHARDI, IN","1",",I","1",",I","0",",I","7.6",",,I,17,","7.6",",,,I"
"IN012010200","1945-12","19.17","75.17","570.0","PATHARDI, IN","0",",I","0",",I","0",",I","0.0",",,I,31,+","0.0",",,,I"
"IN012010200","1946-01","19.17","75.17","570.0","PATHARDI, IN","0",",I","0",",I","0",",I","0.0",",,I,31,+","0.0",",,,I"
"IN012010200","1946-02","19.17","75.17","570.0","PATHARDI, IN","1",",I","1",",I","0",",I","11.4",",,I,16,","11.4",",,,I"
"IN012010200","1946-03","19.17","75.17","570.0","PATHARDI, IN","0",",I","0",",I","0",",I","0.0",",,I,31,+","0.0",",,,I"
"IN012010200","1946-04","19.17","75.17","570.0","PATHARDI, IN","1",",I","1",",I","0",",I","22.9",",,I,14,","22.9",",,,I"
"IN012010200","1946-05","19.17","75.17","570.0","PATHARDI, IN","7",",I","5",",I","0",",I","18.0",",,I,19,","47.4",",,,I"
"IN012010200","1946-06","19.17","75.17","570.0","PATHARDI, IN","8",",I","6",",I","2",",I","44.5",",,I,13,","100.9",",,,I"
"IN012010200","1946-07","19.17","75.17","570.0","PATHARDI, IN","8",",I","6",",I","0",",I","19.6",",,I,27,","49.8",",,,I"
"IN012010200","1946-08","19.17","75.17","570.0","PATHARDI, IN","4",",I","2",",I","1",",I","39.9",",,I,12,","50.1",",,,I"
"IN012010200","1946-09","19.17","75.17","570.0","PATHARDI, IN","11",",I","10",",I","5",",I","63.5",",,I,09,","221.6",",,,I"
"IN012010200","1946-10","19.17","75.17","570.0","PATHARDI, IN","1",",I","0",",I","0",",I","1.8",",,I,01,","1.8",",,,I"
"IN012010200","1946-11","19.17","75.17","570.0","PATHARDI, IN","8",",I","8",",I","2",",I","72.1",",,I,19,","157.6",",,,I"
"IN012010200","1946-12","19.17","75.17","570.0","PATHARDI, IN","2",",I","2",",I","1",",I","26.7",",,I,10,","29.2",",,,I"
"IN012010200","1947-01","19.17","75.17","570.0","PATHARDI, IN","1",",I","1",",I","0",",I","12.7",",,I,01,","12.7",",,,I"
"IN012010200","1947-02","19.17","75.17","570.0","PATHARDI, IN","1",",I","1",",I","0",",I","3.0",",,I,23,","3.0",",,,I"
"IN012010200","1947-03","19.17","75.17","570.0","PATHARDI, IN","1",",I","1",",I","0",",I","2.5",",,I,04,","2.5",",,,I"
"IN012010200","1947-04","19.17","75.17","570.0","PATHARDI, IN","4",",I","4",",I","0",",I","19.1",",,I,16,","34.3",",,,I"
"IN012010200","1947-05","19.17","75.17","570.0","PATHARDI, IN","1",",I","1",",I","0",",I","2.5",",,I,19,","2.5",",,,I"
"IN012010200","1947-06","19.17","75.17","570.0","PATHARDI, IN","5",",I","4",",I","3",",I","42.7",",,I,09,","105.2",",,,I"
"IN012010200","1947-07","19.17","75.17","570.0","PATHARDI, IN","11",",I","10",",I","0",",I","23.6",",,I,14,","105.9",",,,I"
"IN012010200","1947-08","19.17","75.17","570.0","PATHARDI, IN","14",",I","9",",I","3",",I","68.6",",,I,09,","249.4",",,,I"
"IN012010200","1947-09","19.17","75.17","570.0","PATHARDI, IN","7",",I","7",",I","3",",I","127.0",",,I,29,","245.9",",,,I"
"IN012010200","1947-10","19.17","75.17","570.0","PATHARDI, IN","1",",I","1",",I","0",",I","8.6",",,I,01,","8.6",",,,I"
"IN012010200","1947-11","19.17","75.17","570.0","PATHARDI, IN","0",",I","0",",I","0",",I","0.0",",,I,30,+","0.0",",,,I"
"IN012010200","1947-12","19.17","75.17","570.0","PATHARDI, IN","2",",I","2",",I","0",",I","15.2",",,I,19,","20.3",",,,I"
"IN012010200","1948-01","19.17","75.17","570.0","PATHARDI, IN","2",",I","2",",I","0",",I","9.4",",,I,23,","17.0",",,,I"
"IN012010200","1948-02","19.17","75.17","570.0","PATHARDI, IN","0",",I","0",",I","0",",I","0.0",",,I,29,+","0.0",",,,I"
"IN012010200","1948-03","19.17","75.17","570.0","PATHARDI, IN","0",",I","0",",I","0",",I","0.0",",,I,31,+","0.0",",,,I"
"IN012010200","1948-04","19.17","75.17","570.0","PATHARDI, IN","1",",I","1",",I","0",",I","2.5",",,I,18,","2.5",",,,I"
"IN012010200","1948-05","19.17","75.17","570.0","PATHARDI, IN","1",",I","1",",I","0",",I","2.5",",,I,25,","2.5",",,,I"
"IN012010200","1948-06","19.17","75.17","570.0","PATHARDI, IN","14",",I","12",",I","2",",I","54.1",",,I,20,","178.8",",,,I"
"IN012010200","1948-07","19.17","75.17","570.0","PATHARDI, IN","15",",I","10",",I","2",",I","46.7",",,I,09,","165.6",",,,I"
"IN012010200","1948-08","19.17","75.17","570.0","PATHARDI, IN","7",",I","5",",I","1",",I","78.7",",,I,10,","118.2",",,,I"
"IN012010200","1948-09","19.17","75.17","570.0","PATHARDI, IN","11",",I","11",",I","3",",I","91.9",",,I,29,","260.6",",,,I"
"IN012010200","1948-10","19.17","75.17","570.0","PATHARDI, IN","3",",I","2",",I","0",",I","17.8",",,I,15,","27.4",",,,I"
"IN012010200","1948-11","19.17","75.17","570.0","PATHARDI, IN","9",",I","7",",I","3",",I","72.4",",,I,13,","196.3",",,,I"
"IN012010200","1948-12","19.17","75.17","570.0","PATHARDI, IN","0",",I","0",",I","0",",I","0.0",",,I,31,+","0.0",",,,I"
"IN012010200","1949-01","19.17","75.17","570.0","PATHARDI, IN","0",",I","0",",I","0",",I","0.0",",,I,31,+","0.0",",,,I"
"IN012010200","1949-02","19.17","75.17","570.0","PATHARDI, IN","0",",I","0",",I","0",",I","0.0",",,I,28,+","0.0",",,,I"
"IN012010200","1949-03","19.17","75.17","570.0","PATHARDI, IN","0",",I","0",",I","0",",I","0.0",",,I,31,+","0.0",",,,I"
"IN012010200","1949-04","19.17","75.17","570.0","PATHARDI, IN","0",",I","0",",I","0",",I","0.0",",,I,30,+","0.0",",,,I"
"IN012010200","1949-05","19.17","75.17","570.0","PATHARDI, IN","1",",I","1",",I","0",",I","16.5",",,I,27,","16.5",",,,I"
"IN012010200","1949-06","19.17","75.17","570.0","PATHARDI, IN","7",",I","4",",I","2",",I","72.4",",,I,04,","132.6",",,,I"
"IN012010200","1949-07","19.17","75.17","570.0","PATHARDI, IN","13",",I","12",",I","3",",I","34.3",",,I,05,","167.3",",,,I"
"IN012010200","1949-08","19.17","75.17","570.0","PATHARDI, IN","7",",I","6",",I","2",",I","34.3",",,I,28,","91.6",",,,I"
"IN012010200","1949-09","19.17","75.17","570.0","PATHARDI, IN","16",",I","14",",I","4",",I","81.8",",,I,01,","336.3",",,,I"
"IN012010200","1949-10","19.17","75.17","570.0","PATHARDI, IN","8",",I","7",",I","0",",I","17.8",",,I,12,","57.9",",,,I"
"IN012010200","1949-11","19.17","75.17","570.0","PATHARDI, IN","1",",I","1",",I","0",",I","16.8",",,I,20,","16.8",",,,I"
"IN012010200","1949-12","19.17","75.17","570.0","PATHARDI, IN","0",",I","0",",I","0",",I","0.0",",,I,31,+","0.0",",,,I"
"IN012010200","1950-01","19.17","75.17","570.0","PATHARDI, IN","0",",I","0",",I","0",",I","0.0",",,I,31,+","0.0",",,,I"
"IN012010200","1950-02","19.17","75.17","570.0","PATHARDI, IN","0",",I","0",",I","0",",I","0.0",",,I,28,+","0.0",",,,I"
"IN012010200","1950-03","19.17","75.17","570.0","PATHARDI, IN","0",",I","0",",I","0",",I","0.0",",,I,31,+","0.0",",,,I"
"IN012010200","1950-04","19.17","75.17","570.0","PATHARDI, IN","0",",I","0",",I","0",",I","0.0",",,I,30,+","0.0",",,,I"
"IN012010200","1950-05","19.17","75.17","570.0","PATHARDI, IN","0",",I","0",",I","0",",I","0.0",",,I,31,+","0.0",",,,I"
"IN012010200","1950-06","19.17","75.17","570.0","PATHARDI, IN","4",",I","4",",I","2",",I","77.5",",,I,02,","124.8",",,,I"
"IN012010200","1950-07","19.17","75.17","570.0","PATHARDI, IN","8",",I","6",",I","0",",I","22.1",",,I,07,","73.9",",,,I"
"IN012010200","1950-08","19.17","75.17","570.0","PATHARDI, IN","6",",I","5",",I","0",",I","15.7",",,I,24,","43.7",",,,I"
"IN012010200","1950-09","19.17","75.17","570.0","PATHARDI, IN","13",",I","12",",I","7",",I","70.6",",,I,09,","337.9",",,,I"
"IN012010200","1950-10","19.17","75.17","570.0","PATHARDI, IN","4",",I","2",",I","0",",I","18.3",",,I,01,","38.1",",,,I"
"IN012010200","1950-11","19.17","75.17","570.0","PATHARDI, IN","0",",I","0",",I","0",",I","0.0",",,I,30,+","0.0",",,,I"
"IN012010200","1950-12","19.17","75.17","570.0","PATHARDI, IN","0",",I","0",",I","0",",I","0.0",",,I,31,+","0.0",",,,I"
"IN012010200","1951-01","19.17","75.17","570.0","PATHARDI, IN","0",",I","0",",I","0",",I","0.0",",,I,31,+","0.0",",,,I"
"IN012010200","1951-02","19.17","75.17","570.0","PATHARDI, IN","0",",I","0",",I","0",",I","0.0",",,I,28,+","0.0",",,,I"
"IN012010200","1951-03","19.17","75.17","570.0","PATHARDI, IN","0",",I","0",",I","0",",I","0.0",",,I,31,+","0.0",",,,I"
"IN012010200","1951-04","19.17","75.17","570.0","PATHARDI, IN","0",",I","0",",I","0",",I","0.0",",,I,30,+","0.0",",,,I"
"IN012010200","1951-05","19.17","75.17","570.0","PATHARDI, IN","0",",I","0",",I","0",",I","0.0",",,I,31,+","0.0",",,,I"
"IN012010200","1951-06","19.17","75.17","570.0","PATHARDI, IN","7",",I","7",",I","2",",I","47.2",",,I,03,","145.8",",,,I"
"IN012010200","1951-07","19.17","75.17","570.0","PATHARDI, IN","12",",I","11",",I","4",",I","43.7",",,I,20,","196.9",",,,I"
"IN012010200","1951-08","19.17","75.17","570.0","PATHARDI, IN","6",",I","6",",I","0",",I","18.3",",,I,03,","44.9",",,,I"
"IN012010200","1951-09","19.17","75.17","570.0","PATHARDI, IN","7",",I","6",",I","1",",I","29.7",",,I,20,","71.8",",,,I"
"IN012010200","1951-10","19.17","75.17","570.0","PATHARDI, IN","5",",I","5",",I","1",",I","31.8",",,I,03,","80.8",",,,I"
"IN012010200","1951-11","19.17","75.17","570.0","PATHARDI, IN","1",",I","1",",I","1",",I","29.2",",,I,23,","29.2",",,,I"
"IN012010200","1951-12","19.17","75.17","570.0","PATHARDI, IN","0",",I","0",",I","0",",I","0.0",",,I,31,+","0.0",",,,I"
"IN012010200","1952-01","19.17","75.17","570.0","PATHARDI, IN","0",",I","0",",I","0",",I","0.0",",,I,31,+","0.0",",,,I"
"IN012010200","1952-02","19.17","75.17","570.0","PATHARDI, IN","0",",I","0",",I","0",",I","0.0",",,I,29,+","0.0",",,,I"
"IN012010200","1952-03","19.17","75.17","570.0","PATHARDI, IN","0",",I","0",",I","0",",I","0.0",",,I,31,+","0.0",",,,I"
"IN012010200","1952-04","19.17","75.17","570.0","PATHARDI, IN","0",",I","0",",I","0",",I","0.0",",,I,30,+","0.0",",,,I"
"IN012010200","1952-05","19.17","75.17","570.0","PATHARDI, IN","0",",I","0",",I","0",",I","0.0",",,I,31,+","0.0",",,,I"
"IN012010200","1952-06","19.17","75.17","570.0","PATHARDI, IN","4",",I","4",",I","1",",I","26.4",",,I,09,","61.4",",,,I"
"IN012010200","1952-07","19.17","75.17","570.0","PATHARDI, IN","10",",I","8",",I","2",",I","35.6",",,I,17,","103.4",",,,I"
"IN012010200","1952-08","19.17","75.17","570.0","PATHARDI, IN","6",",I","5",",I","0",",I","12.7",",,I,05,","39.9",",,,I"
"IN012010200","1952-09","19.17","75.17","570.0","PATHARDI, IN","6",",I","5",",I","3",",I","62.7",",,I,21,","178.0",",,,I"
"IN012010200","1952-10","19.17","75.17","570.0","PATHARDI, IN","3",",I","3",",I","2",",I","37.6",",,I,19,","70.6",",,,I"
"IN012010200","1952-11","19.17","75.17","570.0","PATHARDI, IN","0",",I","0",",I","0",",I","0.0",",,I,30,+","0.0",",,,I"
"IN012010200","1952-12","19.17","75.17","570.0","PATHARDI, IN","0",",I","0",",I","0",",I","0.0",",,I,31,+","0.0",",,,I"
"IN012010200","1953-01","19.17","75.17","570.0","PATHARDI, IN","0",",I","0",",I","0",",I","0.0",",,I,31,+","0.0",",,,I"
"IN012010200","1953-02","19.17","75.17","570.0","PATHARDI, IN","0",",I","0",",I","0",",I","0.0",",,I,28,+","0.0",",,,I"
"IN012010200","1953-03","19.17","75.17","570.0","PATHARDI, IN","0",",I","0",",I","0",",I","0.0",",,I,31,+","0.0",",,,I"
"IN012010200","1953-04","19.17","75.17","570.0","PATHARDI, IN","2",",I","2",",I","0",",I","5.6",",,I,17,","8.6",",,,I"
"IN012010200","1953-05","19.17","75.17","570.0","PATHARDI, IN","0",",I","0",",I","0",",I","0.0",",,I,31,+","0.0",",,,I"
"IN012010200","1953-06","19.17","75.17","570.0","PATHARDI, IN","6",",I","6",",I","2",",I","78.2",",,I,21,","159.9",",,,I"
"IN012010200","1953-07","19.17","75.17","570.0","PATHARDI, IN","10",",I","6",",I","2",",I","40.6",",,I,31,","110.5",",,,I"
"IN012010200","1953-08","19.17","75.17","570.0","PATHARDI, IN","5",",I","4",",I","0",",I","7.1",",,I,17,+","27.9",",,,I"
"IN012010200","1953-09","19.17","75.17","570.0","PATHARDI, IN","11",",I","10",",I","2",",I","40.4",",,I,25,","154.1",",,,I"
"IN012010200","1953-10","19.17","75.17","570.0","PATHARDI, IN","5",",I","4",",I","3",",I","50.8",",,I,04,","122.7",",,,I"
"IN012010200","1953-11","19.17","75.17","570.0","PATHARDI, IN","0",",I","0",",I","0",",I","0.0",",,I,30,+","0.0",",,,I"
"IN012010200","1953-12","19.17","75.17","570.0","PATHARDI, IN","0",",I","0",",I","0",",I","0.0",",,I,31,+","0.0",",,,I"
"IN012010200","1954-01","19.17","75.17","570.0","PATHARDI, IN","0",",I","0",",I","0",",I","0.0",",,I,31,+","0.0",",,,I"
"IN012010200","1954-02","19.17","75.17","570.0","PATHARDI, IN","0",",I","0",",I","0",",I","0.0",",,I,28,+","0.0",",,,I"
"IN012010200","1954-03","19.17","75.17","570.0","PATHARDI, IN","1",",I","0",",I","0",",I","0.8",",,I,15,","0.8",",,,I"
"IN012010200","1954-04","19.17","75.17","570.0","PATHARDI, IN","1",",I","1",",I","0",",I","6.9",",,I,26,","6.9",",,,I"
"IN012010200","1954-05","19.17","75.17","570.0","PATHARDI, IN","0",",I","0",",I","0",",I","0.0",",,I,31,+","0.0",",,,I"
"IN012010200","1954-06","19.17","75.17","570.0","PATHARDI, IN","9",",I","9",",I","2",",I","35.6",",,I,06,","139.1",",,,I"
"IN012010200","1954-07","19.17","75.17","570.0","PATHARDI, IN","16",",I","11",",I","2",",I","81.3",",,I,24,","224.0",",,,I"
"IN012010200","1954-08","19.17","75.17","570.0","PATHARDI, IN","5",",I","2",",I","1",",I","45.7",",,I,31,","63.5",",,,I"
"IN012010200","1954-09","19.17","75.17","570.0","PATHARDI, IN","12",",I","7",",I","2",",I","83.8",",,I,29,","200.6",",,,I"
"IN012010200","1954-10","19.17","75.17","570.0","PATHARDI, IN","1",",I","1",",I","0",",I","16.8",",,I,19,","16.8",",,,I"
"IN012010200","1954-11","19.17","75.17","570.0","PATHARDI, IN","0",",I","0",",I","0",",I","0.0",",,I,30,+","0.0",",,,I"
"IN012010200","1954-12","19.17","75.17","570.0","PATHARDI, IN","2",",I","2",",I","0",",I","21.3",",,I,17,","32.5",",,,I"
"IN012010200","1955-01","19.17","75.17","570.0","PATHARDI, IN","1",",I","0",",I","0",",I","1.5",",,I,25,","1.5",",,,I"
"IN012010200","1955-02","19.17","75.17","570.0","PATHARDI, IN","0",",I","0",",I","0",",I","0.0",",,I,28,+","0.0",",,,I"
"IN012010200","1955-03","19.17","75.17","570.0","PATHARDI, IN","0",",I","0",",I","0",",I","0.0",",,I,31,+","0.0",",,,I"
"IN012010200","1955-04","19.17","75.17","570.0","PATHARDI, IN","0",",I","0",",I","0",",I","0.0",",,I,30,+","0.0",",,,I"
"IN012010200","1955-05","19.17","75.17","570.0","PATHARDI, IN","3",",I","3",",I","1",",I","33.8",",,I,04,","40.4",",,,I"
"IN012010200","1955-06","19.17","75.17","570.0","PATHARDI, IN","15",",I","9",",I","2",",I","30.5",",,I,19,","121.7",",,,I"
"IN012010200","1955-07","19.17","75.17","570.0","PATHARDI, IN","17",",I","7",",I","0",",I","12.2",",,I,30,","63.8",",,,I"
"IN012010200","1955-08","19.17","75.17","570.0","PATHARDI, IN","22",",I","14",",I","5",",I","83.8",",,I,04,","287.7",",,,I"
"IN012010200","1955-09","19.17","75.17","570.0","PATHARDI, IN","12",",I","9",",I","3",",I","84.3",",,I,28,","233.4",",,,I"
"IN012010200","1955-10","19.17","75.17","570.0","PATHARDI, IN","8",",I","7",",I","2",",I","82.6",",,I,19,","173.6",",,,I"
"IN012010200","1955-11","19.17","75.17","570.0","PATHARDI, IN","0",",I","0",",I","0",",I","0.0",",,I,30,+","0.0",",,,I"
"IN012010200","1955-12","19.17","75.17","570.0","PATHARDI, IN","0",",I","0",",I","0",",I","0.0",",,I,31,+","0.0",",,,I"
"IN012010200","1956-01","19.17","75.17","570.0","PATHARDI, IN","0",",I","0",",I","0",",I","0.0",",,I,31,+","0.0",",,,I"
"IN012010200","1956-02","19.17","75.17","570.0","PATHARDI, IN","0",",I","0",",I","0",",I","0.0",",,I,29,+","0.0",",,,I"
"IN012010200","1956-03","19.17","75.17","570.0","PATHARDI, IN","0",",I","0",",I","0",",I","0.0",",,I,31,+","0.0",",,,I"
"IN012010200","1956-04","19.17","75.17","570.0","PATHARDI, IN","0",",I","0",",I","0",",I","0.0",",,I,30,+","0.0",",,,I"
"IN012010200","1956-05","19.17","75.17","570.0","PATHARDI, IN","10",",I","7",",I","1",",I","68.6",",,I,24,","126.7",",,,I"
"IN012010200","1956-06","19.17","75.17","570.0","PATHARDI, IN","5",",I","4",",I","1",",I","30.5",",,I,24,","53.7",",,,I"
"IN012010200","1956-07","19.17","75.17","570.0","PATHARDI, IN","17",",I","15",",I","2",",I","49.5",",,I,19,","147.4",",,,I"
"IN012010200","1956-08","19.17","75.17","570.0","PATHARDI, IN","9",",I","6",",I","1",",I","32.3",",,I,30,","79.8",",,,I"
"IN012010200","1956-09","19.17","75.17","570.0","PATHARDI, IN","13",",I","12",",I","4",",I","40.6",",,I,27,","229.2",",,,I"
"IN012010200","1956-10","19.17","75.17","570.0","PATHARDI, IN","10",",I","8",",I","2",",I","29.2",",,I,07,","109.5",",,,I"
"IN012010200","1956-11","19.17","75.17","570.0","PATHARDI, IN","6",",I","4",",I","0",",I","15.2",",,I,23,+","56.1",",,,I"
"IN012010200","1956-12","19.17","75.17","570.0","PATHARDI, IN","0",",I","0",",I","0",",I","0.0",",,I,31,+","0.0",",,,I"
"IN012010200","1957-01","19.17","75.17","570.0","PATHARDI, IN","0",",I","0",",I","0",",I","0.0",",,I,31,+","0.0",",,,I"
"IN012010200","1957-02","19.17","75.17","570.0","PATHARDI, IN","0",",I","0",",I","0",",I","0.0",",,I,28,+","0.0",",,,I"
"IN012010200","1957-03","19.17","75.17","570.0","PATHARDI, IN","2",",I","2",",I","0",",I","10.2",",,I,20,","15.3",",,,I"
"IN012010200","1957-04","19.17","75.17","570.0","PATHARDI, IN","3",",I","3",",I","0",",I","19.1",",,I,09,","31.6",",,,I"
"IN012010200","1957-05","19.17","75.17","570.0","PATHARDI, IN","3",",I","3",",I","0",",I","21.6",",,I,26,","36.3",",,,I"
"IN012010200","1957-06","19.17","75.17","570.0","PATHARDI, IN","4",",I","4",",I","3",",I","44.5",",,I,22,","125.5",",,,I"
"IN012010200","1957-07","19.17","75.17","570.0","PATHARDI, IN","9",",I","9",",I","3",",I","48.3",",,I,30,","196.7",",,,I"
"IN012010200","1957-08","19.17","75.17","570.0","PATHARDI, IN","12",",I","12",",I","3",",I","67.3",",,I,22,","197.2",",,,I"
"IN012010200","1957-09","19.17","75.17","570.0","PATHARDI, IN","7",",I","7",",I","0",",I","20.3",",,I,26,","67.3",",,,I"
"IN012010200","1957-10","19.17","75.17","570.0","PATHARDI, IN","5",",I","5",",I","1",",I","49.5",",,I,24,","65.0",",,,I"
"IN012010200","1957-11","19.17","75.17","570.0","PATHARDI, IN","0",",I","0",",I","0",",I","0.0",",,I,30,+","0.0",",,,I"
"IN012010200","1957-12","19.17","75.17","570.0","PATHARDI, IN","1",",I","1",",I","0",",I","2.8",",,I,05,","2.8",",,,I"
"IN012010200","1958-01","19.17","75.17","570.0","PATHARDI, IN","0",",I","0",",I","0",",I","0.0",",,I,31,+","0.0",",,,I"
"IN012010200","1958-02","19.17","75.17","570.0","PATHARDI, IN","0",",I","0",",I","0",",I","0.0",",,I,28,+","0.0",",,,I"
"IN012010200","1958-03","19.17","75.17","570.0","PATHARDI, IN","0",",I","0",",I","0",",I","0.0",",,I,31,+","0.0",",,,I"
"IN012010200","1958-04","19.17","75.17","570.0","PATHARDI, IN","3",",I","1",",I","0",",I","3.6",",,I,26,","5.7",",,,I"
"IN012010200","1958-05","19.17","75.17","570.0","PATHARDI, IN","3",",I","2",",I","1",",I","25.4",",,I,25,","29.7",",,,I"
"IN012010200","1958-06","19.17","75.17","570.0","PATHARDI, IN","6",",I","4",",I","0",",I","14.7",",,I,16,","37.6",",,,I"
"IN012010200","1958-07","19.17","75.17","570.0","PATHARDI, IN","10",",I","7",",I","0",",I","24.1",",,I,04,","84.0",",,,I"
"IN012010200","1958-08","19.17","75.17","570.0","PATHARDI, IN","25",",I","19",",I","2",",I","54.6",",,I,11,","207.5",",,,I"
"IN012010200","1958-09","19.17","75.17","570.0","PATHARDI, IN","7",",I","3",",I","1",",I","61.0",",,I,03,","86.3",",,,I"
"IN012010200","1958-10","19.17","75.17","570.0","PATHARDI, IN","3",",I","2",",I","1",",I","27.9",",,I,13,","41.1",",,,I"
"IN012010200","1958-11","19.17","75.17","570.0","PATHARDI, IN","5",",I","2",",I","1",",I","63.5",",,I,25,","71.9",",,,I"
"IN012010200","1958-12","19.17","75.17","570.0","PATHARDI, IN","0",",I","0",",I","0",",I","0.0",",,I,31,+","0.0",",,,I"
"IN012010200","1959-01","19.17","75.17","570.0","PATHARDI, IN","0",",I","0",",I","0",",I","0.0",",,I,31,+","0.0",",,,I"
"IN012010200","1959-02","19.17","75.17","570.0","PATHARDI, IN","0",",I","0",",I","0",",I","0.0",",,I,28,+","0.0",",,,I"
"IN012010200","1959-03","19.17","75.17","570.0","PATHARDI, IN","0",",I","0",",I","0",",I","0.0",",,I,31,+","0.0",",,,I"
"IN012010200","1959-04","19.17","75.17","570.0","PATHARDI, IN","1",",I","1",",I","0",",I","2.8",",,I,18,","2.8",",,,I"
"IN012010200","1959-05","19.17","75.17","570.0","PATHARDI, IN","5",",I","2",",I","0",",I","5.8",",,I,25,","11.4",",,,I"
"IN012010200","1959-06","19.17","75.17","570.0","PATHARDI, IN","8",",I","7",",I","0",",I","23.4",",,I,03,","77.3",",,,I"
"IN012010200","1959-07","19.17","75.17","570.0","PATHARDI, IN","15",",I","12",",I","0",",I","11.0",",,I,28,","68.5",",,,I"
"IN012010200","1959-08","19.17","75.17","570.0","PATHARDI, IN","11",",I","9",",I","4",",I","88.0",",,I,23,","262.4",",,,I"
"IN012010200","1959-09","19.17","75.17","570.0","PATHARDI, IN","7",",I","7",",I","4",",I","58.8",",,I,25,","195.4",",,,I"
"IN012010200","1959-10","19.17","75.17","570.0","PATHARDI, IN","7",",I","5",",I","3",",I","96.5",",,I,09,","181.6",",,,I"
"IN012010200","1959-11","19.17","75.17","570.0","PATHARDI, IN","2",",I","2",",I","1",",I","31.0",",,I,13,","36.1",",,,I"
"IN012010200","1959-12","19.17","75.17","570.0","PATHARDI, IN","0",",I","0",",I","0",",I","0.0",",,I,31,+","0.0",",,,I"
"IN012010200","1960-01","19.17","75.17","570.0","PATHARDI, IN","0","2,I","0","2,I","0","2,I","0.0","2,,I,31,+","0.0","2,,,I"
"IN012010200","1960-02","19.17","75.17","570.0","PATHARDI, IN","0","2,I","0","2,I","0","2,I","0.0","2,,I,29,+","0.0","2,,,I"
"IN012010200","1960-03","19.17","75.17","570.0","PATHARDI, IN","0","2,I","0","2,I","0","2,I","0.0","2,,I,31,+","0.0","2,,,I"
"IN012010200","1960-04","19.17","75.17","570.0","PATHARDI, IN","0","2,I","0","2,I","0","2,I","0.0","2,,I,30,+","0.0","2,,,I"
"IN012010200","1960-05","19.17","75.17","570.0","PATHARDI, IN","5","2,I","5","2,I","0","2,I","16.0","2,,I,29,","46.1","2,,,I"
"IN012010200","1960-06","19.17","75.17","570.0","PATHARDI, IN","4","2,I","4","2,I","3","2,I","39.7","2,,I,28,","116.9","2,,,I"
"IN012010200","1960-07","19.17","75.17","570.0","PATHARDI, IN","4","2,I","4","2,I","1","2,I","36.0","2,,I,25,","66.8","2,,,I"
"IN012010200","1960-08","19.17","75.17","570.0","PATHARDI, IN","3","2,I","2","2,I","0","2,I","10.4","2,,I,30,","14.7","2,,,I"
"IN012010200","1960-09","19.17","75.17","570.0","PATHARDI, IN","12","2,I","10","2,I","3","2,I","91.8","2,,I,06,","260.9","2,,,I"
"IN012010200","1960-10","19.17","75.17","570.0","PATHARDI, IN","5","2,I","4","2,I","1","2,I","66.0","2,,I,12,","110.2","2,,,I"
"IN012010200","1960-11","19.17","75.17","570.0","PATHARDI, IN","1","2,I","1","2,I","0","2,I","3.0","2,,I,06,","3.0","2,,,I"
"IN012010200","1960-12","19.17","75.17","570.0","PATHARDI, IN","0","2,I","0","2,I","0","2,I","0.0","2,,I,31,+","0.0","2,,,I"
"IN012010200","1961-01","19.17","75.17","570.0","PATHARDI, IN","0",",I","0",",I","0",",I","0.0",",,I,31,+","0.0",",,,I"
"IN012010200","1961-02","19.17","75.17","570.0","PATHARDI, IN","0",",I","0",",I","0",",I","0.0",",,I,28,+","0.0",",,,I"
"IN012010200","1961-03","19.17","75.17","570.0","PATHARDI, IN","1",",I","0",",I","0",",I","1.4",",,I,31,","1.4",",,,I"
"IN012010200","1961-04","19.17","75.17","570.0","PATHARDI, IN","3",",I","3",",I","1",",I","26.0",",,I,05,","35.5",",,,I"
"IN012010200","1961-05","19.17","75.17","570.0","PATHARDI, IN","8",",I","7",",I","0",",I","16.0",",,I,25,","52.9",",,,I"
"IN012010200","1961-06","19.17","75.17","570.0","PATHARDI, IN","9",",I","7",",I","2",",I","31.8",",,I,21,","128.3",",,,I"
"IN012010200","1961-07","19.17","75.17","570.0","PATHARDI, IN","7",",I","6",",I","1",",I","32.5",",,I,28,","74.4",",,,I"
"IN012010200","1961-08","19.17","75.17","570.0","PATHARDI, IN","7",",I","5",",I","1",",I","37.2",",,I,15,","76.2",",,,I"
"IN012010200","1961-09","19.17","75.17","570.0","PATHARDI, IN","8",",I","4",",I","0",",I","18.3",",,I,19,","43.3",",,,I"
"IN012010200","1961-10","19.17","75.17","570.0","PATHARDI, IN","11",",I","9",",I","3",",I","61.6",",,I,08,","221.0",",,,I"
"IN012010200","1961-11","19.17","75.17","570.0","PATHARDI, IN","0",",I","0",",I","0",",I","0.0",",,I,30,+","0.0",",,,I"
"IN012010200","1961-12","19.17","75.17","570.0","PATHARDI, IN","1",",I","1",",I","0",",I","5.2",",,I,22,","5.2",",,,I"
"IN012010200","1962-01","19.17","75.17","570.0","PATHARDI, IN","0",",I","0",",I","0",",I","0.0",",,I,31,+","0.0",",,,I"
"IN012010200","1962-02","19.17","75.17","570.0","PATHARDI, IN","0",",I","0",",I","0",",I","0.0",",,I,28,+","0.0",",,,I"
"IN012010200","1962-03","19.17","75.17","570.0","PATHARDI, IN","1",",I","0",",I","0",",I","1.0",",,I,29,","1.0",",,,I"
"IN012010200","1962-04","19.17","75.17","570.0","PATHARDI, IN","2",",I","2",",I","0",",I","6.7",",,I,13,","9.7",",,,I"
"IN012010200","1962-05","19.17","75.17","570.0","PATHARDI, IN","4",",I","3",",I","2",",I","30.0",",,I,19,","80.3",",,,I"
"IN012010200","1962-06","19.17","75.17","570.0","PATHARDI, IN","4",",I","4",",I","0",",I","19.5",",,I,06,","52.3",",,,I"
"IN012010200","1962-07","19.17","75.17","570.0","PATHARDI, IN","11",",I","4",",I","1",",I","54.1",",,I,04,","83.1",",,,I"
"IN012010200","1962-08","19.17","75.17","570.0","PATHARDI, IN","10",",I","4",",I","0",",I","15.3",",,I,15,","42.8",",,,I"
"IN012010200","1962-09","19.17","75.17","570.0","PATHARDI, IN","16",",I","10",",I","4",",I","77.0",",,I,02,","289.6",",,,I"
"IN012010200","1962-10","19.17","75.17","570.0","PATHARDI, IN","3",",I","2",",I","1",",I","28.3",",,I,09,","36.2",",,,I"
"IN012010200","1962-11","19.17","75.17","570.0","PATHARDI, IN","4",",I","3",",I","1",",I","27.0",",,I,03,","37.0",",,,I"
"IN012010200","1962-12","19.17","75.17","570.0","PATHARDI, IN","4",",I","4",",I","2",",I","67.3",",,I,02,","132.2",",,,I"
"IN012010200","1963-01","19.17","75.17","570.0","PATHARDI, IN","0",",I","0",",I","0",",I","0.0",",,I,31,+","0.0",",,,I"
"IN012010200","1963-02","19.17","75.17","570.0","PATHARDI, IN","2",",I","2",",I","0",",I","7.0",",,I,27,","10.4",",,,I"
"IN012010200","1963-03","19.17","75.17","570.0","PATHARDI, IN","1",",I","1",",I","0",",I","9.0",",,I,31,","9.0",",,,I"
"IN012010200","1963-04","19.17","75.17","570.0","PATHARDI, IN","0",",I","0",",I","0",",I","0.0",",,I,30,+","0.0",",,,I"
"IN012010200","1963-05","19.17","75.17","570.0","PATHARDI, IN","1",",I","1",",I","1",",I","26.5",",,I,16,","26.5",",,,I"
"IN012010200","1963-06","19.17","75.17","570.0","PATHARDI, IN","10",",I","9",",I","5",",I","77.0",",,I,08,","269.9",",,,I"
"IN012010200","1963-07","19.17","75.17","570.0","PATHARDI, IN","8",",I","8",",I","2",",I","34.0",",,I,27,","116.7",",,,I"
"IN012010200","1963-08","19.17","75.17","570.0","PATHARDI, IN","15",",I","14",",I","2",",I","34.0",",,I,16,","160.7",",,,I"
"IN012010200","1963-09","19.17","75.17","570.0","PATHARDI, IN","6",",I","6",",I","2",",I","65.5",",,I,17,","131.4",",,,I"
"IN012010200","1963-10","19.17","75.17","570.0","PATHARDI, IN","4",",I","4",",I","1",",I","41.8",",,I,17,","74.6",",,,I"
"IN012010200","1963-11","19.17","75.17","570.0","PATHARDI, IN","0",",I","0",",I","0",",I","0.0",",,I,30,+","0.0",",,,I"
"IN012010200","1963-12","19.17","75.17","570.0","PATHARDI, IN","0",",I","0",",I","0",",I","0.0",",,I,31,+","0.0",",,,I"
"IN012010200","1964-01","19.17","75.17","570.0","PATHARDI, IN","0",",I","0",",I","0",",I","0.0",",,I,31,+","0.0",",,,I"
"IN012010200","1964-02","19.17","75.17","570.0","PATHARDI, IN","0",",I","0",",I","0",",I","0.0",",,I,29,+","0.0",",,,I"
"IN012010200","1964-03","19.17","75.17","570.0","PATHARDI, IN","0",",I","0",",I","0",",I","0.0",",,I,31,+","0.0",",,,I"
"IN012010200","1964-04","19.17","75.17","570.0","PATHARDI, IN","0",",I","0",",I","0",",I","0.0",",,I,30,+","0.0",",,,I"
"IN012010200","1964-05","19.17","75.17","570.0","PATHARDI, IN","0",",I","0",",I","0",",I","0.0",",,I,31,+","0.0",",,,I"
"IN012010200","1964-06","19.17","75.17","570.0","PATHARDI, IN","8",",I","6",",I","1",",I","37.2",",,I,21,","94.2",",,,I"
"IN012010200","1964-07","19.17","75.17","570.0","PATHARDI, IN","11",",I","9",",I","2",",I","73.3",",,I,09,","181.3",",,,I"
"IN012010200","1964-08","19.17","75.17","570.0","PATHARDI, IN","5",",I","5",",I","0",",I","14.5",",,I,07,","45.8",",,,I"
"IN012010200","1964-09","19.17","75.17","570.0","PATHARDI, IN","16",",I","13",",I","5",",I","53.5",",,I,26,","317.5",",,,I"
"IN012010200","1964-10","19.17","75.17","570.0","PATHARDI, IN","4",",I","3",",I","0",",I","19.0",",,I,02,","39.2",",,,I"
"IN012010200","1964-11","19.17","75.17","570.0","PATHARDI, IN","1",",I","1",",I","0",",I","19.0",",,I,12,","19.2",",,,I"
"IN012010200","1964-12","19.17","75.17","570.0","PATHARDI, IN","0",",I","0",",I","0",",I","0.0",",,I,31,+","0.0",",,,I"
"IN012010200","1965-01","19.17","75.17","570.0","PATHARDI, IN","0",",I","0",",I","0",",I","0.0",",,I,31,+","0.0",",,,I"
"IN012010200","1965-02","19.17","75.17","570.0","PATHARDI, IN","0",",I","0",",I","0",",I","0.0",",,I,28,+","0.0",",,,I"
"IN012010200","1965-03","19.17","75.17","570.0","PATHARDI, IN","0",",I","0",",I","0",",I","0.0",",,I,31,+","0.0",",,,I"
"IN012010200","1965-04","19.17","75.17","570.0","PATHARDI, IN","2",",I","2",",I","0",",I","5.0",",,I,18,","9.8",",,,I"
"IN012010200","1965-05","19.17","75.17","570.0","PATHARDI, IN","0",",I","0",",I","0",",I","0.0",",,I,31,+","0.0",",,,I"
"IN012010200","1965-06","19.17","75.17","570.0","PATHARDI, IN","7",",I","7",",I","0",",I","24.0",",,I,11,","67.7",",,,I"
"IN012010200","1965-07","19.17","75.17","570.0","PATHARDI, IN","9",",I","5",",I","2",",I","97.2",",,I,16,","151.7",",,,I"
"IN012010200","1965-08","19.17","75.17","570.0","PATHARDI, IN","12",",I","11",",I","2",",I","120.5",",,I,20,","271.0",",,,I"
"IN012010200","1965-09","19.17","75.17","570.0","PATHARDI, IN","6",",I","6",",I","1",",I","44.0",",,I,17,","90.9",",,,I"
"IN012010200","1965-10","19.17","75.17","570.0","PATHARDI, IN","1",",I","0",",I","0",",I","1.0",",,I,11,","1.0",",,,I"
"IN012010200","1965-11","19.17","75.17","570.0","PATHARDI, IN","1",",I","1",",I","0",",I","12.0",",,I,26,","12.0",",,,I"
"IN012010200","1965-12","19.17","75.17","570.0","PATHARDI, IN","2",",I","2",",I","0",",I","7.3",",,I,12,","13.0",",,,I"
"IN012010200","1966-01","19.17","75.17","570.0","PATHARDI, IN","1",",I","1",",I","0",",I","4.2",",,I,09,","4.2",",,,I"
"IN012010200","1966-02","19.17","75.17","570.0","PATHARDI, IN","0",",I","0",",I","0",",I","0.0",",,I,28,+","0.0",",,,I"
"IN012010200","1966-03","19.17","75.17","570.0","PATHARDI, IN","0",",I","0",",I","0",",I","0.0",",,I,31,+","0.0",",,,I"
"IN012010200","1966-04","19.17","75.17","570.0","PATHARDI, IN","0",",I","0",",I","0",",I","0.0",",,I,30,+","0.0",",,,I"
"IN012010200","1966-05","19.17","75.17","570.0","PATHARDI, IN","3",",I","3",",I","1",",I","57.9",",,I,03,","91.5",",,,I"
"IN012010200","1966-06","19.17","75.17","570.0","PATHARDI, IN","3",",I","3",",I","0",",I","6.5",",,I,10,","15.8",",,,I"
"IN012010200","1966-07","19.17","75.17","570.0","PATHARDI, IN","10",",I","8",",I","3",",I","56.0",",,I,14,","171.7",",,,I"
"IN012010200","1966-08","19.17","75.17","570.0","PATHARDI, IN","3",",I","3",",I","0",",I","22.5",",,I,31,","54.3",",,,I"
"IN012010200","1966-09","19.17","75.17","570.0","PATHARDI, IN","7",",I","7",",I","1",",I","26.0",",,I,04,","70.2",",,,I"
"IN012010200","1966-10","19.17","75.17","570.0","PATHARDI, IN","0",",I","0",",I","0",",I","0.0",",,I,31,+","0.0",",,,I"
"IN012010200","1966-11","19.17","75.17","570.0","PATHARDI, IN","7",",I","7",",I","2",",I","66.0",",,I,18,+","171.8",",,,I"
"IN012010200","1966-12","19.17","75.17","570.0","PATHARDI, IN","1",",I","0",",I","0",",I","1.5",",,I,06,","1.5",",,,I"
"IN012010200","1968-01","19.17","75.17","570.0","PATHARDI, IN","0",",I","0",",I","0",",I","0.0",",,I,31,+","0.0",",,,I"
"IN012010200","1968-02","19.17","75.17","570.0","PATHARDI, IN","3",",I","1",",I","0",",I","11.0",",,I,25,","14.0",",,,I"
"IN012010200","1968-03","19.17","75.17","570.0","PATHARDI, IN","0",",I","0",",I","0",",I","0.0",",,I,31,+","0.0",",,,I"
"IN012010200","1968-04","19.17","75.17","570.0","PATHARDI, IN","2",",I","2",",I","0",",I","9.5",",,I,07,","13.7",",,,I"
"IN012010200","1968-05","19.17","75.17","570.0","PATHARDI, IN","0",",I","0",",I","0",",I","0.0",",,I,31,+","0.0",",,,I"
"IN012010200","1968-06","19.17","75.17","570.0","PATHARDI, IN","4",",I","3",",I","0",",I","14.7",",,I,18,","36.0",",,,I"
"IN012010200","1968-07","19.17","75.17","570.0","PATHARDI, IN","10",",I","8",",I","1",",I","72.1",",,I,20,","127.0",",,,I"
"IN012010200","1968-08","19.17","75.17","570.0","PATHARDI, IN","5",",I","5",",I","0",",I","17.5",",,I,06,","38.1",",,,I"
"IN012010200","1968-09","19.17","75.17","570.0","PATHARDI, IN","13",",I","11",",I","2",",I","35.0",",,I,03,","155.2",",,,I"
"IN012010200","1968-10","19.17","75.17","570.0","PATHARDI, IN","3",",I","2",",I","1",",I","58.3",",,I,02,","65.0",",,,I"
"IN012010200","1968-11","19.17","75.17","570.0","PATHARDI, IN","1",",I","1",",I","1",",I","59.0",",,I,08,","59.0",",,,I"
"IN012010200","1968-12","19.17","75.17","570.0","PATHARDI, IN","0",",I","0",",I","0",",I","0.0",",,I,31,+","0.0",",,,I"
"IN012010200","1969-01","19.17","75.17","570.0","PATHARDI, IN","0",",I","0",",I","0",",I","0.0",",,I,31,+","0.0",",,,I"
"IN012010200","1969-02","19.17","75.17","570.0","PATHARDI, IN","0",",I","0",",I","0",",I","0.0",",,I,28,+","0.0",",,,I"
"IN012010200","1969-03","19.17","75.17","570.0","PATHARDI, IN","0",",I","0",",I","0",",I","0.0",",,I,31,+","0.0",",,,I"
"IN012010200","1969-04","19.17","75.17","570.0","PATHARDI, IN","0",",I","0",",I","0",",I","0.0",",,I,30,+","0.0",",,,I"
"IN012010200","1969-05","19.17","75.17","570.0","PATHARDI, IN","0",",I","0",",I","0",",I","0.0",",,I,31,+","0.0",",,,I"
"IN012010200","1969-06","19.17","75.17","570.0","PATHARDI, IN","9",",I","6",",I","1",",I","62.3",",,I,16,","116.6",",,,I"
"IN012010200","1969-07","19.17","75.17","570.0","PATHARDI, IN","7",",I","4",",I","2",",I","40.3",",,I,02,","96.5",",,,I"
"IN012010200","1969-08","19.17","75.17","570.0","PATHARDI, IN","9",",I","8",",I","2",",I","37.0",",,I,24,","103.1",",,,I"
"IN012010200","1969-09","19.17","75.17","570.0","PATHARDI, IN","9",",I","9",",I","2",",I","36.0",",,I,01,","153.8",",,,I"
"IN012010200","1969-10","19.17","75.17","570.0","PATHARDI, IN","0",",I","0",",I","0",",I","0.0",",,I,31,+","0.0",",,,I"
"IN012010200","1969-11","19.17","75.17","570.0","PATHARDI, IN","3",",I","3",",I","0",",I","19.0",",,I,09,","36.5",",,,I"
"IN012010200","1969-12","19.17","75.17","570.0","PATHARDI, IN","0",",I","0",",I","0",",I","0.0",",,I,31,+","0.0",",,,I"
"IN012010200","1970-01","19.17","75.17","570.0","PATHARDI, IN","0",",I","0",",I","0",",I","0.0",",,I,31,+","0.0",",,,I"
"IN012010200","1970-02","19.17","75.17","570.0","PATHARDI, IN","0",",I","0",",I","0",",I","0.0",",,I,28,+","0.0",",,,I"
"IN012010200","1970-03","19.17","75.17","570.0","PATHARDI, IN","0",",I","0",",I","0",",I","0.0",",,I,31,+","0.0",",,,I"
"IN012010200","1970-04","19.17","75.17","570.0","PATHARDI, IN","0",",I","0",",I","0",",I","0.0",",,I,30,+","0.0",",,,I"
"IN012010200","1970-05","19.17","75.17","570.0","PATHARDI, IN","4",",I","3",",I","1",",I","35.0",",,I,30,","45.2",",,,I"
"IN012010200","1970-06","19.17","75.17","570.0","PATHARDI, IN","11",",I","9",",I","1",",I","36.0",",,I,27,","152.5",",,,I"
"IN012010200","1970-07","19.17","75.17","570.0","PATHARDI, IN","9",",I","6",",I","1",",I","28.0",",,I,25,","86.0",",,,I"
"IN012010200","1970-08","19.17","75.17","570.0","PATHARDI, IN","12",",I","9",",I","1",",I","43.0",",,I,10,","104.6",",,,I"
"IN012010200","1970-09","19.17","75.17","570.0","PATHARDI, IN","7",",I","7",",I","1",",I","43.0",",,I,18,","115.0",",,,I"
"IN012010200","1970-10","19.17","75.17","570.0","PATHARDI, IN","6",",I","4",",I","0",",I","6.5",",,I,02,","20.0",",,,I"
"IN012010200","1970-11","19.17","75.17","570.0","PATHARDI, IN","0",",I","0",",I","0",",I","0.0",",,I,30,+","0.0",",,,I"
"IN012010200","1970-12","19.17","75.17","570.0","PATHARDI, IN","0",",I","0",",I","0",",I","0.0",",,I,31,+","0.0",",,,I"
