"STATION","DATE","LATITUDE","LONGITUDE","ELEVATION","NAME","DP01","DP01_ATTRIBUTES","DP10","DP10_ATTRIBUTES","DP1X","DP1X_ATTRIBUTES","EMXP","EMXP_ATTRIBUTES","PRCP","PRCP_ATTRIBUTES"
"IN010020100","1901-08","11.97","75.55","39.0","IRIKKUR, IN","27",",I","27",",I","11",",I","102.6",",,I,14,","645.1",",,,I"
"IN010020100","1901-09","11.97","75.55","39.0","IRIKKUR, IN","13",",I","12",",I","6",",I","74.9",",,I,22,","375.8",",,,I"
"IN010020100","1901-10","11.97","75.55","39.0","IRIKKUR, IN","18",",I","16",",I","4",",I","84.1",",,I,06,","363.8",",,,I"
"IN010020100","1901-11","11.97","75.55","39.0","IRIKKUR, IN","16",",I","10",",I","4",",I","89.4",",,I,06,","310.9",",,,I"
"IN010020100","1901-12","11.97","75.55","39.0","IRIKKUR, IN","3",",I","2",",I","0",",I","14.7",",,I,02,","18.8",",,,I"
"IN010020100","1902-01","11.97","75.55","39.0","IRIKKUR, IN","1",",I","0",",I","0",",I","1.0",",,I,05,","1.0",",,,I"
"IN010020100","1902-02","11.97","75.55","39.0","IRIKKUR, IN","1",",I","1",",I","0",",I","3.6",",,I,15,","3.6",",,,I"
"IN010020100","1902-03","11.97","75.55","39.0","IRIKKUR, IN","1",",I","1",",I","0",",I","12.2",",,I,30,","12.2",",,,I"
"IN010020100","1902-04","11.97","75.55","39.0","IRIKKUR, IN","8",",I","6",",I","1",",I","43.4",",,I,10,","99.8",",,,I"
"IN010020100","1902-05","11.97","75.55","39.0","IRIKKUR, IN","9",",I","5",",I","3",",I","42.9",",,I,11,","148.0",",,,I"
"IN010020100","1902-06","11.97","75.55","39.0","IRIKKUR, IN","20",",I","19",",I","6",",I","86.6",",,I,13,","496.9",",,,I"
"IN010020100","1902-07","11.97","75.55","39.0","IRIKKUR, IN","30",",I","29",",I","23",",I","162.1",",,I,29,","1710.5",",,,I"
"IN010020100","1902-08","11.97","75.55","39.0","IRIKKUR, IN","20",",I","18",",I","9",",I","62.5",",,I,30,","494.9",",,,I"
"IN010020100","1902-09","11.97","75.55","39.0","IRIKKUR, IN","22",",I","21",",I","12",",I","73.9",",,I,02,","715.2",",,,I"
"IN010020100","1902-10","11.97","75.55","39.0","IRIKKUR, IN","17",",I","12",",I","6",",I","71.9",",,I,29,","344.4",",,,I"
"IN010020100","1902-11","11.97","75.55","39.0","IRIKKUR, IN","10",",I","7",",I","2",",I","37.6",",,I,19,","119.2",",,,I"
"IN010020100","1902-12","11.97","75.55","39.0","IRIKKUR, IN","9",",I","8",",I","2",",I","45.5",",,I,05,","118.8",",,,I"
"IN010020100","1903-01","11.97","75.55","39.0","IRIKKUR, IN","0",",I","0",",I","0",",I","0.0",",,I,31,+","0.0",",,,I"
"IN010020100","1903-02","11.97","75.55","39.0","IRIKKUR, IN","0",",I","0",",I","0",",I","0.0",",,I,28,+","0.0",",,,I"
"IN010020100","1903-03","11.97","75.55","39.0","IRIKKUR, IN","0",",I","0",",I","0",",I","0.0",",,I,31,+","0.0",",,,I"
"IN010020100","1903-04","11.97","75.55","39.0","IRIKKUR, IN","0",",I","0",",I","0",",I","0.0",",,I,30,+","0.0",",,,I"
"IN010020100","1903-05","11.97","75.55","39.0","IRIKKUR, IN","9",",I","8",",I","4",",I","81.0",",,I,21,","287.3",",,,I"
"IN010020100","1903-06","11.97","75.55","39.0","IRIKKUR, IN","21",",I","18",",I","9",",I","99.1",",,I,13,","531.2",",,,I"
"IN010020100","1903-07","11.97","75.55","39.0","IRIKKUR, IN","31",",I","30",",I","24",",I","105.4",",,I,12,","1579.4",",,,I"
"IN010020100","1903-08","11.97","75.55","39.0","IRIKKUR, IN","29",",I","24",",I","12",",I","69.3",",,I,21,","607.1",",,,I"
"IN010020100","1903-09","11.97","75.55","39.0","IRIKKUR, IN","24",",I","20",",I","2",",I","69.1",",,I,28,","358.6",",,,I"
"IN010020100","1903-10","11.97","75.55","39.0","IRIKKUR, IN","17",",I","15",",I","5",",I","77.5",",,I,02,","366.5",",,,I"
"IN010020100","1903-11","11.97","75.55","39.0","IRIKKUR, IN","11",",I","9",",I","2",",I","48.8",",,I,10,","156.2",",,,I"
"IN010020100","1903-12","11.97","75.55","39.0","IRIKKUR, IN","4",",I","2",",I","1",",I","34.5",",,I,03,","50.1",",,,I"
"IN010020100","1904-01","11.97","75.55","39.0","IRIKKUR, IN","1",",I","1",",I","0",",I","12.7",",,I,03,","12.7",",,,I"
"IN010020100","1904-02","11.97","75.55","39.0","IRIKKUR, IN","0",",I","0",",I","0",",I","0.0",",,I,29,+","0.0",",,,I"
"IN010020100","1904-03","11.97","75.55","39.0","IRIKKUR, IN","2",",I","2",",I","1",",I","33.5",",,I,25,","49.5",",,,I"
"IN010020100","1904-04","11.97","75.55","39.0","IRIKKUR, IN","9",",I","7",",I","1",",I","28.4",",,I,10,","98.3",",,,I"
"IN010020100","1904-05","11.97","75.55","39.0","IRIKKUR, IN","15",",I","9",",I","2",",I","61.5",",,I,18,","159.0",",,,I"
"IN010020100","1904-06","11.97","75.55","39.0","IRIKKUR, IN","29",",I","29",",I","19",",I","104.1",",,I,30,","1262.9",",,,I"
"IN010020100","1904-07","11.97","75.55","39.0","IRIKKUR, IN","31",",I","29",",I","12",",I","162.1",",,I,03,","1055.4",",,,I"
"IN010020100","1904-08","11.97","75.55","39.0","IRIKKUR, IN","23",",I","18",",I","11",",I","57.2",",,I,09,","515.0",",,,I"
"IN010020100","1904-09","11.97","75.55","39.0","IRIKKUR, IN","22",",I","19",",I","3",",I","47.5",",,I,07,","229.6",",,,I"
"IN010020100","1904-10","11.97","75.55","39.0","IRIKKUR, IN","18",",I","15",",I","4",",I","74.4",",,I,07,","275.4",",,,I"
"IN010020100","1904-11","11.97","75.55","39.0","IRIKKUR, IN","3",",I","3",",I","1",",I","35.6",",,I,13,","46.8",",,,I"
"IN010020100","1904-12","11.97","75.55","39.0","IRIKKUR, IN","0",",I","0",",I","0",",I","0.0",",,I,31,+","0.0",",,,I"
"IN010020100","1905-01","11.97","75.55","39.0","IRIKKUR, IN","0",",I","0",",I","0",",I","0.0",",,I,31,+","0.0",",,,I"
"IN010020100","1905-02","11.97","75.55","39.0","IRIKKUR, IN","1",",I","0",",I","0",",I","0.8",",,I,24,","0.8",",,,I"
"IN010020100","1905-03","11.97","75.55","39.0","IRIKKUR, IN","0",",I","0",",I","0",",I","0.0",",,I,31,+","0.0",",,,I"
"IN010020100","1905-04","11.97","75.55","39.0","IRIKKUR, IN","1",",I","1",",I","0",",I","3.8",",,I,29,","3.8",",,,I"
"IN010020100","1905-05","11.97","75.55","39.0","IRIKKUR, IN","18",",I","11",",I","3",",I","83.6",",,I,12,","233.7",",,,I"
"IN010020100","1905-06","11.97","75.55","39.0","IRIKKUR, IN","25",",I","22",",I","16",",I","141.0",",,I,20,","1060.2",",,,I"
"IN010020100","1905-07","11.97","75.55","39.0","IRIKKUR, IN","31",",I","27",",I","14",",I","114.3",",,I,27,","989.9",",,,I"
"IN010020100","1905-08","11.97","75.55","39.0","IRIKKUR, IN","30",",I","22",",I","8",",I","88.6",",,I,23,","603.5",",,,I"
"IN010020100","1905-09","11.97","75.55","39.0","IRIKKUR, IN","16",",I","14",",I","3",",I","38.1",",,I,08,","222.9",",,,I"
"IN010020100","1905-10","11.97","75.55","39.0","IRIKKUR, IN","17",",I","16",",I","3",",I","43.7",",,I,15,","296.4",",,,I"
"IN010020100","1905-11","11.97","75.55","39.0","IRIKKUR, IN","6",",I","4",",I","1",",I","57.7",",,I,12,","101.1",",,,I"
"IN010020100","1905-12","11.97","75.55","39.0","IRIKKUR, IN","0",",I","0",",I","0",",I","0.0",",,I,31,+","0.0",",,,I"
"IN010020100","1906-01","11.97","75.55","39.0","IRIKKUR, IN","2",",I","2",",I","0",",I","10.9",",,I,18,","18.8",",,,I"
"IN010020100","1906-02","11.97","75.55","39.0","IRIKKUR, IN","0",",I","0",",I","0",",I","0.0",",,I,28,+","0.0",",,,I"
"IN010020100","1906-03","11.97","75.55","39.0","IRIKKUR, IN","0",",I","0",",I","0",",I","0.0",",,I,31,+","0.0",",,,I"
"IN010020100","1906-04","11.97","75.55","39.0","IRIKKUR, IN","1",",I","0",",I","0",",I","0.8",",,I,30,","0.8",",,,I"
"IN010020100","1906-05","11.97","75.55","39.0","IRIKKUR, IN","12",",I","7",",I","2",",I","36.6",",,I,31,","120.3",",,,I"
"IN010020100","1906-06","11.97","75.55","39.0","IRIKKUR, IN","24",",I","22",",I","8",",I","97.0",",,I,21,","613.4",",,,I"
"IN010020100","1906-07","11.97","75.55","39.0","IRIKKUR, IN","31",",I","31",",I","23",",I","157.2",",,I,20,","1441.6",",,,I"
"IN010020100","1906-08","11.97","75.55","39.0","IRIKKUR, IN","28",",I","23",",I","7",",I","72.4",",,I,26,","558.7",",,,I"
"IN010020100","1906-09","11.97","75.55","39.0","IRIKKUR, IN","24",",I","16",",I","2",",I","34.0",",,I,13,","205.7",",,,I"
"IN010020100","1906-10","11.97","75.55","39.0","IRIKKUR, IN","17",",I","11",",I","2",",I","39.4",",,I,18,","166.5",",,,I"
"IN010020100","1906-11","11.97","75.55","39.0","IRIKKUR, IN","7",",I","6",",I","0",",I","19.8",",,I,08,","63.4",",,,I"
"IN010020100","1906-12","11.97","75.55","39.0","IRIKKUR, IN","2",",I","2",",I","0",",I","19.8",",,I,22,","22.8",",,,I"
"IN010020100","1907-01","11.97","75.55","39.0","IRIKKUR, IN","0",",I","0",",I","0",",I","0.0",",,I,31,+","0.0",",,,I"
"IN010020100","1907-02","11.97","75.55","39.0","IRIKKUR, IN","0",",I","0",",I","0",",I","0.0",",,I,28,+","0.0",",,,I"
"IN010020100","1907-03","11.97","75.55","39.0","IRIKKUR, IN","3",",I","3",",I","1",",I","43.2",",,I,15,","61.3",",,,I"
"IN010020100","1907-04","11.97","75.55","39.0","IRIKKUR, IN","9",",I","6",",I","2",",I","58.4",",,I,25,","148.1",",,,I"
"IN010020100","1907-05","11.97","75.55","39.0","IRIKKUR, IN","10",",I","6",",I","0",",I","23.4",",,I,01,","73.9",",,,I"
"IN010020100","1907-06","11.97","75.55","39.0","IRIKKUR, IN","26",",I","25",",I","12",",I","114.8",",,I,12,","983.3",",,,I"
"IN010020100","1907-07","11.97","75.55","39.0","IRIKKUR, IN","27",",I","24",",I","16",",I","133.9",",,I,22,","1051.0",",,,I"
"IN010020100","1907-08","11.97","75.55","39.0","IRIKKUR, IN","31",",I","30",",I","22",",I","145.3",",,I,05,","1571.4",",,,I"
"IN010020100","1907-09","11.97","75.55","39.0","IRIKKUR, IN","17",",I","10",",I","1",",I","27.9",",,I,25,","112.5",",,,I"
"IN010020100","1907-10","11.97","75.55","39.0","IRIKKUR, IN","16",",I","9",",I","1",",I","27.4",",,I,19,","88.0",",,,I"
"IN010020100","1907-11","11.97","75.55","39.0","IRIKKUR, IN","10",",I","7",",I","1",",I","62.2",",,I,10,","91.9",",,,I"
"IN010020100","1907-12","11.97","75.55","39.0","IRIKKUR, IN","5",",I","3",",I","0",",I","11.7",",,I,13,","25.9",",,,I"
"IN010020100","1908-01","11.97","75.55","39.0","IRIKKUR, IN","0",",I","0",",I","0",",I","0.0",",,I,31,+","0.0",",,,I"
"IN010020100","1908-02","11.97","75.55","39.0","IRIKKUR, IN","1",",I","1",",I","0",",I","3.8",",,I,25,","3.8",",,,I"
"IN010020100","1908-03","11.97","75.55","39.0","IRIKKUR, IN","0",",I","0",",I","0",",I","0.0",",,I,31,+","0.0",",,,I"
"IN010020100","1908-04","11.97","75.55","39.0","IRIKKUR, IN","8",",I","6",",I","1",",I","46.2",",,I,16,","107.6",",,,I"
"IN010020100","1908-05","11.97","75.55","39.0","IRIKKUR, IN","7",",I","7",",I","3",",I","87.6",",,I,07,","229.8",",,,I"
"IN010020100","1908-06","11.97","75.55","39.0","IRIKKUR, IN","24",",I","24",",I","13",",I","106.7",",,I,12,","737.9",",,,I"
"IN010020100","1908-07","11.97","75.55","39.0","IRIKKUR, IN","31",",I","30",",I","23",",I","136.7",",,I,24,","1779.6",",,,I"
"IN010020100","1908-08","11.97","75.55","39.0","IRIKKUR, IN","29",",I","28",",I","13",",I","69.6",",,I,05,","737.7",",,,I"
"IN010020100","1908-09","11.97","75.55","39.0","IRIKKUR, IN","14",",I","8",",I","0",",I","16.3",",,I,28,","65.0",",,,I"
"IN010020100","1908-10","11.97","75.55","39.0","IRIKKUR, IN","14",",I","10",",I","3",",I","48.8",",,I,05,","192.4",",,,I"
"IN010020100","1908-11","11.97","75.55","39.0","IRIKKUR, IN","1",",I","1",",I","0",",I","22.1",",,I,07,","22.1",",,,I"
"IN010020100","1908-12","11.97","75.55","39.0","IRIKKUR, IN","1",",I","0",",I","0",",I","1.3",",,I,26,","1.3",",,,I"
"IN010020100","1909-01","11.97","75.55","39.0","IRIKKUR, IN","3",",I","1",",I","0",",I","10.4",",,I,02,","14.7",",,,I"
"IN010020100","1909-02","11.97","75.55","39.0","IRIKKUR, IN","0",",I","0",",I","0",",I","0.0",",,I,28,+","0.0",",,,I"
"IN010020100","1909-03","11.97","75.55","39.0","IRIKKUR, IN","0",",I","0",",I","0",",I","0.0",",,I,31,+","0.0",",,,I"
"IN010020100","1909-04","11.97","75.55","39.0","IRIKKUR, IN","4",",I","2",",I","0",",I","19.1",",,I,03,","23.7",",,,I"
"IN010020100","1909-05","11.97","75.55","39.0","IRIKKUR, IN","9",",I","8",",I","5",",I","273.8",",,I,08,","725.9",",,,I"
"IN010020100","1909-06","11.97","75.55","39.0","IRIKKUR, IN","28",",I","26",",I","18",",I","135.9",",,I,06,","1251.6",",,,I"
"IN010020100","1909-07","11.97","75.55","39.0","IRIKKUR, IN","31",",I","31",",I","19",",I","164.6",",,I,05,","1566.2",",,,I"
"IN010020100","1909-08","11.97","75.55","39.0","IRIKKUR, IN","22",",I","18",",I","5",",I","79.2",",,I,05,","326.4",",,,I"
"IN010020100","1909-09","11.97","75.55","39.0","IRIKKUR, IN","22",",I","17",",I","3",",I","53.6",",,I,03,","278.8",",,,I"
"IN010020100","1909-10","11.97","75.55","39.0","IRIKKUR, IN","16",",I","13",",I","5",",I","83.8",",,I,17,","285.9",",,,I"
"IN010020100","1909-11","11.97","75.55","39.0","IRIKKUR, IN","13",",I","9",",I","1",",I","26.7",",,I,27,","167.6",",,,I"
"IN010020100","1909-12","11.97","75.55","39.0","IRIKKUR, IN","2",",I","2",",I","0",",I","3.6",",,I,14,+","7.2",",,,I"
"IN010020100","1910-01","11.97","75.55","39.0","IRIKKUR, IN","0",",I","0",",I","0",",I","0.0",",,I,31,+","0.0",",,,I"
"IN010020100","1910-02","11.97","75.55","39.0","IRIKKUR, IN","0",",I","0",",I","0",",I","0.0",",,I,28,+","0.0",",,,I"
"IN010020100","1910-03","11.97","75.55","39.0","IRIKKUR, IN","2",",I","2",",I","0",",I","8.6",",,I,13,","11.4",",,,I"
"IN010020100","1910-04","11.97","75.55","39.0","IRIKKUR, IN","5",",I","3",",I","1",",I","37.6",",,I,26,","57.7",",,,I"
"IN010020100","1910-05","11.97","75.55","39.0","IRIKKUR, IN","11",",I","7",",I","4",",I","104.6",",,I,10,","259.0",",,,I"
"IN010020100","1910-06","11.97","75.55","39.0","IRIKKUR, IN","30",",I","27",",I","17",",I","79.2",",,I,25,","1106.9",",,,I"
"IN010020100","1910-07","11.97","75.55","39.0","IRIKKUR, IN","20",",I","19",",I","12",",I","110.0",",,I,05,","734.0",",,,I"
"IN010020100","1910-08","11.97","75.55","39.0","IRIKKUR, IN","31",",I","24",",I","13",",I","116.8",",,I,05,","795.0",",,,I"
"IN010020100","1910-09","11.97","75.55","39.0","IRIKKUR, IN","28",",I","27",",I","7",",I","46.2",",,I,09,","489.2",",,,I"
"IN010020100","1910-10","11.97","75.55","39.0","IRIKKUR, IN","25",",I","21",",I","4",",I","68.3",",,I,25,","384.5",",,,I"
"IN010020100","1910-11","11.97","75.55","39.0","IRIKKUR, IN","11",",I","9",",I","3",",I","68.3",",,I,16,","226.7",",,,I"
"IN010020100","1910-12","11.97","75.55","39.0","IRIKKUR, IN","0",",I","0",",I","0",",I","0.0",",,I,31,+","0.0",",,,I"
"IN010020100","1911-01","11.97","75.55","39.0","IRIKKUR, IN","0",",I","0",",I","0",",I","0.0",",,I,31,+","0.0",",,,I"
"IN010020100","1911-02","11.97","75.55","39.0","IRIKKUR, IN","1",",I","0",",I","0",",I","1.0",",,I,04,","1.0",",,,I"
"IN010020100","1911-03","11.97","75.55","39.0","IRIKKUR, IN","0",",I","0",",I","0",",I","0.0",",,I,31,+","0.0",",,,I"
"IN010020100","1911-04","11.97","75.55","39.0","IRIKKUR, IN","3",",I","1",",I","0",",I","10.9",",,I,25,","14.0",",,,I"
"IN010020100","1911-05","11.97","75.55","39.0","IRIKKUR, IN","8",",I","7",",I","4",",I","31.2",",,I,25,","155.1",",,,I"
"IN010020100","1911-06","11.97","75.55","39.0","IRIKKUR, IN","25",",I","24",",I","18",",I","244.9",",,I,08,","1752.2",",,,I"
"IN010020100","1911-07","11.97","75.55","39.0","IRIKKUR, IN","30",",I","30",",I","14",",I","153.4",",,I,17,","1104.3",",,,I"
"IN010020100","1911-08","11.97","75.55","39.0","IRIKKUR, IN","24",",I","21",",I","6",",I","88.6",",,I,22,","417.9",",,,I"
"IN010020100","1911-09","11.97","75.55","39.0","IRIKKUR, IN","13",",I","6",",I","1",",I","52.6",",,I,21,","105.8",",,,I"
"IN010020100","1911-10","11.97","75.55","39.0","IRIKKUR, IN","10",",I","9",",I","4",",I","87.4",",,I,06,","237.0",",,,I"
"IN010020100","1911-11","11.97","75.55","39.0","IRIKKUR, IN","5",",I","4",",I","3",",I","72.4",",,I,23,","160.6",",,,I"
"IN010020100","1911-12","11.97","75.55","39.0","IRIKKUR, IN","5",",I","3",",I","1",",I","25.4",",,I,07,","51.9",",,,I"
"IN010020100","1912-01","11.97","75.55","39.0","IRIKKUR, IN","0",",I","0",",I","0",",I","0.0",",,I,31,+","0.0",",,,I"
"IN010020100","1912-02","11.97","75.55","39.0","IRIKKUR, IN","1",",I","0",",I","0",",I","0.5",",,I,16,","0.5",",,,I"
"IN010020100","1912-03","11.97","75.55","39.0","IRIKKUR, IN","0",",I","0",",I","0",",I","0.0",",,I,31,+","0.0",",,,I"
"IN010020100","1912-04","11.97","75.55","39.0","IRIKKUR, IN","6",",I","4",",I","0",",I","17.0",",,I,09,","45.7",",,,I"
"IN010020100","1912-05","11.97","75.55","39.0","IRIKKUR, IN","10",",I","9",",I","4",",I","64.3",",,I,02,","216.3",",,,I"
"IN010020100","1912-06","11.97","75.55","39.0","IRIKKUR, IN","27",",I","27",",I","16",",I","213.4",",,I,20,","1133.5",",,,I"
"IN010020100","1912-07","11.97","75.55","39.0","IRIKKUR, IN","30",",I","30",",I","18",",I","163.8",",,I,24,","1434.7",",,,I"
"IN010020100","1912-08","11.97","75.55","39.0","IRIKKUR, IN","27",",I","26",",I","13",",I","128.3",",,I,18,","990.8",",,,I"
"IN010020100","1912-09","11.97","75.55","39.0","IRIKKUR, IN","9",",I","8",",I","1",",I","43.2",",,I,23,","129.3",",,,I"
"IN010020100","1912-10","11.97","75.55","39.0","IRIKKUR, IN","16",",I","16",",I","7",",I","81.3",",,I,04,","472.9",",,,I"
"IN010020100","1912-11","11.97","75.55","39.0","IRIKKUR, IN","5",",I","5",",I","2",",I","31.8",",,I,26,","114.3",",,,I"
"IN010020100","1912-12","11.97","75.55","39.0","IRIKKUR, IN","1",",I","1",",I","0",",I","5.1",",,I,12,","5.1",",,,I"
"IN010020100","1913-01","11.97","75.55","39.0","IRIKKUR, IN","0",",I","0",",I","0",",I","0.0",",,I,31,+","0.0",",,,I"
"IN010020100","1913-02","11.97","75.55","39.0","IRIKKUR, IN","0",",I","0",",I","0",",I","0.0",",,I,28,+","0.0",",,,I"
"IN010020100","1913-03","11.97","75.55","39.0","IRIKKUR, IN","0",",I","0",",I","0",",I","0.0",",,I,31,+","0.0",",,,I"
"IN010020100","1913-04","11.97","75.55","39.0","IRIKKUR, IN","5",",I","2",",I","0",",I","9.7",",,I,26,","17.1",",,,I"
"IN010020100","1913-05","11.97","75.55","39.0","IRIKKUR, IN","11",",I","9",",I","2",",I","45.7",",,I,29,","134.4",",,,I"
"IN010020100","1913-06","11.97","75.55","39.0","IRIKKUR, IN","23",",I","21",",I","11",",I","92.7",",,I,07,","751.1",",,,I"
"IN010020100","1913-07","11.97","75.55","39.0","IRIKKUR, IN","29",",I","29",",I","13",",I","174.2",",,I,30,","1084.3",",,,I"
"IN010020100","1913-08","11.97","75.55","39.0","IRIKKUR, IN","26",",I","23",",I","7",",I","53.3",",,I,01,","415.9",",,,I"
"IN010020100","1913-09","11.97","75.55","39.0","IRIKKUR, IN","15",",I","13",",I","3",",I","31.8",",,I,25,","181.2",",,,I"
"IN010020100","1913-10","11.97","75.55","39.0","IRIKKUR, IN","15",",I","15",",I","8",",I","59.7",",,I,14,","414.6",",,,I"
"IN010020100","1913-11","11.97","75.55","39.0","IRIKKUR, IN","0",",I","0",",I","0",",I","0.0",",,I,30,+","0.0",",,,I"
"IN010020100","1913-12","11.97","75.55","39.0","IRIKKUR, IN","3","1,I","3","1,I","0","1,I","4.3","1,,I,07,","9.8","1,,,I"
"IN010020100","1914-01","11.97","75.55","39.0","IRIKKUR, IN","0",",I","0",",I","0",",I","0.0",",,I,31,+","0.0",",,,I"
"IN010020100","1914-02","11.97","75.55","39.0","IRIKKUR, IN","0",",I","0",",I","0",",I","0.0",",,I,28,+","0.0",",,,I"
"IN010020100","1914-03","11.97","75.55","39.0","IRIKKUR, IN","0",",I","0",",I","0",",I","0.0",",,I,31,+","0.0",",,,I"
"IN010020100","1914-04","11.97","75.55","39.0","IRIKKUR, IN","0",",I","0",",I","0",",I","0.0",",,I,30,+","0.0",",,,I"
"IN010020100","1914-05","11.97","75.55","39.0","IRIKKUR, IN","9",",I","5",",I","0",",I","13.5",",,I,10,","43.9",",,,I"
"IN010020100","1914-06","11.97","75.55","39.0","IRIKKUR, IN","25",",I","25",",I","12",",I","81.3",",,I,05,","815.8",",,,I"
"IN010020100","1914-07","11.97","75.55","39.0","IRIKKUR, IN","31",",I","31",",I","23",",I","143.0",",,I,07,","1481.7",",,,I"
"IN010020100","1914-08","11.97","75.55","39.0","IRIKKUR, IN","29",",I","29",",I","12",",I","102.4",",,I,01,","806.6",",,,I"
"IN010020100","1914-09","11.97","75.55","39.0","IRIKKUR, IN","18",",I","17",",I","2",",I","26.9",",,I,12,","216.8",",,,I"
"IN010020100","1914-10","11.97","75.55","39.0","IRIKKUR, IN","20",",I","17",",I","5",",I","49.0",",,I,17,","353.2",",,,I"
"IN010020100","1914-11","11.97","75.55","39.0","IRIKKUR, IN","8",",I","7",",I","2",",I","34.3",",,I,10,","84.3",",,,I"
"IN010020100","1914-12","11.97","75.55","39.0","IRIKKUR, IN","6",",I","6",",I","2",",I","40.4",",,I,08,","114.9",",,,I"
"IN010020100","1915-01","11.97","75.55","39.0","IRIKKUR, IN","0",",I","0",",I","0",",I","0.0",",,I,31,+","0.0",",,,I"
"IN010020100","1915-02","11.97","75.55","39.0","IRIKKUR, IN","0",",I","0",",I","0",",I","0.0",",,I,28,+","0.0",",,,I"
"IN010020100","1915-03","11.97","75.55","39.0","IRIKKUR, IN","0",",I","0",",I","0",",I","0.0",",,I,31,+","0.0",",,,I"
"IN010020100","1915-04","11.97","75.55","39.0","IRIKKUR, IN","6",",I","6",",I","0",",I","17.8",",,I,16,","58.7",",,,I"
"IN010020100","1915-05","11.97","75.55","39.0","IRIKKUR, IN","9",",I","8",",I","2",",I","63.5",",,I,01,","144.8",",,,I"
"IN010020100","1915-06","11.97","75.55","39.0","IRIKKUR, IN","23",",I","22",",I","12",",I","139.2",",,I,23,","819.6",",,,I"
"IN010020100","1915-07","11.97","75.55","39.0","IRIKKUR, IN","24",",I","22",",I","16",",I","158.8",",,I,21,","1121.4",",,,I"
"IN010020100","1915-08","11.97","75.55","39.0","IRIKKUR, IN","19",",I","19",",I","5",",I","85.1",",,I,05,","426.6",",,,I"
"IN010020100","1915-09","11.97","75.55","39.0","IRIKKUR, IN","21",",I","20",",I","7",",I","61.0",",,I,08,","412.6",",,,I"
"IN010020100","1915-10","11.97","75.55","39.0","IRIKKUR, IN","12",",I","11",",I","4",",I","39.6",",,I,03,","221.2",",,,I"
"IN010020100","1915-11","11.97","75.55","39.0","IRIKKUR, IN","12",",I","11",",I","2",",I","48.3",",,I,12,","191.0",",,,I"
"IN010020100","1915-12","11.97","75.55","39.0","IRIKKUR, IN","0",",I","0",",I","0",",I","0.0",",,I,31,+","0.0",",,,I"
"IN010020100","1916-01","11.97","75.55","39.0","IRIKKUR, IN","0",",I","0",",I","0",",I","0.0",",,I,31,+","0.0",",,,I"
"IN010020100","1916-02","11.97","75.55","39.0","IRIKKUR, IN","1",",I","1",",I","0",",I","3.3",",,I,20,","3.3",",,,I"
"IN010020100","1916-03","11.97","75.55","39.0","IRIKKUR, IN","0",",I","0",",I","0",",I","0.0",",,I,31,+","0.0",",,,I"
"IN010020100","1916-04","11.97","75.55","39.0","IRIKKUR, IN","4",",I","4",",I","0",",I","11.2",",,I,10,","29.5",",,,I"
"IN010020100","1916-05","11.97","75.55","39.0","IRIKKUR, IN","14",",I","13",",I","4",",I","33.0",",,I,30,+","204.5",",,,I"
"IN010020100","1916-06","11.97","75.55","39.0","IRIKKUR, IN","29",",I","28",",I","24",",I","129.0",",,I,20,","1629.2",",,,I"
"IN010020100","1916-07","11.97","75.55","39.0","IRIKKUR, IN","26",",I","24",",I","5",",I","110.7",",,I,31,","567.8",",,,I"
"IN010020100","1916-08","11.97","75.55","39.0","IRIKKUR, IN","23",",I","23",",I","12",",I","88.4",",,I,02,","715.3",",,,I"
"IN010020100","1916-09","11.97","75.55","39.0","IRIKKUR, IN","20",",I","19",",I","7",",I","53.8",",,I,19,","421.4",",,,I"
"IN010020100","1916-10","11.97","75.55","39.0","IRIKKUR, IN","17",",I","17",",I","4",",I","133.4",",,I,28,","437.1",",,,I"
"IN010020100","1916-11","11.97","75.55","39.0","IRIKKUR, IN","8",",I","8",",I","2",",I","29.0",",,I,12,+","115.4",",,,I"
"IN010020100","1916-12","11.97","75.55","39.0","IRIKKUR, IN","1",",I","1",",I","1",",I","25.4",",,I,04,","25.4",",,,I"
"IN010020100","1917-01","11.97","75.55","39.0","IRIKKUR, IN","0",",I","0",",I","0",",I","0.0",",,I,31,+","0.0",",,,I"
"IN010020100","1917-02","11.97","75.55","39.0","IRIKKUR, IN","4",",I","4",",I","1",",I","73.7",",,I,04,","88.1",",,,I"
"IN010020100","1917-03","11.97","75.55","39.0","IRIKKUR, IN","1",",I","1",",I","0",",I","3.0",",,I,18,","3.0",",,,I"
"IN010020100","1917-04","11.97","75.55","39.0","IRIKKUR, IN","1",",I","1",",I","0",",I","3.8",",,I,13,","3.8",",,,I"
"IN010020100","1917-05","11.97","75.55","39.0","IRIKKUR, IN","3",",I","1",",I","1",",I","73.7",",,I,30,","77.5",",,,I"
"IN010020100","1917-06","11.97","75.55","39.0","IRIKKUR, IN","30",",I","28",",I","19",",I","96.5",",,I,14,","1025.3",",,,I"
"IN010020100","1917-07","11.97","75.55","39.0","IRIKKUR, IN","23",",I","21",",I","13",",I","74.9",",,I,23,","604.2",",,,I"
"IN010020100","1917-08","11.97","75.55","39.0","IRIKKUR, IN","28",",I","26",",I","5",",I","48.3",",,I,08,","413.5",",,,I"
"IN010020100","1917-09","11.97","75.55","39.0","IRIKKUR, IN","26",",I","25",",I","7",",I","92.2",",,I,30,","544.2",",,,I"
"IN010020100","1917-10","11.97","75.55","39.0","IRIKKUR, IN","21",",I","17",",I","5",",I","76.2",",,I,13,","363.5",",,,I"
"IN010020100","1917-11","11.97","75.55","39.0","IRIKKUR, IN","15",",I","14",",I","4",",I","56.1",",,I,28,","249.4",",,,I"
"IN010020100","1917-12","11.97","75.55","39.0","IRIKKUR, IN","0",",I","0",",I","0",",I","0.0",",,I,31,+","0.0",",,,I"
"IN010020100","1918-01","11.97","75.55","39.0","IRIKKUR, IN","0",",I","0",",I","0",",I","0.0",",,I,31,+","0.0",",,,I"
"IN010020100","1918-02","11.97","75.55","39.0","IRIKKUR, IN","0",",I","0",",I","0",",I","0.0",",,I,28,+","0.0",",,,I"
"IN010020100","1918-03","11.97","75.55","39.0","IRIKKUR, IN","2",",I","1",",I","0",",I","15.2",",,I,29,","17.2",",,,I"
"IN010020100","1918-04","11.97","75.55","39.0","IRIKKUR, IN","2",",I","2",",I","0",",I","16.8",",,I,28,","22.4",",,,I"
"IN010020100","1918-05","11.97","75.55","39.0","IRIKKUR, IN","24",",I","22",",I","11",",I","111.8",",,I,28,","759.6",",,,I"
"IN010020100","1918-06","11.97","75.55","39.0","IRIKKUR, IN","26",",I","25",",I","11",",I","132.1",",,I,18,","796.6",",,,I"
"IN010020100","1918-07","11.97","75.55","39.0","IRIKKUR, IN","22",",I","18",",I","5",",I","46.5",",,I,02,","327.8",",,,I"
"IN010020100","1918-08","11.97","75.55","39.0","IRIKKUR, IN","30",",I","30",",I","4",",I","70.6",",,I,10,","518.5",",,,I"
"IN010020100","1918-09","11.97","75.55","39.0","IRIKKUR, IN","14",",I","14",",I","2",",I","59.2",",,I,28,","166.8",",,,I"
"IN010020100","1918-10","11.97","75.55","39.0","IRIKKUR, IN","15",",I","15",",I","6",",I","59.4",",,I,10,","294.2",",,,I"
"IN010020100","1918-11","11.97","75.55","39.0","IRIKKUR, IN","17",",I","13",",I","3",",I","85.1",",,I,05,","298.2",",,,I"
"IN010020100","1918-12","11.97","75.55","39.0","IRIKKUR, IN","3",",I","3",",I","1",",I","75.2",",,I,04,","98.4",",,,I"
"IN010020100","1919-01","11.97","75.55","39.0","IRIKKUR, IN","0",",I","0",",I","0",",I","0.0",",,I,31,+","0.0",",,,I"
"IN010020100","1919-02","11.97","75.55","39.0","IRIKKUR, IN","0",",I","0",",I","0",",I","0.0",",,I,28,+","0.0",",,,I"
"IN010020100","1919-03","11.97","75.55","39.0","IRIKKUR, IN","0",",I","0",",I","0",",I","0.0",",,I,31,+","0.0",",,,I"
"IN010020100","1919-04","11.97","75.55","39.0","IRIKKUR, IN","1",",I","1",",I","0",",I","2.5",",,I,22,","2.5",",,,I"
"IN010020100","1919-05","11.97","75.55","39.0","IRIKKUR, IN","13",",I","12",",I","2",",I","29.2",",,I,13,","166.0",",,,I"
"IN010020100","1919-06","11.97","75.55","39.0","IRIKKUR, IN","26",",I","26",",I","10",",I","87.6",",,I,29,","756.2",",,,I"
"IN010020100","1919-07","11.97","75.55","39.0","IRIKKUR, IN","27",",I","26",",I","18",",I","126.7",",,I,10,","941.2",",,,I"
"IN010020100","1919-08","11.97","75.55","39.0","IRIKKUR, IN","30",",I","29",",I","11",",I","86.4",",,I,03,","698.3",",,,I"
"IN010020100","1919-09","11.97","75.55","39.0","IRIKKUR, IN","18",",I","14",",I","2",",I","39.9",",,I,02,","211.9",",,,I"
"IN010020100","1919-11","11.97","75.55","39.0","IRIKKUR, IN","14",",I","13",",I","4",",I","56.9",",,I,03,","265.9",",,,I"
"IN010020100","1919-12","11.97","75.55","39.0","IRIKKUR, IN","3",",I","3",",I","0",",I","10.4",",,I,08,","26.2",",,,I"
"IN010020100","1920-01","11.97","75.55","39.0","IRIKKUR, IN","4",",I","3",",I","0",",I","24.6",",,I,03,","35.2",",,,I"
"IN010020100","1920-02","11.97","75.55","39.0","IRIKKUR, IN","0",",I","0",",I","0",",I","0.0",",,I,29,+","0.0",",,,I"
"IN010020100","1920-03","11.97","75.55","39.0","IRIKKUR, IN","0",",I","0",",I","0",",I","0.0",",,I,31,+","0.0",",,,I"
"IN010020100","1920-04","11.97","75.55","39.0","IRIKKUR, IN","7",",I","4",",I","0",",I","11.9",",,I,24,","26.9",",,,I"
"IN010020100","1920-05","11.97","75.55","39.0","IRIKKUR, IN","7",",I","4",",I","1",",I","33.0",",,I,31,","78.1",",,,I"
"IN010020100","1920-06","11.97","75.55","39.0","IRIKKUR, IN","28",",I","27",",I","19",",I","172.5",",,I,23,","1511.5",",,,I"
"IN010020100","1920-07","11.97","75.55","39.0","IRIKKUR, IN","31",",I","31",",I","24",",I","147.1",",,I,09,","1518.1",",,,I"
"IN010020100","1920-08","11.97","75.55","39.0","IRIKKUR, IN","29",",I","26",",I","5",",I","54.9",",,I,23,","459.7",",,,I"
"IN010020100","1920-09","11.97","75.55","39.0","IRIKKUR, IN","19",",I","13",",I","0",",I","19.1",",,I,09,","98.1",",,,I"
"IN010020100","1920-10","11.97","75.55","39.0","IRIKKUR, IN","18",",I","14",",I","2",",I","101.9",",,I,05,","309.0",",,,I"
"IN010020100","1920-11","11.97","75.55","39.0","IRIKKUR, IN","14",",I","11",",I","2",",I","72.9",",,I,24,","223.8",",,,I"
"IN010020100","1920-12","11.97","75.55","39.0","IRIKKUR, IN","0",",I","0",",I","0",",I","0.0",",,I,31,+","0.0",",,,I"
"IN010020100","1921-01","11.97","75.55","39.0","IRIKKUR, IN","3",",I","3",",I","0",",I","7.1",",,I,13,","12.1",",,,I"
"IN010020100","1921-02","11.97","75.55","39.0","IRIKKUR, IN","0",",I","0",",I","0",",I","0.0",",,I,28,+","0.0",",,,I"
"IN010020100","1921-03","11.97","75.55","39.0","IRIKKUR, IN","0",",I","0",",I","0",",I","0.0",",,I,31,+","0.0",",,,I"
"IN010020100","1921-04","11.97","75.55","39.0","IRIKKUR, IN","11",",I","9",",I","2",",I","62.0",",,I,11,","153.5",",,,I"
"IN010020100","1921-05","11.97","75.55","39.0","IRIKKUR, IN","15",",I","9",",I","1",",I","38.6",",,I,30,","120.6",",,,I"
"IN010020100","1921-06","11.97","75.55","39.0","IRIKKUR, IN","25",",I","24",",I","13",",I","97.5",",,I,15,","816.4",",,,I"
"IN010020100","1921-07","11.97","75.55","39.0","IRIKKUR, IN","29",",I","25",",I","14",",I","124.5",",,I,31,","954.6",",,,I"
"IN010020100","1921-08","11.97","75.55","39.0","IRIKKUR, IN","30",",I","29",",I","15",",I","124.5",",,I,12,","1199.5",",,,I"
"IN010020100","1921-09","11.97","75.55","39.0","IRIKKUR, IN","13",",I","12",",I","2",",I","36.1",",,I,01,","186.3",",,,I"
"IN010020100","1921-10","11.97","75.55","39.0","IRIKKUR, IN","9",",I","8",",I","4",",I","73.7",",,I,15,","232.4",",,,I"
"IN010020100","1921-11","11.97","75.55","39.0","IRIKKUR, IN","7",",I","5",",I","1",",I","113.8",",,I,01,","157.2",",,,I"
"IN010020100","1921-12","11.97","75.55","39.0","IRIKKUR, IN","0",",I","0",",I","0",",I","0.0",",,I,31,+","0.0",",,,I"
"IN010020100","1922-01","11.97","75.55","39.0","IRIKKUR, IN","3",",I","2",",I","0",",I","20.6",",,I,02,","39.9",",,,I"
"IN010020100","1922-02","11.97","75.55","39.0","IRIKKUR, IN","0",",I","0",",I","0",",I","0.0",",,I,28,+","0.0",",,,I"
"IN010020100","1922-03","11.97","75.55","39.0","IRIKKUR, IN","0",",I","0",",I","0",",I","0.0",",,I,31,+","0.0",",,,I"
"IN010020100","1922-04","11.97","75.55","39.0","IRIKKUR, IN","11",",I","9",",I","1",",I","96.5",",,I,29,","165.4",",,,I"
"IN010020100","1922-05","11.97","75.55","39.0","IRIKKUR, IN","16",",I","14",",I","5",",I","57.2",",,I,15,","319.8",",,,I"
"IN010020100","1922-06","11.97","75.55","39.0","IRIKKUR, IN","25",",I","22",",I","16",",I","114.8",",,I,28,","838.6",",,,I"
"IN010020100","1922-07","11.97","75.55","39.0","IRIKKUR, IN","31",",I","31",",I","23",",I","231.6",",,I,10,","1841.6",",,,I"
"IN010020100","1922-08","11.97","75.55","39.0","IRIKKUR, IN","30",",I","27",",I","11",",I","93.5",",,I,26,","702.6",",,,I"
"IN010020100","1922-09","11.97","75.55","39.0","IRIKKUR, IN","21",",I","18",",I","5",",I","42.9",",,I,04,","338.4",",,,I"
"IN010020100","1922-10","11.97","75.55","39.0","IRIKKUR, IN","14",",I","11",",I","1",",I","28.4",",,I,29,","138.3",",,,I"
"IN010020100","1922-11","11.97","75.55","39.0","IRIKKUR, IN","14",",I","10",",I","5",",I","117.6",",,I,13,","295.6",",,,I"
"IN010020100","1922-12","11.97","75.55","39.0","IRIKKUR, IN","2",",I","0",",I","0",",I","2.0",",,I,02,","3.5",",,,I"
"IN010020100","1923-01","11.97","75.55","39.0","IRIKKUR, IN","1",",I","1",",I","0",",I","15.5",",,I,12,","15.5",",,,I"
"IN010020100","1923-02","11.97","75.55","39.0","IRIKKUR, IN","0",",I","0",",I","0",",I","0.0",",,I,28,+","0.0",",,,I"
"IN010020100","1923-03","11.97","75.55","39.0","IRIKKUR, IN","5",",I","4",",I","0",",I","17.8",",,I,05,","47.1",",,,I"
"IN010020100","1923-04","11.97","75.55","39.0","IRIKKUR, IN","1",",I","1",",I","0",",I","2.5",",,I,03,","2.5",",,,I"
"IN010020100","1923-05","11.97","75.55","39.0","IRIKKUR, IN","5",",I","5",",I","2",",I","74.9",",,I,26,","147.5",",,,I"
"IN010020100","1923-06","11.97","75.55","39.0","IRIKKUR, IN","22",",I","21",",I","11",",I","268.0",",,I,24,","949.9",",,,I"
"IN010020100","1923-07","11.97","75.55","39.0","IRIKKUR, IN","31",",I","31",",I","21",",I","203.2",",,I,24,","1578.9",",,,I"
"IN010020100","1923-08","11.97","75.55","39.0","IRIKKUR, IN","31",",I","30",",I","20",",I","246.9",",,I,14,","1853.4",",,,I"
"IN010020100","1923-09","11.97","75.55","39.0","IRIKKUR, IN","16",",I","11",",I","2",",I","145.8",",,I,22,","254.2",",,,I"
"IN010020100","1923-10","11.97","75.55","39.0","IRIKKUR, IN","7",",I","6",",I","2",",I","33.0",",,I,28,","93.5",",,,I"
"IN010020100","1923-11","11.97","75.55","39.0","IRIKKUR, IN","4",",I","4",",I","0",",I","16.8",",,I,07,","35.0",",,,I"
"IN010020100","1923-12","11.97","75.55","39.0","IRIKKUR, IN","0",",I","0",",I","0",",I","0.0",",,I,31,+","0.0",",,,I"
"IN010020100","1924-01","11.97","75.55","39.0","IRIKKUR, IN","0",",I","0",",I","0",",I","0.0",",,I,31,+","0.0",",,,I"
"IN010020100","1924-02","11.97","75.55","39.0","IRIKKUR, IN","0",",I","0",",I","0",",I","0.0",",,I,29,+","0.0",",,,I"
"IN010020100","1924-03","11.97","75.55","39.0","IRIKKUR, IN","2",",I","1",",I","0",",I","2.5",",,I,22,","4.5",",,,I"
"IN010020100","1924-04","11.97","75.55","39.0","IRIKKUR, IN","6",",I","4",",I","0",",I","14.0",",,I,06,","44.2",",,,I"
"IN010020100","1924-05","11.97","75.55","39.0","IRIKKUR, IN","9",",I","5",",I","1",",I","53.3",",,I,22,","110.6",",,,I"
"IN010020100","1924-06","11.97","75.55","39.0","IRIKKUR, IN","30",",I","27",",I","14",",I","189.2",",,I,04,","1078.2",",,,I"
"IN010020100","1924-07","11.97","75.55","39.0","IRIKKUR, IN","31",",I","31",",I","21",",I","218.2",",,I,17,","2150.5",",,,I"
"IN010020100","1924-08","11.97","75.55","39.0","IRIKKUR, IN","30",",I","26",",I","13",",I","142.2",",,I,11,","905.3",",,,I"
"IN010020100","1924-09","11.97","75.55","39.0","IRIKKUR, IN","14",",I","13",",I","6",",I","79.8",",,I,24,","305.0",",,,I"
"IN010020100","1924-10","11.97","75.55","39.0","IRIKKUR, IN","13",",I","9",",I","0",",I","20.8",",,I,11,","110.7",",,,I"
"IN010020100","1924-11","11.97","75.55","39.0","IRIKKUR, IN","7",",I","7",",I","1",",I","30.0",",,I,01,","80.4",",,,I"
"IN010020100","1924-12","11.97","75.55","39.0","IRIKKUR, IN","0",",I","0",",I","0",",I","0.0",",,I,31,+","0.0",",,,I"
"IN010020100","1925-01","11.97","75.55","39.0","IRIKKUR, IN","0",",I","0",",I","0",",I","0.0",",,I,31,+","0.0",",,,I"
"IN010020100","1925-02","11.97","75.55","39.0","IRIKKUR, IN","0",",I","0",",I","0",",I","0.0",",,I,28,+","0.0",",,,I"
"IN010020100","1925-03","11.97","75.55","39.0","IRIKKUR, IN","3",",I","2",",I","1",",I","52.1",",,I,18,","71.2",",,,I"
"IN010020100","1925-04","11.97","75.55","39.0","IRIKKUR, IN","9",",I","8",",I","0",",I","18.5",",,I,28,","83.5",",,,I"
"IN010020100","1925-05","11.97","75.55","39.0","IRIKKUR, IN","17",",I","14",",I","4",",I","135.9",",,I,07,","366.3",",,,I"
"IN010020100","1925-06","11.97","75.55","39.0","IRIKKUR, IN","22",",I","21",",I","15",",I","149.6",",,I,24,","1245.4",",,,I"
"IN010020100","1925-07","11.97","75.55","39.0","IRIKKUR, IN","29",",I","25",",I","12",",I","160.0",",,I,18,","1124.6",",,,I"
"IN010020100","1925-08","11.97","75.55","39.0","IRIKKUR, IN","30",",I","30",",I","17",",I","137.4",",,I,08,","1286.2",",,,I"
"IN010020100","1925-09","11.97","75.55","39.0","IRIKKUR, IN","12",",I","11",",I","2",",I","41.1",",,I,25,","154.9",",,,I"
"IN010020100","1925-10","11.97","75.55","39.0","IRIKKUR, IN","19",",I","19",",I","6",",I","65.3",",,I,13,","363.1",",,,I"
"IN010020100","1925-11","11.97","75.55","39.0","IRIKKUR, IN","4",",I","3",",I","1",",I","113.0",",,I,11,","147.8",",,,I"
"IN010020100","1925-12","11.97","75.55","39.0","IRIKKUR, IN","5",",I","5",",I","1",",I","28.7",",,I,10,","49.8",",,,I"
"IN010020100","1926-01","11.97","75.55","39.0","IRIKKUR, IN","1",",I","1",",I","0",",I","6.6",",,I,28,","6.6",",,,I"
"IN010020100","1926-02","11.97","75.55","39.0","IRIKKUR, IN","0",",I","0",",I","0",",I","0.0",",,I,28,+","0.0",",,,I"
"IN010020100","1926-03","11.97","75.55","39.0","IRIKKUR, IN","2",",I","1",",I","0",",I","3.3",",,I,10,","5.3",",,,I"
"IN010020100","1926-04","11.97","75.55","39.0","IRIKKUR, IN","1",",I","0",",I","0",",I","0.8",",,I,24,","0.8",",,,I"
"IN010020100","1926-05","11.97","75.55","39.0","IRIKKUR, IN","8",",I","3",",I","0",",I","7.9",",,I,12,","25.8",",,,I"
"IN010020100","1926-06","11.97","75.55","39.0","IRIKKUR, IN","23",",I","21",",I","9",",I","95.5",",,I,17,","605.1",",,,I"
"IN010020100","1926-07","11.97","75.55","39.0","IRIKKUR, IN","31",",I","26",",I","16",",I","127.3",",,I,08,","1250.7",",,,I"
"IN010020100","1926-08","11.97","75.55","39.0","IRIKKUR, IN","31",",I","24",",I","11",",I","129.8",",,I,05,","917.4",",,,I"
"IN010020100","1926-09","11.97","75.55","39.0","IRIKKUR, IN","20",",I","18",",I","5",",I","53.3",",,I,11,","287.8",",,,I"
"IN010020100","1926-10","11.97","75.55","39.0","IRIKKUR, IN","15",",I","12",",I","1",",I","46.2",",,I,17,","157.5",",,,I"
"IN010020100","1926-11","11.97","75.55","39.0","IRIKKUR, IN","6",",I","4",",I","1",",I","53.3",",,I,03,","100.6",",,,I"
"IN010020100","1926-12","11.97","75.55","39.0","IRIKKUR, IN","1",",I","0",",I","0",",I","0.5",",,I,20,","0.5",",,,I"
"IN010020100","1927-01","11.97","75.55","39.0","IRIKKUR, IN","0",",I","0",",I","0",",I","0.0",",,I,31,+","0.0",",,,I"
"IN010020100","1927-02","11.97","75.55","39.0","IRIKKUR, IN","0",",I","0",",I","0",",I","0.0",",,I,28,+","0.0",",,,I"
"IN010020100","1927-03","11.97","75.55","39.0","IRIKKUR, IN","2",",I","0",",I","0",",I","0.8",",,I,23,","1.3",",,,I"
"IN010020100","1927-04","11.97","75.55","39.0","IRIKKUR, IN","6",",I","4",",I","3",",I","41.9",",,I,19,","121.7",",,,I"
"IN010020100","1927-05","11.97","75.55","39.0","IRIKKUR, IN","9",",I","7",",I","4",",I","119.4",",,I,30,","308.2",",,,I"
"IN010020100","1927-06","11.97","75.55","39.0","IRIKKUR, IN","29",",I","26",",I","11",",I","191.8",",,I,05,","949.5",",,,I"
"IN010020100","1927-07","11.97","75.55","39.0","IRIKKUR, IN","31",",I","30",",I","20",",I","85.1",",,I,10,+","1247.5",",,,I"
"IN010020100","1927-08","11.97","75.55","39.0","IRIKKUR, IN","28",",I","24",",I","9",",I","66.0",",,I,28,","550.8",",,,I"
"IN010020100","1927-09","11.97","75.55","39.0","IRIKKUR, IN","16",",I","15",",I","2",",I","124.5",",,I,17,","306.3",",,,I"
"IN010020100","1927-10","11.97","75.55","39.0","IRIKKUR, IN","8",",I","7",",I","0",",I","11.7",",,I,21,","53.1",",,,I"
"IN010020100","1927-11","11.97","75.55","39.0","IRIKKUR, IN","7",",I","7",",I","4",",I","54.9",",,I,08,","190.2",",,,I"
"IN010020100","1927-12","11.97","75.55","39.0","IRIKKUR, IN","0",",I","0",",I","0",",I","0.0",",,I,31,+","0.0",",,,I"
"IN010020100","1928-01","11.97","75.55","39.0","IRIKKUR, IN","0",",I","0",",I","0",",I","0.0",",,I,31,+","0.0",",,,I"
"IN010020100","1928-02","11.97","75.55","39.0","IRIKKUR, IN","6",",I","5",",I","0",",I","15.2",",,I,03,","41.1",",,,I"
"IN010020100","1928-03","11.97","75.55","39.0","IRIKKUR, IN","3",",I","2",",I","0",",I","8.9",",,I,31,","16.8",",,,I"
"IN010020100","1928-04","11.97","75.55","39.0","IRIKKUR, IN","5",",I","3",",I","1",",I","42.7",",,I,02,","56.2",",,,I"
"IN010020100","1928-05","11.97","75.55","39.0","IRIKKUR, IN","6",",I","6",",I","1",",I","33.5",",,I,05,","74.9",",,,I"
"IN010020100","1928-06","11.97","75.55","39.0","IRIKKUR, IN","29",",I","26",",I","10",",I","108.0",",,I,11,","742.2",",,,I"
"IN010020100","1928-07","11.97","75.55","39.0","IRIKKUR, IN","30",",I","27",",I","9",",I","73.7",",,I,12,","665.8",",,,I"
"IN010020100","1928-08","11.97","75.55","39.0","IRIKKUR, IN","30",",I","30",",I","13",",I","210.6",",,I,02,","985.5",",,,I"
"IN010020100","1928-09","11.97","75.55","39.0","IRIKKUR, IN","17",",I","13",",I","1",",I","28.2",",,I,17,","138.3",",,,I"
"IN010020100","1928-10","11.97","75.55","39.0","IRIKKUR, IN","18",",I","14",",I","4",",I","64.5",",,I,13,","286.4",",,,I"
"IN010020100","1928-11","11.97","75.55","39.0","IRIKKUR, IN","7",",I","5",",I","1",",I","42.4",",,I,13,","96.8",",,,I"
"IN010020100","1928-12","11.97","75.55","39.0","IRIKKUR, IN","3",",I","3",",I","1",",I","31.5",",,I,04,","41.7",",,,I"
"IN010020100","1929-01","11.97","75.55","39.0","IRIKKUR, IN","0",",I","0",",I","0",",I","0.0",",,I,31,+","0.0",",,,I"
"IN010020100","1929-02","11.97","75.55","39.0","IRIKKUR, IN","1",",I","1",",I","1",",I","41.9",",,I,08,","41.9",",,,I"
"IN010020100","1929-03","11.97","75.55","39.0","IRIKKUR, IN","1",",I","1",",I","0",",I","2.5",",,I,28,","2.5",",,,I"
"IN010020100","1929-04","11.97","75.55","39.0","IRIKKUR, IN","10",",I","9",",I","1",",I","71.9",",,I,25,","167.9",",,,I"
"IN010020100","1929-05","11.97","75.55","39.0","IRIKKUR, IN","11",",I","8",",I","1",",I","37.3",",,I,26,","92.1",",,,I"
"IN010020100","1929-06","11.97","75.55","39.0","IRIKKUR, IN","30",",I","25",",I","19",",I","129.0",",,I,06,","1258.5",",,,I"
"IN010020100","1929-07","11.97","75.55","39.0","IRIKKUR, IN","31",",I","29",",I","19",",I","218.7",",,I,06,","1335.7",",,,I"
"IN010020100","1929-08","11.97","75.55","39.0","IRIKKUR, IN","30",",I","29",",I","13",",I","81.3",",,I,21,","668.5",",,,I"
"IN010020100","1929-09","11.97","75.55","39.0","IRIKKUR, IN","25",",I","15",",I","3",",I","44.2",",,I,16,","241.3",",,,I"
"IN010020100","1929-10","11.97","75.55","39.0","IRIKKUR, IN","17",",I","12",",I","4",",I","48.8",",,I,08,","288.3",",,,I"
"IN010020100","1929-11","11.97","75.55","39.0","IRIKKUR, IN","6",",I","4",",I","0",",I","20.6",",,I,06,","47.0",",,,I"
"IN010020100","1929-12","11.97","75.55","39.0","IRIKKUR, IN","2",",I","1",",I","0",",I","7.9",",,I,03,","8.9",",,,I"
"IN010020100","1930-01","11.97","75.55","39.0","IRIKKUR, IN","1",",I","0",",I","0",",I","1.5",",,I,09,","1.5",",,,I"
"IN010020100","1930-02","11.97","75.55","39.0","IRIKKUR, IN","0",",I","0",",I","0",",I","0.0",",,I,28,+","0.0",",,,I"
"IN010020100","1930-03","11.97","75.55","39.0","IRIKKUR, IN","2",",I","2",",I","0",",I","10.2",",,I,30,","15.5",",,,I"
"IN010020100","1930-04","11.97","75.55","39.0","IRIKKUR, IN","4",",I","3",",I","0",",I","20.3",",,I,12,","46.3",",,,I"
"IN010020100","1930-05","11.97","75.55","39.0","IRIKKUR, IN","15",",I","10",",I","3",",I","240.0",",,I,11,","562.0",",,,I"
"IN010020100","1930-06","11.97","75.55","39.0","IRIKKUR, IN","26",",I","24",",I","14",",I","161.5",",,I,16,","966.8",",,,I"
"IN010020100","1930-07","11.97","75.55","39.0","IRIKKUR, IN","30","1,I","29","1,I","13","1,I","94.0","1,,I,24,","841.9","1,,,I"
"IN010020100","1930-08","11.97","75.55","39.0","IRIKKUR, IN","21",",I","15",",I","6",",I","126.5",",,I,01,","461.3",",,,I"
"IN010020100","1930-09","11.97","75.55","39.0","IRIKKUR, IN","18",",I","16",",I","4",",I","85.1",",,I,06,","337.5",",,,I"
"IN010020100","1930-10","11.97","75.55","39.0","IRIKKUR, IN","20",",I","18",",I","6",",I","136.9",",,I,01,","523.9",",,,I"
"IN010020100","1930-11","11.97","75.55","39.0","IRIKKUR, IN","10",",I","9",",I","5",",I","34.0",",,I,11,","186.5",",,,I"
"IN010020100","1930-12","11.97","75.55","39.0","IRIKKUR, IN","4",",I","2",",I","0",",I","22.9",",,I,02,","43.2",",,,I"
"IN010020100","1931-01","11.97","75.55","39.0","IRIKKUR, IN","0",",I","0",",I","0",",I","0.0",",,I,31,+","0.0",",,,I"
"IN010020100","1931-02","11.97","75.55","39.0","IRIKKUR, IN","0",",I","0",",I","0",",I","0.0",",,I,28,+","0.0",",,,I"
"IN010020100","1931-03","11.97","75.55","39.0","IRIKKUR, IN","0",",I","0",",I","0",",I","0.0",",,I,31,+","0.0",",,,I"
"IN010020100","1931-04","11.97","75.55","39.0","IRIKKUR, IN","10",",I","8",",I","1",",I","33.5",",,I,16,","95.1",",,,I"
"IN010020100","1931-05","11.97","75.55","39.0","IRIKKUR, IN","9",",I","9",",I","1",",I","26.2",",,I,05,","131.0",",,,I"
"IN010020100","1931-06","11.97","75.55","39.0","IRIKKUR, IN","29",",I","28",",I","11",",I","68.8",",,I,14,","647.2",",,,I"
"IN010020100","1931-07","11.97","75.55","39.0","IRIKKUR, IN","31",",I","30",",I","16",",I","133.1",",,I,14,","1084.3",",,,I"
"IN010020100","1931-08","11.97","75.55","39.0","IRIKKUR, IN","31",",I","30",",I","22",",I","213.1",",,I,10,","1866.3",",,,I"
"IN010020100","1931-09","11.97","75.55","39.0","IRIKKUR, IN","25",",I","20",",I","0",",I","22.1",",,I,11,","192.3",",,,I"
"IN010020100","1931-10","11.97","75.55","39.0","IRIKKUR, IN","17",",I","13",",I","1",",I","37.3",",,I,24,","173.6",",,,I"
"IN010020100","1931-11","11.97","75.55","39.0","IRIKKUR, IN","10",",I","4",",I","0",",I","11.9",",,I,10,","32.8",",,,I"
"IN010020100","1931-12","11.97","75.55","39.0","IRIKKUR, IN","4",",I","4",",I","0",",I","23.9",",,I,11,","43.2",",,,I"
"IN010020100","1932-01","11.97","75.55","39.0","IRIKKUR, IN","0",",I","0",",I","0",",I","0.0",",,I,31,+","0.0",",,,I"
"IN010020100","1932-02","11.97","75.55","39.0","IRIKKUR, IN","0",",I","0",",I","0",",I","0.0",",,I,29,+","0.0",",,,I"
"IN010020100","1932-03","11.97","75.55","39.0","IRIKKUR, IN","1",",I","0",",I","0",",I","0.8",",,I,18,","0.8",",,,I"
"IN010020100","1932-04","11.97","75.55","39.0","IRIKKUR, IN","8",",I","3",",I","0",",I","20.8",",,I,14,","50.8",",,,I"
"IN010020100","1932-05","11.97","75.55","39.0","IRIKKUR, IN","19",",I","17",",I","10",",I","76.2",",,I,19,","573.5",",,,I"
"IN010020100","1932-06","11.97","75.55","39.0","IRIKKUR, IN","26",",I","22",",I","8",",I","91.4",",,I,12,","672.1",",,,I"
"IN010020100","1932-07","11.97","75.55","39.0","IRIKKUR, IN","31",",I","31",",I","20",",I","117.1",",,I,08,","1212.7",",,,I"
"IN010020100","1932-08","11.97","75.55","39.0","IRIKKUR, IN","22",",I","17",",I","6",",I","58.4",",,I,04,","436.3",",,,I"
"IN010020100","1932-09","11.97","75.55","39.0","IRIKKUR, IN","25",",I","22",",I","10",",I","59.7",",,I,02,","505.5",",,,I"
"IN010020100","1932-10","11.97","75.55","39.0","IRIKKUR, IN","24",",I","22",",I","8",",I","210.8",",,I,25,","717.5",",,,I"
"IN010020100","1932-11","11.97","75.55","39.0","IRIKKUR, IN","13",",I","11",",I","1",",I","46.2",",,I,29,","143.8",",,,I"
"IN010020100","1932-12","11.97","75.55","39.0","IRIKKUR, IN","1",",I","1",",I","1",",I","28.4",",,I,01,","28.4",",,,I"
"IN010020100","1933-01","11.97","75.55","39.0","IRIKKUR, IN","0",",I","0",",I","0",",I","0.0",",,I,31,+","0.0",",,,I"
"IN010020100","1933-02","11.97","75.55","39.0","IRIKKUR, IN","0",",I","0",",I","0",",I","0.0",",,I,28,+","0.0",",,,I"
"IN010020100","1933-03","11.97","75.55","39.0","IRIKKUR, IN","5",",I","3",",I","0",",I","19.8",",,I,13,","39.4",",,,I"
"IN010020100","1933-04","11.97","75.55","39.0","IRIKKUR, IN","7",",I","4",",I","1",",I","42.2",",,I,11,","91.3",",,,I"
"IN010020100","1933-05","11.97","75.55","39.0","IRIKKUR, IN","19",",I","18",",I","6",",I","99.1",",,I,29,","440.6",",,,I"
"IN010020100","1933-06","11.97","75.55","39.0","IRIKKUR, IN","25",",I","25",",I","18",",I","112.8",",,I,02,","1185.4",",,,I"
"IN010020100","1933-07","11.97","75.55","39.0","IRIKKUR, IN","29",",I","29",",I","22",",I","171.5",",,I,15,","1475.8",",,,I"
"IN010020100","1933-08","11.97","75.55","39.0","IRIKKUR, IN","22",",I","22",",I","10",",I","86.4",",,I,18,","641.7",",,,I"
"IN010020100","1933-09","11.97","75.55","39.0","IRIKKUR, IN","24",",I","22",",I","12",",I","87.6",",,I,06,","655.5",",,,I"
"IN010020100","1933-10","11.97","75.55","39.0","IRIKKUR, IN","21",",I","17",",I","7",",I","75.2",",,I,04,","481.5",",,,I"
"IN010020100","1933-11","11.97","75.55","39.0","IRIKKUR, IN","6",",I","6",",I","0",",I","17.5",",,I,20,","76.0",",,,I"
"IN010020100","1933-12","11.97","75.55","39.0","IRIKKUR, IN","5",",I","2",",I","0",",I","12.2",",,I,19,","17.7",",,,I"
"IN010020100","1934-01","11.97","75.55","39.0","IRIKKUR, IN","3",",I","1",",I","0",",I","3.8",",,I,10,","5.8",",,,I"
"IN010020100","1934-02","11.97","75.55","39.0","IRIKKUR, IN","0",",I","0",",I","0",",I","0.0",",,I,28,+","0.0",",,,I"
"IN010020100","1934-03","11.97","75.55","39.0","IRIKKUR, IN","0",",I","0",",I","0",",I","0.0",",,I,31,+","0.0",",,,I"
"IN010020100","1934-04","11.97","75.55","39.0","IRIKKUR, IN","4",",I","3",",I","0",",I","5.8",",,I,25,+","17.2",",,,I"
"IN010020100","1934-05","11.97","75.55","39.0","IRIKKUR, IN","7",",I","3",",I","0",",I","17.0",",,I,03,","30.5",",,,I"
"IN010020100","1934-06","11.97","75.55","39.0","IRIKKUR, IN","25",",I","25",",I","14",",I","125.7",",,I,26,","1233.0",",,,I"
"IN010020100","1934-07","11.97","75.55","39.0","IRIKKUR, IN","30",",I","26",",I","11",",I","102.9",",,I,12,","719.8",",,,I"
"IN010020100","1934-08","11.97","75.55","39.0","IRIKKUR, IN","30",",I","28",",I","11",",I","152.1",",,I,15,","795.7",",,,I"
"IN010020100","1934-09","11.97","75.55","39.0","IRIKKUR, IN","16",",I","7",",I","1",",I","25.4",",,I,09,","95.2",",,,I"
"IN010020100","1934-10","11.97","75.55","39.0","IRIKKUR, IN","14",",I","12",",I","5",",I","60.5",",,I,30,","289.4",",,,I"
"IN010020100","1934-11","11.97","75.55","39.0","IRIKKUR, IN","5",",I","5",",I","3",",I","49.0",",,I,02,","124.2",",,,I"
"IN010020100","1934-12","11.97","75.55","39.0","IRIKKUR, IN","1",",I","1",",I","0",",I","2.5",",,I,01,","2.5",",,,I"
"IN010020100","1935-01","11.97","75.55","39.0","IRIKKUR, IN","2",",I","0",",I","0",",I","1.5",",,I,30,","2.3",",,,I"
"IN010020100","1935-02","11.97","75.55","39.0","IRIKKUR, IN","1",",I","0",",I","0",",I","0.3",",,I,01,","0.3",",,,I"
"IN010020100","1935-03","11.97","75.55","39.0","IRIKKUR, IN","0",",I","0",",I","0",",I","0.0",",,I,31,+","0.0",",,,I"
"IN010020100","1935-04","11.97","75.55","39.0","IRIKKUR, IN","4",",I","3",",I","2",",I","106.7",",,I,06,","143.8",",,,I"
"IN010020100","1935-05","11.97","75.55","39.0","IRIKKUR, IN","4",",I","3",",I","0",",I","19.8",",,I,17,","40.6",",,,I"
"IN010020100","1935-06","11.97","75.55","39.0","IRIKKUR, IN","24",",I","23",",I","9",",I","81.0",",,I,16,+","587.3",",,,I"
"IN010020100","1935-07","11.97","75.55","39.0","IRIKKUR, IN","30",",I","30",",I","20",",I","129.0",",,I,09,","1246.7",",,,I"
"IN010020100","1935-08","11.97","75.55","39.0","IRIKKUR, IN","30",",I","23",",I","7",",I","57.2",",,I,27,","435.7",",,,I"
"IN010020100","1935-09","11.97","75.55","39.0","IRIKKUR, IN","20",",I","19",",I","8",",I","68.6",",,I,07,","455.7",",,,I"
"IN010020100","1935-10","11.97","75.55","39.0","IRIKKUR, IN","18",",I","15",",I","4",",I","79.8",",,I,20,","333.5",",,,I"
"IN010020100","1935-11","11.97","75.55","39.0","IRIKKUR, IN","4",",I","4",",I","1",",I","50.3",",,I,05,","80.5",",,,I"
"IN010020100","1936-01","11.97","75.55","39.0","IRIKKUR, IN","0",",I","0",",I","0",",I","0.0",",,I,31,+","0.0",",,,I"
"IN010020100","1936-02","11.97","75.55","39.0","IRIKKUR, IN","0",",I","0",",I","0",",I","0.0",",,I,29,+","0.0",",,,I"
"IN010020100","1936-03","11.97","75.55","39.0","IRIKKUR, IN","8",",I","7",",I","1",",I","28.4",",,I,31,","92.9",",,,I"
"IN010020100","1936-04","11.97","75.55","39.0","IRIKKUR, IN","2",",I","2",",I","0",",I","10.7",",,I,01,","17.1",",,,I"
"IN010020100","1936-05","11.97","75.55","39.0","IRIKKUR, IN","18",",I","14",",I","5",",I","48.5",",,I,22,","274.7",",,,I"
"IN010020100","1936-07","11.97","75.55","39.0","IRIKKUR, IN","30",",I","29",",I","17",",I","132.6",",,I,02,","1041.9",",,,I"
"IN010020100","1936-08","11.97","75.55","39.0","IRIKKUR, IN","26",",I","26",",I","10",",I","80.0",",,I,15,","675.5",",,,I"
"IN010020100","1936-09","11.97","75.55","39.0","IRIKKUR, IN","15",",I","11",",I","5",",I","78.7",",,I,30,","276.3",",,,I"
"IN010020100","1936-10","11.97","75.55","39.0","IRIKKUR, IN","14",",I","12",",I","2",",I","53.6",",,I,01,","172.1",",,,I"
"IN010020100","1936-11","11.97","75.55","39.0","IRIKKUR, IN","15",",I","11",",I","0",",I","22.6",",,I,06,","114.7",",,,I"
"IN010020100","1936-12","11.97","75.55","39.0","IRIKKUR, IN","2",",I","2",",I","0",",I","6.4",",,I,21,","8.9",",,,I"
"IN010020100","1937-01","11.97","75.55","39.0","IRIKKUR, IN","0",",I","0",",I","0",",I","0.0",",,I,31,+","0.0",",,,I"
"IN010020100","1937-02","11.97","75.55","39.0","IRIKKUR, IN","1",",I","1",",I","0",",I","3.8",",,I,24,","3.8",",,,I"
"IN010020100","1937-03","11.97","75.55","39.0","IRIKKUR, IN","1",",I","1",",I","1",",I","40.6",",,I,25,","40.6",",,,I"
"IN010020100","1937-04","11.97","75.55","39.0","IRIKKUR, IN","9",",I","7",",I","2",",I","59.2",",,I,28,","173.3",",,,I"
"IN010020100","1937-05","11.97","75.55","39.0","IRIKKUR, IN","7",",I","6",",I","1",",I","49.5",",,I,23,","99.0",",,,I"
"IN010020100","1937-06","11.97","75.55","39.0","IRIKKUR, IN","24",",I","23",",I","10",",I","56.4",",,I,29,","550.6",",,,I"
"IN010020100","1937-07","11.97","75.55","39.0","IRIKKUR, IN","31",",I","31",",I","26",",I","129.5",",,I,18,","1736.6",",,,I"
"IN010020100","1937-08","11.97","75.55","39.0","IRIKKUR, IN","22",",I","16",",I","3",",I","115.6",",,I,01,","411.4",",,,I"
"IN010020100","1937-09","11.97","75.55","39.0","IRIKKUR, IN","12",",I","9",",I","1",",I","43.2",",,I,08,","131.9",",,,I"
"IN010020100","1937-10","11.97","75.55","39.0","IRIKKUR, IN","15",",I","13",",I","8",",I","68.6",",,I,28,","445.9",",,,I"
"IN010020100","1937-11","11.97","75.55","39.0","IRIKKUR, IN","4",",I","3",",I","0",",I","11.9",",,I,15,","29.7",",,,I"
"IN010020100","1937-12","11.97","75.55","39.0","IRIKKUR, IN","1",",I","1",",I","0",",I","4.1",",,I,24,","4.1",",,,I"
"IN010020100","1938-01","11.97","75.55","39.0","IRIKKUR, IN","0",",I","0",",I","0",",I","0.0",",,I,31,+","0.0",",,,I"
"IN010020100","1938-02","11.97","75.55","39.0","IRIKKUR, IN","0",",I","0",",I","0",",I","0.0",",,I,28,+","0.0",",,,I"
"IN010020100","1938-03","11.97","75.55","39.0","IRIKKUR, IN","3",",I","1",",I","1",",I","35.6",",,I,31,","37.2",",,,I"
"IN010020100","1938-04","11.97","75.55","39.0","IRIKKUR, IN","8",",I","7",",I","2",",I","45.7",",,I,30,","146.6",",,,I"
"IN010020100","1938-05","11.97","75.55","39.0","IRIKKUR, IN","10",",I","9",",I","2",",I","79.2",",,I,27,","149.5",",,,I"
"IN010020100","1938-06","11.97","75.55","39.0","IRIKKUR, IN","30",",I","30",",I","18",",I","121.9",",,I,10,","1225.7",",,,I"
"IN010020100","1938-07","11.97","75.55","39.0","IRIKKUR, IN","31",",I","29",",I","13",",I","86.4",",,I,02,","825.0",",,,I"
"IN010020100","1938-08","11.97","75.55","39.0","IRIKKUR, IN","28",",I","25",",I","2",",I","78.7",",,I,22,","344.9",",,,I"
"IN010020100","1938-09","11.97","75.55","39.0","IRIKKUR, IN","20",",I","17",",I","7",",I","104.1",",,I,29,","411.0",",,,I"
"IN010020100","1938-10","11.97","75.55","39.0","IRIKKUR, IN","8",",I","8",",I","1",",I","63.5",",,I,04,","182.4",",,,I"
"IN010020100","1938-11","11.97","75.55","39.0","IRIKKUR, IN","6",",I","6",",I","2",",I","33.0",",,I,07,","78.7",",,,I"
"IN010020100","1938-12","11.97","75.55","39.0","IRIKKUR, IN","0",",I","0",",I","0",",I","0.0",",,I,31,+","0.0",",,,I"
"IN010020100","1939-01","11.97","75.55","39.0","IRIKKUR, IN","0",",I","0",",I","0",",I","0.0",",,I,31,+","0.0",",,,I"
"IN010020100","1939-02","11.97","75.55","39.0","IRIKKUR, IN","0",",I","0",",I","0",",I","0.0",",,I,28,+","0.0",",,,I"
"IN010020100","1939-03","11.97","75.55","39.0","IRIKKUR, IN","0",",I","0",",I","0",",I","0.0",",,I,31,+","0.0",",,,I"
"IN010020100","1939-04","11.97","75.55","39.0","IRIKKUR, IN","6",",I","4",",I","1",",I","45.7",",,I,15,","59.9",",,,I"
"IN010020100","1939-05","11.97","75.55","39.0","IRIKKUR, IN","6",",I","4",",I","0",",I","11.7",",,I,03,","27.1",",,,I"
"IN010020100","1939-06","11.97","75.55","39.0","IRIKKUR, IN","26",",I","24",",I","13",",I","78.7",",,I,25,","787.1",",,,I"
"IN010020100","1939-07","11.97","75.55","39.0","IRIKKUR, IN","31",",I","28",",I","18",",I","131.6",",,I,04,","1239.7",",,,I"
"IN010020100","1939-08","11.97","75.55","39.0","IRIKKUR, IN","26",",I","23",",I","8",",I","74.4",",,I,13,","583.6",",,,I"
"IN010020100","1939-09","11.97","75.55","39.0","IRIKKUR, IN","16",",I","11",",I","2",",I","27.9",",,I,21,","147.7",",,,I"
"IN010020100","1939-10","11.97","75.55","39.0","IRIKKUR, IN","18",",I","17",",I","9",",I","106.7",",,I,17,","553.3",",,,I"
"IN010020100","1939-11","11.97","75.55","39.0","IRIKKUR, IN","13",",I","11",",I","2",",I","40.6",",,I,17,","181.0",",,,I"
"IN010020100","1939-12","11.97","75.55","39.0","IRIKKUR, IN","0",",I","0",",I","0",",I","0.0",",,I,31,+","0.0",",,,I"
"IN010020100","1940-01","11.97","75.55","39.0","IRIKKUR, IN","0",",I","0",",I","0",",I","0.0",",,I,31,+","0.0",",,,I"
"IN010020100","1940-02","11.97","75.55","39.0","IRIKKUR, IN","0",",I","0",",I","0",",I","0.0",",,I,29,+","0.0",",,,I"
"IN010020100","1940-03","11.97","75.55","39.0","IRIKKUR, IN","0",",I","0",",I","0",",I","0.0",",,I,31,+","0.0",",,,I"
"IN010020100","1940-04","11.97","75.55","39.0","IRIKKUR, IN","3",",I","3",",I","3",",I","48.3",",,I,24,","106.7",",,,I"
"IN010020100","1940-05","11.97","75.55","39.0","IRIKKUR, IN","9",",I","9",",I","1",",I","43.2",",,I,21,","106.0",",,,I"
"IN010020100","1940-06","11.97","75.55","39.0","IRIKKUR, IN","21",",I","21",",I","16",",I","158.5",",,I,14,","1125.3",",,,I"
"IN010020100","1940-07","11.97","75.55","39.0","IRIKKUR, IN","31",",I","29",",I","24",",I","108.0",",,I,14,","1338.5",",,,I"
"IN010020100","1940-08","11.97","75.55","39.0","IRIKKUR, IN","30",",I","29",",I","19",",I","114.3",",,I,03,","1093.7",",,,I"
"IN010020100","1940-09","11.97","75.55","39.0","IRIKKUR, IN","5",",I","5",",I","1",",I","38.1",",,I,27,","88.9",",,,I"
"IN010020100","1940-10","11.97","75.55","39.0","IRIKKUR, IN","12",",I","9",",I","0",",I","22.1",",,I,11,","110.7",",,,I"
"IN010020100","1940-11","11.97","75.55","39.0","IRIKKUR, IN","11",",I","11",",I","6",",I","61.0",",,I,18,","301.2",",,,I"
"IN010020100","1940-12","11.97","75.55","39.0","IRIKKUR, IN","2",",I","1",",I","0",",I","17.8",",,I,06,","20.1",",,,I"
"IN010020100","1941-01","11.97","75.55","39.0","IRIKKUR, IN","1",",I","1",",I","0",",I","4.8",",,I,09,","4.8",",,,I"
"IN010020100","1941-02","11.97","75.55","39.0","IRIKKUR, IN","0",",I","0",",I","0",",I","0.0",",,I,28,+","0.0",",,,I"
"IN010020100","1941-03","11.97","75.55","39.0","IRIKKUR, IN","0",",I","0",",I","0",",I","0.0",",,I,31,+","0.0",",,,I"
"IN010020100","1941-04","11.97","75.55","39.0","IRIKKUR, IN","3",",I","3",",I","1",",I","27.9",",,I,29,","42.7",",,,I"
"IN010020100","1941-05","11.97","75.55","39.0","IRIKKUR, IN","11",",I","11",",I","2",",I","50.8",",,I,28,","184.4",",,,I"
"IN010020100","1941-06","11.97","75.55","39.0","IRIKKUR, IN","27",",I","26",",I","13",",I","306.3",",,I,10,","1074.0",",,,I"
"IN010020100","1941-07","11.97","75.55","39.0","IRIKKUR, IN","23",",I","23",",I","13",",I","95.3",",,I,01,","812.5",",,,I"
"IN010020100","1941-08","11.97","75.55","39.0","IRIKKUR, IN","27",",I","23",",I","8",",I","89.4",",,I,10,","715.6",",,,I"
"IN010020100","1941-09","11.97","75.55","39.0","IRIKKUR, IN","18",",I","18",",I","6",",I","82.6",",,I,03,","411.3",",,,I"
"IN010020100","1941-10","11.97","75.55","39.0","IRIKKUR, IN","8",",I","7",",I","3",",I","67.3",",,I,07,","235.2",",,,I"
"IN010020100","1941-11","11.97","75.55","39.0","IRIKKUR, IN","8",",I","7",",I","2",",I","83.8",",,I,18,","220.4",",,,I"
"IN010020100","1941-12","11.97","75.55","39.0","IRIKKUR, IN","4",",I","2",",I","1",",I","82.6",",,I,04,","89.0",",,,I"
"IN010020100","1942-01","11.97","75.55","39.0","IRIKKUR, IN","0",",I","0",",I","0",",I","0.0",",,I,31,+","0.0",",,,I"
"IN010020100","1942-02","11.97","75.55","39.0","IRIKKUR, IN","0",",I","0",",I","0",",I","0.0",",,I,28,+","0.0",",,,I"
"IN010020100","1942-03","11.97","75.55","39.0","IRIKKUR, IN","1",",I","1",",I","1",",I","71.1",",,I,02,","71.1",",,,I"
"IN010020100","1942-04","11.97","75.55","39.0","IRIKKUR, IN","4",",I","4",",I","2",",I","154.9",",,I,25,","307.8",",,,I"
"IN010020100","1942-05","11.97","75.55","39.0","IRIKKUR, IN","11",",I","8",",I","2",",I","53.3",",,I,24,","157.2",",,,I"
"IN010020100","1942-06","11.97","75.55","39.0","IRIKKUR, IN","23",",I","23",",I","19",",I","146.3",",,I,29,","1353.9",",,,I"
"IN010020100","1942-07","11.97","75.55","39.0","IRIKKUR, IN","31",",I","30",",I","23",",I","129.5",",,I,18,","1420.1",",,,I"
"IN010020100","1942-08","11.97","75.55","39.0","IRIKKUR, IN","31",",I","31",",I","11",",I","60.5",",,I,03,","622.7",",,,I"
"IN010020100","1942-09","11.97","75.55","39.0","IRIKKUR, IN","18",",I","13",",I","1",",I","27.9",",,I,18,","172.0",",,,I"
"IN010020100","1942-10","11.97","75.55","39.0","IRIKKUR, IN","16",",I","16",",I","3",",I","35.6",",,I,24,","279.6",",,,I"
"IN010020100","1942-11","11.97","75.55","39.0","IRIKKUR, IN","4",",I","4",",I","2",",I","78.7",",,I,22,","154.9",",,,I"
"IN010020100","1942-12","11.97","75.55","39.0","IRIKKUR, IN","3",",I","3",",I","0",",I","22.9",",,I,22,","30.0",",,,I"
"IN010020100","1943-01","11.97","75.55","39.0","IRIKKUR, IN","2",",I","2",",I","0",",I","5.3",",,I,04,","10.4",",,,I"
"IN010020100","1943-02","11.97","75.55","39.0","IRIKKUR, IN","2",",I","1",",I","0",",I","21.3",",,I,14,","22.3",",,,I"
"IN010020100","1943-03","11.97","75.55","39.0","IRIKKUR, IN","0",",I","0",",I","0",",I","0.0",",,I,31,+","0.0",",,,I"
"IN010020100","1943-04","11.97","75.55","39.0","IRIKKUR, IN","2",",I","1",",I","1",",I","106.7",",,I,08,","108.0",",,,I"
"IN010020100","1943-05","11.97","75.55","39.0","IRIKKUR, IN","18",",I","18",",I","7",",I","106.7",",,I,23,","520.1",",,,I"
"IN010020100","1943-06","11.97","75.55","39.0","IRIKKUR, IN","30",",I","29",",I","18",",I","108.0",",,I,29,","1011.7",",,,I"
"IN010020100","1943-07","11.97","75.55","39.0","IRIKKUR, IN","31",",I","29",",I","24",",I","105.7",",,I,11,","1342.8",",,,I"
"IN010020100","1943-08","11.97","75.55","39.0","IRIKKUR, IN","23",",I","22",",I","4",",I","50.3",",,I,18,","402.4",",,,I"
"IN010020100","1943-09","11.97","75.55","39.0","IRIKKUR, IN","19",",I","19",",I","5",",I","43.2",",,I,01,","353.0",",,,I"
"IN010020100","1943-10","11.97","75.55","39.0","IRIKKUR, IN","17",",I","17",",I","5",",I","106.7",",,I,10,","448.5",",,,I"
"IN010020100","1943-11","11.97","75.55","39.0","IRIKKUR, IN","3",",I","3",",I","2",",I","190.5",",,I,17,","245.1",",,,I"
"IN010020100","1943-12","11.97","75.55","39.0","IRIKKUR, IN","0",",I","0",",I","0",",I","0.0",",,I,31,+","0.0",",,,I"
"IN010020100","1944-01","11.97","75.55","39.0","IRIKKUR, IN","0",",I","0",",I","0",",I","0.0",",,I,31,+","0.0",",,,I"
"IN010020100","1944-02","11.97","75.55","39.0","IRIKKUR, IN","0",",I","0",",I","0",",I","0.0",",,I,29,+","0.0",",,,I"
"IN010020100","1944-03","11.97","75.55","39.0","IRIKKUR, IN","1",",I","1",",I","1",",I","30.7",",,I,06,","30.7",",,,I"
"IN010020100","1944-04","11.97","75.55","39.0","IRIKKUR, IN","0",",I","0",",I","0",",I","0.0",",,I,30,+","0.0",",,,I"
"IN010020100","1944-05","11.97","75.55","39.0","IRIKKUR, IN","8",",I","8",",I","3",",I","71.1",",,I,14,","227.6",",,,I"
"IN010020100","1944-06","11.97","75.55","39.0","IRIKKUR, IN","30",",I","29",",I","10",",I","65.0",",,I,19,+","718.5",",,,I"
"IN010020100","1944-07","11.97","75.55","39.0","IRIKKUR, IN","31",",I","31",",I","21",",I","139.7",",,I,21,","1104.0",",,,I"
"IN010020100","1944-08","11.97","75.55","39.0","IRIKKUR, IN","20",",I","18",",I","7",",I","80.5",",,I,21,","449.0",",,,I"
"IN010020100","1944-09","11.97","75.55","39.0","IRIKKUR, IN","11",",I","9",",I","1",",I","26.7",",,I,06,","105.5",",,,I"
"IN010020100","1944-10","11.97","75.55","39.0","IRIKKUR, IN","16",",I","12",",I","4",",I","139.7",",,I,16,","345.7",",,,I"
"IN010020100","1944-11","11.97","75.55","39.0","IRIKKUR, IN","11",",I","6",",I","1",",I","34.5",",,I,05,","94.7",",,,I"
"IN010020100","1944-12","11.97","75.55","39.0","IRIKKUR, IN","5",",I","5",",I","1",",I","33.3",",,I,23,","78.3",",,,I"
"IN010020100","1945-01","11.97","75.55","39.0","IRIKKUR, IN","0",",I","0",",I","0",",I","0.0",",,I,31,+","0.0",",,,I"
"IN010020100","1945-02","11.97","75.55","39.0","IRIKKUR, IN","1",",I","1",",I","0",",I","5.6",",,I,17,","5.6",",,,I"
"IN010020100","1945-03","11.97","75.55","39.0","IRIKKUR, IN","0",",I","0",",I","0",",I","0.0",",,I,31,+","0.0",",,,I"
"IN010020100","1945-04","11.97","75.55","39.0","IRIKKUR, IN","6",",I","5",",I","1",",I","55.9",",,I,01,","75.6",",,,I"
"IN010020100","1945-05","11.97","75.55","39.0","IRIKKUR, IN","3",",I","3",",I","3",",I","31.8",",,I,05,","82.6",",,,I"
"IN010020100","1945-06","11.97","75.55","39.0","IRIKKUR, IN","27",",I","27",",I","15",",I","214.6",",,I,08,","1011.9",",,,I"
"IN010020100","1945-07","11.97","75.55","39.0","IRIKKUR, IN","29",",I","29",",I","15",",I","165.1",",,I,09,","1158.8",",,,I"
"IN010020100","1945-09","11.97","75.55","39.0","IRIKKUR, IN","21",",I","20",",I","1",",I","41.9",",,I,09,","239.8",",,,I"
"IN010020100","1945-10","11.97","75.55","39.0","IRIKKUR, IN","11",",I","11",",I","4",",I","44.2",",,I,27,","191.0",",,,I"
"IN010020100","1945-11","11.97","75.55","39.0","IRIKKUR, IN","6",",I","6",",I","2",",I","67.8",",,I,10,","151.5",",,,I"
"IN010020100","1945-12","11.97","75.55","39.0","IRIKKUR, IN","0",",I","0",",I","0",",I","0.0",",,I,31,+","0.0",",,,I"
"IN010020100","1946-01","11.97","75.55","39.0","IRIKKUR, IN","0",",I","0",",I","0",",I","0.0",",,I,31,+","0.0",",,,I"
"IN010020100","1946-02","11.97","75.55","39.0","IRIKKUR, IN","0",",I","0",",I","0",",I","0.0",",,I,28,+","0.0",",,,I"
"IN010020100","1946-03","11.97","75.55","39.0","IRIKKUR, IN","1",",I","1",",I","0",",I","12.2",",,I,17,","12.2",",,,I"
"IN010020100","1946-04","11.97","75.55","39.0","IRIKKUR, IN","7",",I","7",",I","2",",I","30.5",",,I,13,","104.5",",,,I"
"IN010020100","1946-05","11.97","75.55","39.0","IRIKKUR, IN","5",",I","5",",I","1",",I","31.5",",,I,21,","51.5",",,,I"
"IN010020100","1946-06","11.97","75.55","39.0","IRIKKUR, IN","28",",I","28",",I","14",",I","180.3",",,I,14,","1346.9",",,,I"
"IN010020100","1946-07","11.97","75.55","39.0","IRIKKUR, IN","29",",I","29",",I","19",",I","184.9",",,I,04,","1445.2",",,,I"
"IN010020100","1946-08","11.97","75.55","39.0","IRIKKUR, IN","28",",I","27",",I","8",",I","73.7",",,I,19,","609.3",",,,I"
"IN010020100","1946-09","11.97","75.55","39.0","IRIKKUR, IN","12",",I","12",",I","4",",I","64.0",",,I,01,","253.0",",,,I"
"IN010020100","1946-10","11.97","75.55","39.0","IRIKKUR, IN","12",",I","12",",I","3",",I","74.2",",,I,26,","243.1",",,,I"
"IN010020100","1946-11","11.97","75.55","39.0","IRIKKUR, IN","10",",I","10",",I","4",",I","46.7",",,I,23,","222.6",",,,I"
"IN010020100","1946-12","11.97","75.55","39.0","IRIKKUR, IN","8",",I","8",",I","3",",I","55.6",",,I,03,","156.3",",,,I"
"IN010020100","1947-01","11.97","75.55","39.0","IRIKKUR, IN","3",",I","3",",I","0",",I","15.7",",,I,05,","22.5",",,,I"
"IN010020100","1947-02","11.97","75.55","39.0","IRIKKUR, IN","0",",I","0",",I","0",",I","0.0",",,I,28,+","0.0",",,,I"
"IN010020100","1947-03","11.97","75.55","39.0","IRIKKUR, IN","1",",I","1",",I","0",",I","6.4",",,I,29,","6.4",",,,I"
"IN010020100","1947-04","11.97","75.55","39.0","IRIKKUR, IN","10",",I","8",",I","1",",I","56.9",",,I,14,","161.1",",,,I"
"IN010020100","1947-05","11.97","75.55","39.0","IRIKKUR, IN","2",",I","2",",I","1",",I","94.0",",,I,18,","100.1",",,,I"
"IN010020100","1947-06","11.97","75.55","39.0","IRIKKUR, IN","28",",I","26",",I","8",",I","96.5",",,I,30,","658.2",",,,I"
"IN010020100","1947-07","11.97","75.55","39.0","IRIKKUR, IN","29",",I","28",",I","17",",I","104.1",",,I,19,","1182.3",",,,I"
"IN010020100","1947-08","11.97","75.55","39.0","IRIKKUR, IN","28",",I","25",",I","14",",I","86.4",",,I,10,","818.3",",,,I"
"IN010020100","1947-09","11.97","75.55","39.0","IRIKKUR, IN","27",",I","22",",I","7",",I","58.4",",,I,19,","470.3",",,,I"
"IN010020100","1947-10","11.97","75.55","39.0","IRIKKUR, IN","11",",I","11",",I","4",",I","54.1",",,I,09,","246.5",",,,I"
"IN010020100","1947-11","11.97","75.55","39.0","IRIKKUR, IN","1",",I","1",",I","0",",I","12.7",",,I,15,","12.7",",,,I"
"IN010020100","1947-12","11.97","75.55","39.0","IRIKKUR, IN","0",",I","0",",I","0",",I","0.0",",,I,31,+","0.0",",,,I"
"IN010020100","1948-01","11.97","75.55","39.0","IRIKKUR, IN","2",",I","2",",I","1",",I","43.7",",,I,24,","46.2",",,,I"
"IN010020100","1948-02","11.97","75.55","39.0","IRIKKUR, IN","0",",I","0",",I","0",",I","0.0",",,I,29,+","0.0",",,,I"
"IN010020100","1948-03","11.97","75.55","39.0","IRIKKUR, IN","0",",I","0",",I","0",",I","0.0",",,I,31,+","0.0",",,,I"
"IN010020100","1948-04","11.97","75.55","39.0","IRIKKUR, IN","11",",I","7",",I","2",",I","70.1",",,I,27,","166.8",",,,I"
"IN010020100","1948-05","11.97","75.55","39.0","IRIKKUR, IN","13",",I","7",",I","3",",I","92.7",",,I,29,","207.5",",,,I"
"IN010020100","1948-06","11.97","75.55","39.0","IRIKKUR, IN","25",",I","23",",I","19",",I","94.0",",,I,14,","987.2",",,,I"
"IN010020100","1948-07","11.97","75.55","39.0","IRIKKUR, IN","31",",I","31",",I","23",",I","75.7",",,I,22,","1332.1",",,,I"
"IN010020100","1948-08","11.97","75.55","39.0","IRIKKUR, IN","29",",I","28",",I","14",",I","93.7",",,I,03,","794.9",",,,I"
"IN010020100","1948-09","11.97","75.55","39.0","IRIKKUR, IN","18",",I","16",",I","6",",I","61.0",",,I,21,","271.5",",,,I"
"IN010020100","1948-10","11.97","75.55","39.0","IRIKKUR, IN","14",",I","7",",I","2",",I","26.2",",,I,21,","91.8",",,,I"
"IN010020100","1948-11","11.97","75.55","39.0","IRIKKUR, IN","16",",I","15",",I","5",",I","71.1",",,I,01,","329.0",",,,I"
"IN010020100","1948-12","11.97","75.55","39.0","IRIKKUR, IN","0",",I","0",",I","0",",I","0.0",",,I,31,+","0.0",",,,I"
"IN010020100","1949-01","11.97","75.55","39.0","IRIKKUR, IN","0",",I","0",",I","0",",I","0.0",",,I,31,+","0.0",",,,I"
"IN010020100","1949-02","11.97","75.55","39.0","IRIKKUR, IN","0",",I","0",",I","0",",I","0.0",",,I,28,+","0.0",",,,I"
"IN010020100","1949-03","11.97","75.55","39.0","IRIKKUR, IN","0",",I","0",",I","0",",I","0.0",",,I,31,+","0.0",",,,I"
"IN010020100","1949-04","11.97","75.55","39.0","IRIKKUR, IN","3",",I","1",",I","0",",I","9.9",",,I,26,","10.7",",,,I"
"IN010020100","1949-05","11.97","75.55","39.0","IRIKKUR, IN","18",",I","17",",I","8",",I","50.8",",,I,31,","404.4",",,,I"
"IN010020100","1949-06","11.97","75.55","39.0","IRIKKUR, IN","26",",I","26",",I","9",",I","71.1",",,I,24,","580.7",",,,I"
"IN010020100","1949-07","11.97","75.55","39.0","IRIKKUR, IN","28",",I","27",",I","19",",I","279.4",",,I,16,","1524.9",",,,I"
"IN010020100","1949-08","11.97","75.55","39.0","IRIKKUR, IN","22",",I","21",",I","11",",I","177.8",",,I,04,","833.8",",,,I"
"IN010020100","1949-09","11.97","75.55","39.0","IRIKKUR, IN","23",",I","22",",I","8",",I","50.8",",,I,16,","520.5",",,,I"
"IN010020100","1949-10","11.97","75.55","39.0","IRIKKUR, IN","23",",I","23",",I","4",",I","66.0",",,I,25,","396.7",",,,I"
"IN010020100","1949-11","11.97","75.55","39.0","IRIKKUR, IN","3",",I","3",",I","1",",I","25.4",",,I,19,","43.2",",,,I"
"IN010020100","1949-12","11.97","75.55","39.0","IRIKKUR, IN","0",",I","0",",I","0",",I","0.0",",,I,31,+","0.0",",,,I"
"IN010020100","1950-01","11.97","75.55","39.0","IRIKKUR, IN","0",",I","0",",I","0",",I","0.0",",,I,31,+","0.0",",,,I"
"IN010020100","1950-02","11.97","75.55","39.0","IRIKKUR, IN","0",",I","0",",I","0",",I","0.0",",,I,28,+","0.0",",,,I"
"IN010020100","1950-03","11.97","75.55","39.0","IRIKKUR, IN","0",",I","0",",I","0",",I","0.0",",,I,31,+","0.0",",,,I"
"IN010020100","1950-04","11.97","75.55","39.0","IRIKKUR, IN","1",",I","1",",I","0",",I","17.8",",,I,08,","17.8",",,,I"
"IN010020100","1950-05","11.97","75.55","39.0","IRIKKUR, IN","6",",I","5",",I","4",",I","66.0",",,I,28,","215.4",",,,I"
"IN010020100","1950-06","11.97","75.55","39.0","IRIKKUR, IN","26",",I","26",",I","17",",I","254.0",",,I,02,","1310.0",",,,I"
"IN010020100","1950-07","11.97","75.55","39.0","IRIKKUR, IN","31",",I","31",",I","30",",I","213.4",",,I,16,","2285.4",",,,I"
"IN010020100","1950-08","11.97","75.55","39.0","IRIKKUR, IN","25",",I","22",",I","11",",I","85.3",",,I,07,","590.3",",,,I"
"IN010020100","1950-09","11.97","75.55","39.0","IRIKKUR, IN","23",",I","23",",I","5",",I","55.9",",,I,30,","491.9",",,,I"
"IN010020100","1950-10","11.97","75.55","39.0","IRIKKUR, IN","14",",I","12",",I","4",",I","44.2",",,I,16,","190.7",",,,I"
"IN010020100","1950-11","11.97","75.55","39.0","IRIKKUR, IN","10",",I","6",",I","3",",I","63.5",",,I,12,","161.8",",,,I"
"IN010020100","1950-12","11.97","75.55","39.0","IRIKKUR, IN","2",",I","0",",I","0",",I","1.3",",,I,14,","2.1",",,,I"
"IN010020100","1951-01","11.97","75.55","39.0","IRIKKUR, IN","0",",I","0",",I","0",",I","0.0",",,I,31,+","0.0",",,,I"
"IN010020100","1951-02","11.97","75.55","39.0","IRIKKUR, IN","0",",I","0",",I","0",",I","0.0",",,I,28,+","0.0",",,,I"
"IN010020100","1951-03","11.97","75.55","39.0","IRIKKUR, IN","0",",I","0",",I","0",",I","0.0",",,I,31,+","0.0",",,,I"
"IN010020100","1951-04","11.97","75.55","39.0","IRIKKUR, IN","6",",I","5",",I","4",",I","66.0",",,I,17,","204.5",",,,I"
"IN010020100","1951-05","11.97","75.55","39.0","IRIKKUR, IN","9",",I","6",",I","0",",I","20.3",",,I,27,+","95.3",",,,I"
"IN010020100","1951-06","11.97","75.55","39.0","IRIKKUR, IN","30",",I","29",",I","6",",I","114.3",",,I,01,","654.0",",,,I"
"IN010020100","1951-07","11.97","75.55","39.0","IRIKKUR, IN","28",",I","28",",I","12",",I","190.5",",,I,23,","1076.1",",,,I"
"IN010020100","1951-08","11.97","75.55","39.0","IRIKKUR, IN","24",",I","24",",I","2",",I","38.1",",,I,22,","298.5",",,,I"
"IN010020100","1951-09","11.97","75.55","39.0","IRIKKUR, IN","18",",I","18",",I","5",",I","88.9",",,I,28,","378.4",",,,I"
"IN010020100","1951-10","11.97","75.55","39.0","IRIKKUR, IN","14",",I","13",",I","3",",I","66.0",",,I,03,","239.5",",,,I"
"IN010020100","1951-11","11.97","75.55","39.0","IRIKKUR, IN","9",",I","6",",I","0",",I","12.7",",,I,05,","41.8",",,,I"
"IN010020100","1951-12","11.97","75.55","39.0","IRIKKUR, IN","0",",I","0",",I","0",",I","0.0",",,I,31,+","0.0",",,,I"
"IN010020100","1952-01","11.97","75.55","39.0","IRIKKUR, IN","0",",I","0",",I","0",",I","0.0",",,I,31,+","0.0",",,,I"
"IN010020100","1952-02","11.97","75.55","39.0","IRIKKUR, IN","2",",I","2",",I","1",",I","30.5",",,I,25,","34.8",",,,I"
"IN010020100","1952-03","11.97","75.55","39.0","IRIKKUR, IN","0",",I","0",",I","0",",I","0.0",",,I,31,+","0.0",",,,I"
"IN010020100","1952-04","11.97","75.55","39.0","IRIKKUR, IN","5",",I","5",",I","1",",I","71.1",",,I,28,","139.2",",,,I"
"IN010020100","1952-05","11.97","75.55","39.0","IRIKKUR, IN","9",",I","7",",I","1",",I","41.1",",,I,28,","107.2",",,,I"
"IN010020100","1952-06","11.97","75.55","39.0","IRIKKUR, IN","28",",I","27",",I","16",",I","101.6",",,I,14,","890.4",",,,I"
"IN010020100","1952-07","11.97","75.55","39.0","IRIKKUR, IN","30",",I","28",",I","15",",I","88.9",",,I,24,","712.6",",,,I"
"IN010020100","1952-08","11.97","75.55","39.0","IRIKKUR, IN","28",",I","26",",I","10",",I","50.0",",,I,14,","580.7",",,,I"
"IN010020100","1952-09","11.97","75.55","39.0","IRIKKUR, IN","6",",I","5",",I","0",",I","13.2",",,I,01,","33.3",",,,I"
"IN010020100","1952-10","11.97","75.55","39.0","IRIKKUR, IN","14",",I","13",",I","6",",I","86.4",",,I,09,","363.1",",,,I"
"IN010020100","1952-11","11.97","75.55","39.0","IRIKKUR, IN","0",",I","0",",I","0",",I","0.0",",,I,30,+","0.0",",,,I"
"IN010020100","1952-12","11.97","75.55","39.0","IRIKKUR, IN","4",",I","4",",I","1",",I","40.6",",,I,12,","69.7",",,,I"
"IN010020100","1953-01","11.97","75.55","39.0","IRIKKUR, IN","0",",I","0",",I","0",",I","0.0",",,I,31,+","0.0",",,,I"
"IN010020100","1953-02","11.97","75.55","39.0","IRIKKUR, IN","0",",I","0",",I","0",",I","0.0",",,I,28,+","0.0",",,,I"
"IN010020100","1953-03","11.97","75.55","39.0","IRIKKUR, IN","0",",I","0",",I","0",",I","0.0",",,I,31,+","0.0",",,,I"
"IN010020100","1953-04","11.97","75.55","39.0","IRIKKUR, IN","4",",I","3",",I","0",",I","10.4",",,I,28,","20.3",",,,I"
"IN010020100","1953-05","11.97","75.55","39.0","IRIKKUR, IN","6",",I","2",",I","1",",I","53.3",",,I,24,","60.1",",,,I"
"IN010020100","1953-06","11.97","75.55","39.0","IRIKKUR, IN","20",",I","19",",I","6",",I","74.7",",,I,22,","411.0",",,,I"
"IN010020100","1953-07","11.97","75.55","39.0","IRIKKUR, IN","31",",I","31",",I","21",",I","379.7",",,I,07,","1935.6",",,,I"
"IN010020100","1953-08","11.97","75.55","39.0","IRIKKUR, IN","24",",I","23",",I","9",",I","92.7",",,I,01,","571.6",",,,I"
"IN010020100","1953-09","11.97","75.55","39.0","IRIKKUR, IN","9",",I","9",",I","1",",I","29.2",",,I,05,","76.5",",,,I"
"IN010020100","1953-10","11.97","75.55","39.0","IRIKKUR, IN","22",",I","20",",I","8",",I","45.7",",,I,16,","403.8",",,,I"
"IN010020100","1953-11","11.97","75.55","39.0","IRIKKUR, IN","1",",I","1",",I","0",",I","21.1",",,I,01,","21.1",",,,I"
"IN010020100","1953-12","11.97","75.55","39.0","IRIKKUR, IN","0",",I","0",",I","0",",I","0.0",",,I,31,+","0.0",",,,I"
"IN010020100","1954-01","11.97","75.55","39.0","IRIKKUR, IN","1",",I","1",",I","0",",I","3.3",",,I,07,","3.3",",,,I"
"IN010020100","1954-02","11.97","75.55","39.0","IRIKKUR, IN","0",",I","0",",I","0",",I","0.0",",,I,28,+","0.0",",,,I"
"IN010020100","1954-03","11.97","75.55","39.0","IRIKKUR, IN","5",",I","4",",I","1",",I","27.4",",,I,14,","53.6",",,,I"
"IN010020100","1954-04","11.97","75.55","39.0","IRIKKUR, IN","4",",I","4",",I","1",",I","79.2",",,I,23,","110.0",",,,I"
"IN010020100","1954-05","11.97","75.55","39.0","IRIKKUR, IN","14",",I","10",",I","1",",I","38.6",",,I,17,","143.1",",,,I"
"IN010020100","1954-06","11.97","75.55","39.0","IRIKKUR, IN","30",",I","29",",I","19",",I","156.2",",,I,07,","1356.1",",,,I"
"IN010020100","1954-07","11.97","75.55","39.0","IRIKKUR, IN","29",",I","29",",I","18",",I","186.2",",,I,06,","1228.6",",,,I"
"IN010020100","1954-08","11.97","75.55","39.0","IRIKKUR, IN","24",",I","23",",I","9",",I","101.1",",,I,04,","723.5",",,,I"
"IN010020100","1954-09","11.97","75.55","39.0","IRIKKUR, IN","23",",I","19",",I","6",",I","40.4",",,I,20,","372.2",",,,I"
"IN010020100","1954-10","11.97","75.55","39.0","IRIKKUR, IN","15",",I","14",",I","3",",I","91.4",",,I,17,","268.1",",,,I"
"IN010020100","1954-11","11.97","75.55","39.0","IRIKKUR, IN","2",",I","2",",I","1",",I","30.2",",,I,03,","39.9",",,,I"
"IN010020100","1954-12","11.97","75.55","39.0","IRIKKUR, IN","1",",I","1",",I","0",",I","19.1",",,I,16,","19.1",",,,I"
"IN010020100","1955-01","11.97","75.55","39.0","IRIKKUR, IN","0",",I","0",",I","0",",I","0.0",",,I,31,+","0.0",",,,I"
"IN010020100","1955-02","11.97","75.55","39.0","IRIKKUR, IN","0",",I","0",",I","0",",I","0.0",",,I,28,+","0.0",",,,I"
"IN010020100","1955-03","11.97","75.55","39.0","IRIKKUR, IN","1",",I","1",",I","0",",I","3.3",",,I,23,","3.3",",,,I"
"IN010020100","1955-04","11.97","75.55","39.0","IRIKKUR, IN","5",",I","5",",I","0",",I","19.3",",,I,22,","62.2",",,,I"
"IN010020100","1955-05","11.97","75.55","39.0","IRIKKUR, IN","17",",I","14",",I","7",",I","191.5",",,I,19,","651.9",",,,I"
"IN010020100","1955-06","11.97","75.55","39.0","IRIKKUR, IN","25",",I","24",",I","13",",I","76.2",",,I,16,","830.1",",,,I"
"IN010020100","1955-07","11.97","75.55","39.0","IRIKKUR, IN","27",",I","26",",I","9",",I","104.1",",,I,01,","668.5",",,,I"
"IN010020100","1955-08","11.97","75.55","39.0","IRIKKUR, IN","29",",I","25",",I","3",",I","40.6",",,I,21,","344.6",",,,I"
"IN010020100","1955-09","11.97","75.55","39.0","IRIKKUR, IN","17",",I","14",",I","7",",I","87.6",",,I,29,","368.0",",,,I"
"IN010020100","1955-10","11.97","75.55","39.0","IRIKKUR, IN","18",",I","16",",I","6",",I","76.2",",,I,01,","454.0",",,,I"
"IN010020100","1955-11","11.97","75.55","39.0","IRIKKUR, IN","8",",I","4",",I","1",",I","54.1",",,I,03,","87.1",",,,I"
"IN010020100","1955-12","11.97","75.55","39.0","IRIKKUR, IN","0",",I","0",",I","0",",I","0.0",",,I,31,+","0.0",",,,I"
"IN010020100","1956-01","11.97","75.55","39.0","IRIKKUR, IN","0",",I","0",",I","0",",I","0.0",",,I,31,+","0.0",",,,I"
"IN010020100","1956-02","11.97","75.55","39.0","IRIKKUR, IN","0","1,I","0","1,I","0","1,I","0.0","1,,I,29,+","0.0","1,,,I"
"IN010020100","1956-03","11.97","75.55","39.0","IRIKKUR, IN","0",",I","0",",I","0",",I","0.0",",,I,31,+","0.0",",,,I"
"IN010020100","1956-04","11.97","75.55","39.0","IRIKKUR, IN","7",",I","5",",I","3",",I","57.9",",,I,30,","134.2",",,,I"
"IN010020100","1956-05","11.97","75.55","39.0","IRIKKUR, IN","18",",I","14",",I","8",",I","72.6",",,I,27,","476.5",",,,I"
"IN010020100","1956-06","11.97","75.55","39.0","IRIKKUR, IN","29",",I","27",",I","13",",I","172.7",",,I,30,","1038.1",",,,I"
"IN010020100","1956-07","11.97","75.55","39.0","IRIKKUR, IN","31",",I","28",",I","16",",I","213.9",",,I,01,","1146.0",",,,I"
"IN010020100","1956-08","11.97","75.55","39.0","IRIKKUR, IN","23",",I","22",",I","6",",I","88.4",",,I,15,","520.1",",,,I"
"IN010020100","1956-09","11.97","75.55","39.0","IRIKKUR, IN","20",",I","16",",I","3",",I","33.5",",,I,23,","208.0",",,,I"
"IN010020100","1956-10","11.97","75.55","39.0","IRIKKUR, IN","19",",I","18",",I","5",",I","51.3",",,I,06,","341.8",",,,I"
"IN010020100","1956-11","11.97","75.55","39.0","IRIKKUR, IN","12",",I","8",",I","1",",I","39.4",",,I,02,","111.4",",,,I"
"IN010020100","1956-12","11.97","75.55","39.0","IRIKKUR, IN","0",",I","0",",I","0",",I","0.0",",,I,31,+","0.0",",,,I"
"IN010020100","1957-01","11.97","75.55","39.0","IRIKKUR, IN","0",",I","0",",I","0",",I","0.0",",,I,31,+","0.0",",,,I"
"IN010020100","1957-02","11.97","75.55","39.0","IRIKKUR, IN","0",",I","0",",I","0",",I","0.0",",,I,28,+","0.0",",,,I"
"IN010020100","1957-03","11.97","75.55","39.0","IRIKKUR, IN","0",",I","0",",I","0",",I","0.0",",,I,31,+","0.0",",,,I"
"IN010020100","1957-04","11.97","75.55","39.0","IRIKKUR, IN","0",",I","0",",I","0",",I","0.0",",,I,30,+","0.0",",,,I"
"IN010020100","1957-05","11.97","75.55","39.0","IRIKKUR, IN","14",",I","9",",I","4",",I","47.8",",,I,20,","212.9",",,,I"
"IN010020100","1957-06","11.97","75.55","39.0","IRIKKUR, IN","29",",I","27",",I","18",",I","80.0",",,I,28,+","1161.6",",,,I"
"IN010020100","1957-07","11.97","75.55","39.0","IRIKKUR, IN","30",",I","27",",I","19",",I","121.9",",,I,09,","1188.7",",,,I"
"IN010020100","1957-08","11.97","75.55","39.0","IRIKKUR, IN","30",",I","24",",I","9",",I","63.5",",,I,22,","581.4",",,,I"
"IN010020100","1957-09","11.97","75.55","39.0","IRIKKUR, IN","9",",I","5",",I","0",",I","14.0",",,I,02,","51.8",",,,I"
"IN010020100","1957-10","11.97","75.55","39.0","IRIKKUR, IN","19",",I","15",",I","3",",I","38.1",",,I,14,","201.0",",,,I"
"IN010020100","1957-11","11.97","75.55","39.0","IRIKKUR, IN","10",",I","9",",I","2",",I","30.5",",,I,09,","95.9",",,,I"
"IN010020100","1957-12","11.97","75.55","39.0","IRIKKUR, IN","1",",I","1",",I","1",",I","44.5",",,I,31,","44.5",",,,I"
"IN010020100","1958-01","11.97","75.55","39.0","IRIKKUR, IN","1",",I","0",",I","0",",I","2.3",",,I,03,","2.3",",,,I"
"IN010020100","1958-02","11.97","75.55","39.0","IRIKKUR, IN","0",",I","0",",I","0",",I","0.0",",,I,28,+","0.0",",,,I"
"IN010020100","1958-03","11.97","75.55","39.0","IRIKKUR, IN","2",",I","0",",I","0",",I","1.5",",,I,28,","2.3",",,,I"
"IN010020100","1958-04","11.97","75.55","39.0","IRIKKUR, IN","10",",I","6",",I","0",",I","14.0",",,I,20,","48.9",",,,I"
"IN010020100","1958-05","11.97","75.55","39.0","IRIKKUR, IN","19",",I","14",",I","2",",I","56.4",",,I,05,","236.6",",,,I"
"IN010020100","1958-06","11.97","75.55","39.0","IRIKKUR, IN","21",",I","16",",I","12",",I","201.4",",,I,28,","912.7",",,,I"
"IN010020100","1958-07","11.97","75.55","39.0","IRIKKUR, IN","31",",I","31",",I","15",",I","87.6",",,I,01,","1082.1",",,,I"
"IN010020100","1958-08","11.97","75.55","39.0","IRIKKUR, IN","30",",I","27",",I","8",",I","47.0",",,I,11,","498.3",",,,I"
"IN010020100","1958-09","11.97","75.55","39.0","IRIKKUR, IN","23",",I","15",",I","2",",I","39.4",",,I,11,","176.6",",,,I"
"IN010020100","1958-10","11.97","75.55","39.0","IRIKKUR, IN","15",",I","10",",I","0",",I","23.4",",,I,06,","111.9",",,,I"
"IN010020100","1958-11","11.97","75.55","39.0","IRIKKUR, IN","14",",I","13",",I","2",",I","73.9",",,I,23,","240.1",",,,I"
"IN010020100","1958-12","11.97","75.55","39.0","IRIKKUR, IN","0",",I","0",",I","0",",I","0.0",",,I,31,+","0.0",",,,I"
"IN010020100","1959-01","11.97","75.55","39.0","IRIKKUR, IN","0",",I","0",",I","0",",I","0.0",",,I,31,+","0.0",",,,I"
"IN010020100","1959-02","11.97","75.55","39.0","IRIKKUR, IN","0",",I","0",",I","0",",I","0.0",",,I,28,+","0.0",",,,I"
"IN010020100","1959-03","11.97","75.55","39.0","IRIKKUR, IN","0",",I","0",",I","0",",I","0.0",",,I,31,+","0.0",",,,I"
"IN010020100","1959-04","11.97","75.55","39.0","IRIKKUR, IN","11",",I","7",",I","0",",I","19.3",",,I,07,","61.8",",,,I"
"IN010020100","1959-05","11.97","75.55","39.0","IRIKKUR, IN","20",",I","18",",I","6",",I","41.7",",,I,08,","319.8",",,,I"
"IN010020100","1959-06","11.97","75.55","39.0","IRIKKUR, IN","26",",I","24",",I","15",",I","103.6",",,I,25,","1040.2",",,,I"
"IN010020100","1959-07","11.97","75.55","39.0","IRIKKUR, IN","31",",I","30",",I","24",",I","115.6",",,I,26,","1801.5",",,,I"
"IN010020100","1959-08","11.97","75.55","39.0","IRIKKUR, IN","30",",I","26",",I","13",",I","87.6",",,I,21,","853.1",",,,I"
"IN010020100","1959-09","11.97","75.55","39.0","IRIKKUR, IN","27",",I","23",",I","6",",I","69.9",",,I,28,","458.4",",,,I"
"IN010020100","1959-10","11.97","75.55","39.0","IRIKKUR, IN","16",",I","10",",I","0",",I","19.1",",,I,02,","137.2",",,,I"
"IN010020100","1959-11","11.97","75.55","39.0","IRIKKUR, IN","7",",I","6",",I","0",",I","22.9",",,I,07,","74.9",",,,I"
"IN010020100","1959-12","11.97","75.55","39.0","IRIKKUR, IN","2",",I","2",",I","0",",I","16.3",",,I,01,","20.4",",,,I"
"IN010020100","1960-01","11.97","75.55","39.0","IRIKKUR, IN","0",",I","0",",I","0",",I","0.0",",,I,31,+","0.0",",,,I"
"IN010020100","1960-02","11.97","75.55","39.0","IRIKKUR, IN","0",",I","0",",I","0",",I","0.0",",,I,29,+","0.0",",,,I"
"IN010020100","1960-03","11.97","75.55","39.0","IRIKKUR, IN","0",",I","0",",I","0",",I","0.0",",,I,31,+","0.0",",,,I"
"IN010020100","1960-04","11.97","75.55","39.0","IRIKKUR, IN","12",",I","7",",I","2",",I","39.6",",,I,05,","118.8",",,,I"
"IN010020100","1960-05","11.97","75.55","39.0","IRIKKUR, IN","24",",I","20",",I","8",",I","81.3",",,I,17,","525.2",",,,I"
"IN010020100","1960-06","11.97","75.55","39.0","IRIKKUR, IN","28",",I","27",",I","9",",I","83.3",",,I,24,","677.4",",,,I"
"IN010020100","1960-07","11.97","75.55","39.0","IRIKKUR, IN","25",",I","25",",I","18",",I","121.7",",,I,04,","996.1",",,,I"
"IN010020100","1960-08","11.97","75.55","39.0","IRIKKUR, IN","29",",I","20",",I","8",",I","59.9",",,I,05,","466.2",",,,I"
"IN010020100","1960-09","11.97","75.55","39.0","IRIKKUR, IN","19",",I","16",",I","1",",I","27.2",",,I,21,","163.8",",,,I"
"IN010020100","1960-10","11.97","75.55","39.0","IRIKKUR, IN","16",",I","14",",I","5",",I","31.2",",,I,28,","222.8",",,,I"
"IN010020100","1960-11","11.97","75.55","39.0","IRIKKUR, IN","21",",I","21",",I","5",",I","35.1",",,I,08,","320.1",",,,I"
"IN010020100","1960-12","11.97","75.55","39.0","IRIKKUR, IN","0",",I","0",",I","0",",I","0.0",",,I,31,+","0.0",",,,I"
"IN010020100","1961-01","11.97","75.55","39.0","IRIKKUR, IN","0",",I","0",",I","0",",I","0.0",",,I,31,+","0.0",",,,I"
"IN010020100","1961-02","11.97","75.55","39.0","IRIKKUR, IN","0",",I","0",",I","0",",I","0.0",",,I,28,+","0.0",",,,I"
"IN010020100","1961-03","11.97","75.55","39.0","IRIKKUR, IN","0",",I","0",",I","0",",I","0.0",",,I,31,+","0.0",",,,I"
"IN010020100","1961-04","11.97","75.55","39.0","IRIKKUR, IN","3",",I","3",",I","0",",I","24.1",",,I,23,","31.2",",,,I"
"IN010020100","1961-05","11.97","75.55","39.0","IRIKKUR, IN","17",",I","16",",I","8",",I","82.8",",,I,25,","488.1",",,,I"
"IN010020100","1961-06","11.97","75.55","39.0","IRIKKUR, IN","30",",I","29",",I","15",",I","88.4",",,I,13,","983.0",",,,I"
"IN010020100","1961-07","11.97","75.55","39.0","IRIKKUR, IN","31",",I","31",",I","26",",I","91.7",",,I,22,","1773.6",",,,I"
"IN010020100","1961-08","11.97","75.55","39.0","IRIKKUR, IN","31",",I","27",",I","20",",I","88.9",",,I,23,","1130.4",",,,I"
"IN010020100","1961-09","11.97","75.55","39.0","IRIKKUR, IN","25",",I","23",",I","7",",I","87.6",",,I,15,","482.6",",,,I"
"IN010020100","1961-10","11.97","75.55","39.0","IRIKKUR, IN","20",",I","19",",I","8",",I","55.9",",,I,31,","437.7",",,,I"
"IN010020100","1961-11","11.97","75.55","39.0","IRIKKUR, IN","7",",I","5",",I","0",",I","21.6",",,I,06,","65.4",",,,I"
"IN010020100","1961-12","11.97","75.55","39.0","IRIKKUR, IN","0",",I","0",",I","0",",I","0.0",",,I,31,+","0.0",",,,I"
"IN010020100","1962-01","11.97","75.55","39.0","IRIKKUR, IN","0",",I","0",",I","0",",I","0.0",",,I,31,+","0.0",",,,I"
"IN010020100","1962-02","11.97","75.55","39.0","IRIKKUR, IN","1",",I","0",",I","0",",I","0.8",",,I,25,","0.8",",,,I"
"IN010020100","1962-03","11.97","75.55","39.0","IRIKKUR, IN","0",",I","0",",I","0",",I","0.0",",,I,31,+","0.0",",,,I"
"IN010020100","1962-04","11.97","75.55","39.0","IRIKKUR, IN","2",",I","0",",I","0",",I","1.3",",,I,30,","1.8",",,,I"
"IN010020100","1962-05","11.97","75.55","39.0","IRIKKUR, IN","18",",I","15",",I","6",",I","78.5",",,I,18,","340.7",",,,I"
"IN010020100","1962-06","11.97","75.55","39.0","IRIKKUR, IN","20",",I","20",",I","4",",I","66.0",",,I,14,","338.3",",,,I"
"IN010020100","1962-07","11.97","75.55","39.0","IRIKKUR, IN","30",",I","30",",I","18",",I","91.9",",,I,04,","1277.5",",,,I"
"IN010020100","1962-08","11.97","75.55","39.0","IRIKKUR, IN","23",",I","22",",I","17",",I","88.6",",,I,09,","928.7",",,,I"
"IN010020100","1962-09","11.97","75.55","39.0","IRIKKUR, IN","26",",I","26",",I","10",",I","68.9",",,I,13,","513.0",",,,I"
"IN010020100","1962-10","11.97","75.55","39.0","IRIKKUR, IN","30",",I","30",",I","11",",I","49.5",",,I,25,","548.2",",,,I"
"IN010020100","1962-11","11.97","75.55","39.0","IRIKKUR, IN","2",",I","2",",I","0",",I","5.1",",,I,04,","7.6",",,,I"
"IN010020100","1962-12","11.97","75.55","39.0","IRIKKUR, IN","1",",I","0",",I","0",",I","0.3",",,I,03,","0.3",",,,I"
"IN010020100","1963-01","11.97","75.55","39.0","IRIKKUR, IN","2",",I","1",",I","1",",I","37.3",",,I,12,","37.7",",,,I"
"IN010020100","1963-02","11.97","75.55","39.0","IRIKKUR, IN","0",",I","0",",I","0",",I","0.0",",,I,28,+","0.0",",,,I"
"IN010020100","1963-03","11.97","75.55","39.0","IRIKKUR, IN","2",",I","1",",I","0",",I","19.3",",,I,26,","20.8",",,,I"
"IN010020100","1963-04","11.97","75.55","39.0","IRIKKUR, IN","5",",I","4",",I","1",",I","48.4",",,I,05,","80.3",",,,I"
"IN010020100","1963-05","11.97","75.55","39.0","IRIKKUR, IN","11",",I","9",",I","0",",I","22.9",",,I,14,","154.7",",,,I"
"IN010020100","1963-06","11.97","75.55","39.0","IRIKKUR, IN","26",",I","21",",I","8",",I","56.6",",,I,06,","482.4",",,,I"
"IN010020100","1963-07","11.97","75.55","39.0","IRIKKUR, IN","30",",I","27",",I","15",",I","133.4",",,I,07,","1166.8",",,,I"
"IN010020100","1963-08","11.97","75.55","39.0","IRIKKUR, IN","31",",I","30",",I","6",",I","100.0",",,I,13,","676.5",",,,I"
"IN010020100","1963-09","11.97","75.55","39.0","IRIKKUR, IN","18",",I","15",",I","1",",I","38.1",",,I,01,","177.7",",,,I"
"IN010020100","1963-10","11.97","75.55","39.0","IRIKKUR, IN","11",",I","10",",I","4",",I","59.7",",,I,23,","213.1",",,,I"
"IN010020100","1963-11","11.97","75.55","39.0","IRIKKUR, IN","1",",I","1",",I","0",",I","6.4",",,I,30,","6.4",",,,I"
"IN010020100","1963-12","11.97","75.55","39.0","IRIKKUR, IN","1",",I","1",",I","0",",I","21.6",",,I,01,","21.6",",,,I"
"IN010020100","1964-01","11.97","75.55","39.0","IRIKKUR, IN","0",",I","0",",I","0",",I","0.0",",,I,31,+","0.0",",,,I"
"IN010020100","1964-02","11.97","75.55","39.0","IRIKKUR, IN","0",",I","0",",I","0",",I","0.0",",,I,29,+","0.0",",,,I"
"IN010020100","1964-03","11.97","75.55","39.0","IRIKKUR, IN","0",",I","0",",I","0",",I","0.0",",,I,31,+","0.0",",,,I"
"IN010020100","1964-04","11.97","75.55","39.0","IRIKKUR, IN","9",",I","5",",I","1",",I","30.4",",,I,28,","73.3",",,,I"
"IN010020100","1964-05","11.97","75.55","39.0","IRIKKUR, IN","5",",I","4",",I","1",",I","33.1",",,I,18,","48.6",",,,I"
"IN010020100","1964-06","11.97","75.55","39.0","IRIKKUR, IN","24",",I","22",",I","6",",I","83.8",",,I,08,","536.4",",,,I"
"IN010020100","1964-07","11.97","75.55","39.0","IRIKKUR, IN","27",",I","26",",I","15",",I","107.2",",,I,04,","992.6",",,,I"
"IN010020100","1964-08","11.97","75.55","39.0","IRIKKUR, IN","25",",I","25",",I","12",",I","82.5",",,I,05,","843.4",",,,I"
"IN010020100","1964-09","11.97","75.55","39.0","IRIKKUR, IN","20",",I","14",",I","3",",I","41.1",",,I,10,","258.8",",,,I"
"IN010020100","1964-10","11.97","75.55","39.0","IRIKKUR, IN","13",",I","13",",I","3",",I","77.7",",,I,30,","212.4",",,,I"
"IN010020100","1964-11","11.97","75.55","39.0","IRIKKUR, IN","6",",I","4",",I","2",",I","72.4",",,I,01,","135.4",",,,I"
"IN010020100","1964-12","11.97","75.55","39.0","IRIKKUR, IN","3",",I","3",",I","1",",I","25.4",",,I,25,","50.8",",,,I"
"IN010020100","1965-01","11.97","75.55","39.0","IRIKKUR, IN","0",",I","0",",I","0",",I","0.0",",,I,31,+","0.0",",,,I"
"IN010020100","1965-02","11.97","75.55","39.0","IRIKKUR, IN","0",",I","0",",I","0",",I","0.0",",,I,28,+","0.0",",,,I"
"IN010020100","1965-03","11.97","75.55","39.0","IRIKKUR, IN","0",",I","0",",I","0",",I","0.0",",,I,31,+","0.0",",,,I"
"IN010020100","1965-04","11.97","75.55","39.0","IRIKKUR, IN","3",",I","3",",I","0",",I","14.7",",,I,30,","22.3",",,,I"
"IN010020100","1965-05","11.97","75.55","39.0","IRIKKUR, IN","10",",I","9",",I","3",",I","82.5",",,I,23,","201.0",",,,I"
"IN010020100","1965-06","11.97","75.55","39.0","IRIKKUR, IN","27",",I","27",",I","16",",I","88.9",",,I,09,","865.2",",,,I"
"IN010020100","1965-07","11.97","75.55","39.0","IRIKKUR, IN","26",",I","26",",I","12",",I","100.6",",,I,31,","857.4",",,,I"
"IN010020100","1965-08","11.97","75.55","39.0","IRIKKUR, IN","27",",I","24",",I","8",",I","39.4",",,I,25,","456.9",",,,I"
"IN010020100","1965-09","11.97","75.55","39.0","IRIKKUR, IN","20",",I","20",",I","4",",I","58.2",",,I,29,","285.2",",,,I"
"IN010020100","1965-10","11.97","75.55","39.0","IRIKKUR, IN","6",",I","6",",I","2",",I","70.6",",,I,21,","160.5",",,,I"
"IN010020100","1965-11","11.97","75.55","39.0","IRIKKUR, IN","6",",I","6",",I","0",",I","14.2",",,I,03,","52.5",",,,I"
"IN010020100","1965-12","11.97","75.55","39.0","IRIKKUR, IN","5",",I","5",",I","1",",I","42.9",",,I,09,","65.7",",,,I"
"IN010020100","1966-01","11.97","75.55","39.0","IRIKKUR, IN","0",",I","0",",I","0",",I","0.0",",,I,31,+","0.0",",,,I"
"IN010020100","1966-02","11.97","75.55","39.0","IRIKKUR, IN","0",",I","0",",I","0",",I","0.0",",,I,28,+","0.0",",,,I"
"IN010020100","1966-03","11.97","75.55","39.0","IRIKKUR, IN","0",",I","0",",I","0",",I","0.0",",,I,31,+","0.0",",,,I"
"IN010020100","1966-04","11.97","75.55","39.0","IRIKKUR, IN","2",",I","2",",I","0",",I","8.9",",,I,18,","16.5",",,,I"
"IN010020100","1966-05","11.97","75.55","39.0","IRIKKUR, IN","4",",I","4",",I","2",",I","88.0",",,I,02,","187.7",",,,I"
"IN010020100","1966-06","11.97","75.55","39.0","IRIKKUR, IN","26",",I","25",",I","7",",I","76.2",",,I,30,","459.0",",,,I"
"IN010020100","1966-07","11.97","75.55","39.0","IRIKKUR, IN","30",",I","29",",I","14",",I","78.7",",,I,17,","773.3",",,,I"
"IN010020100","1966-08","11.97","75.55","39.0","IRIKKUR, IN","19",",I","18",",I","5",",I","64.5",",,I,07,","294.7",",,,I"
"IN010020100","1966-09","11.97","75.55","39.0","IRIKKUR, IN","12",",I","12",",I","6",",I","60.7",",,I,05,","313.8",",,,I"
"IN010020100","1966-10","11.97","75.55","39.0","IRIKKUR, IN","14",",I","14",",I","5",",I","76.2",",,I,15,","355.7",",,,I"
"IN010020100","1966-11","11.97","75.55","39.0","IRIKKUR, IN","9",",I","9",",I","1",",I","82.5",",,I,12,","181.6",",,,I"
"IN010020100","1966-12","11.97","75.55","39.0","IRIKKUR, IN","0",",I","0",",I","0",",I","0.0",",,I,31,+","0.0",",,,I"
"IN010020100","1967-01","11.97","75.55","39.0","IRIKKUR, IN","0",",I","0",",I","0",",I","0.0",",,I,31,+","0.0",",,,I"
"IN010020100","1967-02","11.97","75.55","39.0","IRIKKUR, IN","0",",I","0",",I","0",",I","0.0",",,I,28,+","0.0",",,,I"
"IN010020100","1967-03","11.97","75.55","39.0","IRIKKUR, IN","0",",I","0",",I","0",",I","0.0",",,I,31,+","0.0",",,,I"
"IN010020100","1967-04","11.97","75.55","39.0","IRIKKUR, IN","5",",I","5",",I","1",",I","33.0",",,I,24,","76.2",",,,I"
"IN010020100","1967-05","11.97","75.55","39.0","IRIKKUR, IN","7",",I","7",",I","2",",I","50.0",",,I,16,","127.2",",,,I"
"IN010020100","1967-06","11.97","75.55","39.0","IRIKKUR, IN","18",",I","17",",I","7",",I","88.5",",,I,28,","623.9",",,,I"
"IN010020100","1967-07","11.97","75.55","39.0","IRIKKUR, IN","31",",I","31",",I","22",",I","86.5",",,I,27,","1209.4",",,,I"
"IN010020100","1967-08","11.97","75.55","39.0","IRIKKUR, IN","26",",I","25",",I","7",",I","83.8",",,I,04,","539.9",",,,I"
"IN010020100","1967-09","11.97","75.55","39.0","IRIKKUR, IN","6",",I","6",",I","0",",I","19.0",",,I,26,","67.0",",,,I"
"IN010020100","1967-10","11.97","75.55","39.0","IRIKKUR, IN","0",",I","0",",I","0",",I","0.0",",,I,31,+","0.0",",,,I"
"IN010020100","1967-11","11.97","75.55","39.0","IRIKKUR, IN","2",",I","2",",I","2",",I","86.5",",,I,04,","122.5",",,,I"
"IN010020100","1967-12","11.97","75.55","39.0","IRIKKUR, IN","0",",I","0",",I","0",",I","0.0",",,I,31,+","0.0",",,,I"
"IN010020100","1968-01","11.97","75.55","39.0","IRIKKUR, IN","0",",I","0",",I","0",",I","0.0",",,I,31,+","0.0",",,,I"
"IN010020100","1968-02","11.97","75.55","39.0","IRIKKUR, IN","0",",I","0",",I","0",",I","0.0",",,I,29,+","0.0",",,,I"
"IN010020100","1968-03","11.97","75.55","39.0","IRIKKUR, IN","3",",I","3",",I","2",",I","76.2",",,I,28,","133.0",",,,I"
"IN010020100","1968-04","11.97","75.55","39.0","IRIKKUR, IN","19",",I","19",",I","10",",I","132.0",",,I,20,","657.5",",,,I"
"IN010020100","1968-05","11.97","75.55","39.0","IRIKKUR, IN","9","1,I","9","1,I","4","1,I","45.0","1,,I,17,","198.8","1,,,I"
"IN010020100","1968-06","11.97","75.55","39.0","IRIKKUR, IN","24",",I","24",",I","15",",I","157.8",",,I,25,","1006.6",",,,I"
"IN010020100","1968-07","11.97","75.55","39.0","IRIKKUR, IN","31",",I","31",",I","31",",I","125.3",",,I,08,","3374.9",",,,I"
"IN010020100","1968-08","11.97","75.55","39.0","IRIKKUR, IN","21",",I","19",",I","13",",I","112.8",",,I,12,","976.6",",,,I"
"IN010020100","1968-09","11.97","75.55","39.0","IRIKKUR, IN","25",",I","21",",I","0",",I","20.3",",,I,22,","304.9",",,,I"
"IN010020100","1968-10","11.97","75.55","39.0","IRIKKUR, IN","15",",I","15",",I","3",",I","32.5",",,I,18,","209.8",",,,I"
"IN010020100","1968-11","11.97","75.55","39.0","IRIKKUR, IN","0",",I","0",",I","0",",I","0.0",",,I,30,+","0.0",",,,I"
"IN010020100","1968-12","11.97","75.55","39.0","IRIKKUR, IN","0",",I","0",",I","0",",I","0.0",",,I,31,+","0.0",",,,I"
"IN010020100","1969-01","11.97","75.55","39.0","IRIKKUR, IN","0",",I","0",",I","0",",I","0.0",",,I,31,+","0.0",",,,I"
"IN010020100","1969-02","11.97","75.55","39.0","IRIKKUR, IN","0",",I","0",",I","0",",I","0.0",",,I,28,+","0.0",",,,I"
"IN010020100","1969-03","11.97","75.55","39.0","IRIKKUR, IN","0",",I","0",",I","0",",I","0.0",",,I,31,+","0.0",",,,I"
"IN010020100","1969-04","11.97","75.55","39.0","IRIKKUR, IN","1",",I","1",",I","0",",I","7.6",",,I,17,","7.6",",,,I"
"IN010020100","1969-06","11.97","75.55","39.0","IRIKKUR, IN","27",",I","2",",I","0",",I","3.0",",,I,11,+","40.0",",,,I"
"IN010020100","1969-07","11.97","75.55","39.0","IRIKKUR, IN","31",",I","31",",I","2",",I","26.4",",,I,13,+","381.9",",,,I"
"IN010020100","1969-08","11.97","75.55","39.0","IRIKKUR, IN","12",",I","9",",I","0",",I","10.0",",,I,30,","54.1",",,,I"
"IN010020100","1969-09","11.97","75.55","39.0","IRIKKUR, IN","15",",I","11",",I","0",",I","15.0",",,I,30,","91.7",",,,I"
"IN010020100","1969-10","11.97","75.55","39.0","IRIKKUR, IN","16",",I","12",",I","0",",I","8.4",",,I,24,","74.9",",,,I"
"IN010020100","1969-11","11.97","75.55","39.0","IRIKKUR, IN","13",",I","11",",I","5",",I","45.2",",,I,30,","262.8",",,,I"
"IN010020100","1969-12","11.97","75.55","39.0","IRIKKUR, IN","6",",I","6",",I","2",",I","40.1",",,I,09,","123.0",",,,I"
"IN010020100","1970-01","11.97","75.55","39.0","IRIKKUR, IN","0",",I","0",",I","0",",I","0.0",",,I,31,+","0.0",",,,I"
"IN010020100","1970-02","11.97","75.55","39.0","IRIKKUR, IN","0",",I","0",",I","0",",I","0.0",",,I,28,+","0.0",",,,I"
"IN010020100","1970-04","11.97","75.55","39.0","IRIKKUR, IN","7",",I","3",",I","0",",I","6.0",",,I,14,","17.4",",,,I"
"IN010020100","1970-05","11.97","75.55","39.0","IRIKKUR, IN","16",",I","11",",I","3",",I","41.0",",,I,25,","204.9",",,,I"
"IN010020100","1970-06","11.97","75.55","39.0","IRIKKUR, IN","25",",I","20",",I","2",",I","31.2",",,I,15,","254.6",",,,I"
"IN010020100","1970-07","11.97","75.55","39.0","IRIKKUR, IN","31",",I","26",",I","9",",I","60.0",",,I,09,","514.3",",,,I"
"IN010020100","1970-08","11.97","75.55","39.0","IRIKKUR, IN","26",",I","23",",I","4",",I","57.0",",,I,09,","367.7",",,,I"
"IN010020100","1970-09","11.97","75.55","39.0","IRIKKUR, IN","12",",I","8",",I","0",",I","13.0",",,I,22,","78.1",",,,I"
"IN010020100","1970-10","11.97","75.55","39.0","IRIKKUR, IN","12",",I","10",",I","0",",I","20.4",",,I,14,","129.6",",,,I"
"IN010020100","1970-11","11.97","75.55","39.0","IRIKKUR, IN","5",",I","5",",I","0",",I","5.2",",,I,06,","22.7",",,,I"
"IN010020100","1970-12","11.97","75.55","39.0","IRIKKUR, IN","0",",I","0",",I","0",",I","0.0",",,I,31,+","0.0",",,,I"
