"STATION","DATE","LATITUDE","LONGITUDE","ELEVATION","NAME","CDSD","CDSD_ATTRIBUTES","CLDD","CLDD_ATTRIBUTES","DP01","DP01_ATTRIBUTES","DP10","DP10_ATTRIBUTES","DP1X","DP1X_ATTRIBUTES","DT00","DT00_ATTRIBUTES","DT32","DT32_ATTRIBUTES","DX32","DX32_ATTRIBUTES","DX70","DX70_ATTRIBUTES","DX90","DX90_ATTRIBUTES","EMNT","EMNT_ATTRIBUTES","EMXP","EMXP_ATTRIBUTES","EMXT","EMXT_ATTRIBUTES","HDSD","HDSD_ATTRIBUTES","HTDD","HTDD_ATTRIBUTES","PRCP","PRCP_ATTRIBUTES","TAVG","TAVG_ATTRIBUTES","TMAX","TMAX_ATTRIBUTES","TMIN","TMIN_ATTRIBUTES"
"MXN00014107","1948-09","21.1833","-104.0667","419.7","PASO DE LA YESCA, MX","","","317.7",",m","11",",m","9",",m","0",",m","0",",m","0",",m","0",",m","30",",m","29",",m","17.8",",m,30,+","15.7",",,m,14,","38.3",",m,25,+","","","0.0",",m","83.0",",,,m","28.92",",m","35.41",",,,m","22.43",",,,m"
"MXN00014107","1948-10","21.1833","-104.0667","419.7","PASO DE LA YESCA, MX","","","315.1",",m","5",",m","5",",m","0",",m","0",",m","0",",m","0",",m","31",",m","31",",m","16.7",",m,01,","11.2",",,m,15,","38.3",",m,12,+","","","0.0",",m","36.6",",,,m","28.50",",m","36.23",",,,m","20.77",",,,m"
"MXN00014107","1948-11","21.1833","-104.0667","419.7","PASO DE LA YESCA, MX","","","223.6","1,m","4",",m","2",",m","0",",m","0",",m","0",",m","0","1,m","29","1,m","23","1,m","14.4",",m,30,","13.7",",,m,24,","38.3","1,m,03,","","","0.0","1,m","27.7",",,,m","26.08","1,m","33.99","1,,,m","18.18",",,,m"
"MXN00014107","1948-12","21.1833","-104.0667","419.7","PASO DE LA YESCA, MX","","","212.4",",m","2",",m","0",",m","0",",m","0",",m","0",",m","0",",m","31",",m","27",",m","12.8",",m,29,","2.3",",,m,11,","38.3",",m,15,","","","0.0",",m","4.1",",,,m","25.19",",m","34.20",",,,m","16.17",",,,m"
"MXN00014107","1949-01","21.1833","-104.0667","419.7","PASO DE LA YESCA, MX","171.3","m","171.3",",m","2",",m","1",",m","0",",m","0",",m","0",",m","0",",m","31",",m","17",",m","12.8",",m,31,+","8.4",",,m,23,","35.0",",m,14,+","","","0.0",",m","9.2",",,,m","23.86",",m","31.92",",,,m","15.80",",,,m"
"MXN00014107","1949-02","21.1833","-104.0667","419.7","PASO DE LA YESCA, MX","391.9","m","220.6",",m","0",",m","0",",m","0",",m","0",",m","0",",m","0",",m","28",",m","28",",m","12.8",",m,01,","0.0",",,m,28,+","38.9",",m,10,","","","0.0",",m","0.0",",,,m","26.21",",m","35.65",",,,m","16.78",",,,m"
"MXN00014107","1949-03","21.1833","-104.0667","419.7","PASO DE LA YESCA, MX","695.7","m","303.8","1,m","0",",m","0",",m","0",",m","0","1,m","0","1,m","0","1,m","30","1,m","30","1,m","15.6","1,m,02,","0.0",",,m,31,+","41.1","1,m,18,","","","0.0","1,m","0.0",",,,m","28.46","1,m","38.68","1,,,m","18.24","1,,,m"
"MXN00014107","1949-04","21.1833","-104.0667","419.7","PASO DE LA YESCA, MX","1009.9","m","314.2",",m","0",",m","0",",m","0",",m","0",",m","0",",m","0",",m","30",",m","29",",m","15.0",",m,05,","0.0",",,m,30,+","41.1",",m,29,+","","","0.0",",m","0.0",",,,m","28.81",",m","38.57",",,,m","19.04",",,,m"
"MXN00014107","1949-05","21.1833","-104.0667","419.7","PASO DE LA YESCA, MX","1415.0","m","405.1",",m","2",",m","2",",m","0",",m","0",",m","0",",m","0",",m","31",",m","31",",m","18.9",",m,17,+","6.1",",,m,26,","43.9",",m,20,","","","0.0",",m","10.4",",,,m","31.40",",m","40.54",",,,m","22.26",",,,m"
"MXN00014107","1949-06","21.1833","-104.0667","419.7","PASO DE LA YESCA, MX","1779.1","m","364.1",",m","13",",m","10",",m","1",",m","0",",m","0",",m","0",",m","30",",m","27",",m","21.1",",m,28,","31.0",",,m,27,","42.2",",m,04,","","","0.0",",m","136.9",",,,m","30.47",",m","37.14",",,,m","23.80",",,,m"
"MXN00014107","1949-07","21.1833","-104.0667","419.7","PASO DE LA YESCA, MX","2070.7","m","291.6",",m","17",",m","16",",m","4",",m","0",",m","0",",m","0",",m","31",",m","27",",m","17.8",",m,31,","33.0",",,m,22,","37.8",",m,05,+","0.0","m","0.0",",m","222.5",",,,m","27.74",",m","33.85",",,,m","21.63",",,,m"
"MXN00014107","1949-08","21.1833","-104.0667","419.7","PASO DE LA YESCA, MX","2356.7","m","286.0","1,m","15",",m","10",",m","0",",m","0","1,m","0","1,m","0","1,m","30","1,m","24","1,m","17.8","1,m,02,","15.7",",,m,16,+","37.8","1,m,26,+","0.0","m","0.0","1,m","108.2",",,,m","27.87","1,m","34.17","1,,,m","21.56","1,,,m"
"MXN00014107","1949-09","21.1833","-104.0667","419.7","PASO DE LA YESCA, MX","2686.7","m","330.0",",m","14",",m","7",",m","1",",m","0",",m","0",",m","0",",m","30",",m","30",",m","19.4",",m,30,","28.4",",,m,19,","38.9",",m,14,","0.0","m","0.0",",m","101.2",",,,m","29.33",",m","36.18",",,,m","22.49",",,,m"
"MXN00014107","1949-10","21.1833","-104.0667","419.7","PASO DE LA YESCA, MX","3026.2","m","339.5",",m","3",",m","2",",m","1",",m","0",",m","0",",m","0",",m","31",",m","31",",m","12.8",",m,31,+","32.8",",,m,05,","38.9",",m,22,+","0.0","m","0.0",",m","38.7",",,,m","29.29",",m","36.60",",,,m","21.97",",,,m"
"MXN00014107","1949-11","21.1833","-104.0667","419.7","PASO DE LA YESCA, MX","3184.7","m","158.5","1,m","0",",m","0",",m","0",",m","0","1,m","0","1,m","0","1,m","29","1,m","26","1,m","10.0","1,m,17,","0.0",",,m,30,+","37.8","1,m,06,","0.0","m","0.0","1,m","0.0",",,,m","23.80","1,m","34.12","1,,,m","13.48","1,,,m"
"MXN00014107","1949-12","21.1833","-104.0667","419.7","PASO DE LA YESCA, MX","3364.6","m","179.9",",m","0",",m","0",",m","0",",m","0",",m","0",",m","0",",m","31",",m","25",",m","12.2",",m,23,","0.0",",,m,31,+","35.6",",m,15,+","0.0","m","0.0",",m","0.0",",,,m","24.14",",m","32.94",",,,m","15.34",",,,m"
"MXN00014107","1950-01","21.1833","-104.0667","419.7","PASO DE LA YESCA, MX","187.4","m","187.4","1,m","0",",m","0",",m","0",",m","0","1,m","0","1,m","0","1,m","30","1,m","29","1,m","11.7","1,m,22,+","0.0",",,m,31,+","36.7","1,m,28,+","0.0","m","0.0","1,m","0.0",",,,m","24.58","1,m","34.52","1,,,m","14.64","1,,,m"
"MXN00014107","1950-02","21.1833","-104.0667","419.7","PASO DE LA YESCA, MX","383.1","m","195.7","1,m","0",",m","0",",m","0",",m","0","1,m","0","1,m","0","1,m","27","1,m","23","1,m","10.0","1,m,16,+","0.0",",,m,28,+","39.4","1,m,28,","0.0","m","0.0","1,m","0.0",",,,m","25.58","1,m","35.13","1,,,m","16.03","1,,,m"
"MXN00014107","1950-03","21.1833","-104.0667","419.7","PASO DE LA YESCA, MX","658.1","m","275.0",",m","1",",m","1",",m","0",",m","0",",m","0",",m","0",",m","31",",m","31",",m","13.9",",m,19,+","24.9",",,m,30,","40.6",",m,29,+","0.0","m","0.0",",m","24.9",",,,m","27.20",",m","37.54",",,,m","16.87",",,,m"
"MXN00014107","1950-04","21.1833","-104.0667","419.7","PASO DE LA YESCA, MX","990.6","m","332.5","1,m","0",",m","0",",m","0",",m","0","1,m","0","1,m","0","1,m","29","1,m","29","1,m","17.2","1,m,04,","0.0",",,m,30,+","43.3","1,m,15,","0.0","m","0.0","1,m","0.0",",,,m","29.80","1,m","39.39","1,,,m","20.21","1,,,m"
"MXN00014107","1950-05","21.1833","-104.0667","419.7","PASO DE LA YESCA, MX","1407.8","m","417.2",",m","1",",m","0",",m","0",",m","0",",m","0",",m","0",",m","31",",m","31",",m","19.4",",m,10,","0.5",",,m,29,","42.2",",m,16,","0.0","m","0.0",",m","0.5",",,,m","31.79",",m","40.34",",,,m","23.25",",,,m"
"MXN00014107","1950-06","21.1833","-104.0667","419.7","PASO DE LA YESCA, MX","1777.0","m","369.2","1,m","9",",m","7",",m","1",",m","0",",m","0",",m","0","1,m","29","1,m","28","1,m","21.1",",m,25,+","71.9",",,m,20,","42.2","1,m,09,","0.0","m","0.0","1,m","157.3",",,,m","31.04","1,m","37.76","1,,,m","24.32",",,,m"
"MXN00014107","1950-07","21.1833","-104.0667","419.7","PASO DE LA YESCA, MX","2052.1","m","275.1","1,m","20",",m","14",",m","2",",m","0","1,m","0","1,m","0","1,m","30","1,m","24","1,m","20.0","1,m,18,","50.0",",,m,05,","38.9","1,m,01,","0.0","m","0.0","1,m","194.9",",,,m","27.50","1,m","33.15","1,,,m","21.85","1,,,m"
"MXN00014107","1950-08","21.1833","-104.0667","419.7","PASO DE LA YESCA, MX","2385.5","m","333.4",",m","11",",m","8",",m","3",",m","0",",m","0",",m","0",",m","31",",m","30",",m","20.6",",m,19,+","43.4",",,m,20,","38.9",",m,08,","0.0","m","0.0",",m","197.5",",,,m","29.09",",m","35.47",",,,m","22.71",",,,m"
"MXN00014107","1950-09","21.1833","-104.0667","419.7","PASO DE LA YESCA, MX","2690.0","m","304.5",",m","15",",m","12",",m","0",",m","0",",m","0",",m","0",",m","30",",m","27",",m","20.0",",m,27,+","24.1",",,m,25,","37.2",",m,23,","0.0","m","0.0",",m","126.8",",,,m","28.48",",m","34.77",",,,m","22.19",",,,m"
"MXN00014107","1950-10","21.1833","-104.0667","419.7","PASO DE LA YESCA, MX","2985.8","m","295.8",",m","1",",m","0",",m","0",",m","0",",m","0",",m","0",",m","31",",m","31",",m","16.1",",m,31,","2.3",",,m,01,","37.8",",m,25,+","0.0","m","0.0",",m","2.3",",,,m","27.87",",m","35.89",",,,m","19.86",",,,m"
"MXN00014107","1950-11","21.1833","-104.0667","419.7","PASO DE LA YESCA, MX","3200.9","m","215.1",",m","0",",m","0",",m","0",",m","0",",m","0",",m","0",",m","30",",m","29",",m","11.1",",m,30,","0.0",",,m,30,+","38.3",",m,16,","0.0","m","0.0",",m","0.0",",,,m","25.50",",m","35.28",",,,m","15.72",",,,m"
"MXN00014107","1950-12","21.1833","-104.0667","419.7","PASO DE LA YESCA, MX","3315.4","m","114.5",",m","1",",m","0",",m","0",",m","0",",m","0",",m","0",",m","31",",m","22",",m","7.8",",m,21,+","1.0",",,m,31,","35.6",",m,09,","0.0","m","0.0",",m","1.0",",,,m","22.03",",m","32.49",",,,m","11.56",",,,m"
"MXN00014107","1951-01","21.1833","-104.0667","419.7","PASO DE LA YESCA, MX","125.4","m","125.4",",m","1",",m","0",",m","0",",m","0",",m","0",",m","0",",m","31",",m","23",",m","6.7",",m,17,+","0.5",",,m,01,","36.7",",m,24,","0.0","m","0.0",",m","0.5",",,,m","22.38",",m","32.94",",,,m","11.82",",,,m"
"MXN00014107","1951-02","21.1833","-104.0667","419.7","PASO DE LA YESCA, MX","301.7","m","176.3",",m","0",",m","0",",m","0",",m","0",",m","0",",m","0",",m","28",",m","28",",m","10.0",",m,05,+","0.0",",,m,28,+","38.3",",m,28,+","0.0","m","0.0",",m","0.0",",,,m","24.63",",m","35.86",",,,m","13.40",",,,m"
"MXN00014107","1951-03","21.1833","-104.0667","419.7","PASO DE LA YESCA, MX","546.9","m","245.2",",m","1",",m","1",",m","0",",m","0",",m","0",",m","0",",m","31",",m","29",",m","13.9",",m,30,","4.3",",,m,17,","38.9",",m,06,+","0.0","m","0.0",",m","4.3",",,,m","26.24",",m","35.66",",,,m","16.82",",,,m"
"MXN00014107","1951-04","21.1833","-104.0667","419.7","PASO DE LA YESCA, MX","875.5","m","328.6",",m","0",",m","0",",m","0",",m","0",",m","0",",m","0",",m","30",",m","30",",m","14.4",",m,01,","0.0",",,m,30,+","43.3",",m,22,","0.0","m","0.0",",m","0.0",",,,m","29.29",",m","38.83",",,,m","19.75",",,,m"
"MXN00014107","1951-05","21.1833","-104.0667","419.7","PASO DE LA YESCA, MX","1261.8","m","386.3",",m","0",",m","0",",m","0",",m","0",",m","0",",m","0",",m","31",",m","31",",m","15.0",",m,09,","0.0",",,m,31,+","43.3",",m,27,","0.0","m","0.0",",m","0.0",",,,m","30.79",",m","39.97",",,,m","21.62",",,,m"
"MXN00014107","1951-06","21.1833","-104.0667","419.7","PASO DE LA YESCA, MX","1690.9","m","429.1",",m","7",",m","4",",m","0",",m","0",",m","0",",m","0",",m","30",",m","30",",m","22.2",",m,04,","20.6",",,m,26,","43.3",",m,20,+","0.0","m","0.0",",m","55.5",",,,m","32.64",",m","40.20",",,,m","25.07",",,,m"
"MXN00014107","1951-07","21.1833","-104.0667","419.7","PASO DE LA YESCA, MX","2004.0","m","313.1",",m","20",",m","14",",m","2",",m","0",",m","0",",m","0",",m","31",",m","25",",m","20.6",",m,26,+","29.7",",,m,15,","37.2",",m,03,","0.0","m","0.0",",m","200.5",",,,m","28.43",",m","34.14",",,,m","22.73",",,,m"
"MXN00014107","1951-08","21.1833","-104.0667","419.7","PASO DE LA YESCA, MX","2326.6","m","322.6",",m","12",",m","9",",m","3",",m","0",",m","0",",m","0",",m","31",",m","28",",m","20.6",",m,12,+","47.8",",,m,20,","38.9",",m,29,","0.0","m","0.0",",m","189.9",",,,m","28.74",",m","35.03",",,,m","22.45",",,,m"
"MXN00014107","1951-09","21.1833","-104.0667","419.7","PASO DE LA YESCA, MX","2651.1","m","324.5",",m","15",",m","9",",m","0",",m","0",",m","0",",m","0",",m","30",",m","29",",m","17.2",",m,20,","21.8",",,m,24,","40.0",",m,02,","0.0","m","0.0",",m","97.6",",,,m","29.15",",m","35.89",",,,m","22.41",",,,m"
"MXN00014107","1951-10","21.1833","-104.0667","419.7","PASO DE LA YESCA, MX","2956.3","m","305.2",",m","6",",m","2",",m","0",",m","0",",m","0",",m","0",",m","31",",m","28",",m","15.0",",m,12,","11.4",",,m,19,","38.9",",m,19,","0.0","m","0.0",",m","21.6",",,,m","28.18",",m","35.87",",,,m","20.48",",,,m"
"MXN00014107","1951-11","21.1833","-104.0667","419.7","PASO DE LA YESCA, MX","3208.2","m","251.9",",m","1",",m","0",",m","0",",m","0",",m","0",",m","0",",m","30",",m","29",",m","15.0",",m,22,","0.8",",,m,28,","37.8",",m,11,+","0.0","m","0.0",",m","0.8",",,,m","26.73",",m","35.82",",,,m","17.64",",,,m"
"MXN00014107","1951-12","21.1833","-104.0667","419.7","PASO DE LA YESCA, MX","3417.1","m","208.9",",m","0",",m","0",",m","0",",m","0",",m","0",",m","0",",m","31",",m","27",",m","13.3",",m,06,+","0.0",",,m,31,+","36.1",",m,23,+","0.0","m","0.0",",m","0.0",",,,m","25.07",",m","34.08",",,,m","16.06",",,,m"
"MXN00014107","1952-01","21.1833","-104.0667","419.7","PASO DE LA YESCA, MX","199.4","m","199.4",",m","0",",m","0",",m","0",",m","0",",m","0",",m","0",",m","31",",m","31",",m","11.7",",m,16,+","0.0",",,m,31,+","37.2",",m,13,","0.0","m","0.0",",m","0.0",",,,m","24.77",",m","35.24",",,,m","14.29",",,,m"
"MXN00014107","1952-02","21.1833","-104.0667","419.7","PASO DE LA YESCA, MX","384.0","m","184.6",",m","0",",m","0",",m","0",",m","0",",m","0",",m","0",",m","29",",m","28",",m","10.0",",m,06,","0.0",",,m,29,+","38.9",",m,28,","0.0","m","0.0",",m","0.0",",,,m","24.70",",m","34.54",",,,m","14.86",",,,m"
"MXN00014107","1952-03","21.1833","-104.0667","419.7","PASO DE LA YESCA, MX","657.3","m","273.3",",m","0",",m","0",",m","0",",m","0",",m","0",",m","0",",m","31",",m","31",",m","14.4",",m,27,+","0.0",",,m,31,+","42.2",",m,15,","0.0","m","0.0",",m","0.0",",,,m","27.15",",m","37.54",",,,m","16.76",",,,m"
"MXN00014107","1952-04","21.1833","-104.0667","419.7","PASO DE LA YESCA, MX","954.6","m","297.3","2,m","3",",m","3",",m","0",",m","0",",m","0",",m","0","2,m","28","2,m","28","2,m","16.1",",m,03,+","8.4",",,m,21,","42.2","2,m,10,","0.0","m","0.0","2,m","17.3",",,,m","29.01","2,m","38.90","2,,,m","19.13",",,,m"
"MXN00014107","1952-05","21.1833","-104.0667","419.7","PASO DE LA YESCA, MX","1314.6","m","360.0","1,m","1",",m","0",",m","0",",m","0",",m","0",",m","0","1,m","30","1,m","30","1,m","16.7",",m,02,","1.0",",,m,31,","42.2","1,m,11,","0.0","m","0.0","1,m","1.0",",,,m","30.39","1,m","39.68","1,,,m","21.09",",,,m"
"MXN00014107","1952-06","21.1833","-104.0667","419.7","PASO DE LA YESCA, MX","1675.3","m","360.7",",m","21",",m","16",",m","1",",m","0",",m","0",",m","0",",m","30",",m","29",",m","21.7",",m,30,+","27.4",",,m,17,","41.7",",m,05,","0.0","m","0.0",",m","168.5",",,,m","30.36",",m","36.88",",,,m","23.83",",,,m"
"MXN00014107","1952-07","21.1833","-104.0667","419.7","PASO DE LA YESCA, MX","1979.3","m","304.0",",m","22",",m","14",",m","4",",m","0",",m","0",",m","0",",m","31",",m","26",",m","20.6",",m,27,+","38.9",",,m,24,","37.2",",m,06,","0.0","m","0.0",",m","226.8",",,,m","28.14",",m","34.02",",,,m","22.26",",,,m"
"MXN00014107","1952-08","21.1833","-104.0667","419.7","PASO DE LA YESCA, MX","2264.1","m","284.8",",m","21",",m","14",",m","3",",m","0",",m","0",",m","0",",m","31",",m","25",",m","19.4",",m,17,","34.8",",,m,11,","36.1",",m,27,","0.0","m","0.0",",m","233.0",",,,m","27.52",",m","33.52",",,,m","21.52",",,,m"
"MXN00014107","1952-09","21.1833","-104.0667","419.7","PASO DE LA YESCA, MX","2558.0","m","293.9",",m","14",",m","8",",m","0",",m","0",",m","0",",m","0",",m","30",",m","27",",m","20.0",",m,03,+","15.7",",,m,01,","36.1",",m,14,+","0.0","m","0.0",",m","78.1",",,,m","28.13",",m","34.22",",,,m","22.04",",,,m"
"MXN00014107","1952-10","21.1833","-104.0667","419.7","PASO DE LA YESCA, MX","2789.9","m","231.9",",m","0",",m","0",",m","0",",m","0",",m","0",",m","0",",m","31",",m","29",",m","10.6",",m,23,","0.0",",,m,31,+","37.8",",m,15,+","0.0","m","0.0",",m","0.0",",,,m","25.81",",m","35.48",",,,m","16.15",",,,m"
"MXN00014107","1952-11","21.1833","-104.0667","419.7","PASO DE LA YESCA, MX","3007.9","m","218.0",",m","1",",m","1",",m","0",",m","0",",m","0",",m","0",",m","30",",m","27",",m","12.8",",m,30,","16.0",",,m,04,","36.1",",m,11,+","0.0","m","0.0",",m","16.0",",,,m","25.60",",m","34.17",",,,m","17.03",",,,m"
"MXN00014107","1952-12","21.1833","-104.0667","419.7","PASO DE LA YESCA, MX","3158.7","m","150.8",",m","1",",m","0",",m","0",",m","0",",m","0",",m","0",",m","31",",m","17",",m","9.4",",m,31,","0.8",",,m,28,","34.4",",m,21,+","0.0","m","0.0",",m","0.8",",,,m","23.20",",m","32.04",",,,m","14.35",",,,m"
"MXN00014107","1953-02","21.1833","-104.0667","419.7","PASO DE LA YESCA, MX","","","190.8",",m","0",",m","0",",m","0",",m","0",",m","0",",m","0",",m","28",",m","26",",m","11.1",",m,03,+","0.0",",,m,28,+","38.9",",m,28,","","","0.0",",m","0.0",",,,m","25.15",",m","35.31",",,,m","14.98",",,,m"
"MXN00014107","1953-03","21.1833","-104.0667","419.7","PASO DE LA YESCA, MX","","","305.3",",m","1",",m","0",",m","0",",m","0",",m","0",",m","0",",m","31",",m","31",",m","15.0",",m,24,+","1.3",",,m,28,","40.6",",m,27,","","","0.0",",m","1.3",",,,m","28.18",",m","38.11",",,,m","18.25",",,,m"
"MXN00014107","1953-04","21.1833","-104.0667","419.7","PASO DE LA YESCA, MX","","","317.7",",m","0",",m","0",",m","0",",m","0",",m","0",",m","0",",m","30",",m","30",",m","16.1",",m,13,+","0.0",",,m,30,+","42.8",",m,16,","","","0.0",",m","0.0",",,,m","28.92",",m","39.04",",,,m","18.81",",,,m"
"MXN00014107","1953-05","21.1833","-104.0667","419.7","PASO DE LA YESCA, MX","","","395.3",",m","1",",m","0",",m","0",",m","0",",m","0",",m","0",",m","31",",m","31",",m","16.1",",m,16,","0.3",",,m,27,","43.9",",m,28,","","","0.0",",m","0.3",",,,m","31.09",",m","40.52",",,,m","21.65",",,,m"
"MXN00014107","1953-06","21.1833","-104.0667","419.7","PASO DE LA YESCA, MX","","","424.4",",m","8",",m","7",",m","0",",m","0",",m","0",",m","0",",m","30",",m","30",",m","22.8",",m,22,+","11.7",",,m,25,","42.8",",m,02,","","","0.0",",m","52.3",",,,m","32.48",",m","39.93",",,,m","25.03",",,,m"
"MXN00014107","1953-07","21.1833","-104.0667","419.7","PASO DE LA YESCA, MX","","","335.3",",m","20",",m","14",",m","1",",m","0",",m","0",",m","0",",m","31",",m","31",",m","18.9",",m,12,","66.0",",,m,31,","38.3",",m,31,","0.0","m","0.0",",m","227.6",",,,m","29.15",",m","35.36",",,,m","22.94",",,,m"
"MXN00014107","1953-08","21.1833","-104.0667","419.7","PASO DE LA YESCA, MX","","","302.5",",m","18",",m","14",",m","4",",m","0",",m","0",",m","0",",m","31",",m","29",",m","18.3",",m,13,","47.5",",,m,20,","38.3",",m,10,","0.0","m","0.0",",m","254.7",",,,m","28.09",",m","34.44",",,,m","21.75",",,,m"
"MXN00014107","1953-09","21.1833","-104.0667","419.7","PASO DE LA YESCA, MX","","","292.7",",m","5",",m","2",",m","1",",m","0",",m","0",",m","0",",m","30",",m","26",",m","16.1",",m,25,","30.7",",,m,04,","40.0",",m,26,","0.0","m","0.0",",m","37.2",",,,m","28.09",",m","35.76",",,,m","20.41",",,,m"
"MXN00014107","1953-10","21.1833","-104.0667","419.7","PASO DE LA YESCA, MX","","","309.2",",m","7",",m","6",",m","1",",m","0",",m","0",",m","0",",m","31",",m","30",",m","16.1",",m,01,","29.0",",,m,06,","39.4",",m,02,","0.0","m","0.0",",m","79.4",",,,m","28.31",",m","35.33",",,,m","21.29",",,,m"
"MXN00014107","1953-11","21.1833","-104.0667","419.7","PASO DE LA YESCA, MX","","","162.8",",m","1",",m","1",",m","0",",m","0",",m","0",",m","0",",m","30",",m","25",",m","8.9",",m,14,+","4.1",",,m,01,","36.1",",m,08,","0.0","m","0.0",",m","4.1",",,,m","23.76",",m","33.53",",,,m","13.99",",,,m"
"MXN00014107","1953-12","21.1833","-104.0667","419.7","PASO DE LA YESCA, MX","","","96.9","1,m","3",",m","3",",m","0",",m","0",",m","0",",m","0","1,m","29","1,m","8","1,m","8.9",",m,21,","23.9",",,m,28,","34.4","1,m,26,","0.0","m","0.0","1,m","50.0",",,,m","21.66","1,m","29.94","1,,,m","13.37",",,,m"
"MXN00014107","1954-01","21.1833","-104.0667","419.7","PASO DE LA YESCA, MX","175.4","m","175.4",",m","0",",m","0",",m","0",",m","0",",m","0",",m","0",",m","31",",m","28",",m","10.6",",m,12,+","0.0",",,m,31,+","37.2",",m,27,","0.0","m","0.0",",m","0.0",",,,m","23.99",",m","33.76",",,,m","14.22",",,,m"
"MXN00014107","1954-02","21.1833","-104.0667","419.7","PASO DE LA YESCA, MX","390.5","m","215.1",",m","0",",m","0",",m","0",",m","0",",m","0",",m","0",",m","28",",m","27",",m","13.3",",m,28,+","0.0",",,m,28,+","38.3",",m,12,","0.0","m","0.0",",m","0.0",",,,m","26.01",",m","35.46",",,,m","16.57",",,,m"
"MXN00014107","1954-03","21.1833","-104.0667","419.7","PASO DE LA YESCA, MX","679.1","m","288.6","1,m","0",",m","0",",m","0",",m","0","1,m","0","1,m","0","1,m","30","1,m","30","1,m","13.3","1,m,01,","0.0",",,m,31,+","42.2","1,m,21,","0.0","m","0.0","1,m","0.0",",,,m","27.95","1,m","38.65","1,,,m","17.25","1,,,m"
"MXN00014107","1954-04","21.1833","-104.0667","419.7","PASO DE LA YESCA, MX","1046.7","m","367.6",",m","0",",m","0",",m","0",",m","0",",m","0",",m","0",",m","30",",m","30",",m","19.4",",m,10,+","0.0",",,m,30,+","42.8",",m,06,+","0.0","m","0.0",",m","0.0",",,,m","30.59",",m","40.11",",,,m","21.06",",,,m"
"MXN00014107","1954-05","21.1833","-104.0667","419.7","PASO DE LA YESCA, MX","1471.0","m","424.3",",m","0",",m","0",",m","0",",m","0",",m","0",",m","0",",m","31",",m","31",",m","18.9",",m,01,","0.0",",,m,31,+","43.3",",m,03,","0.0","m","0.0",",m","0.0",",,,m","32.02",",m","40.89",",,,m","23.15",",,,m"
"MXN00014107","1954-06","21.1833","-104.0667","419.7","PASO DE LA YESCA, MX","1847.4","m","376.4",",m","17",",m","15",",m","3",",m","0",",m","0",",m","0",",m","30",",m","29",",m","20.6",",m,11,","36.6",",,m,29,","44.4",",m,04,","0.0","m","0.0",",m","252.6",",,,m","30.88",",m","37.90",",,,m","23.86",",,,m"
"MXN00014107","1954-07","21.1833","-104.0667","419.7","PASO DE LA YESCA, MX","2133.0","m","285.6",",m","21",",m","17",",m","2",",m","0",",m","0",",m","0",",m","31",",m","25",",m","20.0",",m,25,+","33.3",",,m,03,","36.7",",m,03,","0.0","m","0.0",",m","233.0",",,,m","27.55",",m","33.30",",,,m","21.79",",,,m"
"MXN00014107","1954-08","21.1833","-104.0667","419.7","PASO DE LA YESCA, MX","2434.9","m","301.9",",m","18",",m","12",",m","2",",m","0",",m","0",",m","0",",m","31",",m","29",",m","19.4",",m,23,","42.9",",,m,10,","37.8",",m,25,","0.0","m","0.0",",m","171.7",",,,m","28.07",",m","34.83",",,,m","21.32",",,,m"
"MXN00014107","1954-09","21.1833","-104.0667","419.7","PASO DE LA YESCA, MX","2761.9","m","327.0",",m","8",",m","6",",m","3",",m","0",",m","0",",m","0",",m","30",",m","30",",m","20.0",",m,25,","40.4",",,m,22,","40.0",",m,21,+","0.0","m","0.0",",m","137.8",",,,m","29.23",",m","36.40",",,,m","22.06",",,,m"
"MXN00014107","1954-10","21.1833","-104.0667","419.7","PASO DE LA YESCA, MX","3035.3","m","273.4","1,m","5",",m","2",",m","1",",m","0","1,m","0","1,m","0","1,m","30","1,m","29","1,m","15.6","1,m,20,","61.5",",,m,10,","37.8","1,m,31,","0.0","m","0.0","1,m","67.9",",,,m","27.45","1,m","34.52","1,,,m","20.37","1,,,m"
"MXN00014107","1954-11","21.1833","-104.0667","419.7","PASO DE LA YESCA, MX","3193.7","m","158.4",",m","0",",m","0",",m","0",",m","0",",m","0",",m","0",",m","30",",m","29",",m","8.9",",m,24,","0.0",",,m,30,+","36.7",",m,03,+","0.0","m","0.0",",m","0.0",",,,m","23.61",",m","34.15",",,,m","13.07",",,,m"
"MXN00014107","1954-12","21.1833","-104.0667","419.7","PASO DE LA YESCA, MX","3322.9","m","129.2",",m","1",",m","0",",m","0",",m","0",",m","0",",m","0",",m","31",",m","15",",m","8.3",",m,22,","0.5",",,m,25,","36.1",",m,01,","0.0","m","0.0",",m","0.5",",,,m","22.50",",m","32.30",",,,m","12.70",",,,m"
"MXN00014107","1955-01","21.1833","-104.0667","419.7","PASO DE LA YESCA, MX","106.5","m","106.5",",m","1",",m","0",",m","0",",m","0",",m","0",",m","0",",m","31",",m","13",",m","5.0",",m,25,","1.5",",,m,14,","35.0",",m,27,","2.3","m","2.3",",m","1.5",",,,m","21.70",",m","31.13",",,,m","12.26",",,,m"
"MXN00014107","1955-02","21.1833","-104.0667","419.7","PASO DE LA YESCA, MX","255.8","m","149.3",",m","0",",m","0",",m","0",",m","0",",m","0",",m","0",",m","28",",m","23",",m","8.9",",m,07,","0.0",",,m,28,+","38.9",",m,27,","2.3","m","0.0",",m","0.0",",,,m","23.66",",m","34.95",",,,m","12.38",",,,m"
"MXN00014107","1955-03","21.1833","-104.0667","419.7","PASO DE LA YESCA, MX","547.2","m","291.4",",m","0",",m","0",",m","0",",m","0",",m","0",",m","0",",m","31",",m","31",",m","15.0",",m,30,+","0.0",",,m,31,+","40.0",",m,26,+","2.3","m","0.0",",m","0.0",",,,m","27.73",",m","38.62",",,,m","16.85",",,,m"
"MXN00014107","1955-04","21.1833","-104.0667","419.7","PASO DE LA YESCA, MX","884.0","m","336.8",",m","0",",m","0",",m","0",",m","0",",m","0",",m","0",",m","30",",m","30",",m","14.4",",m,04,","0.0",",,m,30,+","43.3",",m,17,","2.3","m","0.0",",m","0.0",",,,m","29.56",",m","40.72",",,,m","18.40",",,,m"
"MXN00014107","1955-05","21.1833","-104.0667","419.7","PASO DE LA YESCA, MX","1310.9","m","426.9",",m","0",",m","0",",m","0",",m","0",",m","0",",m","0",",m","31",",m","31",",m","19.4",",m,19,","0.0",",,m,31,+","42.8",",m,29,+","2.3","m","0.0",",m","0.0",",,,m","32.10",",m","41.14",",,,m","23.06",",,,m"
"MXN00014107","1955-06","21.1833","-104.0667","419.7","PASO DE LA YESCA, MX","1757.9","m","447.0",",m","3",",m","2",",m","0",",m","0",",m","0",",m","0",",m","30",",m","30",",m","22.2",",m,29,","19.1",",,m,28,","45.0",",m,19,","2.3","m","0.0",",m","25.7",",,,m","33.23",",m","40.83",",,,m","25.63",",,,m"
"MXN00014107","1955-07","21.1833","-104.0667","419.7","PASO DE LA YESCA, MX","2100.5","m","342.6",",m","25",",m","15",",m","2",",m","0",",m","0",",m","0",",m","31",",m","29",",m","20.6",",m,20,","44.2",",,m,18,","41.7",",m,04,","0.0","m","0.0",",m","213.1",",,,m","29.39",",m","35.37",",,,m","23.40",",,,m"
"MXN00014107","1955-08","21.1833","-104.0667","419.7","PASO DE LA YESCA, MX","2397.0","m","296.5",",m","17",",m","14",",m","1",",m","0",",m","0",",m","0",",m","31",",m","27",",m","20.0",",m,11,+","25.9",",,m,21,","35.6",",m,29,+","0.0","m","0.0",",m","179.9",",,,m","27.90",",m","33.96",",,,m","21.83",",,,m"
"MXN00014107","1955-09","21.1833","-104.0667","419.7","PASO DE LA YESCA, MX","2676.3","m","279.3",",m","20",",m","13",",m","2",",m","0",",m","0",",m","0",",m","30",",m","25",",m","20.0",",m,27,+","39.9",",,m,11,","36.1",",m,02,","0.0","m","0.0",",m","213.9",",,,m","27.64",",m","33.24",",,,m","22.04",",,,m"
"MXN00014107","1955-10","21.1833","-104.0667","419.7","PASO DE LA YESCA, MX","2907.0","m","230.7",",m","5",",m","3",",m","0",",m","0",",m","0",",m","0",",m","31",",m","27",",m","11.1",",m,22,","4.8",",,m,11,","36.1",",m,29,","0.0","m","0.0",",m","16.5",",,,m","25.78",",m","33.82",",,,m","17.73",",,,m"
"MXN00014107","1955-11","21.1833","-104.0667","419.7","PASO DE LA YESCA, MX","3106.3","m","199.3",",m","0",",m","0",",m","0",",m","0",",m","0",",m","0",",m","30",",m","29",",m","11.7",",m,13,+","0.0",",,m,30,+","37.2",",m,15,","0.0","m","0.0",",m","0.0",",,,m","24.98",",m","34.89",",,,m","15.06",",,,m"
"MXN00014107","1955-12","21.1833","-104.0667","419.7","PASO DE LA YESCA, MX","3214.6","m","108.3",",m","0",",m","0",",m","0",",m","0",",m","0",",m","0",",m","31",",m","30",",m","6.7",",m,19,","0.0",",,m,31,+","35.6",",m,05,","0.0","m","0.0",",m","0.0",",,,m","21.83",",m","33.60",",,,m","10.05",",,,m"
"MXN00014107","1956-01","21.1833","-104.0667","419.7","PASO DE LA YESCA, MX","91.9","m","91.9",",m","0",",m","0",",m","0",",m","0",",m","0",",m","0",",m","31",",m","20",",m","5.0",",m,13,","0.0",",,m,31,+","36.1",",m,26,","0.8","m","0.8",",m","0.0",",,,m","21.27",",m","32.88",",,,m","9.66",",,,m"
"MXN00014107","1956-02","21.1833","-104.0667","419.7","PASO DE LA YESCA, MX","264.3","m","172.4",",m","1",",m","0",",m","0",",m","0",",m","0",",m","0",",m","29",",m","26",",m","8.9",",m,07,+","1.0",",,m,07,","40.0",",m,21,+","0.8","m","0.0",",m","1.0",",,,m","24.28",",m","35.69",",,,m","12.86",",,,m"
"MXN00014107","1956-03","21.1833","-104.0667","419.7","PASO DE LA YESCA, MX","547.6","m","283.3",",m","0",",m","0",",m","0",",m","0",",m","0",",m","0",",m","31",",m","31",",m","13.3",",m,13,","0.0",",,m,31,+","41.1",",m,19,","0.8","m","0.0",",m","0.0",",,,m","27.47",",m","38.86",",,,m","16.08",",,,m"
"MXN00014107","1956-05","21.1833","-104.0667","419.7","PASO DE LA YESCA, MX","","","375.2","2,m","10",",m","7",",m","1",",m","0",",m","0",",m","0","2,m","29","2,m","29","2,m","19.4",",m,03,","46.2",",,m,15,","45.0","2,m,08,","","","0.0","2,m","85.1",",,,m","31.25","2,m","39.56","2,,,m","22.94",",,,m"
"MXN00014107","1956-06","21.1833","-104.0667","419.7","PASO DE LA YESCA, MX","","","362.4","1,m","10",",m","9",",m","3",",m","0","1,m","0","1,m","0","1,m","29","1,m","29","1,m","20.0","1,m,30,","40.6",",,m,30,","45.0","1,m,05,","","","0.0","1,m","165.2",",,,m","30.83","1,m","37.43","1,,,m","24.23","1,,,m"
"MXN00014107","1956-07","21.1833","-104.0667","419.7","PASO DE LA YESCA, MX","","","271.6",",m","21",",m","18",",m","1",",m","0",",m","0",",m","0",",m","31",",m","24",",m","19.4",",m,18,+","31.5",",,m,14,","36.1",",m,03,","0.0","m","0.0",",m","224.8",",,,m","27.09",",m","33.16",",,,m","21.02",",,,m"
"MXN00014107","1956-08","21.1833","-104.0667","419.7","PASO DE LA YESCA, MX","","","289.0",",m","18",",m","11",",m","1",",m","0",",m","0",",m","0",",m","31",",m","26",",m","18.3",",m,02,","41.1",",,m,01,","37.2",",m,12,+","0.0","m","0.0",",m","174.6",",,,m","27.65",",m","34.25",",,,m","21.06",",,,m"
"MXN00014107","1956-09","21.1833","-104.0667","419.7","PASO DE LA YESCA, MX","","","308.9",",m","10",",m","6",",m","1",",m","0",",m","0",",m","0",",m","30",",m","30",",m","20.0",",m,30,+","36.6",",,m,13,","37.8",",m,12,","0.0","m","0.0",",m","78.3",",,,m","28.63",",m","35.60",",,,m","21.66",",,,m"
"MXN00014107","1956-10","21.1833","-104.0667","419.7","PASO DE LA YESCA, MX","","","312.1",",m","2",",m","2",",m","0",",m","0",",m","0",",m","0",",m","31",",m","31",",m","16.7",",m,11,+","15.5",",,m,13,","38.3",",m,24,+","0.0","m","0.0",",m","19.6",",,,m","28.40",",m","37.10",",,,m","19.70",",,,m"
"MXN00014107","1956-11","21.1833","-104.0667","419.7","PASO DE LA YESCA, MX","","","242.8",",m","2",",m","1",",m","0",",m","0",",m","0",",m","0",",m","30",",m","28",",m","12.8",",m,30,+","4.6",",,m,22,","37.8",",m,05,","0.0","m","0.0",",m","4.9",",,,m","26.43",",m","35.19",",,,m","17.66",",,,m"
"MXN00014107","1956-12","21.1833","-104.0667","419.7","PASO DE LA YESCA, MX","","","182.9",",m","0",",m","0",",m","0",",m","0",",m","0",",m","0",",m","31",",m","30",",m","11.1",",m,16,+","0.0",",,m,31,+","36.7",",m,08,+","0.0","m","0.0",",m","0.0",",,,m","24.23",",m","34.51",",,,m","13.96",",,,m"
"MXN00014107","1957-01","21.1833","-104.0667","419.7","PASO DE LA YESCA, MX","199.3","m","199.3",",m","1",",m","1",",m","0",",m","0",",m","0",",m","0",",m","31",",m","30",",m","10.6",",m,10,","6.1",",,m,27,","37.2",",m,07,","0.0","m","0.0",",m","6.1",",,,m","24.76",",m","35.44",",,,m","14.09",",,,m"
"MXN00014107","1957-02","21.1833","-104.0667","419.7","PASO DE LA YESCA, MX","431.1","m","231.8",",m","0",",m","0",",m","0",",m","0",",m","0",",m","0",",m","28",",m","28",",m","13.9",",m,12,","0.0",",,m,28,+","40.0",",m,13,","0.0","m","0.0",",m","0.0",",,,m","26.61",",m","36.93",",,,m","16.30",",,,m"
"MXN00014107","1957-03","21.1833","-104.0667","419.7","PASO DE LA YESCA, MX","666.7","m","235.6",",m","0",",m","0",",m","0",",m","0",",m","0",",m","0",",m","31",",m","31",",m","11.7",",m,27,+","0.0",",,m,31,+","40.0",",m,29,","0.0","m","0.0",",m","0.0",",,,m","25.93",",m","36.15",",,,m","15.72",",,,m"
"MXN00014107","1957-04","21.1833","-104.0667","419.7","PASO DE LA YESCA, MX","976.6","m","309.9",",m","0",",m","0",",m","0",",m","0",",m","0",",m","0",",m","30",",m","30",",m","13.9",",m,01,","0.0",",,m,30,+","42.2",",m,17,","0.0","m","0.0",",m","0.0",",,,m","28.66",",m","39.03",",,,m","18.29",",,,m"
"MXN00014107","1957-05","21.1833","-104.0667","419.7","PASO DE LA YESCA, MX","1345.5","m","368.9","1,m","1",",m","1",",m","0",",m","0",",m","0",",m","0","1,m","30","1,m","30","1,m","18.3",",m,04,+","14.2",",,m,08,","43.3","1,m,25,","0.0","m","0.0","1,m","14.2",",,,m","30.68","1,m","40.35","1,,,m","21.01",",,,m"
"MXN00014107","1957-06","21.1833","-104.0667","419.7","PASO DE LA YESCA, MX","1774.4","m","428.9",",m","4",",m","4",",m","1",",m","0",",m","0",",m","0",",m","30",",m","30",",m","20.0",",m,05,","29.2",",,m,18,","43.9",",m,12,+","0.0","m","0.0",",m","39.9",",,,m","32.63",",m","40.87",",,,m","24.39",",,,m"
"MXN00014107","1957-07","21.1833","-104.0667","419.7","PASO DE LA YESCA, MX","2110.8","m","336.4",",m","22",",m","18",",m","2",",m","0",",m","0",",m","0",",m","31",",m","31",",m","19.4",",m,07,","30.0",",,m,20,","40.0",",m,03,","0.0","m","0.0",",m","237.7",",,,m","29.18",",m","35.98",",,,m","22.39",",,,m"
"MXN00014107","1957-08","21.1833","-104.0667","419.7","PASO DE LA YESCA, MX","2466.4","m","355.6",",m","13",",m","7",",m","0",",m","0",",m","0",",m","0",",m","31",",m","30",",m","20.6",",m,30,","18.8",",,m,31,","39.4",",m,16,+","0.0","m","0.0",",m","96.7",",,,m","29.80",",m","36.76",",,,m","22.85",",,,m"
"MXN00014107","1957-09","21.1833","-104.0667","419.7","PASO DE LA YESCA, MX","2800.3","m","333.9",",m","11",",m","7",",m","2",",m","0",",m","0",",m","0",",m","30",",m","27",",m","18.3",",m,30,","38.9",",,m,23,","40.0",",m,16,","0.0","m","0.0",",m","120.8",",,,m","29.46",",m","36.07",",,,m","22.85",",,,m"
"MXN00014107","1957-10","21.1833","-104.0667","419.7","PASO DE LA YESCA, MX","3065.9","m","265.6","1,m","6",",m","3",",m","1",",m","0",",m","0",",m","0","1,m","30","1,m","28","1,m","16.1",",m,02,","35.6",",,m,19,","37.8","1,m,17,+","0.0","m","0.0","1,m","54.5",",,,m","27.19","1,m","34.78","1,,,m","19.61",",,,m"
"MXN00014107","1957-11","21.1833","-104.0667","419.7","PASO DE LA YESCA, MX","3306.1","m","240.2",",m","0",",m","0",",m","0",",m","0",",m","0",",m","0",",m","30",",m","30",",m","12.2",",m,15,","0.0",",,m,30,+","36.7",",m,11,","0.0","m","0.0",",m","0.0",",,,m","26.34",",m","34.92",",,,m","17.76",",,,m"
"MXN00014107","1957-12","21.1833","-104.0667","419.7","PASO DE LA YESCA, MX","3500.0","m","193.9","1,m","0",",m","0",",m","0",",m","0","1,m","0","1,m","0","1,m","30","1,m","26","1,m","9.4","1,m,11,","0.0",",,m,31,+","36.7","1,m,05,","0.0","m","0.0","1,m","0.0",",,,m","24.80","1,m","34.07","1,,,m","15.52","1,,,m"
"MXN00014107","1958-01","21.1833","-104.0667","419.7","PASO DE LA YESCA, MX","75.1","m","75.1",",m","4",",m","3",",m","0",",m","0",",m","0",",m","0",",m","31",",m","7",",m","8.3",",m,27,+","13.5",",,m,17,","35.6",",m,31,","0.9","m","0.9",",m","28.0",",,,m","20.73",",m","29.37",",,,m","12.09",",,,m"
"MXN00014107","1958-02","21.1833","-104.0667","419.7","PASO DE LA YESCA, MX","217.9","m","142.8",",m","1",",m","0",",m","0",",m","0",",m","0",",m","0",",m","28",",m","20",",m","11.7",",m,08,+","0.3",",,m,20,","36.1",",m,07,+","0.9","m","0.0",",m","0.3",",,,m","23.43",",m","33.31",",,,m","13.55",",,,m"
"MXN00014107","1958-03","21.1833","-104.0667","419.7","PASO DE LA YESCA, MX","451.8","m","233.9","1,m","3",",m","3",",m","1",",m","0",",m","0",",m","0","1,m","30","1,m","28","1,m","11.1",",m,03,","35.6",",,m,07,","39.4","1,m,15,","0.9","m","0.0","1,m","44.4",",,,m","26.14","1,m","35.92","1,,,m","16.37",",,,m"
"MXN00014107","1958-04","21.1833","-104.0667","419.7","PASO DE LA YESCA, MX","809.6","m","357.8",",m","0",",m","0",",m","0",",m","0",",m","0",",m","0",",m","30",",m","30",",m","14.4",",m,03,","0.0",",,m,30,+","43.3",",m,21,","0.9","m","0.0",",m","0.0",",,,m","30.26",",m","40.32",",,,m","20.20",",,,m"
"MXN00014107","1958-05","21.1833","-104.0667","419.7","PASO DE LA YESCA, MX","1247.2","m","437.6",",m","2",",m","1",",m","0",",m","0",",m","0",",m","0",",m","31",",m","31",",m","19.4",",m,21,+","4.6",",,m,20,","45.0",",m,26,","0.9","m","0.0",",m","5.1",",,,m","32.45",",m","41.61",",,,m","23.29",",,,m"
"MXN00014107","1958-06","21.1833","-104.0667","419.7","PASO DE LA YESCA, MX","1626.0","m","378.8",",m","16",",m","15",",m","2",",m","0",",m","0",",m","0",",m","30",",m","29",",m","21.1",",m,11,","57.2",",,m,01,","41.1",",m,01,","0.9","m","0.0",",m","172.0",",,,m","30.96",",m","37.76",",,,m","24.16",",,,m"
"MXN00014107","1958-07","21.1833","-104.0667","419.7","PASO DE LA YESCA, MX","1942.4","m","316.4",",m","20",",m","16",",m","5",",m","0",",m","0",",m","0",",m","31",",m","31",",m","20.6",",m,15,+","82.0",",,m,14,","37.2",",m,26,","0.0","m","0.0",",m","323.8",",,,m","28.54",",m","34.64",",,,m","22.44",",,,m"
"MXN00014107","1958-08","21.1833","-104.0667","419.7","PASO DE LA YESCA, MX","2276.6","m","334.2",",m","12",",m","11",",m","2",",m","0",",m","0",",m","0",",m","31",",m","30",",m","20.0",",m,22,+","34.0",",,m,18,","38.3",",m,01,","0.0","m","0.0",",m","170.3",",,,m","29.11",",m","35.80",",,,m","22.43",",,,m"
"MXN00014107","1958-09","21.1833","-104.0667","419.7","PASO DE LA YESCA, MX","2595.8","m","319.2",",m","17",",m","13",",m","2",",m","0",",m","0",",m","0",",m","30",",m","30",",m","20.0",",m,25,","41.1",",,m,24,","37.8",",m,13,+","0.0","m","0.0",",m","180.7",",,,m","28.97",",m","35.48",",,,m","22.46",",,,m"
"MXN00014107","1958-10","21.1833","-104.0667","419.7","PASO DE LA YESCA, MX","2882.8","m","287.0",",m","10",",m","9",",m","1",",m","0",",m","0",",m","0",",m","31",",m","27",",m","18.3",",m,10,","29.0",",,m,15,","37.2",",m,13,","0.0","m","0.0",",m","74.5",",,,m","27.59",",m","34.01",",,,m","21.17",",,,m"
"MXN00014107","1958-11","21.1833","-104.0667","419.7","PASO DE LA YESCA, MX","3074.3","m","191.5","1,m","7",",m","4",",m","0",",m","0",",m","0",",m","0","1,m","29","1,m","16","1,m","15.0",",m,10,+","17.8",",,m,02,","35.6","1,m,19,","0.0","m","0.0","1,m","40.2",",,,m","24.96","1,m","32.06","1,,,m","17.86",",,,m"
"MXN00014107","1958-12","21.1833","-104.0667","419.7","PASO DE LA YESCA, MX","3227.2","m","152.9",",m","4",",m","2",",m","0",",m","0",",m","0",",m","0",",m","31",",m","14",",m","12.2",",m,18,","8.4",",,m,13,","34.4",",m,11,","0.0","m","0.0",",m","14.1",",,,m","23.26",",m","30.30",",,,m","16.23",",,,m"
"MXN00014107","1959-01","21.1833","-104.0667","419.7","PASO DE LA YESCA, MX","123.5","m","123.5",",m","1",",m","1",",m","0",",m","0",",m","0",",m","0",",m","31",",m","15",",m","8.3",",m,03,+","17.0",",,m,05,","35.0",",m,16,","0.8","m","0.8",",m","17.0",",,,m","22.29",",m","31.52",",,,m","13.06",",,,m"
"MXN00014107","1959-02","21.1833","-104.0667","419.7","PASO DE LA YESCA, MX","336.0","m","212.5",",m","0",",m","0",",m","0",",m","0",",m","0",",m","0",",m","28",",m","25",",m","13.3",",m,06,+","0.0",",,m,28,+","39.4",",m,17,","0.8","m","0.0",",m","0.0",",,,m","25.92",",m","35.17",",,,m","16.68",",,,m"
"MXN00014107","1959-03","21.1833","-104.0667","419.7","PASO DE LA YESCA, MX","599.5","m","263.5",",m","0",",m","0",",m","0",",m","0",",m","0",",m","0",",m","31",",m","31",",m","14.4",",m,08,","0.0",",,m,31,+","40.0",",m,12,+","0.8","m","0.0",",m","0.0",",,,m","26.83",",m","36.84",",,,m","16.83",",,,m"
"MXN00014107","1959-04","21.1833","-104.0667","419.7","PASO DE LA YESCA, MX","922.9","m","323.4",",m","5",",m","5",",m","2",",m","0",",m","0",",m","0",",m","30",",m","29",",m","16.7",",m,15,+","41.7",",,m,17,","41.7",",m,04,","0.8","m","0.0",",m","114.7",",,,m","29.11",",m","38.10",",,,m","20.12",",,,m"
"MXN00014107","1959-05","21.1833","-104.0667","419.7","PASO DE LA YESCA, MX","1307.0","m","384.1",",m","2",",m","1",",m","0",",m","0",",m","0",",m","0",",m","31",",m","31",",m","17.2",",m,11,","6.1",",,m,14,","43.3",",m,24,","0.8","m","0.0",",m","6.9",",,,m","30.72",",m","39.60",",,,m","21.85",",,,m"
"MXN00014107","1959-06","21.1833","-104.0667","419.7","PASO DE LA YESCA, MX","1665.1","m","358.1","1,m","13",",m","10",",m","3",",m","0","1,m","0","1,m","0","1,m","29","1,m","27","1,m","21.7","1,m,25,+","48.8",",,m,12,","42.2","1,m,03,","0.8","m","0.0","1,m","174.2",",,,m","30.68","1,m","37.38","1,,,m","23.99","1,,,m"
"MXN00014107","1959-07","21.1833","-104.0667","419.7","PASO DE LA YESCA, MX","1979.8","m","314.7",",m","17",",m","14",",m","0",",m","0",",m","0",",m","0",",m","31",",m","27",",m","20.6",",m,29,+","24.1",",,m,14,","37.8",",m,11,+","0.0","m","0.0",",m","185.8",",,,m","28.49",",m","34.70",",,,m","22.27",",,,m"
"MXN00014107","1959-08","21.1833","-104.0667","419.7","PASO DE LA YESCA, MX","2295.3","m","315.5",",m","20",",m","15",",m","2",",m","0",",m","0",",m","0",",m","31",",m","31",",m","20.0",",m,09,","30.7",",,m,24,","36.7",",m,16,+","0.0","m","0.0",",m","207.2",",,,m","28.51",",m","34.89",",,,m","22.13",",,,m"
"MXN00014107","1959-09","21.1833","-104.0667","419.7","PASO DE LA YESCA, MX","2631.8","m","336.5",",m","6",",m","5",",m","0",",m","0",",m","0",",m","0",",m","30",",m","28",",m","20.6",",m,15,","17.3",",,m,03,","40.0",",m,24,","0.0","m","0.0",",m","36.4",",,,m","29.55",",m","36.55",",,,m","22.55",",,,m"
"MXN00014107","1959-10","21.1833","-104.0667","419.7","PASO DE LA YESCA, MX","2916.5","m","284.7","2,m","12",",m","7",",m","3",",m","0","2,m","0","2,m","0","2,m","29","2,m","26","2,m","16.7","2,m,29,","40.4",",,m,18,","40.0","2,m,11,","0.0","m","0.0","2,m","139.8",",,,m","28.15","2,m","35.24","2,,,m","21.06","2,,,m"
"MXN00014107","1959-11","21.1833","-104.0667","419.7","PASO DE LA YESCA, MX","3129.0","m","212.5",",m","1",",m","0",",m","0",",m","0",",m","0",",m","0",",m","30",",m","27",",m","11.7",",m,25,","0.3",",,m,03,","36.1",",m,19,+","0.0","m","0.0",",m","0.3",",,,m","25.42",",m","34.03",",,,m","16.80",",,,m"
"MXN00014107","1959-12","21.1833","-104.0667","419.7","PASO DE LA YESCA, MX","3274.6","m","145.6",",m","0",",m","0",",m","0",",m","0",",m","0",",m","0",",m","31",",m","17",",m","8.9",",m,18,","0.0",",,m,31,+","35.0",",m,13,+","0.0","m","0.0",",m","0.0",",,,m","23.03",",m","32.23",",,,m","13.84",",,,m"
"MXN00014107","1960-01","21.1833","-104.0667","419.7","PASO DE LA YESCA, MX","185.1","m","185.1",",m","1",",m","0",",m","0",",m","0",",m","0",",m","0",",m","31",",m","26",",m","10.0",",m,20,+","0.3",",,m,13,","37.8",",m,28,+","0.8","m","0.8",",m","0.3",",,,m","24.28",",m","33.82",",,,m","14.73",",,,m"
"MXN00014107","1960-02","21.1833","-104.0667","419.7","PASO DE LA YESCA, MX","301.3","m","116.2",",m","0",",m","0",",m","0",",m","0",",m","0",",m","0",",m","29",",m","22",",m","5.0",",m,14,","0.0",",,m,29,+","38.3",",m,29,","0.8","m","0.0",",m","0.0",",,,m","22.34",",m","33.54",",,,m","11.14",",,,m"
"MXN00014107","1960-03","21.1833","-104.0667","419.7","PASO DE LA YESCA, MX","576.4","m","275.1",",m","0",",m","0",",m","0",",m","0",",m","0",",m","0",",m","31",",m","31",",m","12.8",",m,04,+","0.0",",,m,31,+","41.1",",m,07,","0.8","m","0.0",",m","0.0",",,,m","27.21",",m","38.39",",,,m","16.03",",,,m"
"MXN00014107","1960-04","21.1833","-104.0667","419.7","PASO DE LA YESCA, MX","897.9","m","321.5",",m","0",",m","0",",m","0",",m","0",",m","0",",m","0",",m","30",",m","30",",m","13.3",",m,05,","0.0",",,m,30,+","41.7",",m,10,","0.8","m","0.0",",m","0.0",",,,m","29.05",",m","39.63",",,,m","18.47",",,,m"
"MXN00014107","1960-05","21.1833","-104.0667","419.7","PASO DE LA YESCA, MX","1310.6","m","412.7",",m","0",",m","0",",m","0",",m","0",",m","0",",m","0",",m","31",",m","31",",m","18.9",",m,03,","0.0",",,m,31,+","43.9",",m,27,","0.8","m","0.0",",m","0.0",",,,m","31.65",",m","41.48",",,,m","21.82",",,,m"
"MXN00014107","1960-06","21.1833","-104.0667","419.7","PASO DE LA YESCA, MX","1758.9","m","448.3",",m","6",",m","6",",m","0",",m","0",",m","0",",m","0",",m","30",",m","30",",m","21.1",",m,28,+","23.9",",,m,25,","45.0",",m,21,+","0.8","m","0.0",",m","82.8",",,,m","33.28",",m","41.27",",,,m","25.28",",,,m"
"MXN00014107","1960-07","21.1833","-104.0667","419.7","PASO DE LA YESCA, MX","2077.9","m","319.0",",m","21",",m","18",",m","5",",m","0",",m","0",",m","0",",m","31",",m","31",",m","20.0",",m,02,","51.1",",,m,11,","38.3",",m,31,","0.0","m","0.0",",m","355.2",",,,m","28.62",",m","35.02",",,,m","22.23",",,,m"
"MXN00014107","1960-08","21.1833","-104.0667","419.7","PASO DE LA YESCA, MX","2377.7","m","299.8",",m","22",",m","17",",m","3",",m","0",",m","0",",m","0",",m","31",",m","26",",m","20.0",",m,26,","67.1",",,m,10,","36.7",",m,05,","0.0","m","0.0",",m","280.9",",,,m","28.00",",m","33.96",",,,m","22.05",",,,m"
"MXN00014107","1960-09","21.1833","-104.0667","419.7","PASO DE LA YESCA, MX","2674.4","m","296.7",",m","10",",m","8",",m","0",",m","0",",m","0",",m","0",",m","30",",m","28",",m","18.9",",m,29,+","15.2",",,m,10,","37.8",",m,30,+","0.0","m","0.0",",m","69.8",",,,m","28.22",",m","35.23",",,,m","21.21",",,,m"
"MXN00014107","1960-10","21.1833","-104.0667","419.7","PASO DE LA YESCA, MX","2998.0","m","323.6",",m","5",",m","3",",m","0",",m","0",",m","0",",m","0",",m","31",",m","30",",m","18.3",",m,31,","10.7",",,m,20,","38.9",",m,04,+","0.0","m","0.0",",m","23.5",",,,m","28.77",",m","36.10",",,,m","21.45",",,,m"
"MXN00014107","1960-11","21.1833","-104.0667","419.7","PASO DE LA YESCA, MX","3266.1","m","268.1",",m","0",",m","0",",m","0",",m","0",",m","0",",m","0",",m","30",",m","30",",m","14.4",",m,28,","0.0",",,m,30,+","38.3",",m,17,+","0.0","m","0.0",",m","0.0",",,,m","27.27",",m","36.45",",,,m","18.09",",,,m"
"MXN00014107","1960-12","21.1833","-104.0667","419.7","PASO DE LA YESCA, MX","3422.5","m","156.4",",m","7",",m","3",",m","0",",m","0",",m","0",",m","0",",m","31",",m","18",",m","11.1",",m,28,+","6.1",",,m,09,","37.2",",m,01,","0.0","m","0.0",",m","18.4",",,,m","23.38",",m","31.52",",,,m","15.24",",,,m"
"MXN00014107","1961-01","21.1833","-104.0667","419.7","PASO DE LA YESCA, MX","146.9","m","146.9",",m","4",",m","2",",m","1",",m","0",",m","0",",m","0",",m","29",",m","21",",m","10.6",",m,29,+","39.9",",,m,22,","35.0",",m,31,+","0.0","m","0.0",",m","45.6",",,,m","23.07",",m","31.70",",,,m","14.44",",,,m"
"MXN00014107","1961-02","21.1833","-104.0667","419.7","PASO DE LA YESCA, MX","293.9","m","147.0",",m","0",",m","0",",m","0",",m","0",",m","0",",m","0",",m","28",",m","21",",m","10.0",",m,13,+","0.0",",,m,28,+","36.7",",m,28,+","0.0","m","0.0",",m","0.0",",,,m","23.58",",m","34.17",",,,m","13.00",",,,m"
"MXN00014107","1961-03","21.1833","-104.0667","419.7","PASO DE LA YESCA, MX","554.4","m","260.5",",m","0",",m","0",",m","0",",m","0",",m","0",",m","0",",m","31",",m","30",",m","13.3",",m,23,","0.0",",,m,31,+","41.1",",m,08,","0.0","m","0.0",",m","0.0",",,,m","26.74",",m","36.49",",,,m","16.98",",,,m"
"MXN00014107","1961-04","21.1833","-104.0667","419.7","PASO DE LA YESCA, MX","889.2","m","334.8",",m","0",",m","0",",m","0",",m","0",",m","0",",m","0",",m","30",",m","30",",m","14.4",",m,06,","0.0",",,m,30,+","45.0",",m,22,","0.0","m","0.0",",m","0.0",",,,m","29.49",",m","39.50",",,,m","19.48",",,,m"
"MXN00014107","1961-05","21.1833","-104.0667","419.7","PASO DE LA YESCA, MX","1340.1","m","450.9",",m","2",",m","1",",m","0",",m","0",",m","0",",m","0",",m","31",",m","31",",m","20.0",",m,05,+","13.7",",,m,16,","45.0",",m,29,","0.0","m","0.0",",m","14.0",",,,m","32.88",",m","42.28",",,,m","23.47",",,,m"
"MXN00014107","1961-06","21.1833","-104.0667","419.7","PASO DE LA YESCA, MX","1715.3","m","375.2",",m","17",",m","13",",m","2",",m","0",",m","0",",m","0",",m","30",",m","30",",m","21.1",",m,30,+","36.3",",,m,27,","43.9",",m,04,","0.0","m","0.0",",m","157.3",",,,m","30.84",",m","37.72",",,,m","23.96",",,,m"
"MXN00014107","1961-07","21.1833","-104.0667","419.7","PASO DE LA YESCA, MX","2010.0","m","294.7",",m","18",",m","14",",m","3",",m","0",",m","0",",m","0",",m","31",",m","26",",m","20.0",",m,26,","56.4",",,m,28,","36.1",",m,19,","0.0","m","0.0",",m","239.1",",,,m","27.84",",m","33.81",",,,m","21.87",",,,m"
"MXN00014107","1961-08","21.1833","-104.0667","419.7","PASO DE LA YESCA, MX","2315.6","m","305.6",",m","19",",m","12",",m","4",",m","0",",m","0",",m","0",",m","31",",m","30",",m","20.0",",m,18,+","49.0",",,m,10,","37.2",",m,30,","0.0","m","0.0",",m","238.6",",,,m","28.19",",m","34.48",",,,m","21.90",",,,m"
"MXN00014107","1961-09","21.1833","-104.0667","419.7","PASO DE LA YESCA, MX","2629.0","m","313.4",",m","14",",m","10",",m","0",",m","0",",m","0",",m","0",",m","30",",m","30",",m","19.4",",m,24,","20.8",",,m,02,","37.8",",m,30,","0.0","m","0.0",",m","113.6",",,,m","28.78",",m","35.42",",,,m","22.13",",,,m"
"MXN00014107","1961-10","21.1833","-104.0667","419.7","PASO DE LA YESCA, MX","2942.7","m","313.7",",m","5",",m","3",",m","0",",m","0",",m","0",",m","0",",m","31",",m","31",",m","15.6",",m,17,","11.4",",,m,02,","38.3",",m,24,+","0.0","m","0.0",",m","28.1",",,,m","28.45",",m","36.19",",,,m","20.72",",,,m"
"MXN00014107","1961-11","21.1833","-104.0667","419.7","PASO DE LA YESCA, MX","3174.5","m","231.8",",m","0",",m","0",",m","0",",m","0",",m","0",",m","0",",m","30",",m","30",",m","8.9",",m,29,+","0.0",",,m,30,+","37.2",",m,16,+","0.0","m","0.0",",m","0.0",",,,m","26.06",",m","35.42",",,,m","16.69",",,,m"
"MXN00014107","1961-12","21.1833","-104.0667","419.7","PASO DE LA YESCA, MX","3325.0","m","150.5",",m","1",",m","0",",m","0",",m","0",",m","0",",m","0",",m","31",",m","26",",m","10.0",",m,31,+","0.8",",,m,15,","38.3",",m,08,","0.0","m","0.0",",m","0.8",",,,m","23.19",",m","33.36",",,,m","13.02",",,,m"
"MXN00014107","1962-01","21.1833","-104.0667","419.7","PASO DE LA YESCA, MX","128.8","m","128.8",",m","2",",m","2",",m","0",",m","0",",m","0",",m","0",",m","31",",m","27",",m","6.7",",m,07,","22.4",",,m,31,","36.7",",m,24,+","0.0","m","0.0",",m","25.4",",,,m","22.49",",m","33.29",",,,m","11.68",",,,m"
"MXN00014107","1962-02","21.1833","-104.0667","419.7","PASO DE LA YESCA, MX","329.8","m","201.0",",m","1",",m","1",",m","0",",m","0",",m","0",",m","0",",m","28",",m","26",",m","14.4",",m,19,+","14.7",",,m,01,","37.8",",m,26,+","0.0","m","0.0",",m","14.7",",,,m","25.51",",m","35.68",",,,m","15.34",",,,m"
"MXN00014107","1962-03","21.1833","-104.0667","419.7","PASO DE LA YESCA, MX","591.5","m","261.7",",m","0",",m","0",",m","0",",m","0",",m","0",",m","0",",m","31",",m","31",",m","12.8",",m,16,","0.0",",,m,31,+","40.0",",m,31,+","0.0","m","0.0",",m","0.0",",,,m","26.77",",m","37.47",",,,m","16.08",",,,m"
"MXN00014107","1962-04","21.1833","-104.0667","419.7","PASO DE LA YESCA, MX","912.6","m","321.1",",m","1",",m","1",",m","0",",m","0",",m","0",",m","0",",m","30",",m","30",",m","15.6",",m,10,+","13.0",",,m,13,","41.7",",m,12,","0.0","m","0.0",",m","13.0",",,,m","29.04",",m","39.34",",,,m","18.73",",,,m"
"MXN00014107","1962-05","21.1833","-104.0667","419.7","PASO DE LA YESCA, MX","1329.8","m","417.2",",m","0",",m","0",",m","0",",m","0",",m","0",",m","0",",m","31",",m","31",",m","18.9",",m,01,","0.0",",,m,31,+","42.2",",m,29,+","0.0","m","0.0",",m","0.0",",,,m","31.79",",m","40.89",",,,m","22.70",",,,m"
"MXN00014107","1962-06","21.1833","-104.0667","419.7","PASO DE LA YESCA, MX","1721.9","m","392.1",",m","14",",m","14",",m","6",",m","0",",m","0",",m","0",",m","30",",m","30",",m","21.1",",m,03,","54.1",",,m,27,","42.8",",m,12,","0.0","m","0.0",",m","317.4",",,,m","31.40",",m","39.17",",,,m","23.63",",,,m"
"MXN00014107","1962-07","21.1833","-104.0667","419.7","PASO DE LA YESCA, MX","2025.8","m","303.9",",m","17",",m","13",",m","1",",m","0",",m","0",",m","0",",m","31",",m","25",",m","20.0",",m,27,","29.2",",,m,21,","37.2",",m,29,","0.0","m","0.0",",m","162.9",",,,m","28.14",",m","34.38",",,,m","21.90",",,,m"
"MXN00014107","1962-08","21.1833","-104.0667","419.7","PASO DE LA YESCA, MX","2341.8","m","316.0",",m","18",",m","14",",m","1",",m","0",",m","0",",m","0",",m","31",",m","31",",m","18.3",",m,27,","35.3",",,m,20,","37.2",",m,26,+","0.0","m","0.0",",m","173.9",",,,m","28.53",",m","35.42",",,,m","21.64",",,,m"
"MXN00014107","1962-09","21.1833","-104.0667","419.7","PASO DE LA YESCA, MX","2634.6","m","292.8",",m","13",",m","12",",m","2",",m","0",",m","0",",m","0",",m","30",",m","26",",m","21.1",",m,19,+","38.9",",,m,06,","35.6",",m,24,+","0.0","m","0.0",",m","142.8",",,,m","28.09",",m","33.87",",,,m","22.31",",,,m"
"MXN00014107","1962-10","21.1833","-104.0667","419.7","PASO DE LA YESCA, MX","2934.9","m","300.3",",m","10",",m","6",",m","0",",m","0",",m","0",",m","0",",m","31",",m","29",",m","16.7",",m,27,+","16.5",",,m,06,","37.2",",m,30,+","0.0","m","0.0",",m","60.7",",,,m","28.02",",m","34.65",",,,m","21.38",",,,m"
"MXN00014107","1962-11","21.1833","-104.0667","419.7","PASO DE LA YESCA, MX","3116.6","m","181.7",",m","2",",m","1",",m","0",",m","0",",m","0",",m","0",",m","30",",m","28",",m","8.9",",m,15,","8.4",",,m,04,","37.2",",m,25,","0.0","m","0.0",",m","10.2",",,,m","24.39",",m","34.10",",,,m","14.67",",,,m"
"MXN00014107","1962-12","21.1833","-104.0667","419.7","PASO DE LA YESCA, MX","3284.5","m","167.9",",m","2",",m","0",",m","0",",m","0",",m","0",",m","0",",m","31",",m","19",",m","11.1",",m,23,+","2.3",",,m,28,","35.0",",m,18,","0.0","m","0.0",",m","3.3",",,,m","23.75",",m","32.00",",,,m","15.49",",,,m"
"MXN00014107","1963-01","21.1833","-104.0667","419.7","PASO DE LA YESCA, MX","182.1","","182.1",",m","0",",m","0",",m","0",",m","0",",m","0",",m","0",",m","31",",m","30",",m","10.6",",m,21,","0.0",",,m,31,+","38.3",",m,31,","0.0","","0.0",",m","0.0",",,,m","24.21",",m","34.22",",,,m","14.19",",,,m"
"MXN00014107","1963-02","21.1833","-104.0667","419.7","PASO DE LA YESCA, MX","357.3","","175.2",",m","0",",m","0",",m","0",",m","0",",m","0",",m","0",",m","28",",m","24",",m","10.6",",m,17,+","0.0",",,m,28,+","38.3",",m,01,","0.0","","0.0",",m","0.0",",,,m","24.59",",m","34.95",",,,m","14.23",",,,m"
"MXN00014107","1963-03","21.1833","-104.0667","419.7","PASO DE LA YESCA, MX","659.3","","302.0",",m","0",",m","0",",m","0",",m","0",",m","0",",m","0",",m","31",",m","30",",m","12.2",",m,07,","0.0",",,m,31,+","44.4",",m,26,","0.0","","0.0",",m","0.0",",,,m","28.07",",m","38.68",",,,m","17.47",",,,m"
"MXN00014107","1963-04","21.1833","-104.0667","419.7","PASO DE LA YESCA, MX","1029.5","","370.2",",m","2",",m","2",",m","0",",m","0",",m","0",",m","0",",m","30",",m","30",",m","17.8",",m,10,+","7.6",",,m,14,","43.3",",m,25,","0.0","","0.0",",m","11.4",",,,m","30.67",",m","40.63",",,,m","20.72",",,,m"
"MXN00014107","1963-05","21.1833","-104.0667","419.7","PASO DE LA YESCA, MX","1458.4","","428.9",",m","4",",m","1",",m","0",",m","0",",m","0",",m","0",",m","31",",m","31",",m","20.0",",m,11,+","24.9",",,m,27,","43.9",",m,20,","0.0","","0.0",",m","26.7",",,,m","32.17",",m","41.07",",,,m","23.27",",,,m"
"MXN00014107","1963-06","21.1833","-104.0667","419.7","PASO DE LA YESCA, MX","1843.8","","385.4",",m","11",",m","10",",m","1",",m","0",",m","0",",m","0",",m","30",",m","30",",m","20.6",",m,21,","28.4",",,m,27,","42.8",",m,05,","0.0","","0.0",",m","132.6",",,,m","31.18",",m","38.20",",,,m","24.16",",,,m"
"MXN00014107","1963-07","21.1833","-104.0667","419.7","PASO DE LA YESCA, MX","2145.4","","301.6",",m","20",",m","16",",m","2",",m","0",",m","0",",m","0",",m","31",",m","25",",m","20.6",",m,20,+","38.9",",,m,03,","37.8",",m,29,","0.0","","0.0",",m","214.7",",,,m","28.06",",m","33.85",",,,m","22.28",",,,m"
"MXN00014107","1963-08","21.1833","-104.0667","419.7","PASO DE LA YESCA, MX","2446.5","","301.1",",m","17",",m","13",",m","1",",m","0",",m","0",",m","0",",m","31",",m","29",",m","20.0",",m,25,+","28.7",",,m,11,","36.1",",m,30,+","0.0","","0.0",",m","176.7",",,,m","28.05",",m","34.45",",,,m","21.64",",,,m"
"MXN00014107","1963-09","21.1833","-104.0667","419.7","PASO DE LA YESCA, MX","2752.2","","305.7",",m","14",",m","9",",m","2",",m","0",",m","0",",m","0",",m","30",",m","27",",m","20.0",",m,27,+","38.9",",,m,21,","38.9",",m,10,","0.0","","0.0",",m","154.7",",,,m","28.52",",m","34.98",",,,m","22.06",",,,m"
"MXN00014107","1964-01","21.1833","-104.0667","419.7","PASO DE LA YESCA, MX","97.6","m","97.6",",m","4",",m","1",",m","0",",m","0",",m","0",",m","0",",m","31",",m","8",",m","10.0",",m,03,+","3.3",",,m,06,","35.6",",m,24,+","","","0.5",",m","5.6",",,,m","21.47",",m","29.18",",,,m","13.75",",,,m"
"MXN00014107","1964-02","21.1833","-104.0667","419.7","PASO DE LA YESCA, MX","257.9","m","160.3",",m","2",",m","0",",m","0",",m","0",",m","0",",m","0",",m","29",",m","26",",m","10.0",",m,25,","0.3",",,m,02,+","38.3",",m,28,","","","0.0",",m","0.6",",,,m","23.86",",m","34.49",",,,m","13.23",",,,m"
"MXN00014107","1964-03","21.1833","-104.0667","419.7","PASO DE LA YESCA, MX","527.4","m","269.5",",m","0",",m","0",",m","0",",m","0",",m","0",",m","0",",m","31",",m","30",",m","13.9",",m,05,","0.0",",,m,31,+","41.7",",m,31,","","","0.0",",m","0.0",",,,m","27.03",",m","37.43",",,,m","16.63",",,,m"
"MXN00014107","1964-04","21.1833","-104.0667","419.7","PASO DE LA YESCA, MX","880.5","m","353.1",",m","0",",m","0",",m","0",",m","0",",m","0",",m","0",",m","30",",m","30",",m","17.2",",m,13,+","0.0",",,m,30,+","43.3",",m,28,","","","0.0",",m","0.0",",,,m","30.10",",m","40.56",",,,m","19.65",",,,m"
"MXN00014107","1964-05","21.1833","-104.0667","419.7","PASO DE LA YESCA, MX","1294.9","m","414.4",",m","0",",m","0",",m","0",",m","0",",m","0",",m","0",",m","31",",m","31",",m","18.9",",m,31,+","0.0",",,m,31,+","44.4",",m,06,","","","0.0",",m","0.0",",,,m","31.70",",m","41.46",",,,m","21.94",",,,m"
"MXN00014107","1964-06","21.1833","-104.0667","419.7","PASO DE LA YESCA, MX","1677.6","m","382.7",",m","14",",m","9",",m","0",",m","0",",m","0",",m","0",",m","30",",m","29",",m","20.6",",m,20,","22.4",",,m,30,","43.3",",m,07,+","","","0.0",",m","115.9",",,,m","31.09",",m","38.94",",,,m","23.24",",,,m"
"MXN00014107","1964-07","21.1833","-104.0667","419.7","PASO DE LA YESCA, MX","1980.5","m","302.9",",m","15",",m","14",",m","3",",m","0",",m","0",",m","0",",m","31",",m","28",",m","20.0",",m,16,+","40.1",",,m,01,","37.8",",m,27,+","0.0","m","0.0",",m","217.6",",,,m","28.10",",m","34.50",",,,m","21.71",",,,m"
"MXN00014107","1964-08","21.1833","-104.0667","419.7","PASO DE LA YESCA, MX","2280.0","m","299.5",",m","16",",m","14",",m","1",",m","0",",m","0",",m","0",",m","31",",m","30",",m","20.0",",m,31,+","27.4",",,m,30,","37.2",",m,28,","0.0","m","0.0",",m","157.8",",,,m","28.00",",m","34.78",",,,m","21.21",",,,m"
"MXN00014107","1964-09","21.1833","-104.0667","419.7","PASO DE LA YESCA, MX","2563.8","m","283.8",",m","22",",m","16",",m","2",",m","0",",m","0",",m","0",",m","30",",m","28",",m","20.0",",m,25,+","42.9",",,m,22,","35.6",",m,30,+","0.0","m","0.0",",m","200.2",",,,m","27.79",",m","34.17",",,,m","21.42",",,,m"
"MXN00014107","1964-10","21.1833","-104.0667","419.7","PASO DE LA YESCA, MX","2795.4","m","231.6",",m","4",",m","4",",m","0",",m","0",",m","0",",m","0",",m","31",",m","25",",m","14.4",",m,31,","10.4",",,m,19,","36.1",",m,28,","0.0","m","0.0",",m","29.4",",,,m","25.80",",m","33.46",",,,m","18.15",",,,m"
"MXN00014107","1964-11","21.1833","-104.0667","419.7","PASO DE LA YESCA, MX","3013.3","m","217.9",",m","2",",m","0",",m","0",",m","0",",m","0",",m","0",",m","30",",m","29",",m","12.8",",m,26,","2.0",",,m,14,","36.1",",m,24,+","0.0","m","0.0",",m","3.8",",,,m","25.60",",m","34.67",",,,m","16.52",",,,m"
"MXN00014107","1964-12","21.1833","-104.0667","419.7","PASO DE LA YESCA, MX","3150.2","m","136.9",",m","4",",m","3",",m","0",",m","0",",m","0",",m","0",",m","31",",m","19",",m","10.0",",m,12,+","14.5",",,m,01,","35.0",",m,21,","0.0","m","0.0",",m","28.5",",,,m","22.75",",m","32.26",",,,m","13.23",",,,m"
"MXN00014107","1965-01","21.1833","-104.0667","419.7","PASO DE LA YESCA, MX","150.8","m","150.8",",m","1",",m","1",",m","0",",m","0",",m","0",",m","0",",m","31",",m","27",",m","9.4",",m,23,","4.6",",,m,21,","36.7",",m,15,","0.0","m","0.0",",m","4.6",",,,m","23.20",",m","32.97",",,,m","13.42",",,,m"
"MXN00014107","1965-02","21.1833","-104.0667","419.7","PASO DE LA YESCA, MX","283.2","m","132.4",",m","3",",m","2",",m","0",",m","0",",m","0",",m","0",",m","28",",m","20",",m","11.1",",m,01,","11.9",",,m,15,","37.8",",m,26,","0.0","m","0.0",",m","15.4",",,,m","23.06",",m","32.30",",,,m","13.83",",,,m"
"MXN00014107","1965-03","21.1833","-104.0667","419.7","PASO DE LA YESCA, MX","541.7","m","258.5",",m","0",",m","0",",m","0",",m","0",",m","0",",m","0",",m","31",",m","31",",m","12.2",",m,01,","0.0",",,m,31,+","40.0",",m,31,+","0.0","m","0.0",",m","0.0",",,,m","26.67",",m","37.24",",,,m","16.10",",,,m"
"MXN00014107","1965-04","21.1833","-104.0667","419.7","PASO DE LA YESCA, MX","889.5","m","347.8",",m","0",",m","0",",m","0",",m","0",",m","0",",m","0",",m","30",",m","30",",m","15.0",",m,29,","0.0",",,m,30,+","43.3",",m,21,+","0.0","m","0.0",",m","0.0",",,,m","29.93",",m","39.81",",,,m","20.04",",,,m"
"MXN00014107","1965-05","21.1833","-104.0667","419.7","PASO DE LA YESCA, MX","1306.7","m","417.2",",m","0",",m","0",",m","0",",m","0",",m","0",",m","0",",m","31",",m","31",",m","20.0",",m,02,","0.0",",,m,31,+","43.9",",m,11,","0.0","m","0.0",",m","0.0",",,,m","31.79",",m","41.16",",,,m","22.42",",,,m"
"MXN00014107","1965-06","21.1833","-104.0667","419.7","PASO DE LA YESCA, MX","1721.8","m","415.1",",m","7",",m","4",",m","0",",m","0",",m","0",",m","0",",m","30",",m","30",",m","21.7",",m,22,+","12.4",",,m,21,","43.3",",m,06,+","0.0","m","0.0",",m","37.1",",,,m","32.17",",m","40.51",",,,m","23.83",",,,m"
"MXN00014107","1965-07","21.1833","-104.0667","419.7","PASO DE LA YESCA, MX","2033.8","m","312.0",",m","23",",m","21",",m","1",",m","0",",m","0",",m","0",",m","31",",m","30",",m","18.3",",m,11,","33.3",",,m,05,","39.4",",m,25,","0.0","m","0.0",",m","231.3",",,,m","28.40",",m","35.65",",,,m","21.14",",,,m"
"MXN00014107","1965-08","21.1833","-104.0667","419.7","PASO DE LA YESCA, MX","2305.8","m","272.0",",m","19",",m","18",",m","1",",m","0",",m","0",",m","0",",m","31",",m","22",",m","20.0",",m,27,+","52.8",",,m,13,","35.6",",m,27,+","0.0","m","0.0",",m","248.1",",,,m","27.11",",m","33.02",",,,m","21.19",",,,m"
"MXN00014107","1965-09","21.1833","-104.0667","419.7","PASO DE LA YESCA, MX","2592.8","m","287.0",",m","9",",m","6",",m","2",",m","0",",m","0",",m","0",",m","30",",m","28",",m","20.0",",m,11,+","38.6",",,m,23,","36.1",",m,22,+","0.0","m","0.0",",m","113.7",",,,m","27.90",",m","34.03",",,,m","21.77",",,,m"
"MXN00014107","1965-10","21.1833","-104.0667","419.7","PASO DE LA YESCA, MX","2847.3","m","254.5",",m","1",",m","1",",m","0",",m","0",",m","0",",m","0",",m","31",",m","28",",m","13.3",",m,26,+","22.1",",,m,01,","36.7",",m,20,+","0.0","m","0.0",",m","22.1",",,,m","26.54",",m","34.51",",,,m","18.58",",,,m"
"MXN00014107","1965-11","21.1833","-104.0667","419.7","PASO DE LA YESCA, MX","3110.6","m","263.3",",m","0",",m","0",",m","0",",m","0",",m","0",",m","0",",m","30",",m","30",",m","13.9",",m,29,","0.0",",,m,30,+","38.3",",m,16,","0.0","m","0.0",",m","0.0",",,,m","27.11",",m","36.67",",,,m","17.55",",,,m"
"MXN00014107","1965-12","21.1833","-104.0667","419.7","PASO DE LA YESCA, MX","3274.3","m","163.7",",m","6",",m","3",",m","0",",m","0",",m","0",",m","0",",m","31",",m","17",",m","10.6",",m,21,","6.9",",,m,15,","36.7",",m,30,","0.0","m","0.0",",m","16.4",",,,m","23.61",",m","31.35",",,,m","15.88",",,,m"
"MXN00014107","1966-01","21.1833","-104.0667","419.7","PASO DE LA YESCA, MX","118.3","m","118.3",",m","2",",m","2",",m","0",",m","0",",m","0",",m","0",",m","31",",m","10",",m","10.0",",m,31,","7.6",",,m,17,","35.0",",m,01,","0.0","m","0.0",",m","12.7",",,,m","22.15",",m","30.49",",,,m","13.80",",,,m"
"MXN00014107","1966-02","21.1833","-104.0667","419.7","PASO DE LA YESCA, MX","273.3","m","155.0",",m","4",",m","1",",m","0",",m","0",",m","0",",m","0",",m","28",",m","24",",m","10.6",",m,04,","7.6",",,m,09,","35.0",",m,24,+","0.0","m","0.0",",m","11.7",",,,m","23.87",",m","32.97",",,,m","14.77",",,,m"
"MXN00014107","1966-03","21.1833","-104.0667","419.7","PASO DE LA YESCA, MX","535.8","m","262.5",",m","1",",m","1",",m","0",",m","0",",m","0",",m","0",",m","31",",m","29",",m","12.8",",m,02,+","6.9",",,m,31,","40.0",",m,20,","0.0","m","0.0",",m","6.9",",,,m","26.80",",m","36.43",",,,m","17.17",",,,m"
"MXN00014107","1966-04","21.1833","-104.0667","419.7","PASO DE LA YESCA, MX","820.5","m","284.7","1,m","3",",m","3",",m","0",",m","0",",m","0",",m","0","1,m","29","1,m","26","1,m","16.7",",m,05,+","20.3",",,m,02,","41.7","1,m,29,+","0.0","m","0.0","1,m","38.6",",,,m","28.13","1,m","37.44","1,,,m","18.83",",,,m"
"MXN00014107","1966-05","21.1833","-104.0667","419.7","PASO DE LA YESCA, MX","1247.0","m","426.5",",m","3",",m","1",",m","1",",m","0",",m","0",",m","0",",m","31",",m","31",",m","20.0",",m,04,+","56.9",",,m,24,","42.8",",m,19,+","0.0","m","0.0",",m","58.7",",,,m","32.09",",m","40.81",",,,m","23.37",",,,m"
"MXN00014107","1966-06","21.1833","-104.0667","419.7","PASO DE LA YESCA, MX","1623.9","m","376.9",",m","11",",m","10",",m","2",",m","0",",m","0",",m","0",",m","30",",m","29",",m","20.6",",m,16,","48.8",",,m,22,","42.8",",m,07,+","0.0","m","0.0",",m","167.5",",,,m","30.90",",m","37.91",",,,m","23.88",",,,m"
"MXN00014107","1966-07","21.1833","-104.0667","419.7","PASO DE LA YESCA, MX","1945.9","m","322.0",",m","16",",m","10",",m","1",",m","0",",m","0",",m","0",",m","31",",m","31",",m","20.0",",m,26,+","68.1",",,m,03,","37.8",",m,12,+","0.0","m","0.0",",m","162.4",",,,m","28.72",",m","35.64",",,,m","21.80",",,,m"
"MXN00014107","1966-08","21.1833","-104.0667","419.7","PASO DE LA YESCA, MX","2246.1","m","300.2",",m","19",",m","16",",m","3",",m","0",",m","0",",m","0",",m","31",",m","29",",m","20.0",",m,27,+","28.2",",,m,21,","37.2",",m,09,","0.0","m","0.0",",m","211.9",",,,m","28.02",",m","34.43",",,,m","21.61",",,,m"
"MXN00014107","1966-09","21.1833","-104.0667","419.7","PASO DE LA YESCA, MX","2534.3","m","288.2",",m","9",",m","7",",m","3",",m","0",",m","0",",m","0",",m","30",",m","30",",m","19.4",",m,29,","44.2",",,m,10,","36.1",",m,28,+","0.0","m","0.0",",m","144.9",",,,m","27.94",",m","34.54",",,,m","21.34",",,,m"
"MXN00014107","1966-10","21.1833","-104.0667","419.7","PASO DE LA YESCA, MX","2820.7","m","286.4",",m","8",",m","4",",m","0",",m","0",",m","0",",m","0",",m","31",",m","28",",m","13.9",",m,30,","11.4",",,m,18,","37.8",",m,16,","0.0","m","0.0",",m","33.4",",,,m","27.57",",m","35.02",",,,m","20.13",",,,m"
"MXN00014107","1966-11","21.1833","-104.0667","419.7","PASO DE LA YESCA, MX","3021.3","m","200.6",",m","0",",m","0",",m","0",",m","0",",m","0",",m","0",",m","30",",m","30",",m","12.2",",m,30,+","0.0",",,m,30,+","37.2",",m,13,+","0.0","m","0.0",",m","0.0",",,,m","25.02",",m","34.98",",,,m","15.06",",,,m"
"MXN00014107","1966-12","21.1833","-104.0667","419.7","PASO DE LA YESCA, MX","3163.8","m","142.5",",m","0",",m","0",",m","0",",m","0",",m","0",",m","0",",m","31",",m","21",",m","9.4",",m,18,","0.0",",,m,31,+","35.0",",m,30,","0.0","m","0.0",",m","0.0",",,,m","22.93",",m","32.70",",,,m","13.15",",,,m"
"MXN00014107","1967-01","21.1833","-104.0667","419.7","PASO DE LA YESCA, MX","107.3","m","107.3",",m","3",",m","3",",m","0",",m","0",",m","0",",m","0",",m","30",",m","15",",m","6.1",",m,05,","19.6",",,m,12,","35.6",",m,31,+","2.0","m","2.0",",m","33.6",",,,m","21.73",",m","31.71",",,,m","11.75",",,,m"
"MXN00014107","1967-02","21.1833","-104.0667","419.7","PASO DE LA YESCA, MX","268.4","m","161.1",",m","0",",m","0",",m","0",",m","0",",m","0",",m","0",",m","28",",m","26",",m","9.4",",m,09,+","0.0",",,m,28,+","38.3",",m,26,","2.0","m","0.0",",m","0.0",",,,m","24.09",",m","34.89",",,,m","13.29",",,,m"
"MXN00014107","1967-03","21.1833","-104.0667","419.7","PASO DE LA YESCA, MX","563.1","m","294.7",",m","0",",m","0",",m","0",",m","0",",m","0",",m","0",",m","31",",m","29",",m","15.0",",m,09,+","0.0",",,m,31,+","43.3",",m,15,","2.0","m","0.0",",m","0.0",",,,m","27.84",",m","37.97",",,,m","17.71",",,,m"
"MXN00014107","1967-04","21.1833","-104.0667","419.7","PASO DE LA YESCA, MX","922.3","m","359.2",",m","1",",m","0",",m","0",",m","0",",m","0",",m","0",",m","30",",m","30",",m","12.8",",m,03,","0.3",",,m,02,","42.2",",m,26,","2.0","m","0.0",",m","0.3",",,,m","30.31",",m","40.53",",,,m","20.08",",,,m"
"MXN00014107","1967-05","21.1833","-104.0667","419.7","PASO DE LA YESCA, MX","1312.3","m","390.0",",m","5",",m","3",",m","2",",m","0",",m","0",",m","0",",m","31",",m","31",",m","17.8",",m,30,+","41.9",",,m,16,","44.4",",m,07,","2.0","m","0.0",",m","85.5",",,,m","30.91",",m","40.06",",,,m","21.76",",,,m"
"MXN00014107","1967-06","21.1833","-104.0667","419.7","PASO DE LA YESCA, MX","1665.0","m","352.7",",m","11",",m","9",",m","2",",m","0",",m","0",",m","0",",m","30",",m","29",",m","20.0",",m,26,+","29.2",",,m,16,","40.0",",m,12,+","2.0","m","0.0",",m","173.2",",,,m","30.09",",m","37.26",",,,m","22.92",",,,m"
"MXN00014107","1967-07","21.1833","-104.0667","419.7","PASO DE LA YESCA, MX","1958.1","m","293.1",",m","16",",m","12",",m","2",",m","0",",m","0",",m","0",",m","31",",m","28",",m","19.4",",m,08,+","40.9",",,m,07,","37.2",",m,29,","0.0","m","0.0",",m","165.3",",,,m","27.79",",m","34.41",",,,m","21.16",",,,m"
"MXN00014107","1967-08","21.1833","-104.0667","419.7","PASO DE LA YESCA, MX","2262.5","m","304.4",",m","18",",m","13",",m","1",",m","0",",m","0",",m","0",",m","31",",m","26",",m","20.0",",m,12,+","25.9",",,m,27,","37.2",",m,06,","0.0","m","0.0",",m","172.8",",,,m","28.15",",m","34.65",",,,m","21.65",",,,m"
"MXN00014107","1967-09","21.1833","-104.0667","419.7","PASO DE LA YESCA, MX","2539.8","m","277.3",",m","14",",m","13",",m","1",",m","0",",m","0",",m","0",",m","30",",m","26",",m","20.0",",m,26,+","64.8",",,m,22,","35.6",",m,16,","0.0","m","0.0",",m","172.2",",,,m","27.58",",m","33.71",",,,m","21.44",",,,m"
"MXN00014107","1967-10","21.1833","-104.0667","419.7","PASO DE LA YESCA, MX","2777.0","m","237.2",",m","8",",m","6",",m","1",",m","0",",m","0",",m","0",",m","31",",m","26",",m","15.0",",m,26,+","39.9",",,m,10,","35.0",",m,26,+","0.0","m","0.0",",m","103.4",",,,m","25.98",",m","33.22",",,,m","18.75",",,,m"
"MXN00014107","1967-11","21.1833","-104.0667","419.7","PASO DE LA YESCA, MX","2981.7","m","204.7",",m","0",",m","0",",m","0",",m","0",",m","0",",m","0",",m","30",",m","28",",m","12.8",",m,02,","0.0",",,m,30,+","36.7",",m,18,","0.0","m","0.0",",m","0.0",",,,m","25.16",",m","34.44",",,,m","15.87",",,,m"
"MXN00014107","1967-12","21.1833","-104.0667","419.7","PASO DE LA YESCA, MX","3132.2","m","150.5",",m","3",",m","2",",m","0",",m","0",",m","0",",m","0",",m","31",",m","16",",m","10.0",",m,12,","7.6",",,m,22,","35.0",",m,06,+","0.0","m","0.0",",m","14.0",",,,m","23.19",",m","32.02",",,,m","14.35",",,,m"
"MXN00014107","1968-01","21.1833","-104.0667","419.7","PASO DE LA YESCA, MX","153.2","m","153.2",",m","0",",m","0",",m","0",",m","0",",m","0",",m","0",",m","31",",m","28",",m","10.0",",m,22,+","0.0",",,m,31,+","36.1",",m,31,+","0.0","m","0.0",",m","0.0",",,,m","23.28",",m","33.52",",,,m","13.03",",,,m"
"MXN00014107","1968-02","21.1833","-104.0667","419.7","PASO DE LA YESCA, MX","324.7","m","171.5",",m","5",",m","2",",m","0",",m","0",",m","0",",m","0",",m","29",",m","22",",m","11.1",",m,08,","6.4",",,m,17,","38.3",",m,26,","0.0","m","0.0",",m","16.3",",,,m","24.25",",m","33.44",",,,m","15.05",",,,m"
"MXN00014107","1968-03","21.1833","-104.0667","419.7","PASO DE LA YESCA, MX","510.0","m","185.3","2,m","4",",m","4",",m","1",",m","0",",m","0",",m","0","2,m","29","2,m","23","2,m","11.1",",m,12,","57.2",",,m,04,","38.9","2,m,31,+","0.0","m","0.0","2,m","90.5",",,,m","24.76","2,m","34.14","2,,,m","15.37",",,,m"
"MXN00014107","1968-04","21.1833","-104.0667","419.7","PASO DE LA YESCA, MX","832.4","m","322.4",",m","0",",m","0",",m","0",",m","0",",m","0",",m","0",",m","30",",m","30",",m","15.6",",m,04,","0.0",",,m,30,+","40.6",",m,30,+","0.0","m","0.0",",m","0.0",",,,m","29.08",",m","38.87",",,,m","19.29",",,,m"
"MXN00014107","1968-05","21.1833","-104.0667","419.7","PASO DE LA YESCA, MX","1231.1","m","398.7",",m","0",",m","0",",m","0",",m","0",",m","0",",m","0",",m","31",",m","31",",m","19.4",",m,06,","0.0",",,m,31,+","44.4",",m,28,","0.0","m","0.0",",m","0.0",",,,m","31.20",",m","40.77",",,,m","21.62",",,,m"
"MXN00014107","1968-06","21.1833","-104.0667","419.7","PASO DE LA YESCA, MX","1611.8","m","380.7",",m","8",",m","4",",m","1",",m","0",",m","0",",m","0",",m","30",",m","30",",m","20.0",",m,08,","25.4",",,m,13,","42.2",",m,17,","0.0","m","0.0",",m","63.9",",,,m","31.02",",m","38.93",",,,m","23.12",",,,m"
"MXN00014107","1968-07","21.1833","-104.0667","419.7","PASO DE LA YESCA, MX","1909.5","m","297.7",",m","23",",m","18",",m","3",",m","0",",m","0",",m","0",",m","31",",m","27",",m","18.3",",m,25,","54.4",",,m,11,","38.3",",m,05,+","0.0","m","0.0",",m","305.4",",,,m","27.94",",m","34.56",",,,m","21.31",",,,m"
"MXN00014107","1968-08","21.1833","-104.0667","419.7","PASO DE LA YESCA, MX","2201.9","m","292.4",",m","19",",m","14",",m","1",",m","0",",m","0",",m","0",",m","31",",m","29",",m","19.4",",m,06,+","31.8",",,m,06,","37.8",",m,14,","0.0","m","0.0",",m","189.3",",,,m","27.76",",m","34.23",",,,m","21.30",",,,m"
"MXN00014107","1968-09","21.1833","-104.0667","419.7","PASO DE LA YESCA, MX","2495.4","m","293.5",",m","11",",m","8",",m","2",",m","0",",m","0",",m","0",",m","30",",m","26",",m","20.0",",m,28,+","46.2",",,m,27,","37.2",",m,25,+","0.0","m","0.0",",m","123.1",",,,m","28.12",",m","34.63",",,,m","21.60",",,,m"
"MXN00014107","1968-10","21.1833","-104.0667","419.7","PASO DE LA YESCA, MX","2787.5","m","292.1",",m","6",",m","5",",m","0",",m","0",",m","0",",m","0",",m","31",",m","31",",m","15.6",",m,29,","22.1",",,m,09,","36.7",",m,09,+","0.0","m","0.0",",m","43.4",",,,m","27.76",",m","35.40",",,,m","20.11",",,,m"
"MXN00014107","1968-11","21.1833","-104.0667","419.7","PASO DE LA YESCA, MX","2996.2","m","208.7",",m","3",",m","2",",m","0",",m","0",",m","0",",m","0",",m","30",",m","26",",m","13.9",",m,28,+","11.7",",,m,26,","37.2",",m,04,","0.0","m","0.0",",m","16.5",",,,m","25.29",",m","34.53",",,,m","16.05",",,,m"
"MXN00014107","1968-12","21.1833","-104.0667","419.7","PASO DE LA YESCA, MX","3158.3","m","162.1",",m","4",",m","3",",m","0",",m","0",",m","0",",m","0",",m","31",",m","18",",m","12.2",",m,30,","7.4",",,m,20,","35.0",",m,12,+","0.0","m","0.0",",m","15.8",",,,m","23.56",",m","31.55",",,,m","15.57",",,,m"
"MXN00014107","1969-01","21.1833","-104.0667","419.7","PASO DE LA YESCA, MX","147.0","m","147.0",",m","0",",m","0",",m","0",",m","0",",m","0",",m","0",",m","31",",m","24",",m","11.7",",m,29,+","0.0",",,m,31,+","35.0",",m,31,+","0.0","m","0.0",",m","0.0",",,,m","23.07",",m","33.06",",,,m","13.08",",,,m"
"MXN00014107","1969-02","21.1833","-104.0667","419.7","PASO DE LA YESCA, MX","342.6","m","195.6",",m","1",",m","0",",m","0",",m","0",",m","0",",m","0",",m","28",",m","25",",m","11.1",",m,16,","0.5",",,m,12,","38.3",",m,25,","0.0","m","0.0",",m","0.5",",,,m","25.32",",m","34.60",",,,m","16.03",",,,m"
"MXN00014107","1969-03","21.1833","-104.0667","419.7","PASO DE LA YESCA, MX","590.4","m","247.8",",m","0",",m","0",",m","0",",m","0",",m","0",",m","0",",m","31",",m","31",",m","13.9",",m,18,","0.0",",,m,31,+","40.0",",m,30,","0.0","m","0.0",",m","0.0",",,,m","26.33",",m","35.95",",,,m","16.70",",,,m"
"MXN00014107","1969-04","21.1833","-104.0667","419.7","PASO DE LA YESCA, MX","922.3","m","331.9",",m","0",",m","0",",m","0",",m","0",",m","0",",m","0",",m","30",",m","30",",m","15.6",",m,13,","0.0",",,m,30,+","41.7",",m,21,","0.0","m","0.0",",m","0.0",",,,m","29.40",",m","39.65",",,,m","19.15",",,,m"
"MXN00014107","1969-05","21.1833","-104.0667","419.7","PASO DE LA YESCA, MX","1349.0","m","426.7",",m","1",",m","1",",m","0",",m","0",",m","0",",m","0",",m","31",",m","31",",m","18.9",",m,02,","2.8",",,m,28,","43.9",",m,09,","0.0","m","0.0",",m","2.8",",,,m","32.10",",m","41.08",",,,m","23.12",",,,m"
"MXN00014107","1969-06","21.1833","-104.0667","419.7","PASO DE LA YESCA, MX","1749.9","m","400.9","2,m","6","2,m","5","2,m","2","2,m","0","2,m","0","2,m","0","2,m","28","2,m","28","2,m","21.7","2,m,30,+","41.4","2,,m,27,","44.4","2,m,20,","0.0","m","0.0","2,m","109.5","2,,,m","32.65","2,m","40.99","2,,,m","24.31","2,,,m"
"MXN00014107","1969-07","21.1833","-104.0667","419.7","PASO DE LA YESCA, MX","2090.8","m","340.9",",m","16",",m","16",",m","4",",m","0",",m","0",",m","0",",m","31",",m","31",",m","20.6",",m,30,+","36.6",",,m,24,","41.1",",m,02,","0.0","m","0.0",",m","211.9",",,,m","29.33",",m","36.05",",,,m","22.60",",,,m"
"MXN00014107","1969-08","21.1833","-104.0667","419.7","PASO DE LA YESCA, MX","2426.0","m","335.2",",m","19",",m","13",",m","1",",m","0",",m","0",",m","0",",m","31",",m","31",",m","21.7",",m,31,+","37.1",",,m,07,","38.3",",m,02,","0.0","m","0.0",",m","149.1",",,,m","29.15",",m","35.43",",,,m","22.86",",,,m"
"MXN00014107","1969-09","21.1833","-104.0667","419.7","PASO DE LA YESCA, MX","2718.0","m","292.0",",m","11",",m","10",",m","2",",m","0",",m","0",",m","0",",m","30",",m","28",",m","18.3",",m,30,","30.5",",,m,18,","36.7",",m,22,","0.0","m","0.0",",m","133.2",",,,m","28.07",",m","34.67",",,,m","21.46",",,,m"
"MXN00014107","1969-10","21.1833","-104.0667","419.7","PASO DE LA YESCA, MX","3004.4","m","286.4",",m","6",",m","4",",m","0",",m","0",",m","0",",m","0",",m","31",",m","27",",m","15.0",",m,31,","19.6",",,m,03,","38.3",",m,27,","0.0","m","0.0",",m","43.3",",,,m","27.57",",m","35.25",",,,m","19.89",",,,m"
"MXN00014107","1969-11","21.1833","-104.0667","419.7","PASO DE LA YESCA, MX","3228.0","m","223.6","1,m","1",",m","1",",m","0",",m","0",",m","0",",m","0","1,m","29","1,m","28","1,m","11.1",",m,22,","4.3",",,m,30,","38.3","1,m,12,","0.0","m","0.0","1,m","4.3",",,,m","26.10","1,m","35.27","1,,,m","16.92",",,,m"
"MXN00014107","1969-12","21.1833","-104.0667","419.7","PASO DE LA YESCA, MX","3369.9","m","141.9","1,m","3",",m","2",",m","0",",m","0","1,m","0","1,m","0","1,m","30","1,m","19","1,m","10.0","1,m,18,+","6.9",",,m,05,","35.6","1,m,26,+","0.0","m","0.0","1,m","11.3",",,,m","23.06","1,m","32.28","1,,,m","13.85","1,,,m"
"MXN00014107","1970-01","21.1833","-104.0667","419.7","PASO DE LA YESCA, MX","133.9","m","133.9","1,m","0",",m","0",",m","0",",m","0","1,m","0","1,m","0",",m","31",",m","21",",m","9.4","1,m,17,","0.0",",,m,31,+","36.7",",m,29,","0.0","m","0.0",",m","0.0",",,,m","22.79","1,m","32.62",",,,m","12.95","1,,,m"
"MXN00014107","1970-02","21.1833","-104.0667","419.7","PASO DE LA YESCA, MX","300.1","m","166.2","2,m","6",",m","4",",m","0",",m","0",",m","0",",m","0","2,m","26","2,m","22","2,m","11.7",",m,04,","13.2",",,m,23,","36.7","2,m,18,","0.0","m","0.0","2,m","39.5",",,,m","24.83","2,m","33.89","2,,,m","15.78",",,,m"
"MXN00014107","1970-03","21.1833","-104.0667","419.7","PASO DE LA YESCA, MX","531.9","m","231.8",",m","0",",m","0",",m","0",",m","0",",m","0",",m","0",",m","31",",m","29",",m","11.7",",m,09,+","0.0",",,m,31,+","40.0",",m,31,+","0.0","m","0.0",",m","0.0",",,,m","25.81",",m","35.66",",,,m","15.96",",,,m"
"MXN00014107","1970-04","21.1833","-104.0667","419.7","PASO DE LA YESCA, MX","874.4","m","342.5",",m","0",",m","0",",m","0",",m","0",",m","0",",m","0",",m","30",",m","30",",m","16.1",",m,13,+","0.0",",,m,30,+","42.8",",m,26,+","0.0","m","0.0",",m","0.0",",,,m","29.75",",m","40.51",",,,m","18.99",",,,m"
"MXN00014107","1970-05","21.1833","-104.0667","419.7","PASO DE LA YESCA, MX","1301.8","m","427.4",",m","0",",m","0",",m","0",",m","0",",m","0",",m","0",",m","31",",m","31",",m","19.4",",m,15,","0.0",",,m,31,+","42.8",",m,29,+","0.0","m","0.0",",m","0.0",",,,m","32.12",",m","41.46",",,,m","22.78",",,,m"
"MXN00014107","1970-06","21.1833","-104.0667","419.7","PASO DE LA YESCA, MX","1681.6","m","379.8",",m","12",",m","8",",m","2",",m","0",",m","0",",m","0",",m","30",",m","27",",m","20.6",",m,22,","43.7",",,m,23,","43.9",",m,14,","0.0","m","0.0",",m","157.4",",,,m","30.99",",m","38.03",",,,m","23.96",",,,m"
"MXN00014107","1970-07","21.1833","-104.0667","419.7","PASO DE LA YESCA, MX","1987.9","m","306.3",",m","20",",m","13",",m","3",",m","0",",m","0",",m","0",",m","31",",m","29",",m","20.0",",m,21,+","52.6",",,m,16,","37.8",",m,02,","0.0","m","0.0",",m","215.1",",,,m","28.21",",m","34.68",",,,m","21.75",",,,m"
"MXN00014107","1970-08","21.1833","-104.0667","419.7","PASO DE LA YESCA, MX","2309.9","m","322.0",",m","12",",m","10",",m","0",",m","0",",m","0",",m","0",",m","31",",m","30",",m","20.0",",m,19,+","22.6",",,m,14,","38.9",",m,31,","0.0","m","0.0",",m","103.2",",,,m","28.72",",m","35.15",",,,m","22.30",",,,m"
"MXN00014107","1970-09","21.1833","-104.0667","419.7","PASO DE LA YESCA, MX","2614.6","m","304.7",",m","11",",m","7",",m","1",",m","0",",m","0",",m","0",",m","30",",m","27",",m","20.0",",m,18,+","42.2",",,m,02,","38.9",",m,10,","0.0","m","0.0",",m","113.8",",,,m","28.49",",m","35.03",",,,m","21.95",",,,m"
"MXN00014107","1970-10","21.1833","-104.0667","419.7","PASO DE LA YESCA, MX","2900.8","m","286.2",",m","1",",m","1",",m","0",",m","0",",m","0",",m","0",",m","31",",m","31",",m","15.6",",m,28,+","9.1",",,m,01,","38.9",",m,22,","0.0","m","0.0",",m","9.1",",,,m","27.57",",m","36.50",",,,m","18.63",",,,m"
"MXN00014107","1970-11","21.1833","-104.0667","419.7","PASO DE LA YESCA, MX","3101.6","m","200.8",",m","1",",m","1",",m","0",",m","0",",m","0",",m","0",",m","30",",m","25",",m","9.4",",m,16,","17.3",",,m,04,","36.7",",m,23,","0.0","m","0.0",",m","17.3",",,,m","25.03",",m","34.19",",,,m","15.86",",,,m"
"MXN00014107","1970-12","21.1833","-104.0667","419.7","PASO DE LA YESCA, MX","3276.3","m","174.7",",m","0",",m","0",",m","0",",m","0",",m","0",",m","0",",m","31",",m","29",",m","10.6",",m,06,","0.0",",,m,31,+","36.7",",m,26,","0.0","m","0.0",",m","0.0",",,,m","23.97",",m","34.54",",,,m","13.40",",,,m"
"MXN00014107","1971-01","21.1833","-104.0667","419.7","PASO DE LA YESCA, MX","172.5","m","172.5",",m","4",",m","2",",m","0",",m","0",",m","0",",m","0",",m","30",",m","24",",m","11.1",",m,31,","13.0",",,m,09,","37.2",",m,26,","0.0","m","0.0",",m","21.4",",,,m","23.90",",m","33.48",",,,m","14.32",",,,m"
"MXN00014107","1971-02","21.1833","-104.0667","419.7","PASO DE LA YESCA, MX","336.3","m","163.8",",m","0",",m","0",",m","0",",m","0",",m","0",",m","0",",m","28",",m","28",",m","8.3",",m,08,+","0.0",",,m,28,+","38.3",",m,28,+","0.0","m","0.0",",m","0.0",",,,m","24.18",",m","35.41",",,,m","12.95",",,,m"
"MXN00014107","1971-03","21.1833","-104.0667","419.7","PASO DE LA YESCA, MX","635.3","m","299.0",",m","0",",m","0",",m","0",",m","0",",m","0",",m","0",",m","31",",m","31",",m","14.4",",m,13,+","0.0",",,m,31,+","41.7",",m,30,+","0.0","m","0.0",",m","0.0",",,,m","27.98",",m","39.08",",,,m","16.87",",,,m"
"MXN00014107","1971-04","21.1833","-104.0667","419.7","PASO DE LA YESCA, MX","966.1","m","330.8",",m","0",",m","0",",m","0",",m","0",",m","0",",m","0",",m","30",",m","30",",m","16.1",",m,05,","0.0",",,m,30,+","42.8",",m,30,+","0.0","m","0.0",",m","0.0",",,,m","29.36",",m","39.58",",,,m","19.14",",,,m"
"MXN00014107","1971-05","21.1833","-104.0667","419.7","PASO DE LA YESCA, MX","1374.9","m","408.8",",m","1",",m","1",",m","0",",m","0",",m","0",",m","0",",m","31",",m","31",",m","20.0",",m,14,+","4.6",",,m,25,","42.8",",m,01,","0.0","m","0.0",",m","4.6",",,,m","31.52",",m","40.55",",,,m","22.49",",,,m"
"MXN00014107","1971-06","21.1833","-104.0667","419.7","PASO DE LA YESCA, MX","1732.1","m","357.2",",m","13",",m","9",",m","2",",m","0",",m","0",",m","0",",m","30",",m","29",",m","20.0",",m,21,","37.3",",,m,14,","42.2",",m,08,+","0.0","m","0.0",",m","123.6",",,,m","30.24",",m","37.70",",,,m","22.78",",,,m"
"MXN00014107","1971-07","21.1833","-104.0667","419.7","PASO DE LA YESCA, MX","2018.9","m","286.8",",m","20",",m","17",",m","3",",m","0",",m","0",",m","0",",m","31",",m","27",",m","18.3",",m,22,","81.0",",,m,28,","37.2",",m,07,","0.0","m","0.0",",m","318.3",",,,m","27.59",",m","34.11",",,,m","21.06",",,,m"
"MXN00014107","1971-08","21.1833","-104.0667","419.7","PASO DE LA YESCA, MX","2314.3","m","295.4",",m","14",",m","10",",m","1",",m","0",",m","0",",m","0",",m","31",",m","28",",m","20.6",",m,22,+","32.5",",,m,07,","37.8",",m,29,+","0.0","m","0.0",",m","99.9",",,,m","27.86",",m","34.24",",,,m","21.48",",,,m"
"MXN00014107","1971-09","21.1833","-104.0667","419.7","PASO DE LA YESCA, MX","2614.1","m","299.8",",m","15",",m","8",",m","0",",m","0",",m","0",",m","0",",m","30",",m","26",",m","20.6",",m,10,+","15.7",",,m,11,","37.2",",m,28,+","0.0","m","0.0",",m","65.1",",,,m","28.33",",m","34.85",",,,m","21.80",",,,m"
"MXN00014107","1971-10","21.1833","-104.0667","419.7","PASO DE LA YESCA, MX","","","","","1",",m","1",",m","0",",m","0",",","0",",m","","","","","","","10.6",",m,25,","2.8",",,m,09,","","","","","","","2.8",",,,m","","","","","15.06",",,,m"
"MXN00014107","1971-11","21.1833","-104.0667","419.7","PASO DE LA YESCA, MX","","","232.7",",m","0",",m","0",",m","0",",m","0",",m","0",",m","0",",m","30",",m","30",",m","11.7",",m,29,","0.0",",,m,30,+","37.2",",m,03,","","","0.0",",m","0.0",",,,m","26.09",",m","35.29",",,,m","16.89",",,,m"
"MXN00014107","1971-12","21.1833","-104.0667","419.7","PASO DE LA YESCA, MX","","","","","1",",m","1",",m","0",",m","0",",","0",",m","","","","","","","10.6",",m,25,","2.8",",,m,09,","","","","","","","2.8",",,,m","","","","","15.08",",,,m"
"MXN00014107","1972-01","21.1833","-104.0667","419.7","PASO DE LA YESCA, MX","192.8","m","192.8",",m","1",",m","1",",m","0",",m","0",",m","0",",m","0",",m","31",",m","25",",m","11.7",",m,22,","4.6",",,m,03,","37.8",",m,26,","","","0.0",",m","4.6",",,,m","24.55",",m","33.58",",,,m","15.52",",,,m"
"MXN00014107","1972-02","21.1833","-104.0667","419.7","PASO DE LA YESCA, MX","386.1","m","193.3",",m","0",",m","0",",m","0",",m","0",",m","0",",m","0",",m","29",",m","28",",m","11.7",",m,20,+","0.0",",,m,29,+","38.9",",m,28,","","","0.0",",m","0.0",",,,m","25.00",",m","35.41",",,,m","14.58",",,,m"
"MXN00014107","1972-03","21.1833","-104.0667","419.7","PASO DE LA YESCA, MX","664.8","m","278.7",",m","0",",m","0",",m","0",",m","0",",m","0",",m","0",",m","31",",m","30",",m","14.4",",m,02,","0.0",",,m,31,+","40.0",",m,21,+","","","0.0",",m","0.0",",,,m","27.32",",m","37.35",",,,m","17.30",",,,m"
"MXN00014107","1972-04","21.1833","-104.0667","419.7","PASO DE LA YESCA, MX","1043.2","m","378.4",",m","0",",m","0",",m","0",",m","0",",m","0",",m","0",",m","30",",m","30",",m","15.0",",m,02,+","0.0",",,m,30,+","45.0",",m,05,","","","0.0",",m","0.0",",,,m","30.95",",m","41.53",",,,m","20.36",",,,m"
"MXN00014107","1972-05","21.1833","-104.0667","419.7","PASO DE LA YESCA, MX","1466.0","m","422.8",",m","2",",m","1",",m","1",",m","0",",m","0",",m","0",",m","31",",m","31",",m","20.0",",m,27,+","27.7",",,m,29,","43.9",",m,16,","","","0.0",",m","29.2",",,,m","31.97",",m","41.24",",,,m","22.70",",,,m"
"MXN00014107","1972-06","21.1833","-104.0667","419.7","PASO DE LA YESCA, MX","1814.1","m","348.1","2,m","12",",m","8",",m","1",",m","0",",m","0",",m","0","2,m","28","2,m","28","2,m","21.1",",m,08,","64.0",",,m,07,","41.1","2,m,02,","","","0.0","2,m","141.3",",,,m","30.70","2,m","37.44","2,,,m","23.96",",,,m"
"MXN00014107","1972-07","21.1833","-104.0667","419.7","PASO DE LA YESCA, MX","2134.3","m","320.2",",m","17",",m","16",",m","2",",m","0",",m","0",",m","0",",m","31",",m","29",",m","20.0",",m,25,","27.4",",,m,11,","38.9",",m,11,+","0.0","m","0.0",",m","184.1",",,,m","28.66",",m","35.39",",,,m","21.94",",,,m"
"MXN00014107","1972-08","21.1833","-104.0667","419.7","PASO DE LA YESCA, MX","2433.5","m","299.2",",m","18",",m","13",",m","3",",m","0",",m","0",",m","0",",m","31",",m","31",",m","20.0",",m,29,+","47.2",",,m,04,","37.8",",m,09,","0.0","m","0.0",",m","197.2",",,,m","27.99",",m","34.71",",,,m","21.26",",,,m"
"MXN00014107","1972-09","21.1833","-104.0667","419.7","PASO DE LA YESCA, MX","2741.2","m","307.7",",m","10",",m","8",",m","3",",m","0",",m","0",",m","0",",m","30",",m","30",",m","20.0",",m,23,+","50.3",",,m,21,","38.3",",m,22,","0.0","m","0.0",",m","165.9",",,,m","28.59",",m","35.69",",,,m","21.49",",,,m"
"MXN00014107","1972-10","21.1833","-104.0667","419.7","PASO DE LA YESCA, MX","3059.9","m","318.7",",m","2",",m","2",",m","1",",m","0",",m","0",",m","0",",m","31",",m","31",",m","15.6",",m,26,","31.8",",,m,10,","37.8",",m,28,+","0.0","m","0.0",",m","36.4",",,,m","28.61",",m","36.65",",,,m","20.58",",,,m"
"MXN00014107","1972-11","21.1833","-104.0667","419.7","PASO DE LA YESCA, MX","3320.3","m","260.4",",m","4",",m","4",",m","0",",m","0",",m","0",",m","0",",m","30",",m","22",",m","16.7",",m,16,","20.3",",,m,24,","38.9",",m,07,+","0.0","m","0.0",",m","46.7",",,,m","27.01",",m","34.54",",,,m","19.48",",,,m"
"MXN00014107","1972-12","21.1833","-104.0667","419.7","PASO DE LA YESCA, MX","3489.2","m","168.9",",m","1",",m","0",",m","0",",m","0",",m","0",",m","0",",m","31",",m","20",",m","9.4",",m,23,","0.8",",,m,31,","35.6",",m,10,+","0.0","m","0.0",",m","0.8",",,,m","23.78",",m","32.69",",,,m","14.87",",,,m"
"MXN00014107","1973-01","21.1833","-104.0667","419.7","PASO DE LA YESCA, MX","117.8","m","117.8",",m","3",",m","1",",m","0",",m","0",",m","0",",m","0",",m","31",",m","14",",m","8.9",",m,30,","5.6",",,m,01,","35.0",",m,28,+","0.0","m","0.0",",m","7.2",",,,m","22.13",",m","31.35",",,,m","12.91",",,,m"
"MXN00014107","1973-02","21.1833","-104.0667","419.7","PASO DE LA YESCA, MX","311.8","m","194.0",",m","4",",m","0",",m","0",",m","0",",m","0",",m","0",",m","28",",m","24",",m","11.7",",m,12,+","2.0",",,m,18,","38.9",",m,27,+","0.0","m","0.0",",m","4.4",",,,m","25.26",",m","35.07",",,,m","15.46",",,,m"
"MXN00014107","1973-03","21.1833","-104.0667","419.7","PASO DE LA YESCA, MX","606.7","m","294.9",",m","0",",m","0",",m","0",",m","0",",m","0",",m","0",",m","31",",m","31",",m","13.9",",m,31,+","0.0",",,m,31,+","40.6",",m,27,","0.0","m","0.0",",m","0.0",",,,m","27.85",",m","38.29",",,,m","17.40",",,,m"
"MXN00014107","1973-04","21.1833","-104.0667","419.7","PASO DE LA YESCA, MX","938.7","m","332.0",",m","0",",m","0",",m","0",",m","0",",m","0",",m","0",",m","30",",m","30",",m","11.7",",m,07,","0.0",",,m,30,+","44.4",",m,26,","0.0","m","0.0",",m","0.0",",,,m","29.40",",m","40.46",",,,m","18.34",",,,m"
"MXN00014107","1973-05","21.1833","-104.0667","419.7","PASO DE LA YESCA, MX","1370.3","m","431.6",",m","2",",m","2",",m","0",",m","0",",m","0",",m","0",",m","31",",m","31",",m","19.4",",m,19,","3.6",",,m,17,","45.0",",m,09,","0.0","m","0.0",",m","6.4",",,,m","32.26",",m","42.02",",,,m","22.49",",,,m"
"MXN00014107","1973-06","21.1833","-104.0667","419.7","PASO DE LA YESCA, MX","1783.1","m","412.8",",m","9",",m","5",",m","0",",m","0",",m","0",",m","0",",m","30",",m","30",",m","19.4",",m,09,","22.4",",,m,20,","45.0",",m,26,","0.0","m","0.0",",m","57.3",",,,m","32.09",",m","40.62",",,,m","23.56",",,,m"
"MXN00014107","1973-07","21.1833","-104.0667","419.7","PASO DE LA YESCA, MX","2113.8","m","330.7",",m","15",",m","13",",m","2",",m","0",",m","0",",m","0",",m","31",",m","31",",m","20.0",",m,11,+","55.6",",,m,01,","37.8",",m,23,+","0.0","m","0.0",",m","213.9",",,,m","29.00",",m","35.45",",,,m","22.55",",,,m"
"MXN00014107","1973-08","21.1833","-104.0667","419.7","PASO DE LA YESCA, MX","2396.1","m","282.3",",m","19",",m","16",",m","4",",m","0",",m","0",",m","0",",m","31",",m","27",",m","18.9",",m,23,","33.3",",,m,25,","35.6",",m,22,+","0.0","m","0.0",",m","264.4",",,,m","27.44",",m","33.38",",,,m","21.50",",,,m"
"MXN00014107","1973-09","21.1833","-104.0667","419.7","PASO DE LA YESCA, MX","2692.8","m","296.7",",m","14",",m","6",",m","2",",m","0",",m","0",",m","0",",m","30",",m","26",",m","20.0",",m,15,","44.5",",,m,14,","36.1",",m,20,","0.0","m","0.0",",m","121.5",",,,m","28.22",",m","34.26",",,,m","22.19",",,,m"
"MXN00014107","1973-10","21.1833","-104.0667","419.7","PASO DE LA YESCA, MX","2987.1","m","294.3",",m","8",",m","5",",m","0",",m","0",",m","0",",m","0",",m","31",",m","29",",m","17.2",",m,23,","13.7",",,m,28,","37.2",",m,26,+","0.0","m","0.0",",m","45.1",",,,m","27.83",",m","34.97",",,,m","20.68",",,,m"
"MXN00014107","1973-11","21.1833","-104.0667","419.7","PASO DE LA YESCA, MX","3210.9","m","223.8",",m","1",",m","0",",m","0",",m","0",",m","0",",m","0",",m","30",",m","28",",m","11.7",",m,22,+","2.3",",,m,12,","38.3",",m,05,","0.0","m","0.0",",m","2.3",",,,m","25.79",",m","35.19",",,,m","16.39",",,,m"
"MXN00014107","1973-12","21.1833","-104.0667","419.7","PASO DE LA YESCA, MX","3333.3","m","122.4",",m","0",",m","0",",m","0",",m","0",",m","0",",m","0",",m","31",",m","22",",m","10.0",",m,22,+","0.0",",,m,31,+","35.0",",m,24,+","0.0","m","0.0",",m","0.0",",,,m","22.28",",m","32.65",",,,m","11.92",",,,m"
"MXN00014107","1974-01","21.1833","-104.0667","419.7","PASO DE LA YESCA, MX","190.8","m","190.8",",m","0",",m","0",",m","0",",m","0",",m","0",",m","0",",m","31",",m","30",",m","10.6",",m,01,","0.0",",,m,31,+","37.8",",m,15,","0.0","m","0.0",",m","0.0",",,,m","24.49",",m","34.65",",,,m","14.32",",,,m"
"MXN00014107","1974-02","21.1833","-104.0667","419.7","PASO DE LA YESCA, MX","376.7","m","185.9",",m","0",",m","0",",m","0",",m","0",",m","0",",m","0",",m","28",",m","27",",m","11.7",",m,22,+","0.0",",,m,28,+","38.3",",m,24,","0.0","m","0.0",",m","0.0",",,,m","24.97",",m","35.72",",,,m","14.23",",,,m"
"MXN00014107","1974-03","21.1833","-104.0667","419.7","PASO DE LA YESCA, MX","655.8","m","279.1",",m","1",",m","1",",m","0",",m","0",",m","0",",m","0",",m","31",",m","31",",m","15.0",",m,24,","2.5",",,m,17,","40.0",",m,30,+","0.0","m","0.0",",m","2.5",",,,m","27.34",",m","37.24",",,,m","17.44",",,,m"
"MXN00014107","1974-04","21.1833","-104.0667","419.7","PASO DE LA YESCA, MX","1009.2","m","353.4",",m","0",",m","0",",m","0",",m","0",",m","0",",m","0",",m","30",",m","30",",m","15.6",",m,04,","0.0",",,m,30,+","42.8",",m,23,","0.0","m","0.0",",m","0.0",",,,m","30.11",",m","39.97",",,,m","20.26",",,,m"
"MXN00014107","1974-05","21.1833","-104.0667","419.7","PASO DE LA YESCA, MX","1391.2","m","382.0","1,m","5",",m","3",",m","0",",m","0",",m","0",",m","0","1,m","30","1,m","29","1,m","20.0",",m,15,+","11.7",",,m,29,","43.3","1,m,23,","0.0","m","0.0","1,m","29.8",",,,m","31.08","1,m","39.85","1,,,m","22.30",",,,m"
"MXN00014107","1974-06","21.1833","-104.0667","419.7","PASO DE LA YESCA, MX","1757.6","m","366.4",",m","13",",m","12",",m","3",",m","0",",m","0",",m","0",",m","30",",m","30",",m","20.0",",m,30,","35.6",",,m,20,","42.2",",m,10,+","0.0","m","0.0",",m","186.2",",,,m","30.55",",m","37.72",",,,m","23.37",",,,m"
"MXN00014107","1974-07","21.1833","-104.0667","419.7","PASO DE LA YESCA, MX","2024.7","m","267.1",",m","20",",m","16",",m","6",",m","0",",m","0",",m","0",",m","31",",m","21",",m","19.4",",m,21,+","40.6",",,m,18,","35.0",",m,30,+","0.0","m","0.0",",m","331.4",",,,m","26.95",",m","33.10",",,,m","20.80",",,,m"
"MXN00014107","1974-08","21.1833","-104.0667","419.7","PASO DE LA YESCA, MX","2317.4","m","292.7",",m","11",",m","9",",m","0",",m","0",",m","0",",m","0",",m","31",",m","29",",m","18.9",",m,24,","21.6",",,m,17,","37.8",",m,16,+","0.0","m","0.0",",m","114.9",",,,m","27.77",",m","34.23",",,,m","21.32",",,,m"
"MXN00014107","1974-09","21.1833","-104.0667","419.7","PASO DE LA YESCA, MX","2616.8","m","299.4",",m","10",",m","7",",m","0",",m","0",",m","0",",m","0",",m","30",",m","29",",m","20.0",",m,24,+","24.1",",,m,29,","37.8",",m,28,","0.0","m","0.0",",m","87.7",",,,m","28.31",",m","35.14",",,,m","21.48",",,,m"
"MXN00014107","1974-10","21.1833","-104.0667","419.7","PASO DE LA YESCA, MX","2902.7","m","285.9",",m","1",",m","1",",m","0",",m","0",",m","0",",m","0",",m","31",",m","31",",m","15.6",",m,08,","8.9",",,m,15,","39.4",",m,15,","0.0","m","0.0",",m","8.9",",,,m","27.55",",m","35.89",",,,m","19.22",",,,m"
"MXN00014107","1974-11","21.1833","-104.0667","419.7","PASO DE LA YESCA, MX","3130.9","m","228.2",",m","0",",m","0",",m","0",",m","0",",m","0",",m","0",",m","30",",m","26",",m","10.0",",m,28,","0.0",",,m,30,+","37.8",",m,20,+","0.0","m","0.0",",m","0.0",",,,m","25.94",",m","34.91",",,,m","16.97",",,,m"
"MXN00014107","1974-12","21.1833","-104.0667","419.7","PASO DE LA YESCA, MX","3289.5","m","158.6",",m","2",",m","2",",m","0",",m","0",",m","0",",m","0",",m","28",",m","17",",m","13.3",",m,21,+","12.7",",,m,26,","35.6",",m,04,","0.8","m","0.8",",m","16.8",",,,m","23.42",",m","31.04",",,,m","15.81",",,,m"
"MXN00014107","1975-01","21.1833","-104.0667","419.7","PASO DE LA YESCA, MX","146.8","m","146.8",",m","2",",m","2",",m","0",",m","0",",m","0",",m","0",",m","31",",m","16",",m","8.9",",m,15,","13.0",",,m,31,","36.7",",m,26,","0.8","m","0.0",",m","15.5",",,,m","23.07",",m","31.91",",,,m","14.23",",,,m"
"MXN00014107","1975-02","21.1833","-104.0667","419.7","PASO DE LA YESCA, MX","316.9","m","170.1",",m","0",",m","0",",m","0",",m","0",",m","0",",m","0",",m","28",",m","26",",m","10.6",",m,26,+","0.0",",,m,28,+","37.2",",m,27,","0.8","m","0.0",",m","0.0",",,,m","24.41",",m","34.25",",,,m","14.57",",,,m"
"MXN00014107","1975-03","21.1833","-104.0667","419.7","PASO DE LA YESCA, MX","605.7","m","288.8","1,m","0",",m","0",",m","0",",m","0",",m","0",",m","0","1,m","30","1,m","30","1,m","13.9",",m,05,","0.0",",,m,31,+","41.7","1,m,08,","0.8","m","0.0","1,m","0.0",",,,m","27.90","1,m","38.16","1,,,m","17.63",",,,m"
"MXN00014107","1975-04","21.1833","-104.0667","419.7","PASO DE LA YESCA, MX","972.0","m","366.3",",m","0",",m","0",",m","0",",m","0",",m","0",",m","0",",m","30",",m","30",",m","18.3",",m,02,","0.0",",,m,30,+","42.2",",m,24,+","0.8","m","0.0",",m","0.0",",,,m","30.54",",m","40.63",",,,m","20.45",",,,m"
"MXN00014107","1975-05","21.1833","-104.0667","419.7","PASO DE LA YESCA, MX","1371.7","m","399.7",",m","0",",m","0",",m","0",",m","0",",m","0",",m","0",",m","31",",m","31",",m","18.9",",m,06,","0.0",",,m,31,+","43.3",",m,31,","0.8","m","0.0",",m","0.0",",,,m","31.23",",m","40.60",",,,m","21.85",",,,m"
"MXN00014107","1975-06","21.1833","-104.0667","419.7","PASO DE LA YESCA, MX","1759.0","m","387.3",",m","10",",m","9",",m","1",",m","0",",m","0",",m","0",",m","30",",m","30",",m","20.6",",m,30,+","46.7",",,m,29,","45.0",",m,01,","0.8","m","0.0",",m","149.0",",,,m","31.24",",m","38.75",",,,m","23.73",",,,m"
"MXN00014107","1975-07","21.1833","-104.0667","419.7","PASO DE LA YESCA, MX","2022.5","m","263.5",",m","27",",m","18",",m","6",",m","0",",m","0",",m","0",",m","31",",m","21",",m","18.3",",m,26,","89.2",",,m,03,","34.4",",m,25,+","0.0","m","0.0",",m","395.8",",,,m","26.83",",m","32.71",",,,m","20.96",",,,m"
"MXN00014107","1975-08","21.1833","-104.0667","419.7","PASO DE LA YESCA, MX","2308.1","m","285.6",",m","14",",m","10",",m","0",",m","0",",m","0",",m","0",",m","31",",m","26",",m","19.4",",m,19,+","22.6",",,m,26,","37.2",",m,21,","0.0","m","0.0",",m","112.3",",,,m","27.55",",m","33.76",",,,m","21.34",",,,m"
"MXN00014107","1975-09","21.1833","-104.0667","419.7","PASO DE LA YESCA, MX","2598.9","m","290.8",",m","9",",m","6",",m","0",",m","0",",m","0",",m","0",",m","30",",m","30",",m","15.0",",m,26,","20.3",",,m,03,","37.8",",m,20,","0.0","m","0.0",",m","48.1",",,,m","28.03",",m","35.03",",,,m","21.02",",,,m"
"MXN00014107","1975-10","21.1833","-104.0667","419.7","PASO DE LA YESCA, MX","2912.3","m","313.4",",m","2",",m","0",",m","0",",m","0",",m","0",",m","0",",m","31",",m","30",",m","17.2",",m,01,","2.0",",,m,18,","39.4",",m,09,","0.0","m","0.0",",m","2.3",",,,m","28.44",",m","36.47",",,,m","20.41",",,,m"
"MXN00014107","1975-11","21.1833","-104.0667","419.7","PASO DE LA YESCA, MX","3138.1","m","225.8",",m","0",",m","0",",m","0",",m","0",",m","0",",m","0",",m","30",",m","30",",m","12.2",",m,16,+","0.0",",,m,30,+","38.3",",m,12,","0.0","m","0.0",",m","0.0",",,,m","25.86",",m","35.71",",,,m","16.01",",,,m"
"MXN00014107","1975-12","21.1833","-104.0667","419.7","PASO DE LA YESCA, MX","3314.4","m","176.3",",m","1",",m","0",",m","0",",m","0",",m","0",",m","0",",m","31",",m","21",",m","10.0",",m,28,+","1.8",",,m,18,","37.2",",m,02,","0.0","m","0.0",",m","1.8",",,,m","24.02",",m","33.36",",,,m","14.68",",,,m"
"MXN00014107","1976-01","21.1833","-104.0667","419.7","PASO DE LA YESCA, MX","165.1","m","165.1",",m","0",",m","0",",m","0",",m","0",",m","0",",m","0",",m","31",",m","28",",m","10.6",",m,03,+","0.0",",,m,31,+","35.0",",m,30,+","0.0","m","0.0",",m","0.0",",,,m","23.66",",m","33.58",",,,m","13.74",",,,m"
"MXN00014107","1976-02","21.1833","-104.0667","419.7","PASO DE LA YESCA, MX","373.5","m","208.4",",m","1",",m","1",",m","0",",m","0",",m","0",",m","0",",m","29",",m","28",",m","10.0",",m,25,","6.1",",,m,03,","38.3",",m,27,+","0.0","m","0.0",",m","6.1",",,,m","25.52",",m","35.46",",,,m","15.58",",,,m"
"MXN00014107","1976-03","21.1833","-104.0667","419.7","PASO DE LA YESCA, MX","664.0","m","290.5",",m","0",",m","0",",m","0",",m","0",",m","0",",m","0",",m","31",",m","31",",m","15.0",",m,05,+","0.0",",,m,31,+","40.6",",m,17,+","0.0","m","0.0",",m","0.0",",,,m","27.70",",m","37.54",",,,m","17.87",",,,m"
"MXN00014107","1976-04","21.1833","-104.0667","419.7","PASO DE LA YESCA, MX","986.4","m","322.4",",m","2",",m","1",",m","1",",m","0",",m","0",",m","0",",m","30",",m","29",",m","16.1",",m,05,","49.5",",,m,12,","40.0",",m,28,+","0.0","m","0.0",",m","51.3",",,,m","29.08",",m","38.46",",,,m","19.70",",,,m"
"MXN00014107","1976-05","21.1833","-104.0667","419.7","PASO DE LA YESCA, MX","1387.6","m","401.2",",m","0",",m","0",",m","0",",m","0",",m","0",",m","0",",m","31",",m","31",",m","20.0",",m,07,+","0.0",",,m,31,+","43.9",",m,27,","0.0","m","0.0",",m","0.0",",,,m","31.27",",m","40.59",",,,m","21.96",",,,m"
"MXN00014107","1976-06","21.1833","-104.0667","419.7","PASO DE LA YESCA, MX","1819.4","m","431.8",",m","8",",m","4",",m","0",",m","0",",m","0",",m","0",",m","30",",m","30",",m","22.2",",m,03,","13.7",",,m,15,","43.3",",m,20,+","0.0","m","0.0",",m","32.4",",,,m","32.73",",m","40.44",",,,m","25.01",",,,m"
"MXN00014107","1976-07","21.1833","-104.0667","419.7","PASO DE LA YESCA, MX","2116.6","m","297.2",",m","16",",m","14",",m","3",",m","0",",m","0",",m","0",",m","31",",m","24",",m","20.0",",m,29,+","52.6",",,m,28,","37.8",",m,01,","0.0","m","0.0",",m","266.1",",,,m","27.92",",m","33.89",",,,m","21.95",",,,m"
"MXN00014107","1976-08","21.1833","-104.0667","419.7","PASO DE LA YESCA, MX","2398.0","m","281.4",",m","20",",m","19",",m","3",",m","0",",m","0",",m","0",",m","31",",m","28",",m","19.4",",m,24,","28.7",",,m,19,","36.7",",m,07,+","0.0","m","0.0",",m","259.8",",,,m","27.41",",m","33.98",",,,m","20.84",",,,m"
"MXN00014107","1976-09","21.1833","-104.0667","419.7","PASO DE LA YESCA, MX","2681.3","m","283.3",",m","9",",m","5",",m","0",",m","0",",m","0",",m","0",",m","30",",m","27",",m","20.0",",m,20,+","18.3",",,m,03,","37.2",",m,12,","0.0","m","0.0",",m","55.4",",,,m","27.78",",m","34.20",",,,m","21.35",",,,m"
"MXN00014107","1976-10","21.1833","-104.0667","419.7","PASO DE LA YESCA, MX","2965.8","m","284.5",",m","3",",m","3",",m","0",",m","0",",m","0",",m","0",",m","31",",m","28",",m","16.1",",m,20,","17.8",",,m,20,","37.8",",m,05,","0.0","m","0.0",",m","29.0",",,,m","27.51",",m","34.92",",,,m","20.11",",,,m"
"MXN00014107","1976-11","21.1833","-104.0667","419.7","PASO DE LA YESCA, MX","3115.6","m","149.8","4,m","9",",m","8",",m","0",",m","0",",m","0",",m","0","4,m","26","4,m","15","4,m","12.8",",m,06,","22.1",",,m,28,","36.1","4,m,01,","0.0","m","0.0","4,m","91.3",",,,m","24.17","4,m","31.56","4,,,m","16.79",",,,m"
"MXN00014107","1976-12","21.1833","-104.0667","419.7","PASO DE LA YESCA, MX","3265.1","m","149.5",",m","6",",m","2",",m","0",",m","0",",m","0",",m","0",",m","31",",m","5",",m","15.6",",m,16,+","6.6",",,m,09,","33.3",",m,29,+","0.0","m","0.0",",m","14.7",",,,m","23.15",",m","29.07",",,,m","17.24",",,,m"
"MXN00014107","1977-01","21.1833","-104.0667","419.7","PASO DE LA YESCA, MX","136.4","m","136.4",",m","1",",m","0",",m","0",",m","0",",m","0",",m","0",",m","31",",m","15",",m","12.2",",m,10,","2.0",",,m,12,","35.0",",m,24,","0.3","m","0.3",",m","2.0",",,,m","22.72",",m","31.04",",,,m","14.41",",,,m"
"MXN00014107","1977-02","21.1833","-104.0667","419.7","PASO DE LA YESCA, MX","319.7","m","183.3",",m","0",",m","0",",m","0",",m","0",",m","0",",m","0",",m","28",",m","26",",m","13.3",",m,09,","0.0",",,m,28,+","37.8",",m,20,","0.3","m","0.0",",m","0.0",",,,m","24.88",",m","34.54",",,,m","15.22",",,,m"
"MXN00014107","1977-05","21.1833","-104.0667","419.7","PASO DE LA YESCA, MX","","","410.3",",m","2",",m","1",",m","0",",m","0",",m","0",",m","0",",m","31",",m","31",",m","18.9",",m,01,","10.7",",,m,30,","43.3",",m,23,","","","0.0",",m","11.0",",,,m","31.57",",m","40.39",",,,m","22.75",",,,m"
"MXN00014107","1977-06","21.1833","-104.0667","419.7","PASO DE LA YESCA, MX","","","363.8",",m","11",",m","9",",m","0",",m","0",",m","0",",m","0",",m","30",",m","30",",m","20.0",",m,17,","21.8",",,m,23,","42.2",",m,03,","","","0.0",",m","91.9",",,,m","30.46",",m","38.03",",,,m","22.89",",,,m"
"MXN00014107","1977-07","21.1833","-104.0667","419.7","PASO DE LA YESCA, MX","","","298.4",",m","13",",m","9",",m","0",",m","0",",m","0",",m","0",",m","31",",m","28",",m","19.4",",m,12,","6.9",",,m,02,","37.8",",m,29,","0.0","m","0.0",",m","49.1",",,,m","27.96",",m","34.70",",,,m","21.22",",,,m"
"MXN00014107","1977-08","21.1833","-104.0667","419.7","PASO DE LA YESCA, MX","","","318.4",",m","11",",m","5",",m","0",",m","0",",m","0",",m","0",",m","31",",m","27",",m","20.0",",m,09,","11.2",",,m,08,","39.4",",m,03,","0.0","m","0.0",",m","35.2",",,,m","28.60",",m","35.02",",,,m","22.19",",,,m"
"MXN00014107","1977-09","21.1833","-104.0667","419.7","PASO DE LA YESCA, MX","","","332.9",",m","5",",m","4",",m","0",",m","0",",m","0",",m","0",",m","30",",m","29",",m","20.6",",m,15,","7.9",",,m,11,","39.4",",m,27,","0.0","m","0.0",",m","23.9",",,,m","29.43",",m","36.03",",,,m","22.83",",,,m"
"MXN00014107","1977-10","21.1833","-104.0667","419.7","PASO DE LA YESCA, MX","","","322.9",",m","5",",m","4",",m","0",",m","0",",m","0",",m","0",",m","31",",m","29",",m","16.1",",m,17,","8.6",",,m,24,","38.3",",m,11,+","0.0","m","0.0",",m","21.8",",,,m","28.75",",m","36.03",",,,m","21.47",",,,m"
"MXN00014107","1977-11","21.1833","-104.0667","419.7","PASO DE LA YESCA, MX","","","236.5",",m","1",",m","1",",m","0",",m","0",",m","0",",m","0",",m","30",",m","26",",m","14.4",",m,26,","3.6",",,m,17,","37.8",",m,24,+","0.0","m","0.0",",m","3.6",",,,m","26.22",",m","34.79",",,,m","17.64",",,,m"
"MXN00014107","1977-12","21.1833","-104.0667","419.7","PASO DE LA YESCA, MX","","","167.0",",m","2",",m","0",",m","0",",m","0",",m","0",",m","0",",m","31",",m","23",",m","10.6",",m,18,+","1.8",",,m,06,","37.8",",m,27,","0.0","m","0.0",",m","2.6",",,,m","23.72",",m","33.46",",,,m","13.98",",,,m"
"MXN00014107","1978-01","21.1833","-104.0667","419.7","PASO DE LA YESCA, MX","190.8","m","190.8",",m","0",",m","0",",m","0",",m","0",",m","0",",m","0",",m","31",",m","30",",m","11.7",",m,14,+","0.0",",,m,31,+","37.8",",m,31,+","0.0","m","0.0",",m","0.0",",,,m","24.49",",m","34.63",",,,m","14.35",",,,m"
"MXN00014107","1978-02","21.1833","-104.0667","419.7","PASO DE LA YESCA, MX","355.9","m","165.1",",m","1",",m","1",",m","0",",m","0",",m","0",",m","0",",m","28",",m","19",",m","11.1",",m,13,","14.0",",,m,11,","37.8",",m,26,","0.0","m","0.0",",m","14.0",",,,m","24.23",",m","33.26",",,,m","15.20",",,,m"
"MXN00014107","1978-03","21.1833","-104.0667","419.7","PASO DE LA YESCA, MX","655.9","m","300.0",",m","1",",m","0",",m","0",",m","0",",m","0",",m","0",",m","31",",m","31",",m","14.4",",m,09,","1.8",",,m,16,","42.8",",m,31,","0.0","m","0.0",",m","1.8",",,,m","28.01",",m","37.75",",,,m","18.27",",,,m"
"MXN00014107","1978-04","21.1833","-104.0667","419.7","PASO DE LA YESCA, MX","1009.3","m","353.4",",m","0",",m","0",",m","0",",m","0",",m","0",",m","0",",m","30",",m","30",",m","15.0",",m,12,","0.0",",,m,30,+","43.3",",m,25,","0.0","m","0.0",",m","0.0",",,,m","30.11",",m","39.92",",,,m","20.31",",,,m"
"MXN00014107","1978-05","21.1833","-104.0667","419.7","PASO DE LA YESCA, MX","1402.6","m","393.3",",m","2",",m","2",",m","2",",m","0",",m","0",",m","0",",m","31",",m","31",",m","17.8",",m,01,","57.2",",,m,14,","44.4",",m,13,","0.0","m","0.0",",m","95.8",",,,m","31.02",",m","41.36",",,,m","20.68",",,,m"
"MXN00014107","1978-06","21.1833","-104.0667","419.7","PASO DE LA YESCA, MX","1774.3","m","371.7",",m","13",",m","8",",m","1",",m","0",",m","0",",m","0",",m","30",",m","30",",m","20.0",",m,24,+","26.7",",,m,03,","43.3",",m,25,","0.0","m","0.0",",m","125.9",",,,m","30.72",",m","38.89",",,,m","22.56",",,,m"
"MXN00014107","1978-07","21.1833","-104.0667","419.7","PASO DE LA YESCA, MX","2080.1","m","305.8",",m","20",",m","16",",m","0",",m","0",",m","0",",m","0",",m","31",",m","31",",m","19.4",",m,08,","23.6",",,m,03,","37.2",",m,31,","0.0","m","0.0",",m","201.8",",,,m","28.20",",m","35.27",",,,m","21.12",",,,m"
"MXN00014107","1978-08","21.1833","-104.0667","419.7","PASO DE LA YESCA, MX","2418.6","m","338.5",",m","17",",m","12",",m","1",",m","0",",m","0",",m","0",",m","31",",m","31",",m","20.0",",m,15,+","30.0",",,m,10,","38.9",",m,29,+","0.0","m","0.0",",m","151.0",",,,m","29.25",",m","36.75",",,,m","21.76",",,,m"
"MXN00014107","1978-09","21.1833","-104.0667","419.7","PASO DE LA YESCA, MX","2731.8","m","313.2",",m","18",",m","16",",m","1",",m","0",",m","0",",m","0",",m","30",",m","29",",m","18.9",",m,15,","31.5",",,m,10,","38.3",",m,22,+","0.0","m","0.0",",m","174.5",",,,m","28.77",",m","35.93",",,,m","21.62",",,,m"
"MXN00014107","1978-10","21.1833","-104.0667","419.7","PASO DE LA YESCA, MX","3000.7","m","268.9",",m","7",",m","5",",m","1",",m","0",",m","0",",m","0",",m","31",",m","29",",m","13.9",",m,29,","40.4",",,m,06,","37.8",",m,31,","0.0","m","0.0",",m","77.5",",,,m","27.01",",m","34.72",",,,m","19.30",",,,m"
"MXN00014107","1978-11","21.1833","-104.0667","419.7","PASO DE LA YESCA, MX","3234.9","m","234.2",",m","1",",m","0",",m","0",",m","0",",m","0",",m","0",",m","30",",m","28",",m","13.9",",m,07,","0.8",",,m,28,","37.8",",m,24,+","0.0","m","0.0",",m","0.8",",,,m","26.14",",m","35.60",",,,m","16.68",",,,m"
"MXN00014107","1978-12","21.1833","-104.0667","419.7","PASO DE LA YESCA, MX","3448.9","m","214.0",",m","1",",m","0",",m","0",",m","0",",m","0",",m","0",",m","31",",m","31",",m","11.1",",m,25,","1.3",",,m,10,","36.7",",m,17,+","0.0","m","0.0",",m","1.3",",,,m","25.24",",m","34.81",",,,m","15.66",",,,m"
"MXN00014107","1979-01","21.1833","-104.0667","419.7","PASO DE LA YESCA, MX","175.0","","175.0",",m","0",",m","0",",m","0",",m","0",",m","0",",m","0",",m","31",",m","30",",m","10.6",",m,19,+","0.0",",,m,31,+","35.6",",m,31,+","0.0","","0.0",",m","0.0",",,,m","23.98",",m","33.89",",,,m","14.07",",,,m"
"MXN00014107","1979-02","21.1833","-104.0667","419.7","PASO DE LA YESCA, MX","375.5","","200.5",",m","1",",m","1",",m","0",",m","0",",m","0",",m","0",",m","28",",m","25",",m","10.6",",m,08,","2.8",",,m,04,","39.4",",m,25,","0.0","","0.0",",m","2.8",",,,m","25.49",",m","35.35",",,,m","15.64",",,,m"
"MXN00014107","1979-03","21.1833","-104.0667","419.7","PASO DE LA YESCA, MX","682.0","","306.5",",m","0",",m","0",",m","0",",m","0",",m","0",",m","0",",m","31",",m","31",",m","15.0",",m,05,","0.0",",,m,31,+","43.3",",m,30,","0.0","","0.0",",m","0.0",",,,m","28.22",",m","38.55",",,,m","17.89",",,,m"
"MXN00014107","1979-04","21.1833","-104.0667","419.7","PASO DE LA YESCA, MX","1032.1","","350.1",",m","0",",m","0",",m","0",",m","0",",m","0",",m","0",",m","30",",m","30",",m","15.0",",m,11,","0.0",",,m,30,+","43.9",",m,15,","0.0","","0.0",",m","0.0",",,,m","30.00",",m","40.88",",,,m","19.13",",,,m"
"MXN00014107","1979-05","21.1833","-104.0667","419.7","PASO DE LA YESCA, MX","1442.5","","410.4",",m","0",",m","0",",m","0",",m","0",",m","0",",m","0",",m","31",",m","31",",m","11.7",",m,05,","0.0",",,m,31,+","43.9",",m,23,","0.0","","0.0",",m","0.0",",,,m","31.57",",m","41.83",",,,m","21.32",",,,m"
"MXN00014107","1979-10","21.1833","-104.0667","419.7","PASO DE LA YESCA, MX","","","346.1",",m","0",",m","0",",m","0",",m","0",",m","0",",m","0",",m","31",",m","31",",m","13.9",",m,31,","0.0",",,m,31,+","43.9",",m,29,","","","0.0",",m","0.0",",,,m","29.50",",m","39.19",",,,m","19.81",",,,m"
"MXN00014107","1980-01","21.1833","-104.0667","419.7","PASO DE LA YESCA, MX","123.0","m","123.0","2,m","4",",m","2",",m","1",",m","0",",m","0",",m","0","2,m","29","2,m","22","2,m","8.9",",m,05,","32.0",",,m,24,","36.1","2,m,09,","","","0.5","2,m","52.3",",,,m","22.61","2,m","33.20","2,,,m","12.02",",,,m"
"MXN00014107","1980-02","21.1833","-104.0667","419.7","PASO DE LA YESCA, MX","297.7","m","174.7","1,m","2",",m","1",",m","0",",m","0",",m","0",",m","0","1,m","28","1,m","26","1,m","10.6",",m,06,+","19.1",",,m,12,","36.1","1,m,16,+","","","0.0","1,m","19.9",",,,m","24.61","1,m","34.30","1,,,m","14.92",",,,m"
"MXN00014107","1980-03","21.1833","-104.0667","419.7","PASO DE LA YESCA, MX","595.8","m","298.1",",m","0",",m","0",",m","0",",m","0",",m","0",",m","0",",m","31",",m","31",",m","10.0",",m,05,","0.0",",,m,31,+","42.8",",m,10,","","","0.0",",m","0.0",",,,m","27.95",",m","38.84",",,,m","17.06",",,,m"
"MXN00014107","1980-04","21.1833","-104.0667","419.7","PASO DE LA YESCA, MX","925.8","m","330.0",",m","0",",m","0",",m","0",",m","0",",m","0",",m","0",",m","30",",m","30",",m","15.6",",m,15,+","0.0",",,m,30,+","42.2",",m,28,+","","","0.0",",m","0.0",",,,m","29.33",",m","39.56",",,,m","19.11",",,,m"
"MXN00014107","1980-05","21.1833","-104.0667","419.7","PASO DE LA YESCA, MX","1345.4","m","419.6",",m","1",",m","0",",m","0",",m","0",",m","0",",m","0",",m","31",",m","30",",m","18.9",",m,16,","0.5",",,m,01,","43.9",",m,31,+","","","0.0",",m","0.5",",,,m","31.87",",m","41.26",",,,m","22.47",",,,m"
"MXN00014107","1980-06","21.1833","-104.0667","419.7","PASO DE LA YESCA, MX","1765.2","m","419.8",",m","11",",m","8",",m","2",",m","0",",m","0",",m","0",",m","30",",m","30",",m","20.0",",m,29,+","46.5",",,m,05,","45.0",",m,08,","","","0.0",",m","153.8",",,,m","32.33",",m","41.18",",,,m","23.47",",,,m"
"MXN00014107","1980-07","21.1833","-104.0667","419.7","PASO DE LA YESCA, MX","2084.6","m","319.4",",m","20",",m","15",",m","2",",m","0",",m","0",",m","0",",m","31",",m","30",",m","20.0",",m,17,+","35.3",",,m,11,","40.0",",m,03,","0.0","m","0.0",",m","200.0",",,,m","28.64",",m","35.69",",,,m","21.59",",,,m"
"MXN00014107","1980-08","21.1833","-104.0667","419.7","PASO DE LA YESCA, MX","2416.3","m","331.7",",m","14",",m","10",",m","1",",m","0",",m","0",",m","0",",m","31",",m","31",",m","20.6",",m,28,+","30.2",",,m,17,","37.8",",m,15,+","0.0","m","0.0",",m","156.2",",,,m","29.03",",m","35.86",",,,m","22.21",",,,m"
"MXN00014107","1980-09","21.1833","-104.0667","419.7","PASO DE LA YESCA, MX","2712.2","m","295.9",",m","17",",m","16",",m","5",",m","0",",m","0",",m","0",",m","30",",m","30",",m","20.0",",m,25,+","38.4",",,m,10,","37.2",",m,23,+","0.0","m","0.0",",m","254.6",",,,m","28.20",",m","35.06",",,,m","21.33",",,,m"
"MXN00014107","1980-10","21.1833","-104.0667","419.7","PASO DE LA YESCA, MX","2989.8","m","277.6",",m","3",",m","3",",m","0",",m","0",",m","0",",m","0",",m","31",",m","28",",m","16.1",",m,07,+","15.2",",,m,28,","38.9",",m,24,","0.0","m","0.0",",m","30.5",",,,m","27.29",",m","35.02",",,,m","19.55",",,,m"
"MXN00014107","1980-11","21.1833","-104.0667","419.7","PASO DE LA YESCA, MX","3189.5","m","199.7","1,m","2",",m","1",",m","1",",m","0",",m","0",",m","0","1,m","29","1,m","27","1,m","10.0",",m,29,","28.2",",,m,21,","36.7","1,m,04,+","0.0","m","0.0","1,m","28.5",",,,m","25.20","1,m","34.20","1,,,m","16.20",",,,m"
"MXN00014107","1980-12","21.1833","-104.0667","419.7","PASO DE LA YESCA, MX","3348.3","m","158.8",",m","4",",m","1",",m","0",",m","0",",m","0",",m","0",",m","31",",m","24",",m","8.9",",m,19,","7.9",",,m,23,","35.6",",m,15,+","0.3","m","0.3",",m","11.0",",,,m","23.45",",m","33.00",",,,m","13.89",",,,m"
"MXN00014107","1981-01","21.1833","-104.0667","419.7","PASO DE LA YESCA, MX","106.1","m","106.1",",m","4",",m","4",",m","0",",m","0",",m","0",",m","0",",m","30",",m","14",",m","8.9",",m,26,+","21.3",",,m,16,","35.0",",m,31,+","2.2","m","1.9",",m","58.9",",,,m","21.69",",m","30.56",",,,m","12.82",",,,m"
"MXN00014107","1981-02","21.1833","-104.0667","419.7","PASO DE LA YESCA, MX","300.3","m","194.2",",m","2",",m","1",",m","0",",m","0",",m","0",",m","0",",m","28",",m","28",",m","12.8",",m,10,","2.5",",,m,23,","38.9",",m,27,","2.2","m","0.0",",m","3.5",",,,m","25.27",",m","35.61",",,,m","14.93",",,,m"
"MXN00014107","1981-03","21.1833","-104.0667","419.7","PASO DE LA YESCA, MX","542.7","m","242.4",",m","2",",m","2",",m","0",",m","0",",m","0",",m","0",",m","31",",m","27",",m","13.3",",m,22,","3.8",",,m,11,","39.4",",m,26,+","2.2","m","0.0",",m","6.3",",,,m","26.15",",m","35.88",",,,m","16.42",",,,m"
"MXN00014107","1981-04","21.1833","-104.0667","419.7","PASO DE LA YESCA, MX","890.6","m","347.9",",m","1",",m","0",",m","0",",m","0",",m","0",",m","0",",m","30",",m","30",",m","16.7",",m,01,","2.0",",,m,17,","43.3",",m,05,","2.2","m","0.0",",m","2.0",",,,m","29.93",",m","39.50",",,,m","20.36",",,,m"
"MXN00014107","1981-05","21.1833","-104.0667","419.7","PASO DE LA YESCA, MX","1311.4","m","420.8",",m","0",",m","0",",m","0",",m","0",",m","0",",m","0",",m","31",",m","31",",m","17.8",",m,04,","0.0",",,m,31,+","43.9",",m,19,","2.2","m","0.0",",m","0.0",",,,m","31.91",",m","41.08",",,,m","22.74",",,,m"
"MXN00014107","1981-06","21.1833","-104.0667","419.7","PASO DE LA YESCA, MX","1690.1","m","378.7",",m","15",",m","13",",m","5",",m","0",",m","0",",m","0",",m","30",",m","29",",m","20.6",",m,29,+","53.8",",,m,16,","45.0",",m,17,","2.2","m","0.0",",m","320.9",",,,m","30.96",",m","38.87",",,,m","23.04",",,,m"
"MXN00014107","1981-07","21.1833","-104.0667","419.7","PASO DE LA YESCA, MX","1994.8","m","304.7",",m","23",",m","19",",m","1",",m","0",",m","0",",m","0",",m","31",",m","29",",m","20.6",",m,31,+","34.0",",,m,04,","37.2",",m,05,","0.0","m","0.0",",m","289.5",",,,m","28.16",",m","34.66",",,,m","21.66",",,,m"
"MXN00014107","1981-08","21.1833","-104.0667","419.7","PASO DE LA YESCA, MX","2319.4","m","324.6",",m","15",",m","8",",m","0",",m","0",",m","0",",m","0",",m","31",",m","31",",m","20.0",",m,14,+","16.8",",,m,13,","37.8",",m,23,+","0.0","m","0.0",",m","98.8",",,,m","28.80",",m","35.95",",,,m","21.66",",,,m"
"MXN00014107","1981-09","21.1833","-104.0667","419.7","PASO DE LA YESCA, MX","2634.4","m","315.0",",m","10",",m","9",",m","2",",m","0",",m","0",",m","0",",m","30",",m","26",",m","18.9",",m,20,+","31.2",",,m,03,","41.1",",m,25,","0.0","m","0.0",",m","113.1",",,,m","28.83",",m","35.77",",,,m","21.90",",,,m"
"MXN00014107","1981-10","21.1833","-104.0667","419.7","PASO DE LA YESCA, MX","2950.1","m","315.7",",m","3",",m","2",",m","0",",m","0",",m","0",",m","0",",m","31",",m","31",",m","16.7",",m,28,+","8.4",",,m,01,","37.8",",m,22,+","0.0","m","0.0",",m","17.0",",,,m","28.52",",m","36.54",",,,m","20.50",",,,m"
"MXN00014107","1981-11","21.1833","-104.0667","419.7","PASO DE LA YESCA, MX","3197.0","m","246.9",",m","1",",m","1",",m","0",",m","0",",m","0",",m","0",",m","30",",m","30",",m","12.8",",m,26,+","4.6",",,m,01,","38.9",",m,06,","0.0","m","0.0",",m","4.6",",,,m","26.56",",m","36.56",",,,m","16.57",",,,m"
"MXN00014107","1981-12","21.1833","-104.0667","419.7","PASO DE LA YESCA, MX","3367.4","m","170.4",",m","1",",m","1",",m","0",",m","0",",m","0",",m","0",",m","31",",m","27",",m","11.1",",m,23,","10.2",",,m,05,","35.6",",m,29,+","0.0","m","0.0",",m","10.2",",,,m","23.83",",m","33.69",",,,m","13.97",",,,m"
"MXN00014107","1982-01","21.1833","-104.0667","419.7","PASO DE LA YESCA, MX","186.9","m","186.9",",m","0",",m","0",",m","0",",m","0",",m","0",",m","0",",m","31",",m","31",",m","10.6",",m,05,+","0.0",",,m,31,+","37.8",",m,25,+","0.0","m","0.0",",m","0.0",",,,m","24.36",",m","35.28",",,,m","13.44",",,,m"
"MXN00014107","1982-02","21.1833","-104.0667","419.7","PASO DE LA YESCA, MX","400.4","m","213.5",",m","0",",m","0",",m","0",",m","0",",m","0",",m","0",",m","28",",m","28",",m","11.7",",m,05,+","0.0",",,m,28,+","40.0",",m,23,+","0.0","m","0.0",",m","0.0",",,,m","25.96",",m","37.11",",,,m","14.80",",,,m"
"MXN00014107","1982-03","21.1833","-104.0667","419.7","PASO DE LA YESCA, MX","701.9","m","301.5",",m","0",",m","0",",m","0",",m","0",",m","0",",m","0",",m","31",",m","31",",m","14.4",",m,07,+","0.0",",,m,31,+","43.3",",m,31,","0.0","m","0.0",",m","0.0",",,,m","28.06",",m","39.14",",,,m","16.97",",,,m"
"MXN00014107","1982-04","21.1833","-104.0667","419.7","PASO DE LA YESCA, MX","1087.8","m","385.9",",m","0",",m","0",",m","0",",m","0",",m","0",",m","0",",m","30",",m","30",",m","18.9",",m,16,+","0.0",",,m,30,+","44.4",",m,04,+","0.0","m","0.0",",m","0.0",",,,m","31.20",",m","41.66",",,,m","20.73",",,,m"
"MXN00014107","1982-05","21.1833","-104.0667","419.7","PASO DE LA YESCA, MX","1524.5","m","436.7",",m","0",",m","0",",m","0",",m","0",",m","0",",m","0",",m","31",",m","31",",m","20.6",",m,01,","0.0",",,m,31,+","42.8",",m,31,+","0.0","m","0.0",",m","0.0",",,,m","32.42",",m","40.91",",,,m","23.93",",,,m"
"MXN00014107","1982-06","21.1833","-104.0667","419.7","PASO DE LA YESCA, MX","1976.4","m","451.9",",m","6",",m","4",",m","1",",m","0",",m","0",",m","0",",m","30",",m","30",",m","21.7",",m,28,","49.5",",,m,30,","45.6",",m,01,","0.0","m","0.0",",m","106.7",",,,m","33.40",",m","41.70",",,,m","25.10",",,,m"
"MXN00014107","1982-07","21.1833","-104.0667","419.7","PASO DE LA YESCA, MX","2273.0","m","296.6",",m","22",",m","20",",m","1",",m","0",",m","0",",m","0",",m","31",",m","27",",m","20.0",",m,26,+","40.1",",,m,18,","38.9",",m,08,","0.0","m","0.0",",m","261.5",",,,m","27.90",",m","34.87",",,,m","20.93",",,,m"
"MXN00014107","1982-08","21.1833","-104.0667","419.7","PASO DE LA YESCA, MX","2575.8","m","302.8",",m","13",",m","10",",m","4",",m","0",",m","0",",m","0",",m","31",",m","30",",m","17.8",",m,16,","72.4",",,m,22,","37.2",",m,31,","0.0","m","0.0",",m","236.6",",,,m","28.10",",m","35.09",",,,m","21.11",",,,m"
"MXN00014107","1982-09","21.1833","-104.0667","419.7","PASO DE LA YESCA, MX","2901.2","m","325.4",",m","5",",m","4",",m","0",",m","0",",m","0",",m","0",",m","30",",m","30",",m","20.0",",m,01,","19.6",",,m,06,","39.4",",m,22,","0.0","m","0.0",",m","40.0",",,,m","29.18",",m","36.53",",,,m","21.82",",,,m"
"MXN00014107","1982-10","21.1833","-104.0667","419.7","PASO DE LA YESCA, MX","3224.4","m","323.2",",m","5",",m","2",",m","0",",m","0",",m","0",",m","0",",m","31",",m","29",",m","15.6",",m,26,","12.2",",,m,05,","40.0",",m,01,","0.0","m","0.0",",m","20.4",",,,m","28.76",",m","36.69",",,,m","20.83",",,,m"
"MXN00014107","1982-11","21.1833","-104.0667","419.7","PASO DE LA YESCA, MX","3413.8","m","189.4","2,m","2",",m","2",",m","1",",m","0",",m","0",",m","0","2,m","28","2,m","27","2,m","12.2",",m,07,","54.4",",,m,26,","37.8","2,m,01,","0.0","m","0.0","2,m","60.0",",,,m","25.15","2,m","35.21","2,,,m","15.08",",,,m"
"MXN00014107","1982-12","21.1833","-104.0667","419.7","PASO DE LA YESCA, MX","3506.8","m","93.0","2,m","7",",m","4",",m","1",",m","0",",m","0",",m","0","2,m","29","2,m","6","2,m","10.0",",m,23,+","37.1",",,m,13,","33.3","2,m,11,+","0.0","m","0.0","2,m","85.4",",,,m","21.62","2,m","30.34","2,,,m","12.91",",,,m"
"MXN00014107","1983-01","21.1833","-104.0667","419.7","PASO DE LA YESCA, MX","75.1","m","75.1",",m","6",",m","2",",m","0",",m","0",",m","0",",m","0",",m","30",",m","2",",m","7.8",",m,26,","21.1",",,m,15,","33.3",",m,29,","3.6","m","3.6",",m","32.4",",,,m","20.64",",m","29.07",",,,m","12.20",",,,m"
"MXN00014107","1983-02","21.1833","-104.0667","419.7","PASO DE LA YESCA, MX","163.7","m","88.6",",m","1",",m","0",",m","0",",m","0",",m","0",",m","0",",m","28",",m","14",",m","8.3",",m,17,+","1.0",",,m,25,","35.0",",m,28,","3.6","m","0.0",",m","1.0",",,,m","21.50",",m","32.21",",,,m","10.79",",,,m"
"MXN00014107","1983-03","21.1833","-104.0667","419.7","PASO DE LA YESCA, MX","366.9","m","203.2",",m","1",",m","1",",m","0",",m","0",",m","0",",m","0",",m","31",",m","26",",m","10.6",",m,18,+","6.1",",,m,12,","40.6",",m,31,","3.6","m","0.0",",m","6.1",",,,m","24.89",",m","35.45",",,,m","14.33",",,,m"
"MXN00014107","1983-04","21.1833","-104.0667","419.7","PASO DE LA YESCA, MX","665.3","m","298.4",",m","0",",m","0",",m","0",",m","0",",m","0",",m","0",",m","30",",m","29",",m","11.7",",m,25,","0.0",",,m,30,+","43.3",",m,30,","3.6","m","0.0",",m","0.0",",,,m","28.28",",m","38.83",",,,m","17.73",",,,m"
"MXN00014107","1983-05","21.1833","-104.0667","419.7","PASO DE LA YESCA, MX","1043.4","m","378.1","3,m","4",",m","3",",m","3",",m","0",",m","0",",m","0","3,m","28","3,m","28","3,m","19.4",",m,06,","45.2",",,m,26,","43.9","3,m,22,+","3.6","m","0.0","3,m","106.0",",,,m","31.76","3,m","41.71","3,,,m","21.81",",,,m"
"MXN00014107","1983-06","21.1833","-104.0667","419.7","PASO DE LA YESCA, MX","1445.9","m","402.5",",m","2",",m","2",",m","1",",m","0",",m","0",",m","0",",m","30",",m","30",",m","20.0",",m,04,","58.2",",,m,21,","42.8",",m,10,","3.6","m","0.0",",m","61.2",",,,m","31.75",",m","39.96",",,,m","23.54",",,,m"
"MXN00014107","1983-07","21.1833","-104.0667","419.7","PASO DE LA YESCA, MX","1747.7","m","301.8",",m","25",",m","19",",m","4",",m","0",",m","0",",m","0",",m","31",",m","27",",m","20.6",",m,30,+","48.3",",,m,11,","37.8",",m,01,","0.0","m","0.0",",m","380.0",",,,m","28.07",",m","34.44",",,,m","21.70",",,,m"
"MXN00014107","1983-08","21.1833","-104.0667","419.7","PASO DE LA YESCA, MX","2042.2","m","294.5",",m","19",",m","13",",m","1",",m","0",",m","0",",m","0",",m","31",",m","29",",m","20.0",",m,30,+","29.0",",,m,06,","37.2",",m,19,","0.0","m","0.0",",m","158.7",",,,m","27.83",",m","34.66",",,,m","21.01",",,,m"
"MXN00014107","1983-09","21.1833","-104.0667","419.7","PASO DE LA YESCA, MX","2353.6","m","311.4",",m","14",",m","9",",m","0",",m","0",",m","0",",m","0",",m","30",",m","29",",m","20.0",",m,27,+","18.8",",,m,12,","38.9",",m,07,","0.0","m","0.0",",m","83.7",",,,m","28.71",",m","35.58",",,,m","21.84",",,,m"
"MXN00014107","1983-10","21.1833","-104.0667","419.7","PASO DE LA YESCA, MX","2690.6","m","337.0",",m","2",",m","2",",m","0",",m","0",",m","0",",m","0",",m","31",",m","30",",m","17.8",",m,29,+","3.3",",,m,25,","40.0",",m,05,","0.0","m","0.0",",m","6.1",",,,m","29.20",",m","36.91",",,,m","21.50",",,,m"
"MXN00014107","1983-11","21.1833","-104.0667","419.7","PASO DE LA YESCA, MX","2901.3","m","210.7",",m","5",",m","2",",m","0",",m","0",",m","0",",m","0",",m","30",",m","28",",m","11.1",",m,20,","13.0",",,m,03,","38.3",",m,01,","0.0","m","0.0",",m","23.8",",,,m","25.36",",m","34.77",",,,m","15.94",",,,m"
"MXN00014107","1983-12","21.1833","-104.0667","419.7","PASO DE LA YESCA, MX","3068.9","m","167.6",",m","0",",m","0",",m","0",",m","0",",m","0",",m","0",",m","31",",m","30",",m","10.0",",m,18,+","0.0",",,m,31,+","37.2",",m,11,","0.0","m","0.0",",m","0.0",",,,m","23.74",",m","34.53",",,,m","12.95",",,,m"
"MXN00014107","1984-01","21.1833","-104.0667","419.7","PASO DE LA YESCA, MX","142.1","m","142.1",",m","3",",m","2",",m","0",",m","0",",m","0",",m","0",",m","31",",m","18",",m","10.6",",m,26,+","23.9",",,m,30,","36.1",",m,29,+","1.6","m","1.6",",m","32.6",",,,m","22.86",",m","31.66",",,,m","14.06",",,,m"
"MXN00014107","1984-02","21.1833","-104.0667","419.7","PASO DE LA YESCA, MX","311.2","m","169.1",",m","2",",m","0",",m","0",",m","0",",m","0",",m","0",",m","29",",m","27",",m","10.6",",m,15,+","1.8",",,m,07,","37.8",",m,16,","1.6","m","0.0",",m","2.6",",,,m","24.17",",m","34.40",",,,m","13.93",",,,m"
"MXN00014107","1984-03","21.1833","-104.0667","419.7","PASO DE LA YESCA, MX","572.7","m","261.5",",m","0",",m","0",",m","0",",m","0",",m","0",",m","0",",m","31",",m","31",",m","13.3",",m,13,+","0.0",",,m,31,+","41.1",",m,15,","1.6","m","0.0",",m","0.0",",,,m","26.77",",m","37.66",",,,m","15.87",",,,m"
"MXN00014107","1984-04","21.1833","-104.0667","419.7","PASO DE LA YESCA, MX","907.4","m","334.7",",m","0",",m","0",",m","0",",m","0",",m","0",",m","0",",m","30",",m","30",",m","15.0",",m,09,","0.0",",,m,30,+","42.2",",m,05,","1.6","m","0.0",",m","0.0",",,,m","29.49",",m","40.05",",,,m","18.93",",,,m"
"MXN00014107","1984-05","21.1833","-104.0667","419.7","PASO DE LA YESCA, MX","1300.4","m","393.0",",m","5",",m","3",",m","0",",m","0",",m","0",",m","0",",m","31",",m","31",",m","17.8",",m,13,+","19.6",",,m,12,","44.4",",m,23,","1.6","m","0.0",",m","37.0",",,,m","31.01",",m","40.17",",,,m","21.85",",,,m"
"MXN00014107","1984-06","21.1833","-104.0667","419.7","PASO DE LA YESCA, MX","1658.0","m","357.6",",m","16",",m","14",",m","2",",m","0",",m","0",",m","0",",m","30",",m","30",",m","20.0",",m,30,+","46.7",",,m,16,","42.8",",m,08,","1.6","m","0.0",",m","205.2",",,,m","30.25",",m","37.99",",,,m","22.51",",,,m"
"MXN00014107","1984-08","21.1833","-104.0667","419.7","PASO DE LA YESCA, MX","","","296.8",",m","14",",m","12",",m","3",",m","0",",m","0",",m","0",",m","31",",m","28",",m","19.4",",m,29,","46.7",",,m,24,","37.2",",m,05,","","","0.0",",m","202.4",",,,m","27.91",",m","34.64",",,,m","21.18",",,,m"
"MXN00014107","1984-09","21.1833","-104.0667","419.7","PASO DE LA YESCA, MX","","","284.8",",m","11",",m","7",",m","0",",m","0",",m","0",",m","0",",m","30",",m","27",",m","17.8",",m,17,","18.8",",,m,22,","38.3",",m,28,","","","0.0",",m","68.8",",,,m","27.83",",m","34.94",",,,m","20.72",",,,m"
"MXN00014107","1984-10","21.1833","-104.0667","419.7","PASO DE LA YESCA, MX","","","285.7",",m","4",",m","3",",m","1",",m","0",",m","0",",m","0",",m","31",",m","31",",m","16.1",",m,19,","25.4",",,m,24,","38.9",",m,07,","","","0.0",",m","42.7",",,,m","27.55",",m","36.30",",,,m","18.79",",,,m"
"MXN00014107","1984-11","21.1833","-104.0667","419.7","PASO DE LA YESCA, MX","","","222.0",",m","0",",m","0",",m","0",",m","0",",m","0",",m","0",",m","30",",m","29",",m","12.8",",m,29,+","0.0",",,m,30,+","37.8",",m,02,","","","0.0",",m","0.0",",,,m","25.73",",m","35.38",",,,m","16.08",",,,m"
"MXN00014107","1984-12","21.1833","-104.0667","419.7","PASO DE LA YESCA, MX","","","198.7",",m","0",",m","0",",m","0",",m","0",",m","0",",m","0",",m","31",",m","26",",m","12.8",",m,16,","0.0",",,m,31,+","37.8",",m,09,","","","0.0",",m","0.0",",,,m","24.74",",m","33.99",",,,m","15.49",",,,m"
"MXN00014107","1985-01","21.1833","-104.0667","419.7","PASO DE LA YESCA, MX","134.8","m","134.8",",m","3",",m","1",",m","0",",m","0",",m","0",",m","0",",m","31",",m","16",",m","7.8",",m,08,","8.1",",,m,13,","36.1",",m,25,","","","0.0",",m","9.4",",,,m","22.68",",m","31.67",",,,m","13.69",",,,m"
"MXN00014107","1985-02","21.1833","-104.0667","419.7","PASO DE LA YESCA, MX","318.7","m","183.9",",m","0",",m","0",",m","0",",m","0",",m","0",",m","0",",m","28",",m","25",",m","10.6",",m,01,","0.0",",,m,28,+","38.9",",m,05,","","","0.0",",m","0.0",",,,m","24.90",",m","35.27",",,,m","14.53",",,,m"
"MXN00014107","1985-03","21.1833","-104.0667","419.7","PASO DE LA YESCA, MX","620.2","m","301.5",",m","0",",m","0",",m","0",",m","0",",m","0",",m","0",",m","31",",m","31",",m","15.0",",m,31,+","0.0",",,m,31,+","41.1",",m,25,","","","0.0",",m","0.0",",,,m","28.06",",m","38.48",",,,m","17.64",",,,m"
"MXN00014107","1985-04","21.1833","-104.0667","419.7","PASO DE LA YESCA, MX","951.9","m","331.7",",m","0",",m","0",",m","0",",m","0",",m","0",",m","0",",m","30",",m","30",",m","16.1",",m,01,","0.0",",,m,30,+","43.3",",m,29,","","","0.0",",m","0.0",",,,m","29.39",",m","39.19",",,,m","19.58",",,,m"
"MXN00014107","1985-05","21.1833","-104.0667","419.7","PASO DE LA YESCA, MX","1388.4","m","436.5",",m","1",",m","0",",m","0",",m","0",",m","0",",m","0",",m","31",",m","31",",m","19.4",",m,05,","1.0",",,m,08,","44.4",",m,09,+","","","0.0",",m","1.0",",,,m","32.41",",m","41.74",",,,m","23.09",",,,m"
"MXN00014107","1985-06","21.1833","-104.0667","419.7","PASO DE LA YESCA, MX","1754.1","m","365.7",",m","12",",m","11",",m","2",",m","0",",m","0",",m","0",",m","30",",m","28",",m","20.0",",m,13,","48.3",",,m,18,","42.8",",m,01,","","","0.0",",m","196.2",",,,m","30.52",",m","37.89",",,,m","23.15",",,,m"
"MXN00014107","1985-07","21.1833","-104.0667","419.7","PASO DE LA YESCA, MX","2039.9","m","285.8",",m","19",",m","16",",m","2",",m","0",",m","0",",m","0",",m","31",",m","25",",m","18.9",",m,29,","44.7",",,m,30,","38.9",",m,13,","0.0","m","0.0",",m","218.2",",,,m","27.55",",m","34.01",",,,m","21.10",",,,m"
"MXN00014107","1985-08","21.1833","-104.0667","419.7","PASO DE LA YESCA, MX","2366.1","m","326.2",",m","13",",m","9",",m","1",",m","0",",m","0",",m","0",",m","31",",m","30",",m","18.9",",m,02,","31.2",",,m,01,","40.0",",m,24,+","0.0","m","0.0",",m","91.0",",,,m","28.85",",m","36.09",",,,m","21.62",",,,m"
"MXN00014107","1985-09","21.1833","-104.0667","419.7","PASO DE LA YESCA, MX","2668.1","m","302.0",",m","10",",m","9",",m","2",",m","0",",m","0",",m","0",",m","30",",m","30",",m","18.3",",m,09,","44.2",",,m,12,","39.4",",m,01,","0.0","m","0.0",",m","156.3",",,,m","28.40",",m","36.15",",,,m","20.65",",,,m"
"MXN00014107","1985-10","21.1833","-104.0667","419.7","PASO DE LA YESCA, MX","2975.6","m","307.5",",m","5",",m","5",",m","1",",m","0",",m","0",",m","0",",m","31",",m","30",",m","16.1",",m,29,+","28.7",",,m,17,","40.0",",m,04,","0.0","m","0.0",",m","64.5",",,,m","28.25",",m","36.55",",,,m","19.95",",,,m"
"MXN00014107","1985-11","21.1833","-104.0667","419.7","PASO DE LA YESCA, MX","3189.3","m","213.7",",m","0",",m","0",",m","0",",m","0",",m","0",",m","0",",m","30",",m","30",",m","11.1",",m,05,","0.0",",,m,30,+","37.8",",m,13,+","0.0","m","0.0",",m","0.0",",,,m","25.46",",m","35.12",",,,m","15.79",",,,m"
"MXN00014107","1985-12","21.1833","-104.0667","419.7","PASO DE LA YESCA, MX","3340.0","m","150.7",",m","3",",m","1",",m","0",",m","0",",m","0",",m","0",",m","31",",m","25",",m","10.0",",m,16,","8.4",",,m,20,","36.7",",m,31,+","0.0","m","0.0",",m","11.0",",,,m","23.20",",m","33.25",",,,m","13.14",",,,m"
"MXN00014107","1986-01","21.1833","-104.0667","419.7","PASO DE LA YESCA, MX","153.8","m","153.8",",m","0",",m","0",",m","0",",m","0",",m","0",",m","0",",m","31",",m","27",",m","9.4",",m,20,","0.0",",,m,31,+","37.8",",m,14,","0.0","m","0.0",",m","0.0",",,,m","23.29",",m","34.41",",,,m","12.18",",,,m"
"MXN00014107","1986-03","21.1833","-104.0667","419.7","PASO DE LA YESCA, MX","","","259.1",",m","0",",m","0",",m","0",",m","0",",m","0",",m","0",",m","31",",m","31",",m","12.2",",m,15,","0.0",",,m,31,+","41.7",",m,31,","","","0.0",",m","0.0",",,,m","26.69",",m","37.61",",,,m","15.77",",,,m"
"MXN00014107","1986-04","21.1833","-104.0667","419.7","PASO DE LA YESCA, MX","","","381.3",",m","0",",m","0",",m","0",",m","0",",m","0",",m","0",",m","30",",m","30",",m","17.2",",m,04,","0.0",",,m,30,+","45.0",",m,15,","","","0.0",",m","0.0",",,,m","31.04",",m","41.01",",,,m","21.07",",,,m"
"MXN00014107","1986-05","21.1833","-104.0667","419.7","PASO DE LA YESCA, MX","","","435.6",",m","0",",m","0",",m","0",",m","0",",m","0",",m","0",",m","31",",m","31",",m","18.9",",m,07,+","0.0",",,m,31,+","44.4",",m,17,+","","","0.0",",m","0.0",",,,m","32.39",",m","41.89",",,,m","22.88",",,,m"
"MXN00014107","1986-06","21.1833","-104.0667","419.7","PASO DE LA YESCA, MX","","","356.7",",m","16",",m","11",",m","0",",m","0",",m","0",",m","0",",m","30",",m","29",",m","21.1",",m,20,+","22.6",",,m,30,","41.1",",m,07,","","","0.0",",m","159.2",",,,m","30.22",",m","37.67",",,,m","22.77",",,,m"
"MXN00014107","1986-07","21.1833","-104.0667","419.7","PASO DE LA YESCA, MX","","","307.9",",m","20",",m","16",",m","4",",m","0",",m","0",",m","0",",m","31",",m","27",",m","20.0",",m,31,+","40.4",",,m,17,","38.9",",m,29,","0.0","m","0.0",",m","224.1",",,,m","28.26",",m","34.97",",,,m","21.56",",,,m"
"MXN00014107","1986-08","21.1833","-104.0667","419.7","PASO DE LA YESCA, MX","","","321.5",",m","14",",m","12",",m","3",",m","0",",m","0",",m","0",",m","31",",m","27",",m","17.8",",m,09,","41.9",",,m,21,","40.0",",m,10,+","0.0","m","0.0",",m","213.8",",,,m","28.70",",m","36.54",",,,m","20.87",",,,m"
"MXN00014107","1986-09","21.1833","-104.0667","419.7","PASO DE LA YESCA, MX","","","319.5",",m","9",",m","7",",m","0",",m","0",",m","0",",m","0",",m","30",",m","30",",m","20.0",",m,13,+","18.3",",,m,12,","40.0",",m,29,","0.0","m","0.0",",m","73.6",",,,m","28.98",",m","36.20",",,,m","21.77",",,,m"
"MXN00014107","1986-10","21.1833","-104.0667","419.7","PASO DE LA YESCA, MX","","","260.5",",m","7",",m","6",",m","0",",m","0",",m","0",",m","0",",m","31",",m","27",",m","11.7",",m,31,","19.8",",,m,04,","37.8",",m,09,","0.0","m","0.0",",m","64.5",",,,m","26.74",",m","34.16",",,,m","19.31",",,,m"
"MXN00014107","1986-11","21.1833","-104.0667","419.7","PASO DE LA YESCA, MX","","","243.9",",m","1",",m","1",",m","0",",m","0",",m","0",",m","0",",m","30",",m","28",",m","11.7",",m,01,","8.1",",,m,04,","40.6",",m,19,","0.0","m","0.0",",m","8.1",",,,m","26.46",",m","36.25",",,,m","16.67",",,,m"
"MXN00014107","1986-12","21.1833","-104.0667","419.7","PASO DE LA YESCA, MX","","","161.8",",m","1",",m","0",",m","0",",m","0",",m","0",",m","0",",m","31",",m","19",",m","8.3",",m,27,","0.3",",,m,13,","36.7",",m,15,","0.5","m","0.5",",m","0.3",",,,m","23.53",",m","32.85",",,,m","14.22",",,,m"
"MXN00014107","1987-02","21.1833","-104.0667","419.7","PASO DE LA YESCA, MX","","","112.9","3,m","3",",m","3",",m","1",",m","0","1,m","0","1,m","0","3,m","25","3,m","15","3,m","10.6","1,m,26,+","40.4",",,m,25,","35.6","3,m,18,","","","0.0","3,m","60.7",",,,m","22.79","3,m","32.34","3,,,m","13.23","1,,,m"
