"STATION","DATE","LATITUDE","LONGITUDE","ELEVATION","NAME","CDSD","CDSD_ATTRIBUTES","CLDD","CLDD_ATTRIBUTES","DP01","DP01_ATTRIBUTES","DP10","DP10_ATTRIBUTES","DP1X","DP1X_ATTRIBUTES","DT00","DT00_ATTRIBUTES","DT32","DT32_ATTRIBUTES","DX32","DX32_ATTRIBUTES","DX70","DX70_ATTRIBUTES","DX90","DX90_ATTRIBUTES","EMNT","EMNT_ATTRIBUTES","EMXP","EMXP_ATTRIBUTES","EMXT","EMXT_ATTRIBUTES","HDSD","HDSD_ATTRIBUTES","HTDD","HTDD_ATTRIBUTES","PRCP","PRCP_ATTRIBUTES","TAVG","TAVG_ATTRIBUTES","TMAX","TMAX_ATTRIBUTES","TMIN","TMIN_ATTRIBUTES"
"MXN00026197","1977-01","26.9833","-109.2167","159.7","EL VERANITO, MX","1.1","m","1.1",",m","1",",m","1",",m","0",",m","0",",m","0",",m","0",",m","25",",m","0",",m","0.6",",m,01,","10.9",",,m,19,","30.0",",m,19,+","","","130.2",",m","10.9",",,,m","14.17",",m","23.54",",,,m","4.80",",,,m"
"MXN00026197","1977-02","26.9833","-109.2167","159.7","EL VERANITO, MX","12.1","m","11.0",",m","0",",m","0",",m","0",",m","0",",m","0",",m","0",",m","27",",m","1",",m","1.7",",m,27,","0.0",",,m,28,+","32.8",",m,16,","","","37.1",",m","0.0",",,,m","17.40",",m","27.28",",,,m","7.53",",,,m"
"MXN00026197","1977-03","26.9833","-109.2167","159.7","EL VERANITO, MX","33.1","m","21.0",",m","0",",m","0",",m","0",",m","0",",m","0",",m","0",",m","31",",m","0",",m","5.0",",m,20,+","0.0",",,m,31,+","31.7",",m,23,+","","","23.4",",m","0.0",",,,m","18.26",",m","28.40",",,,m","8.11",",,,m"
"MXN00026197","1977-04","26.9833","-109.2167","159.7","EL VERANITO, MX","117.4","m","84.3",",m","0",",m","0",",m","0",",m","0",",m","0",",m","0",",m","30",",m","8",",m","5.6",",m,02,","0.0",",,m,30,+","35.0",",m,27,+","","","6.1",",m","0.0",",,,m","20.94",",m","30.70",",,,m","11.18",",,,m"
"MXN00026197","1977-05","26.9833","-109.2167","159.7","EL VERANITO, MX","289.2","m","171.8",",m","0",",m","0",",m","0",",m","0",",m","0",",m","0",",m","31",",m","22",",m","10.0",",m,16,+","0.0",",,m,31,+","39.4",",m,02,","","","0.0",",m","0.0",",,,m","23.88",",m","33.27",",,,m","14.48",",,,m"
"MXN00026197","1977-06","26.9833","-109.2167","159.7","EL VERANITO, MX","612.0","m","322.8",",m","2",",m","0",",m","0",",m","0",",m","0",",m","0",",m","30",",m","29",",m","10.0",",m,11,","0.8",",,m,30,+","38.9",",m,29,+","","","0.0",",m","1.6",",,,m","29.09",",m","36.95",",,,m","21.23",",,,m"
"MXN00026197","1977-07","26.9833","-109.2167","159.7","EL VERANITO, MX","968.4","m","356.4","1,m","5",",m","4",",m","1",",m","0","1,m","0","1,m","0",",m","31",",m","31",",m","18.3","1,m,31,+","35.3",",,m,21,","38.9",",m,14,","0.0","m","0.0",",m","61.5",",,,m","30.23","1,m","36.97",",,,m","23.48","1,,,m"
"MXN00026197","1977-08","26.9833","-109.2167","159.7","EL VERANITO, MX","1333.8","m","365.4",",m","7",",m","4",",m","0",",m","0",",m","0",",m","0",",m","31",",m","27",",m","21.7",",m,21,+","19.8",",,m,15,","40.6",",m,04,","0.0","m","0.0",",m","38.6",",,,m","30.12",",m","35.75",",,,m","24.49",",,,m"
"MXN00026197","1977-09","26.9833","-109.2167","159.7","EL VERANITO, MX","1697.2","m","363.4",",m","3",",m","3",",m","0",",m","0",",m","0",",m","0",",m","30",",m","30",",m","21.1",",m,18,+","7.4",",,m,13,","40.0",",m,03,","0.0","m","0.0",",m","16.5",",,,m","30.45",",m","37.05",",,,m","23.84",",,,m"
"MXN00026197","1977-10","26.9833","-109.2167","159.7","EL VERANITO, MX","1974.5","m","277.3",",m","2",",m","1",",m","0",",m","0",",m","0",",m","0",",m","31",",m","25",",m","13.9",",m,24,","8.9",",,m,19,","39.4",",m,03,","0.0","m","0.0",",m","9.7",",,,m","27.28",",m","34.53",",,,m","20.03",",,,m"
"MXN00026197","1977-11","26.9833","-109.2167","159.7","EL VERANITO, MX","2081.0","m","106.5",",m","0",",m","0",",m","0",",m","0",",m","0",",m","0",",m","30",",m","7",",m","9.4",",m,30,","0.0",",,m,30,+","33.9",",m,05,+","0.5","m","0.5",",m","0.0",",,,m","21.87",",m","30.71",",,,m","13.02",",,,m"
"MXN00026197","1977-12","26.9833","-109.2167","159.7","EL VERANITO, MX","2117.3","m","36.3",",m","0",",m","0",",m","0",",m","0",",m","0",",m","0",",m","31",",m","0",",m","7.2",",m,19,","0.0",",,m,31,+","30.0",",m,27,+","3.7","m","3.2",",m","0.0",",,,m","19.40",",m","28.24",",,,m","10.57",",,,m"
"MXN00026197","1978-01","26.9833","-109.2167","159.7","EL VERANITO, MX","15.1","m","15.1",",m","0",",m","0",",m","0",",m","0",",m","0",",m","0",",m","31",",m","0",",m","3.9",",m,20,+","0.0",",,m,31,+","31.7",",m,10,+","18.7","m","15.0",",m","0.0",",,,m","18.33",",m","28.78",",,,m","7.89",",,,m"
"MXN00026197","1978-02","26.9833","-109.2167","159.7","EL VERANITO, MX","21.6","m","6.5",",m","3",",m","1",",m","0",",m","0",",m","0",",m","0",",m","26",",m","2",",m","1.7",",m,13,","7.4",",,m,10,","35.0",",m,05,","75.0","m","56.3",",m","9.5",",,,m","16.55",",m","27.20",",,,m","5.90",",,,m"
"MXN00026197","1978-03","26.9833","-109.2167","159.7","EL VERANITO, MX","90.5","m","68.9",",m","0",",m","0",",m","0",",m","0",",m","0",",m","0",",m","30",",m","8",",m","5.6",",m,13,+","0.0",",,m,31,+","35.0",",m,17,","84.9","m","9.9",",m","0.0",",,,m","20.24",",m","29.75",",,,m","10.73",",,,m"
"MXN00026197","1978-04","26.9833","-109.2167","159.7","EL VERANITO, MX","150.5","m","60.0",",m","0",",m","0",",m","0",",m","0",",m","0",",m","0",",m","30",",m","14",",m","2.8",",m,05,","0.0",",,m,30,+","35.0",",m,26,+","94.6","m","9.7",",m","0.0",",,,m","20.01",",m","31.16",",,,m","8.87",",,,m"
"MXN00026197","1978-05","26.9833","-109.2167","159.7","EL VERANITO, MX","364.7","m","214.2",",m","0",",m","0",",m","0",",m","0",",m","0",",m","0",",m","31",",m","23",",m","12.2",",m,03,","0.0",",,m,31,+","39.4",",m,13,+","94.6","m","0.0",",m","0.0",",,,m","25.24",",m","34.22",",,,m","16.26",",,,m"
"MXN00026197","1978-06","26.9833","-109.2167","159.7","EL VERANITO, MX","724.7","m","360.0",",m","0",",m","0",",m","0",",m","0",",m","0",",m","0",",m","30",",m","29",",m","17.8",",m,03,","0.0",",,m,30,+","40.0",",m,30,+","94.6","m","0.0",",m","0.0",",,,m","30.33",",m","37.01",",,,m","23.66",",,,m"
"MXN00026197","1978-07","26.9833","-109.2167","159.7","EL VERANITO, MX","1100.7","m","376.0",",m","6",",m","5",",m","0",",m","0",",m","0",",m","0",",m","31",",m","29",",m","22.8",",m,28,+","11.7",",,m,27,","38.9",",m,18,+","0.0","m","0.0",",m","33.0",",,,m","30.46",",m","36.48",",,,m","24.45",",,,m"
"MXN00026197","1978-08","26.9833","-109.2167","159.7","EL VERANITO, MX","1452.8","m","352.1",",m","4",",m","3",",m","1",",m","0",",m","0",",m","0",",m","31",",m","31",",m","21.7",",m,22,","29.0",",,m,11,","37.8",",m,28,+","0.0","m","0.0",",m","58.8",",,,m","29.69",",m","35.39",",,,m","24.00",",,,m"
"MXN00026197","1978-09","26.9833","-109.2167","159.7","EL VERANITO, MX","1745.2","m","292.4",",m","5",",m","3",",m","0",",m","0",",m","0",",m","0",",m","30",",m","23",",m","20.6",",m,26,+","20.3",",,m,05,","37.8",",m,23,+","0.0","m","0.0",",m","30.8",",,,m","28.08",",m","33.64",",,,m","22.52",",,,m"
"MXN00026197","1978-10","26.9833","-109.2167","159.7","EL VERANITO, MX","1989.5","m","244.3",",m","2",",m","1",",m","1",",m","0",",m","0",",m","0",",m","31",",m","19",",m","15.0",",m,25,+","36.6",",,m,21,","37.8",",m,14,","0.0","m","0.0",",m","36.9",",,,m","26.21",",m","33.39",",,,m","19.03",",,,m"
"MXN00026197","1978-11","26.9833","-109.2167","159.7","EL VERANITO, MX","2054.5","m","65.0",",m","1",",m","0",",m","0",",m","0",",m","0",",m","0",",m","30",",m","6",",m","4.4",",m,28,","0.8",",,m,08,","33.9",",m,07,","13.2","m","13.2",",m","0.8",",,,m","20.06",",m","28.75",",,,m","11.37",",,,m"
"MXN00026197","1978-12","26.9833","-109.2167","159.7","EL VERANITO, MX","2059.6","m","5.1",",m","3",",m","3",",m","1",",m","0",",m","2",",m","0",",m","25",",m","0",",m","0.0",",m,10,+","26.9",",,m,30,","30.6",",m,19,+","116.4","m","103.2",",m","50.5",",,,m","15.17",",m","23.84",",,,m","6.49",",,,m"
"MXN00026197","1979-01","26.9833","-109.2167","159.7","EL VERANITO, MX","0.0","m","0.0",",m","3",",m","3",",m","2",",m","0",",m","0",",m","0",",m","15",",m","0",",m","2.8",",m,31,","33.8",",,m,24,","26.1",",m,12,","250.3","m","133.9",",m","73.7",",,,m","14.01",",m","21.09",",,,m","6.94",",,,m"
"MXN00026197","1979-02","26.9833","-109.2167","159.7","EL VERANITO, MX","9.6","m","9.6",",m","1",",m","1",",m","0",",m","0",",m","0",",m","0",",m","20",",m","0",",m","1.7",",m,08,+","17.8",",,m,06,","30.6",",m,28,","328.9","m","78.6",",m","17.8",",,,m","15.87",",m","25.05",",,,m","6.69",",,,m"
"MXN00026197","1979-03","26.9833","-109.2167","159.7","EL VERANITO, MX","31.3","m","21.7",",m","0",",m","0",",m","0",",m","0",",m","0",",m","0",",m","31",",m","1",",m","2.8",",m,01,","0.0",",,m,31,+","33.9",",m,08,","350.5","m","21.6",",m","0.0",",,,m","18.34",",m","29.32",",,,m","7.35",",,,m"
"MXN00026197","1979-04","26.9833","-109.2167","159.7","EL VERANITO, MX","130.1","m","98.8",",m","0",",m","0",",m","0",",m","0",",m","0",",m","0",",m","30",",m","12",",m","5.0",",m,05,","0.0",",,m,30,+","36.7",",m,27,+","353.7","m","3.2",",m","0.0",",,,m","21.52",",m","31.93",",,,m","11.11",",,,m"
"MXN00026197","1979-07","26.9833","-109.2167","159.7","EL VERANITO, MX","","","410.6",",m","2",",m","1",",m","0",",m","0",",m","0",",m","0",",m","31",",m","31",",m","20.6",",m,17,+","4.1",",,m,17,","41.7",",m,10,+","0.0","m","0.0",",m","5.9",",,,m","31.58",",m","39.48",",,,m","23.68",",,,m"
"MXN00026197","1979-08","26.9833","-109.2167","159.7","EL VERANITO, MX","","","312.6","1,m","3",",m","3",",m","1",",m","0","1,m","0","1,m","0",",m","31",",m","31",",m","15.0","1,m,13,","39.9",",,m,04,","41.7",",m,23,","0.0","m","0.0",",m","54.6",",,,m","28.77","1,m","38.06",",,,m","19.47","1,,,m"
"MXN00026197","1979-09","26.9833","-109.2167","159.7","EL VERANITO, MX","","","257.9",",m","2",",m","2",",m","0",",m","0",",m","0",",m","0",",m","30",",m","26",",m","10.6",",m,15,","15.0",",,m,15,+","40.6",",m,11,+","0.0","m","0.0",",m","30.0",",,,m","26.93",",m","37.35",",,,m","16.51",",,,m"
"MXN00026197","1979-10","26.9833","-109.2167","159.7","EL VERANITO, MX","","","219.5",",m","0",",m","0",",m","0",",m","0",",m","0",",m","0",",m","31",",m","31",",m","5.6",",m,29,+","0.0",",,m,31,+","40.6",",m,16,","0.0","m","0.0",",m","0.0",",,,m","25.41",",m","36.77",",,,m","14.05",",,,m"
"MXN00026197","1979-11","26.9833","-109.2167","159.7","EL VERANITO, MX","","","28.7",",m","0",",m","0",",m","0",",m","0",",m","0",",m","0",",m","29",",m","9",",m","0.6",",m,22,+","0.0",",,m,30,+","35.0",",m,04,+","40.5","m","40.5",",m","0.0",",,,m","17.94",",m","29.82",",,,m","6.06",",,,m"
"MXN00026197","1979-12","26.9833","-109.2167","159.7","EL VERANITO, MX","","","9.2",",m","1",",m","1",",m","0",",m","0",",m","0",",m","0",",m","31",",m","1",",m","2.8",",m,29,+","5.8",",,m,18,","32.8",",m,13,","80.4","m","39.9",",m","5.8",",,,m","17.35",",m","28.90",",,,m","5.79",",,,m"
"MXN00026197","1980-01","26.9833","-109.2167","159.7","EL VERANITO, MX","1.2","m","1.2",",m","0",",m","0",",m","0",",m","0",",m","0",",m","0",",m","30",",m","0",",m","0.6",",m,18,+","0.0",",,m,31,+","30.6",",m,26,+","163.5","m","83.1",",m","0.0",",,,m","15.69",",m","26.81",",,,m","4.57",",,,m"
"MXN00026197","1980-04","26.9833","-109.2167","159.7","EL VERANITO, MX","","","78.4",",m","0",",m","0",",m","0",",m","0",",m","0",",m","0",",m","30",",m","23",",m","5.6",",m,18,+","0.0",",,m,30,+","38.9",",m,19,","","","0.0",",m","0.0",",,,m","20.95",",m","34.17",",,,m","7.73",",,,m"
"MXN00026197","1980-05","26.9833","-109.2167","159.7","EL VERANITO, MX","","","192.6",",m","0",",m","0",",m","0",",m","0",",m","0",",m","0",",m","31",",m","30",",m","10.0",",m,20,+","0.0",",,m,31,+","38.9",",m,31,+","","","0.0",",m","0.0",",,,m","24.55",",m","35.59",",,,m","13.50",",,,m"
"MXN00026197","1980-06","26.9833","-109.2167","159.7","EL VERANITO, MX","","","342.4",",m","0",",m","0",",m","0",",m","0",",m","0",",m","0",",m","30",",m","30",",m","11.7",",m,04,+","0.0",",,m,30,+","43.9",",m,07,","","","0.0",",m","0.0",",,,m","29.75",",m","40.30",",,,m","19.19",",,,m"
"MXN00026197","1980-07","26.9833","-109.2167","159.7","EL VERANITO, MX","","","349.7",",m","7",",m","7",",m","0",",m","0",",m","0",",m","0",",m","31",",m","31",",m","13.9",",m,25,+","19.8",",,m,21,","42.8",",m,03,","0.0","m","0.0",",m","78.0",",,,m","29.61",",m","39.16",",,,m","20.07",",,,m"
"MXN00026197","1980-08","26.9833","-109.2167","159.7","EL VERANITO, MX","","","281.7",",m","11",",m","10",",m","1",",m","0",",m","0",",m","0",",m","31",",m","27",",m","13.9",",m,29,+","37.3",",,m,22,","41.1",",m,06,","0.0","m","0.0",",m","182.2",",,,m","27.42",",m","35.12",",,,m","19.72",",,,m"
"MXN00026197","1980-09","26.9833","-109.2167","159.7","EL VERANITO, MX","","","226.5",",m","6",",m","6",",m","0",",m","0",",m","0",",m","0",",m","30",",m","29",",m","12.8",",m,29,+","19.8",",,m,28,+","38.9",",m,19,+","0.0","m","0.0",",m","71.8",",,,m","25.88",",m","35.43",",,,m","16.34",",,,m"
"MXN00026197","1980-10","26.9833","-109.2167","159.7","EL VERANITO, MX","","","216.6","2,m","3",",m","3",",m","0",",m","0","2,m","0","2,m","0","2,m","29","2,m","22","2,m","12.8","2,m,20,+","8.9",",,m,14,","38.9","2,m,09,+","0.0","m","0.0","2,m","18.8",",,,m","25.80","2,m","34.31","2,,,m","17.30","2,,,m"
"MXN00026197","1980-11","26.9833","-109.2167","159.7","EL VERANITO, MX","","","93.5",",m","0",",m","0",",m","0",",m","0",",m","0",",m","0",",m","30",",m","14",",m","3.9",",m,30,","0.0",",,m,30,+","35.6",",m,09,+","8.7","m","8.7",",m","0.0",",,,m","21.16",",m","31.18",",,,m","11.13",",,,m"
"MXN00026197","1980-12","26.9833","-109.2167","159.7","EL VERANITO, MX","","","21.8",",m","1",",m","1",",m","0",",m","0",",m","0",",m","0",",m","31",",m","1",",m","5.0",",m,16,","3.8",",,m,12,","32.8",",m,17,","20.7","m","12.0",",m","3.8",",,,m","18.65",",m","27.99",",,,m","9.30",",,,m"
"MXN00026197","1981-01","26.9833","-109.2167","159.7","EL VERANITO, MX","7.4","m","7.4",",m","5",",m","5",",m","2",",m","0",",m","0",",m","0",",m","31",",m","1",",m","3.9",",m,21,","42.9",",,m,16,","32.8",",m,01,","70.4","m","49.7",",m","111.3",",,,m","16.97",",m","25.40",",,,m","8.54",",,,m"
"MXN00026197","1981-02","26.9833","-109.2167","159.7","EL VERANITO, MX","21.8","m","14.4",",m","1",",m","1",",m","0",",m","0",",m","0",",m","0",",m","28",",m","7",",m","0.6",",m,28,","2.8",",,m,27,","35.6",",m,15,","110.2","m","39.8",",m","2.8",",,,m","17.43",",m","29.75",",,,m","5.11",",,,m"
"MXN00026197","1981-03","26.9833","-109.2167","159.7","EL VERANITO, MX","26.1","m","4.3",",m","2",",m","1",",m","0",",m","0",",m","0",",m","0",",m","28",",m","2",",m","1.7",",m,14,+","20.1",",,m,02,","32.8",",m,26,+","190.3","m","80.1",",m","20.9",",,,m","15.89",",m","27.39",",,,m","4.39",",,,m"
"MXN00026197","1981-04","26.9833","-109.2167","159.7","EL VERANITO, MX","121.0","m","94.9",",m","3",",m","3",",m","0",",m","0",",m","0",",m","0",",m","30",",m","19",",m","1.7",",m,01,","13.0",",,m,21,","38.9",",m,15,","203.8","m","13.5",",m","19.6",",,,m","21.05",",m","33.10",",,,m","9.00",",,,m"
"MXN00026197","1981-05","26.9833","-109.2167","159.7","EL VERANITO, MX","300.1","m","179.1",",m","0",",m","0",",m","0",",m","0",",m","0",",m","0",",m","31",",m","27",",m","8.9",",m,11,","0.0",",,m,31,+","38.9",",m,19,+","203.8","m","0.0",",m","0.0",",,,m","24.11",",m","34.95",",,,m","13.26",",,,m"
"MXN00026197","1981-06","26.9833","-109.2167","159.7","EL VERANITO, MX","544.0","m","243.9",",m","1",",m","1",",m","0",",m","0",",m","0",",m","0",",m","30",",m","30",",m","11.7",",m,02,","13.0",",,m,30,","38.9",",m,29,+","203.8","m","0.0",",m","13.0",",,,m","26.46",",m","36.12",",,,m","16.80",",,,m"
"MXN00026197","1981-07","26.9833","-109.2167","159.7","EL VERANITO, MX","767.6","m","223.6","2,m","11",",m","10",",m","2",",m","0","2,m","0","2,m","0","1,m","30","1,m","28","1,m","13.9","2,m,28,+","69.9",",,m,09,","38.9","1,m,23,+","0.0","m","0.0","1,m","210.2",",,,m","26.01","2,m","36.14","1,,,m","15.87","2,,,m"
"MXN00026197","1981-08","26.9833","-109.2167","159.7","EL VERANITO, MX","985.4","m","217.8","2,m","8","1,m","8","1,m","3","1,m","0","2,m","0","2,m","0","2,m","29","2,m","29","2,m","12.8","2,m,29,","59.9","1,,m,09,","43.9","2,m,26,","0.0","m","0.0","2,m","171.6","1,,,m","25.84","2,m","36.52","2,,,m","15.17","2,,,m"
"MXN00026197","1981-09","26.9833","-109.2167","159.7","EL VERANITO, MX","1170.7","m","185.3","1,m","4",",m","3",",m","1",",m","0","1,m","0","1,m","0","1,m","29","1,m","27","1,m","11.7","1,m,29,+","30.0",",,m,21,","40.0","1,m,18,+","0.0","m","0.0","1,m","59.5",",,,m","24.72","1,m","35.15","1,,,m","14.29","1,,,m"
"MXN00026197","1981-10","26.9833","-109.2167","159.7","EL VERANITO, MX","","","","","1",",m","1",",m","0",",m","","","","","0",",m","31",",m","21",",m","","","3.8",",,m,04,","38.9",",m,25,","","","","","3.8",",,,m","","","33.42",",,,m","",""
"MXN00026197","1981-11","26.9833","-109.2167","159.7","EL VERANITO, MX","","","20.3",",m","1",",m","1",",m","0",",m","0",",m","0",",m","0",",m","30",",m","13",",m","1.7",",m,20,+","3.3",",,m,05,","35.6",",m,09,+","","","35.6",",m","3.3",",,,m","17.82",",m","30.75",",,,m","4.89",",,,m"
"MXN00026197","1981-12","26.9833","-109.2167","159.7","EL VERANITO, MX","","","5.4",",m","0",",m","0",",m","0",",m","0",",m","0",",m","0",",m","31",",m","4",",m","1.7",",m,02,+","0.0",",,m,31,+","33.9",",m,08,","","","54.2",",m","0.0",",,,m","16.76",",m","29.48",",,,m","4.04",",,,m"
"MXN00026197","1982-01","26.9833","-109.2167","159.7","EL VERANITO, MX","0.0","","0.0",",m","3",",m","2",",m","0",",m","0",",m","1",",m","0",",m","30",",m","0",",m","0.0",",m,12,","3.8",",,m,10,","30.0",",m,18,","","","108.9",",m","8.4",",,,m","14.82",",m","25.91",",,,m","3.73",",,,m"
"MXN00026197","1982-02","26.9833","-109.2167","159.7","EL VERANITO, MX","5.4","","5.4",",m","0",",m","0",",m","0",",m","0",",m","0",",m","0",",m","28",",m","5",",m","0.6",",m,18,","0.0",",,m,28,+","33.9",",m,22,","","","54.2",",m","0.0",",,,m","16.59",",m","28.60",",,,m","4.58",",,,m"
"MXN00026197","1982-03","26.9833","-109.2167","159.7","EL VERANITO, MX","13.2","","7.8",",m","0",",m","0",",m","0",",m","0",",m","0",",m","0",",m","31",",m","10",",m","1.7",",m,15,","0.0",",,m,31,+","35.0",",m,16,+","","","17.1",",m","0.0",",,,m","18.03",",m","31.20",",,,m","4.86",",,,m"
"MXN00026197","1982-04","26.9833","-109.2167","159.7","EL VERANITO, MX","89.2","","76.0","2,m","0",",m","0",",m","0",",m","0","2,m","0","2,m","0","2,m","28","2,m","28","2,m","5.0","2,m,27,","0.0",",,m,30,+","37.8","2,m,13,+","","","0.0","2,m","0.0",",,,m","21.05","2,m","35.26","2,,,m","6.84","2,,,m"
"MXN00026197","1982-05","26.9833","-109.2167","159.7","EL VERANITO, MX","327.4","","238.2","1,m","1",",m","0",",m","0",",m","0","1,m","0","1,m","0","1,m","30","1,m","27","1,m","13.9","1,m,12,","1.8",",,m,03,","40.0","1,m,20,","","","0.0","1,m","1.8",",,,m","26.27","1,m","35.30","1,,,m","17.25","1,,,m"
"MXN00026197","1982-06","26.9833","-109.2167","159.7","EL VERANITO, MX","624.8","","297.4",",m","0",",m","0",",m","0",",m","0",",m","0",",m","0",",m","30",",m","30",",m","15.0",",m,07,","0.0",",,m,30,+","41.1",",m,09,","","","0.0",",m","0.0",",,,m","28.25",",m","38.76",",,,m","17.73",",,,m"
"MXN00026197","1982-07","26.9833","-109.2167","159.7","EL VERANITO, MX","876.7","","251.9",",m","9",",m","9",",m","2",",m","0",",m","0",",m","0",",m","31",",m","29",",m","13.9",",m,20,+","34.8",",,m,04,","41.1",",m,08,","0.0","","0.0",",m","146.9",",,,m","26.46",",m","37.16",",,,m","15.76",",,,m"
"MXN00026197","1982-08","26.9833","-109.2167","159.7","EL VERANITO, MX","1127.0","","250.3","1,m","6",",m","6",",m","2",",m","0","1,m","0","1,m","0",",m","31",",m","31",",m","12.8","1,m,21,","47.0",",,m,09,","41.1",",m,28,","0.0","","0.0",",m","117.1",",,,m","26.64","1,m","37.37",",,,m","15.90","1,,,m"
"MXN00026197","1982-09","26.9833","-109.2167","159.7","EL VERANITO, MX","","","","","4","4,m","4","4,m","1","4,m","","","","","","","","","","","","","47.0","4,,m,06,","","","","","","","70.7","4,,,m","","","","","",""
"MXN00026197","1983-01","26.9833","-109.2167","159.7","EL VERANITO, MX","26.8","m","26.8",",m","4",",m","4",",m","0",",m","0",",m","0",",m","0",",m","28",",m","0",",m","5.6",",m,03,+","20.8",",,m,19,","30.0",",m,18,+","","","35.9",",m","52.6",",,,m","18.04",",m","25.75",",,,m","10.33",",,,m"
"MXN00026197","1983-02","26.9833","-109.2167","159.7","EL VERANITO, MX","30.4","m","3.6","2,m","2","1,m","2","1,m","0","1,m","0","2,m","0","2,m","0","2,m","23","2,m","0","2,m","5.0","2,m,15,","22.9","1,,m,03,","30.0","2,m,18,","","","40.0","2,m","34.8","1,,,m","16.93","2,m","25.39","2,,,m","8.47","2,,,m"
"MXN00026197","1983-03","26.9833","-109.2167","159.7","EL VERANITO, MX","59.1","m","28.7",",m","2",",m","2",",m","1",",m","0",",m","0",",m","0",",m","30",",m","0",",m","5.6",",m,26,","32.8",",,m,03,","31.7",",m,30,+","","","22.5",",m","38.6",",,,m","18.53",",m","27.24",",,,m","9.82",",,,m"
"MXN00026197","1983-04","26.9833","-109.2167","159.7","EL VERANITO, MX","134.4","m","75.3",",m","2",",m","2",",m","0",",m","0",",m","0",",m","0",",m","29",",m","9",",m","6.1",",m,14,","7.9",",,m,06,","35.0",",m,30,","","","15.2",",m","14.8",",,,m","20.34",",m","29.65",",,,m","11.02",",,,m"
"MXN00026197","1983-05","26.9833","-109.2167","159.7","EL VERANITO, MX","370.9","m","236.5",",m","0",",m","0",",m","0",",m","0",",m","0",",m","0",",m","31",",m","31",",m","10.0",",m,03,","0.0",",,m,31,+","43.3",",m,27,","","","0.0",",m","0.0",",,,m","25.96",",m","36.85",",,,m","15.07",",,,m"
"MXN00026197","1983-06","26.9833","-109.2167","159.7","EL VERANITO, MX","703.3","m","332.4",",m","0",",m","0",",m","0",",m","0",",m","0",",m","0",",m","30",",m","30",",m","16.7",",m,29,+","0.0",",,m,30,+","43.3",",m,22,","","","0.0",",m","0.0",",,,m","29.41",",m","39.20",",,,m","19.62",",,,m"
"MXN00026197","1983-07","26.9833","-109.2167","159.7","EL VERANITO, MX","1119.3","m","416.0",",m","8",",m","6",",m","0",",m","0",",m","0",",m","0",",m","31",",m","31",",m","18.9",",m,01,","18.8",",,m,26,","41.7",",m,15,","0.0","m","0.0",",m","74.3",",,,m","31.75",",m","39.37",",,,m","24.14",",,,m"
"MXN00026197","1983-08","26.9833","-109.2167","159.7","EL VERANITO, MX","1469.1","m","349.8",",m","13",",m","9",",m","2",",m","0",",m","0",",m","0",",m","31",",m","29",",m","18.9",",m,23,","54.9",",,m,12,","42.2",",m,04,+","0.0","m","0.0",",m","145.5",",,,m","29.62",",m","36.50",",,,m","22.73",",,,m"
"MXN00026197","1983-09","26.9833","-109.2167","159.7","EL VERANITO, MX","1779.7","m","310.6",",m","14",",m","13",",m","4",",m","0",",m","0",",m","0",",m","30",",m","24",",m","20.0",",m,18,","63.0",",,m,16,","41.1",",m,02,","0.0","m","0.0",",m","299.8",",,,m","28.69",",m","34.35",",,,m","23.03",",,,m"
"MXN00026197","1983-10","26.9833","-109.2167","159.7","EL VERANITO, MX","2008.1","m","228.4",",m","2",",m","1",",m","1",",m","0",",m","0",",m","0",",m","31",",m","25",",m","15.6",",m,21,","30.0",",,m,18,","36.1",",m,12,","0.0","m","0.0",",m","31.8",",,,m","25.70",",m","33.15",",,,m","18.25",",,,m"
"MXN00026197","1983-11","26.9833","-109.2167","159.7","EL VERANITO, MX","2093.9","m","85.8",",m","3",",m","2",",m","1",",m","0",",m","0",",m","0",",m","27",",m","5",",m","5.0",",m,24,","31.8",",,m,03,","33.3",",m,01,","22.1","m","22.1",",m","42.0",",,,m","20.46",",m","28.19",",,,m","12.72",",,,m"
"MXN00026197","1983-12","26.9833","-109.2167","159.7","EL VERANITO, MX","2114.0","m","20.1",",m","1",",m","1",",m","0",",m","0",",m","0",",m","0",",m","30",",m","0",",m","5.6",",m,13,","19.8",",,m,01,","31.7",",m,24,","44.1","m","22.0",",m","19.8",",,,m","18.27",",m","27.29",",,,m","9.25",",,,m"
"MXN00026197","1984-01","26.9833","-109.2167","159.7","EL VERANITO, MX","6.7","m","6.7",",m","3",",m","3",",m","2",",m","0",",m","0",",m","0",",m","31",",m","0",",m","3.3",",m,24,","53.8",",,m,29,","29.4",",m,27,+","87.4","m","43.3",",m","91.4",",,,m","17.15",",m","25.54",",,,m","8.76",",,,m"
"MXN00026197","1984-02","26.9833","-109.2167","159.7","EL VERANITO, MX","16.6","m","9.9",",m","1",",m","1",",m","0",",m","0",",m","0",",m","0",",m","29",",m","0",",m","2.8",",m,20,","2.8",",,m,05,","30.0",",m,28,+","127.9","m","40.5",",m","2.8",",,,m","17.28",",m","26.81",",,,m","7.74",",,,m"
"MXN00026197","1984-03","26.9833","-109.2167","159.7","EL VERANITO, MX","79.7","m","63.1",",m","0",",m","0",",m","0",",m","0",",m","0",",m","0",",m","31",",m","8",",m","3.9",",m,06,","0.0",",,m,31,+","34.4",",m,16,+","131.8","m","3.9",",m","0.0",",,,m","20.24",",m","30.68",",,,m","9.81",",,,m"
"MXN00026197","1984-04","26.9833","-109.2167","159.7","EL VERANITO, MX","199.1","m","119.4",",m","0",",m","0",",m","0",",m","0",",m","0",",m","0",",m","30",",m","14",",m","8.9",",m,03,+","0.0",",,m,30,+","36.7",",m,16,","131.8","m","0.0",",m","0.0",",,,m","22.31",",m","32.18",",,,m","12.44",",,,m"
"MXN00026197","1984-05","26.9833","-109.2167","159.7","EL VERANITO, MX","505.2","m","306.1",",m","1",",m","1",",m","0",",m","0",",m","0",",m","0",",m","31",",m","31",",m","11.1",",m,02,","3.3",",,m,11,","41.7",",m,30,+","131.8","m","0.0",",m","3.3",",,,m","28.21",",m","37.96",",,,m","18.45",",,,m"
"MXN00026197","1984-06","26.9833","-109.2167","159.7","EL VERANITO, MX","850.4","m","345.2",",m","7",",m","6",",m","2",",m","0",",m","0",",m","0",",m","30",",m","30",",m","17.2",",m,10,","41.9",",,m,23,","41.7",",m,05,","131.8","m","0.0",",m","94.0",",,,m","29.84",",m","37.54",",,,m","22.14",",,,m"
"MXN00026197","1984-08","26.9833","-109.2167","159.7","EL VERANITO, MX","","","306.0",",m","12",",m","9",",m","5",",m","0",",m","0",",m","0",",m","31",",m","26",",m","20.0",",m,25,+","41.9",",,m,24,","37.2",",m,05,","","","0.0",",m","217.2",",,,m","28.20",",m","33.73",",,,m","22.68",",,,m"
"MXN00026197","1984-12","26.9833","-109.2167","159.7","EL VERANITO, MX","","","19.4",",m","6",",m","6",",m","2",",m","0",",m","0",",m","0",",m","26",",m","2",",m","5.0",",m,15,","75.4",",,m,11,","32.8",",m,08,","","","42.1",",m","149.7",",,,m","17.60",",m","24.78",",,,m","10.42",",,,m"
"MXN00026197","1985-01","26.9833","-109.2167","159.7","EL VERANITO, MX","2.5","","2.5",",m","7",",m","4",",m","1",",m","0",",m","0",",m","0",",m","24",",m","0",",m","2.8",",m,17,","33.8",",,m,23,","26.7",",m,19,+","","","86.2",",m","46.6",",,,m","15.63",",m","23.01",",,,m","8.26",",,,m"
"MXN00026197","1985-03","26.9833","-109.2167","159.7","EL VERANITO, MX","","","51.4",",m","1",",m","1",",m","0",",m","0",",m","0",",m","0",",m","31",",m","5",",m","3.3",",m,04,","11.9",",,m,28,","33.9",",m,10,","","","16.3",",m","11.9",",,,m","19.46",",m","28.91",",,,m","10.02",",,,m"
"MXN00026197","1985-04","26.9833","-109.2167","159.7","EL VERANITO, MX","","","155.7",",m","2",",m","2",",m","0",",m","0",",m","0",",m","0",",m","30",",m","21",",m","6.7",",m,01,","14.0",",,m,27,","36.7",",m,14,+","","","0.3",",m","19.3",",,,m","23.51",",m","33.11",",,,m","13.92",",,,m"
"MXN00026197","1985-11","26.9833","-109.2167","159.7","EL VERANITO, MX","","","57.8",",m","2",",m","2",",m","0",",m","0",",m","0",",m","0",",m","30",",m","5",",m","5.0",",m,20,","19.8",",,m,25,","35.0",",m,17,+","","","11.7",",m","25.6",",,,m","19.87",",m","28.97",",,,m","10.77",",,,m"
"MXN00026197","1986-02","26.9833","-109.2167","159.7","EL VERANITO, MX","","","38.0",",m","2",",m","2",",m","0",",m","0",",m","0",",m","0",",m","26",",m","8",",m","5.0",",m,05,","7.9",",,m,01,","35.0",",m,25,","","","34.9",",m","14.8",",,,m","18.44",",m","28.01",",,,m","8.88",",,,m"
"MXN00026197","1986-03","26.9833","-109.2167","159.7","EL VERANITO, MX","","","100.2",",m","0",",m","0",",m","0",",m","0",",m","0",",m","0",",m","31",",m","15",",m","4.4",",m,19,","0.0",",,m,31,+","36.7",",m,23,+","","","13.2",",m","0.0",",,,m","21.14",",m","31.33",",,,m","10.95",",,,m"
"MXN00026197","1986-04","26.9833","-109.2167","159.7","EL VERANITO, MX","","","216.2",",m","0",",m","0",",m","0",",m","0",",m","0",",m","0",",m","30",",m","30",",m","8.9",",m,04,","0.0",",,m,30,+","41.7",",m,15,","","","0.0",",m","0.0",",,,m","25.54",",m","35.83",",,,m","15.25",",,,m"
"MXN00026197","1986-06","26.9833","-109.2167","159.7","EL VERANITO, MX","","","348.0",",m","3",",m","3",",m","0",",m","0",",m","0",",m","0",",m","30",",m","30",",m","17.8",",m,07,","14.0",",,m,30,","40.6",",m,19,+","","","0.0",",m","26.7",",,,m","29.93",",m","37.12",",,,m","22.74",",,,m"
"MXN00026197","1986-07","26.9833","-109.2167","159.7","EL VERANITO, MX","","","340.3",",m","10",",m","6",",m","1",",m","0",",m","0",",m","0",",m","31",",m","29",",m","18.9",",m,21,","45.0",",,m,10,","41.1",",m,25,","0.0","","0.0",",m","110.4",",,,m","29.31",",m","36.04",",,,m","22.58",",,,m"
"MXN00026197","1986-08","26.9833","-109.2167","159.7","EL VERANITO, MX","","","337.1",",m","13",",m","8",",m","1",",m","0",",m","0",",m","0",",m","31",",m","29",",m","19.4",",m,24,","52.8",",,m,22,","41.7",",m,21,","0.0","","0.0",",m","143.6",",,,m","29.21",",m","35.81",",,,m","22.61",",,,m"
"MXN00026197","1986-09","26.9833","-109.2167","159.7","EL VERANITO, MX","","","274.8",",m","8",",m","8",",m","3",",m","0",",m","0",",m","0",",m","30",",m","26",",m","15.6",",m,30,","90.9",",,m,23,","36.7",",m,19,+","0.0","","0.0",",m","219.6",",,,m","27.49",",m","33.89",",,,m","21.09",",,,m"
"MXN00026197","1986-10","26.9833","-109.2167","159.7","EL VERANITO, MX","","","186.2",",m","4",",m","3",",m","0",",m","0",",m","0",",m","0",",m","31",",m","15",",m","13.9",",m,31,+","20.3",",,m,02,","35.0",",m,28,+","0.0","","0.0",",m","28.7",",,,m","24.34",",m","31.94",",,,m","16.74",",,,m"
"MXN00026197","1986-11","26.9833","-109.2167","159.7","EL VERANITO, MX","","","94.4",",m","1",",m","0",",m","0",",m","0",",m","0",",m","0",",m","30",",m","6",",m","6.7",",m,24,","1.8",",,m,01,","33.9",",m,18,+","4.0","","4.0",",m","1.8",",,,m","21.35",",m","30.28",",,,m","12.41",",,,m"
"MXN00026197","1987-01","26.9833","-109.2167","159.7","EL VERANITO, MX","8.8","m","8.8",",m","3",",m","1",",m","0",",m","0",",m","2",",m","0",",m","25",",m","3",",m","-1.1",",m,18,","4.8",",,m,20,","33.9",",m,26,","","","102.6",",m","6.4",",,,m","15.30",",m","24.91",",,,m","5.70",",,,m"
"MXN00026197","1987-02","26.9833","-109.2167","159.7","EL VERANITO, MX","27.6","m","18.8",",m","2",",m","2",",m","0",",m","0",",m","0",",m","0",",m","23",",m","1",",m","2.8",",m,21,","6.9",",,m,25,","32.8",",m,08,","","","64.9",",m","11.7",",,,m","16.69",",m","25.97",",,,m","7.40",",,,m"
"MXN00026197","1987-03","26.9833","-109.2167","159.7","EL VERANITO, MX","61.5","m","33.9",",m","0",",m","0",",m","0",",m","0",",m","0",",m","0",",m","31",",m","5",",m","3.9",",m,01,","0.0",",,m,31,+","35.0",",m,04,","","","32.8",",m","0.0",",,,m","18.37",",m","28.30",",,,m","8.43",",,,m"
"MXN00026197","1987-04","26.9833","-109.2167","159.7","EL VERANITO, MX","192.8","m","131.3",",m","0",",m","0",",m","0",",m","0",",m","0",",m","0",",m","30",",m","20",",m","7.8",",m,07,+","0.0",",,m,30,+","36.7",",m,26,+","","","1.3",",m","0.0",",,,m","22.66",",m","32.84",",,,m","12.48",",,,m"
"MXN00026197","1987-05","26.9833","-109.2167","159.7","EL VERANITO, MX","378.4","m","185.6",",m","0",",m","0",",m","0",",m","0",",m","0",",m","0",",m","31",",m","25",",m","11.7",",m,28,+","0.0",",,m,31,+","37.8",",m,16,+","","","0.0",",m","0.0",",,,m","24.32",",m","34.00",",,,m","14.64",",,,m"
"MXN00026197","1987-06","26.9833","-109.2167","159.7","EL VERANITO, MX","730.7","m","352.3",",m","0",",m","0",",m","0",",m","0",",m","0",",m","0",",m","30",",m","30",",m","17.8",",m,12,+","0.0",",,m,30,+","43.9",",m,14,","","","0.0",",m","0.0",",,,m","30.08",",m","39.34",",,,m","20.81",",,,m"
"MXN00026197","1987-08","26.9833","-109.2167","159.7","EL VERANITO, MX","","","324.2",",m","8",",m","6",",m","0",",m","0",",m","0",",m","0",",m","31",",m","31",",m","20.6",",m,31,+","21.8",",,m,25,","38.9",",m,23,","","","0.0",",m","72.4",",,,m","28.79",",m","35.44",",,,m","22.14",",,,m"
"MXN00026197","1987-09","26.9833","-109.2167","159.7","EL VERANITO, MX","","","328.7",",m","3",",m","2",",m","1",",m","0",",m","0",",m","0",",m","30",",m","30",",m","17.2",",m,09,","79.8",",,m,28,","40.6",",m,10,+","","","0.0",",m","90.5",",,,m","29.29",",m","37.39",",,,m","21.19",",,,m"
"MXN00026197","1987-10","26.9833","-109.2167","159.7","EL VERANITO, MX","","","288.1",",m","0",",m","0",",m","0",",m","0",",m","0",",m","0",",m","31",",m","31",",m","15.6",",m,25,+","0.0",",,m,31,+","40.0",",m,12,+","","","0.0",",m","0.0",",,,m","27.63",",m","36.47",",,,m","18.78",",,,m"
"MXN00026197","1987-11","26.9833","-109.2167","159.7","EL VERANITO, MX","","","60.1",",m","2",",m","2",",m","0",",m","0",",m","0",",m","0",",m","30",",m","9",",m","5.0",",m,28,+","6.9",",,m,01,","35.0",",m,01,","","","19.5",",m","10.7",",,,m","19.69",",m","29.56",",,,m","9.82",",,,m"
"MXN00026197","1987-12","26.9833","-109.2167","159.7","EL VERANITO, MX","","","6.6",",m","2",",m","2",",m","0",",m","0",",m","0",",m","0",",m","26",",m","0",",m","1.7",",m,15,","13.0",",,m,17,","31.7",",m,05,","","","64.1",",m","15.8",",,,m","16.48",",m","25.52",",,,m","7.44",",,,m"
"MXN00026197","1988-01","26.9833","-109.2167","159.7","EL VERANITO, MX","6.5","m","6.5",",m","1",",m","0",",m","0",",m","0",",m","0",",m","0",",m","24",",m","0",",m","0.6",",m,23,+","0.8",",,m,17,","31.7",",m,28,","","","80.3",",m","0.8",",,,m","15.95",",m","25.85",",,,m","6.06",",,,m"
"MXN00026197","1988-02","26.9833","-109.2167","159.7","EL VERANITO, MX","41.1","m","34.6",",m","0",",m","0",",m","0",",m","0",",m","0",",m","0",",m","28",",m","4",",m","3.9",",m,20,+","0.0",",,m,29,+","32.8",",m,29,+","","","18.2",",m","0.0",",,,m","18.90",",m","28.98",",,,m","8.81",",,,m"
"MXN00026197","1988-03","26.9833","-109.2167","159.7","EL VERANITO, MX","99.9","m","58.8",",m","0",",m","0",",m","0",",m","0",",m","0",",m","0",",m","31",",m","13",",m","5.0",",m,12,","0.0",",,m,31,+","36.7",",m,18,","","","17.8",",m","0.0",",,,m","19.66",",m","30.34",",,,m","8.97",",,,m"
"MXN00026197","1988-04","26.9833","-109.2167","159.7","EL VERANITO, MX","207.9","m","108.0",",m","0",",m","0",",m","0",",m","0",",m","0",",m","0",",m","30",",m","18",",m","6.7",",m,03,+","0.0",",,m,30,+","36.7",",m,28,","","","0.0",",m","0.0",",,,m","21.93",",m","32.51",",,,m","11.36",",,,m"
"MXN00026197","1988-05","26.9833","-109.2167","159.7","EL VERANITO, MX","405.8","m","197.9",",m","0",",m","0",",m","0",",m","0",",m","0",",m","0",",m","31",",m","27",",m","8.9",",m,04,+","0.0",",,m,31,+","38.9",",m,11,","","","0.0",",m","0.0",",,,m","24.72",",m","35.35",",,,m","14.09",",,,m"
"MXN00026197","1988-06","26.9833","-109.2167","159.7","EL VERANITO, MX","737.0","m","331.2",",m","0",",m","0",",m","0",",m","0",",m","0",",m","0",",m","30",",m","30",",m","13.9",",m,03,+","0.0",",,m,30,+","42.8",",m,10,","","","0.0",",m","0.0",",,,m","29.37",",m","38.57",",,,m","20.17",",,,m"
"MXN00026197","1988-07","26.9833","-109.2167","159.7","EL VERANITO, MX","1068.4","m","331.4",",m","17",",m","12",",m","2",",m","0",",m","0",",m","0",",m","31",",m","28",",m","20.6",",m,29,+","37.8",",,m,04,","40.0",",m,13,","0.0","m","0.0",",m","154.9",",,,m","29.02",",m","35.32",",,,m","22.73",",,,m"
"MXN00026197","1988-08","26.9833","-109.2167","159.7","EL VERANITO, MX","1408.8","m","340.4",",m","10",",m","8",",m","2",",m","0",",m","0",",m","0",",m","31",",m","26",",m","21.7",",m,27,+","47.0",",,m,11,","40.0",",m,16,","0.0","m","0.0",",m","127.6",",,,m","29.31",",m","35.46",",,,m","23.16",",,,m"
"MXN00026197","1988-09","26.9833","-109.2167","159.7","EL VERANITO, MX","1740.8","m","332.0",",m","3",",m","1",",m","0",",m","0",",m","0",",m","0",",m","30",",m","30",",m","20.0",",m,26,+","7.9",",,m,03,","41.7",",m,16,","0.0","m","0.0",",m","9.5",",,,m","29.40",",m","36.64",",,,m","22.15",",,,m"
"MXN00026197","1988-10","26.9833","-109.2167","159.7","EL VERANITO, MX","2000.6","m","259.8",",m","3",",m","3",",m","0",",m","0",",m","0",",m","0",",m","31",",m","29",",m","15.6",",m,31,+","10.9",",,m,04,","40.6",",m,03,","0.0","m","0.0",",m","24.6",",,,m","26.71",",m","35.54",",,,m","17.89",",,,m"
"MXN00026197","1988-11","26.9833","-109.2167","159.7","EL VERANITO, MX","2086.2","m","85.6",",m","0",",m","0",",m","0",",m","0",",m","0",",m","0",",m","30",",m","15",",m","3.9",",m,22,","0.0",",,m,30,+","35.6",",m,02,+","14.6","m","14.6",",m","0.0",",,,m","20.70",",m","30.91",",,,m","10.48",",,,m"
"MXN00026197","1988-12","26.9833","-109.2167","159.7","EL VERANITO, MX","2100.2","m","14.0",",m","1",",m","1",",m","0",",m","0",",m","4",",m","0",",m","25",",m","1",",m","-3.3",",m,30,","22.9",",,m,09,","33.9",",m,03,","95.1","m","80.5",",m","22.9",",,,m","16.19",",m","25.45",",,,m","6.93",",,,m"
"MXN00026197","1989-01","26.9833","-109.2167","159.7","EL VERANITO, MX","2.2","m","2.2",",m","3",",m","2",",m","1",",m","0",",m","2",",m","0",",m","22",",m","0",",m","-1.1",",m,13,","25.9",",,m,02,","30.6",",m,20,","227.9","m","132.8",",m","31.5",",,,m","14.12",",m","23.01",",,,m","5.23",",,,m"
"MXN00026197","1989-02","26.9833","-109.2167","159.7","EL VERANITO, MX","27.6","m","25.4",",m","3",",m","3",",m","1",",m","0",",m","0",",m","0",",m","25",",m","3",",m","5.6",",m,08,","69.9",",,m,01,","33.9",",m,25,","257.9","m","30.0",",m","76.5",",,,m","18.17",",m","26.94",",,,m","9.40",",,,m"
"MXN00026197","1989-03","26.9833","-109.2167","159.7","EL VERANITO, MX","86.6","m","59.0",",m","2",",m","2",",m","0",",m","0",",m","0",",m","0",",m","30",",m","5",",m","3.9",",m,05,","6.9",",,m,26,","35.0",",m,11,","271.5","m","13.6",",m","12.7",",,,m","19.80",",m","29.79",",,,m","9.81",",,,m"
"MXN00026197","1989-04","26.9833","-109.2167","159.7","EL VERANITO, MX","267.0","m","180.4",",m","0",",m","0",",m","0",",m","0",",m","0",",m","0",",m","30",",m","30",",m","10.6",",m,27,+","0.0",",,m,30,+","40.0",",m,21,","271.5","m","0.0",",m","0.0",",,,m","24.35",",m","35.49",",,,m","13.21",",,,m"
"MXN00026197","1989-05","26.9833","-109.2167","159.7","EL VERANITO, MX","496.4","m","229.4",",m","0",",m","0",",m","0",",m","0",",m","0",",m","0",",m","31",",m","29",",m","10.0",",m,17,+","0.0",",,m,31,+","40.0",",m,22,+","271.5","m","0.0",",m","0.0",",,,m","25.73",",m","36.41",",,,m","15.06",",,,m"
"MXN00026197","1989-06","26.9833","-109.2167","159.7","EL VERANITO, MX","808.6","m","312.2",",m","0",",m","0",",m","0",",m","0",",m","0",",m","0",",m","30",",m","30",",m","15.0",",m,05,+","0.0",",,m,30,+","40.0",",m,21,+","271.5","m","0.0",",m","0.0",",,,m","28.74",",m","38.09",",,,m","19.39",",,,m"
"MXN00026197","1989-07","26.9833","-109.2167","159.7","EL VERANITO, MX","1196.5","m","387.9",",m","8",",m","6",",m","1",",m","0",",m","0",",m","0",",m","31",",m","31",",m","20.6",",m,22,","43.9",",,m,26,","42.2",",m,20,+","0.0","m","0.0",",m","97.1",",,,m","30.85",",m","37.77",",,,m","23.92",",,,m"
"MXN00026197","1989-08","26.9833","-109.2167","159.7","EL VERANITO, MX","1496.2","m","299.7",",m","15",",m","12",",m","3",",m","0",",m","0",",m","0",",m","31",",m","30",",m","20.6",",m,31,+","45.0",",,m,14,","36.1",",m,28,","0.0","m","0.0",",m","241.5",",,,m","28.00",",m","33.79",",,,m","22.21",",,,m"
"MXN00026197","1989-09","26.9833","-109.2167","159.7","EL VERANITO, MX","1819.5","m","323.3",",m","2",",m","2",",m","2",",m","0",",m","0",",m","0",",m","30",",m","30",",m","15.0",",m,29,+","72.9",",,m,07,","40.0",",m,30,+","0.0","m","0.0",",m","112.8",",,,m","29.11",",m","37.27",",,,m","20.95",",,,m"
"MXN00026197","1989-10","26.9833","-109.2167","159.7","EL VERANITO, MX","2057.0","m","237.5",",m","1",",m","1",",m","0",",m","0",",m","0",",m","0",",m","31",",m","27",",m","12.8",",m,28,","23.9",",,m,04,","38.3",",m,12,","0.0","m","0.0",",m","23.9",",,,m","26.00",",m","35.21",",,,m","16.78",",,,m"
"MXN00026197","1989-12","26.9833","-109.2167","159.7","EL VERANITO, MX","","","2.8",",m","3",",m","3",",m","0",",m","0",",m","0",",m","0",",m","27",",m","0",",m","3.9",",m,13,+","19.8",",,m,16,","30.0",",m,08,","","","54.2",",m","42.6",",,,m","16.67",",m","25.27",",,,m","8.08",",,,m"
"MXN00026197","1990-01","26.9833","-109.2167","159.7","EL VERANITO, MX","7.0","m","7.0",",m","1",",m","1",",m","0",",m","0",",m","0",",m","0",",m","25",",m","2",",m","0.6",",m,20,","6.9",",,m,31,","32.8",",m,25,","","","88.9",",m","6.9",",,,m","15.69",",m","24.95",",,,m","6.44",",,,m"
"MXN00026197","1990-02","26.9833","-109.2167","159.7","EL VERANITO, MX","12.7","m","5.7",",m","2",",m","2",",m","0",",m","0",",m","0",",m","0",",m","23",",m","0",",m","1.7",",m,03,","15.7",",,m,14,","31.7",",m,25,+","","","89.6",",m","21.5",",,,m","15.34",",m","24.73",",,,m","5.94",",,,m"
"MXN00026197","1990-03","26.9833","-109.2167","159.7","EL VERANITO, MX","72.7","m","60.0",",m","2",",m","2",",m","0",",m","0",",m","0",",m","0",",m","30",",m","9",",m","2.8",",m,15,","19.8",",,m,10,","36.1",",m,05,","","","26.5",",m","30.7",",,,m","19.41",",m","29.11",",,,m","9.72",",,,m"
"MXN00026197","1990-04","26.9833","-109.2167","159.7","EL VERANITO, MX","206.8","m","134.1",",m","0",",m","0",",m","0",",m","0",",m","0",",m","0",",m","30",",m","20",",m","10.6",",m,22,+","0.0",",,m,30,+","37.2",",m,14,","","","0.5",",m","0.0",",,,m","22.79",",m","33.18",",,,m","12.39",",,,m"
"MXN00026197","1990-05","26.9833","-109.2167","159.7","EL VERANITO, MX","439.6","m","232.8",",m","0",",m","0",",m","0",",m","0",",m","0",",m","0",",m","31",",m","30",",m","10.6",",m,03,+","0.0",",,m,31,+","38.9",",m,28,+","","","0.0",",m","0.0",",,,m","25.84",",m","36.03",",,,m","15.65",",,,m"
"MXN00026197","1990-06","26.9833","-109.2167","159.7","EL VERANITO, MX","799.5","m","359.9",",m","1",",m","1",",m","1",",m","0",",m","0",",m","0",",m","30",",m","30",",m","15.0",",m,07,+","71.9",",,m,28,","40.6",",m,25,+","","","0.0",",m","71.9",",,,m","30.33",",m","38.82",",,,m","21.83",",,,m"
"MXN00026197","1990-07","26.9833","-109.2167","159.7","EL VERANITO, MX","1095.6","m","296.1",",m","14",",m","11",",m","4",",m","0",",m","0",",m","0",",m","31",",m","19",",m","20.0",",m,28,","65.8",",,m,07,","37.8",",m,01,","0.0","m","0.0",",m","261.0",",,,m","27.89",",m","33.04",",,,m","22.73",",,,m"
"MXN00026197","1990-08","26.9833","-109.2167","159.7","EL VERANITO, MX","1406.0","m","310.4",",m","6",",m","4",",m","0",",m","0",",m","0",",m","0",",m","31",",m","27",",m","20.6",",m,28,+","10.9",",,m,13,","39.4",",m,23,+","0.0","m","0.0",",m","26.9",",,,m","28.35",",m","34.92",",,,m","21.77",",,,m"
"MXN00026197","1990-09","26.9833","-109.2167","159.7","EL VERANITO, MX","1718.4","m","312.4",",m","10",",m","9",",m","1",",m","0",",m","0",",m","0",",m","30",",m","28",",m","18.9",",m,16,","39.9",",,m,02,","38.9",",m,28,","0.0","m","0.0",",m","126.7",",,,m","28.75",",m","35.36",",,,m","22.13",",,,m"
"MXN00026197","1990-10","26.9833","-109.2167","159.7","EL VERANITO, MX","1948.5","m","230.1",",m","2",",m","1",",m","0",",m","0",",m","0",",m","0",",m","31",",m","27",",m","15.0",",m,28,+","19.8",",,m,01,","36.7",",m,28,+","0.0","m","0.0",",m","21.6",",,,m","25.76",",m","33.61",",,,m","17.90",",,,m"
"MXN00026197","1990-11","26.9833","-109.2167","159.7","EL VERANITO, MX","2030.1","m","81.6",",m","4",",m","2",",m","1",",m","0",",m","0",",m","0",",m","30",",m","7",",m","5.6",",m,09,","46.0",",,m,02,","35.0",",m,17,","4.1","m","4.1",",m","58.5",",,,m","20.92",",m","28.72",",,,m","13.11",",,,m"
"MXN00026197","1990-12","26.9833","-109.2167","159.7","EL VERANITO, MX","2045.9","m","15.8",",m","3",",m","3",",m","2",",m","0",",m","0",",m","0",",m","20",",m","0",",m","3.3",",m,18,","74.9",",,m,16,","29.4",",m,12,+","72.8","m","68.7",",m","128.5",",,,m","16.63",",m","24.12",",,,m","9.13",",,,m"
"MXN00026197","1991-01","26.9833","-109.2167","159.7","EL VERANITO, MX","1.5","m","1.5",",m","2",",m","2",",m","0",",m","0",",m","0",",m","0",",m","31",",m","0",",m","5.0",",m,31,","13.0",",,m,05,","26.7",",m,31,+","111.8","m","39.0",",m","16.3",",,,m","17.12",",m","24.72",",,,m","9.53",",,,m"
"MXN00026197","1991-02","26.9833","-109.2167","159.7","EL VERANITO, MX","36.8","m","35.3",",m","4",",m","2",",m","0",",m","0",",m","0",",m","0",",m","28",",m","0",",m","5.0",",m,21,+","5.8",",,m,28,","31.7",",m,22,","125.3","m","13.5",",m","11.7",",,,m","19.11",",m","28.00",",,,m","10.22",",,,m"
"MXN00026197","1991-03","26.9833","-109.2167","159.7","EL VERANITO, MX","57.6","m","20.8",",m","0",",m","0",",m","0",",m","0",",m","0",",m","0",",m","30",",m","2",",m","5.6",",m,29,+","0.0",",,m,31,+","33.3",",m,31,","153.1","m","27.8",",m","0.0",",,,m","18.11",",m","27.54",",,,m","8.68",",,,m"
"MXN00026197","1991-04","26.9833","-109.2167","159.7","EL VERANITO, MX","151.3","m","93.7",",m","0",",m","0",",m","0",",m","0",",m","0",",m","0",",m","30",",m","20",",m","5.6",",m,14,","0.0",",,m,30,+","36.7",",m,21,","155.0","m","1.9",",m","0.0",",,,m","21.39",",m","32.43",",,,m","10.35",",,,m"
"MXN00026197","1991-05","26.9833","-109.2167","159.7","EL VERANITO, MX","351.6","m","200.3",",m","0",",m","0",",m","0",",m","0",",m","0",",m","0",",m","31",",m","28",",m","8.9",",m,03,","0.0",",,m,31,+","37.2",",m,05,","155.0","m","0.0",",m","0.0",",,,m","24.80",",m","34.45",",,,m","15.14",",,,m"
"MXN00026197","1991-06","26.9833","-109.2167","159.7","EL VERANITO, MX","640.3","m","288.7",",m","0",",m","0",",m","0",",m","0",",m","0",",m","0",",m","30",",m","29",",m","12.8",",m,02,","0.0",",,m,30,+","40.6",",m,06,","155.0","m","0.0",",m","0.0",",,,m","27.96",",m","37.26",",,,m","18.65",",,,m"
"MXN00026197","1991-07","26.9833","-109.2167","159.7","EL VERANITO, MX","939.5","m","299.2",",m","13",",m","12",",m","4",",m","0",",m","0",",m","0",",m","31",",m","25",",m","20.0",",m,21,","99.8",",,m,02,","37.8",",m,01,","0.0","m","0.0",",m","290.0",",,,m","27.98",",m","33.61",",,,m","22.35",",,,m"
"MXN00026197","1991-08","26.9833","-109.2167","159.7","EL VERANITO, MX","1281.1","m","341.6",",m","10",",m","10",",m","2",",m","0",",m","0",",m","0",",m","31",",m","29",",m","20.6",",m,30,+","37.8",",,m,21,","38.9",",m,21,+","0.0","m","0.0",",m","166.8",",,,m","29.35",",m","36.37",",,,m","22.33",",,,m"
"MXN00026197","1991-09","26.9833","-109.2167","159.7","EL VERANITO, MX","1525.9","m","244.8",",m","6",",m","6",",m","3",",m","0",",m","0",",m","0",",m","30",",m","16",",m","18.9",",m,18,+","54.9",",,m,01,","36.1",",m,30,","0.0","m","0.0",",m","154.4",",,,m","26.49",",m","32.49",",,,m","20.50",",,,m"
"MXN00026197","1991-10","26.9833","-109.2167","159.7","EL VERANITO, MX","1765.4","m","239.5",",m","2",",m","1",",m","0",",m","0",",m","0",",m","0",",m","31",",m","21",",m","11.1",",m,31,","23.9",",,m,21,","40.0",",m,10,","0.0","m","0.0",",m","24.7",",,,m","26.06",",m","34.09",",,,m","18.03",",,,m"
"MXN00026197","1991-11","26.9833","-109.2167","159.7","EL VERANITO, MX","1819.6","m","54.2",",m","2",",m","2",",m","1",",m","0",",m","0",",m","0",",m","29",",m","3",",m","7.8",",m,25,+","46.0",",,m,12,","32.8",",m,11,+","5.5","m","5.5",",m","52.9",",,,m","19.96",",m","28.62",",,,m","11.29",",,,m"
"MXN00026197","1991-12","26.9833","-109.2167","159.7","EL VERANITO, MX","1826.9","m","7.3",",m","7",",m","5",",m","1",",m","0",",m","0",",m","0",",m","23",",m","0",",m","0.6",",m,02,","33.8",",,m,10,","28.9",",m,14,","81.5","m","76.0",",m","60.8",",,,m","16.12",",m","23.56",",,,m","8.67",",,,m"
"MXN00026197","1992-01","26.9833","-109.2167","159.7","EL VERANITO, MX","1.2","m","1.2",",m","10",",m","10",",m","1",",m","0",",m","0",",m","0",",m","22",",m","0",",m","5.0",",m,22,+","25.9",",,m,09,","26.7",",m,31,","152.6","m","71.1",",m","98.8",",,,m","16.08",",m","22.39",",,,m","9.76",",,,m"
"MXN00026197","1992-02","26.9833","-109.2167","159.7","EL VERANITO, MX","3.5","m","2.3",",m","5",",m","5",",m","0",",m","0",",m","0",",m","0",",m","25",",m","0",",m","6.1",",m,18,","13.0",",,m,14,","30.0",",m,29,","198.2","m","45.6",",m","42.5",",,,m","16.84",",m","24.30",",,,m","9.38",",,,m"
"MXN00026197","1992-03","26.9833","-109.2167","159.7","EL VERANITO, MX","25.5","m","22.0",",m","2",",m","1",",m","0",",m","0",",m","0",",m","0",",m","31",",m","0",",m","5.0",",m,10,+","10.9",",,m,27,","31.7",",m,14,","216.1","m","17.9",",m","12.7",",,,m","18.47",",m","27.22",",,,m","9.71",",,,m"
"MXN00026197","1992-04","26.9833","-109.2167","159.7","EL VERANITO, MX","190.6","m","165.1",",m","0",",m","0",",m","0",",m","0",",m","0",",m","0",",m","30",",m","22",",m","10.0",",m,09,+","0.0",",,m,30,+","41.7",",m,30,+","216.9","m","0.8",",m","0.0",",,,m","23.81",",m","34.17",",,,m","13.45",",,,m"
"MXN00026197","1992-05","26.9833","-109.2167","159.7","EL VERANITO, MX","435.9","m","245.3",",m","0",",m","0",",m","0",",m","0",",m","0",",m","0",",m","31",",m","30",",m","13.3",",m,07,","0.0",",,m,31,+","40.0",",m,03,+","216.9","m","0.0",",m","0.0",",,,m","26.25",",m","35.73",",,,m","16.77",",,,m"
"MXN00026197","1992-06","26.9833","-109.2167","159.7","EL VERANITO, MX","772.2","m","336.3",",m","0",",m","0",",m","0",",m","0",",m","0",",m","0",",m","30",",m","30",",m","15.0",",m,13,+","0.0",",,m,30,+","40.6",",m,25,+","216.9","m","0.0",",m","0.0",",,,m","29.54",",m","38.91",",,,m","20.18",",,,m"
"MXN00026197","1992-07","26.9833","-109.2167","159.7","EL VERANITO, MX","1140.2","m","368.0",",m","10",",m","9",",m","0",",m","0",",m","0",",m","0",",m","31",",m","30",",m","20.0",",m,09,","24.9",",,m,31,","40.0",",m,05,+","0.0","m","0.0",",m","110.8",",,,m","30.20",",m","37.18",",,,m","23.23",",,,m"
"MXN00026197","1992-08","26.9833","-109.2167","159.7","EL VERANITO, MX","1452.0","m","311.8",",m","8",",m","8",",m","2",",m","0",",m","0",",m","0",",m","31",",m","28",",m","20.0",",m,24,","37.8",",,m,13,","40.0",",m,11,","0.0","m","0.0",",m","172.2",",,,m","28.39",",m","34.56",",,,m","22.23",",,,m"
"MXN00026197","1992-10","26.9833","-109.2167","159.7","EL VERANITO, MX","","","233.0",",m","1",",m","1",",m","0",",m","0",",m","0",",m","0",",m","31",",m","28",",m","15.0",",m,02,","5.8",",,m,28,","38.9",",m,21,","","","0.0",",m","5.8",",,,m","25.85",",m","34.85",",,,m","16.85",",,,m"
"MXN00026197","1992-11","26.9833","-109.2167","159.7","EL VERANITO, MX","","","42.5",",m","1",",m","1",",m","0",",m","0",",m","0",",m","0",",m","30",",m","3",",m","3.9",",m,26,","6.9",",,m,17,","32.8",",m,03,+","","","24.4",",m","6.9",",,,m","18.94",",m","28.14",",,,m","9.74",",,,m"
"MXN00026197","1992-12","26.9833","-109.2167","159.7","EL VERANITO, MX","","","24.1",",m","2",",m","2",",m","0",",m","0",",m","0",",m","0",",m","26",",m","0",",m","1.7",",m,15,","15.0",",,m,04,","29.4",",m,04,","","","51.8",",m","18.8",",,,m","17.44",",m","25.14",",,,m","9.75",",,,m"
"MXN00026197","1993-01","26.9833","-109.2167","159.7","EL VERANITO, MX","3.2","m","3.2",",m","4",",m","3",",m","0",",m","0",",m","0",",m","0",",m","27",",m","0",",m","5.0",",m,23,+","3.8",",,m,06,+","28.3",",m,22,+","","","32.6",",m","11.2",",,,m","17.38",",m","24.77",",,,m","9.99",",,,m"
"MXN00026197","1993-02","26.9833","-109.2167","159.7","EL VERANITO, MX","6.0","m","2.8",",m","5",",m","5",",m","0",",m","0",",m","0",",m","0",",m","25",",m","0",",m","4.4",",m,03,","15.7",",,m,27,","29.4",",m,06,","","","54.1",",m","40.0",",,,m","16.50",",m","24.59",",,,m","8.41",",,,m"
"MXN00026197","1993-03","26.9833","-109.2167","159.7","EL VERANITO, MX","71.7","m","65.7",",m","0",",m","0",",m","0",",m","0",",m","0",",m","0",",m","31",",m","9",",m","2.8",",m,02,","0.0",",,m,31,+","36.7",",m,18,","","","16.4",",m","0.0",",,,m","19.93",",m","30.35",",,,m","9.50",",,,m"
"MXN00026197","1993-04","26.9833","-109.2167","159.7","EL VERANITO, MX","208.2","m","136.5",",m","0",",m","0",",m","0",",m","0",",m","0",",m","0",",m","30",",m","24",",m","7.8",",m,01,","0.0",",,m,30,+","38.9",",m,30,+","","","0.0",",m","0.0",",,,m","22.88",",m","34.20",",,,m","11.57",",,,m"
"MXN00026197","1993-05","26.9833","-109.2167","159.7","EL VERANITO, MX","430.2","m","222.0",",m","0",",m","0",",m","0",",m","0",",m","0",",m","0",",m","31",",m","29",",m","10.6",",m,07,","0.0",",,m,31,+","40.0",",m,31,+","","","0.0",",m","0.0",",,,m","25.50",",m","35.47",",,,m","15.52",",,,m"
"MXN00026197","1993-07","26.9833","-109.2167","159.7","EL VERANITO, MX","","","361.1",",m","7",",m","7",",m","0",",m","0",",m","0",",m","0",",m","31",",m","31",",m","20.6",",m,14,","16.8",",,m,18,","41.7",",m,29,","0.0","m","0.0",",m","63.9",",,,m","29.98",",m","36.61",",,,m","23.35",",,,m"
"MXN00026197","1993-08","26.9833","-109.2167","159.7","EL VERANITO, MX","","","339.7",",m","4",",m","4",",m","1",",m","0",",m","0",",m","0",",m","31",",m","29",",m","20.6",",m,31,+","31.8",",,m,29,","40.0",",m,11,+","0.0","m","0.0",",m","72.5",",,,m","29.29",",m","35.69",",,,m","22.89",",,,m"
"MXN00026197","1993-09","26.9833","-109.2167","159.7","EL VERANITO, MX","","","259.5",",m","9",",m","9",",m","2",",m","0",",m","0",",m","0",",m","30",",m","21",",m","15.6",",m,20,+","47.0",",,m,07,","37.8",",m,21,","0.0","m","0.0",",m","124.8",",,,m","26.98",",m","33.42",",,,m","20.54",",,,m"
"MXN00026197","1993-10","26.9833","-109.2167","159.7","EL VERANITO, MX","","","235.5",",m","1",",m","1",",m","1",",m","0",",m","0",",m","0",",m","31",",m","27",",m","11.7",",m,30,+","39.9",",,m,27,","38.9",",m,12,","0.0","m","0.0",",m","39.9",",,,m","25.93",",m","34.58",",,,m","17.28",",,,m"
"MXN00026197","1993-11","26.9833","-109.2167","159.7","EL VERANITO, MX","","","68.5",",m","4",",m","3",",m","0",",m","0",",m","0",",m","0",",m","30",",m","0",",m","7.8",",m,29,","9.9",",,m,02,","30.6",",m,23,","5.0","m","5.0",",m","20.4",",,,m","20.45",",m","27.79",",,,m","13.11",",,,m"
"MXN00026197","1993-12","26.9833","-109.2167","159.7","EL VERANITO, MX","","","24.3",",m","2",",m","2",",m","0",",m","0",",m","0",",m","0",",m","28",",m","0",",m","6.7",",m,14,","6.9",",,m,21,","30.0",",m,08,+","35.8","m","30.8",",m","10.7",",,,m","18.12",",m","25.67",",,,m","10.57",",,,m"
"MXN00026197","1994-01","26.9833","-109.2167","159.7","EL VERANITO, MX","13.9","m","13.9",",m","0",",m","0",",m","0",",m","0",",m","0",",m","0",",m","31",",m","0",",m","1.1",",m,30,","0.0",",,m,31,+","31.7",",m,04,+","77.8","m","42.0",",m","0.0",",,,m","17.43",",m","27.21",",,,m","7.64",",,,m"
"MXN00026197","1994-02","26.9833","-109.2167","159.7","EL VERANITO, MX","25.8","m","11.9",",m","0",",m","0",",m","0",",m","0",",m","0",",m","0",",m","28",",m","0",",m","1.7",",m,02,+","0.0",",,m,28,+","31.7",",m,17,+","116.7","m","38.9",",m","0.0",",,,m","17.37",",m","27.44",",,,m","7.30",",,,m"
"MXN00026197","1994-03","26.9833","-109.2167","159.7","EL VERANITO, MX","82.2","m","56.4",",m","0",",m","0",",m","0",",m","0",",m","0",",m","0",",m","31",",m","4",",m","5.0",",m,09,","0.0",",,m,31,+","32.8",",m,31,+","125.2","m","8.5",",m","0.0",",,,m","19.88",",m","29.98",",,,m","9.78",",,,m"
"MXN00026197","1994-04","26.9833","-109.2167","159.7","EL VERANITO, MX","223.6","m","141.4",",m","0",",m","0",",m","0",",m","0",",m","0",",m","0",",m","30",",m","22",",m","8.3",",m,06,","0.0",",,m,30,+","40.6",",m,16,","125.2","m","0.0",",m","0.0",",,,m","23.05",",m","34.04",",,,m","12.05",",,,m"
"MXN00026197","1994-05","26.9833","-109.2167","159.7","EL VERANITO, MX","441.3","m","217.7",",m","0",",m","0",",m","0",",m","0",",m","0",",m","0",",m","31",",m","30",",m","10.0",",m,02,","0.0",",,m,31,+","41.7",",m,28,","125.2","m","0.0",",m","0.0",",,,m","25.35",",m","36.02",",,,m","14.69",",,,m"
"MXN00026197","1994-06","26.9833","-109.2167","159.7","EL VERANITO, MX","817.2","m","375.9",",m","3",",m","3",",m","0",",m","0",",m","0",",m","0",",m","30",",m","30",",m","19.4",",m,10,","13.0",",,m,17,","40.6",",m,28,+","125.2","m","0.0",",m","23.7",",,,m","30.86",",m","38.18",",,,m","23.54",",,,m"
"MXN00026197","1994-07","26.9833","-109.2167","159.7","EL VERANITO, MX","1219.4","m","402.2",",m","5",",m","5",",m","3",",m","0",",m","0",",m","0",",m","31",",m","31",",m","20.0",",m,30,","34.8",",,m,14,","40.6",",m,12,+","0.0","m","0.0",",m","109.3",",,,m","31.31",",m","38.07",",,,m","24.54",",,,m"
"MXN00026197","1994-08","26.9833","-109.2167","159.7","EL VERANITO, MX","1535.2","m","315.8",",m","14",",m","11",",m","2",",m","0",",m","0",",m","0",",m","31",",m","26",",m","20.6",",m,14,+","35.8",",,m,25,+","37.8",",m,17,","0.0","m","0.0",",m","171.9",",,,m","28.52",",m","34.15",",,,m","22.89",",,,m"
"MXN00026197","1994-09","26.9833","-109.2167","159.7","EL VERANITO, MX","1842.2","m","307.0",",m","4",",m","4",",m","1",",m","0",",m","0",",m","0",",m","30",",m","29",",m","20.0",",m,29,+","75.9",",,m,02,","37.8",",m,19,+","0.0","m","0.0",",m","135.6",",,,m","28.57",",m","35.14",",,,m","21.99",",,,m"
"MXN00026197","1994-10","26.9833","-109.2167","159.7","EL VERANITO, MX","2037.3","m","195.1",",m","3",",m","2",",m","1",",m","0",",m","0",",m","0",",m","31",",m","17",",m","12.8",",m,15,","69.9",",,m,06,","35.0",",m,26,","0.0","m","0.0",",m","94.6",",,,m","24.63",",m","31.88",",,,m","17.38",",,,m"
"MXN00026197","1994-11","26.9833","-109.2167","159.7","EL VERANITO, MX","2131.9","m","94.6",",m","2",",m","2",",m","1",",m","0",",m","0",",m","0",",m","30",",m","3",",m","6.7",",m,30,+","129.8",",,m,11,","32.8",",m,10,+","10.3","m","10.3",",m","135.6",",,,m","21.14",",m","28.63",",,,m","13.65",",,,m"
"MXN00026197","1994-12","26.9833","-109.2167","159.7","EL VERANITO, MX","2132.8","m","0.9",",m","5",",m","5",",m","2",",m","0",",m","0",",m","0",",m","26",",m","0",",m","5.0",",m,29,","47.8",",,m,21,","27.8",",m,21,","70.8","m","60.5",",m","107.2",",,,m","16.41",",m","23.39",",,,m","9.44",",,,m"
"MXN00026197","1995-01","26.9833","-109.2167","159.7","EL VERANITO, MX","0.0","m","0.0",",m","0",",m","0",",m","0",",m","0",",m","0",",m","0",",m","30",",m","0",",m","2.8",",m,18,","0.0",",,m,31,+","27.8",",m,15,","159.7","m","88.9",",m","0.0",",,,m","15.46",",m","24.40",",,,m","6.53",",,,m"
"MXN00026197","1995-02","26.9833","-109.2167","159.7","EL VERANITO, MX","32.5","m","32.5",",m","5",",m","4",",m","0",",m","0",",m","0",",m","0",",m","27",",m","0",",m","7.8",",m,23,","11.9",",,m,25,","31.7",",m,08,+","164.6","m","4.9",",m","25.1",",,,m","19.32",",m","27.59",",,,m","11.05",",,,m"
"MXN00026197","1995-03","26.9833","-109.2167","159.7","EL VERANITO, MX","84.6","m","52.1",",m","0",",m","0",",m","0",",m","0",",m","0",",m","0",",m","31",",m","0",",m","6.7",",m,31,","0.0",",,m,31,+","31.7",",m,22,+","165.7","m","1.1",",m","0.0",",,,m","19.98",",m","29.65",",,,m","10.31",",,,m"
"MXN00026197","1995-04","26.9833","-109.2167","159.7","EL VERANITO, MX","163.1","m","78.5",",m","0",",m","0",",m","0",",m","0",",m","0",",m","0",",m","30",",m","17",",m","5.6",",m,21,+","0.0",",,m,30,+","35.6",",m,30,","168.9","m","3.2",",m","0.0",",,,m","20.84",",m","32.03",",,,m","9.65",",,,m"
"MXN00026197","1995-05","26.9833","-109.2167","159.7","EL VERANITO, MX","345.3","m","182.2",",m","0",",m","0",",m","0",",m","0",",m","0",",m","0",",m","31",",m","27",",m","8.9",",m,07,","0.0",",,m,31,+","37.2",",m,22,+","169.4","m","0.5",",m","0.0",",,,m","24.19",",m","34.61",",,,m","13.77",",,,m"
"MXN00026197","1995-06","26.9833","-109.2167","159.7","EL VERANITO, MX","644.3","m","299.0",",m","0",",m","0",",m","0",",m","0",",m","0",",m","0",",m","30",",m","30",",m","13.3",",m,10,","0.0",",,m,30,+","40.0",",m,29,+","169.4","m","0.0",",m","0.0",",,,m","28.30",",m","38.06",",,,m","18.53",",,,m"
"MXN00026197","1995-07","26.9833","-109.2167","159.7","EL VERANITO, MX","1022.6","m","378.3",",m","6",",m","6",",m","2",",m","0",",m","0",",m","0",",m","31",",m","31",",m","20.6",",m,16,","66.8",",,m,14,","40.6",",m,10,","0.0","m","0.0",",m","157.7",",,,m","30.54",",m","37.47",",,,m","23.60",",,,m"
"MXN00026197","1995-08","26.9833","-109.2167","159.7","EL VERANITO, MX","1395.0","m","372.4",",m","7",",m","4",",m","1",",m","0",",m","0",",m","0",",m","31",",m","29",",m","21.7",",m,21,+","31.8",",,m,09,","41.7",",m,08,","0.0","m","0.0",",m","78.3",",,,m","30.35",",m","36.60",",,,m","24.09",",,,m"
"MXN00026197","1995-09","26.9833","-109.2167","159.7","EL VERANITO, MX","1707.4","m","312.4",",m","4",",m","3",",m","2",",m","0",",m","0",",m","0",",m","30",",m","29",",m","16.7",",m,16,","145.8",",,m,13,","37.8",",m,14,+","0.0","m","0.0",",m","282.2",",,,m","28.75",",m","35.54",",,,m","21.95",",,,m"
"MXN00026197","1995-10","26.9833","-109.2167","159.7","EL VERANITO, MX","1920.6","m","213.2",",m","0",",m","0",",m","0",",m","0",",m","0",",m","0",",m","31",",m","30",",m","11.1",",m,28,+","0.0",",,m,31,+","40.0",",m,12,","0.0","m","0.0",",m","0.0",",,,m","25.21",",m","35.46",",,,m","14.96",",,,m"
"MXN00026197","1995-11","26.9833","-109.2167","159.7","EL VERANITO, MX","2038.2","m","117.6",",m","2",",m","2",",m","0",",m","0",",m","0",",m","0",",m","30",",m","14",",m","10.0",",m,30,+","3.8",",,m,03,","35.6",",m,19,","0.0","m","0.0",",m","6.6",",,,m","22.25",",m","31.79",",,,m","12.71",",,,m"
"MXN00026197","1995-12","26.9833","-109.2167","159.7","EL VERANITO, MX","2068.9","m","30.7",",m","0",",m","0",",m","0",",m","0",",m","0",",m","0",",m","31",",m","3",",m","2.8",",m,23,+","0.0",",,m,31,+","32.8",",m,03,","55.7","m","55.7",",m","0.0",",,,m","17.52",",m","27.35",",,,m","7.70",",,,m"
"MXN00026197","1996-01","26.9833","-109.2167","159.7","EL VERANITO, MX","10.2","m","10.2",",m","0",",m","0",",m","0",",m","0",",m","0",",m","0",",m","31",",m","1",",m","1.1",",m,24,","0.0",",,m,31,+","32.8",",m,30,","102.7","m","47.0",",m","0.0",",,,m","17.15",",m","28.19",",,,m","6.10",",,,m"
"MXN00026197","1996-02","26.9833","-109.2167","159.7","EL VERANITO, MX","50.4","m","40.2",",m","0",",m","0",",m","0",",m","0",",m","0",",m","0",",m","29",",m","8",",m","3.9",",m,28,","0.0",",,m,29,+","33.9",",m,19,","112.6","m","9.9",",m","0.0",",,,m","19.38",",m","29.98",",,,m","8.77",",,,m"
"MXN00026197","1996-03","26.9833","-109.2167","159.7","EL VERANITO, MX","106.6","m","56.2",",m","0",",m","0",",m","0",",m","0",",m","0",",m","0",",m","31",",m","9",",m","3.3",",m,02,","0.0",",,m,31,+","34.4",",m,20,","121.5","m","8.9",",m","0.0",",,,m","19.86",",m","30.60",",,,m","9.12",",,,m"
"MXN00026197","1996-04","26.9833","-109.2167","159.7","EL VERANITO, MX","247.1","m","140.5",",m","1",",m","1",",m","0",",m","0",",m","0",",m","0",",m","30",",m","22",",m","9.4",",m,05,","16.8",",,m,06,","37.2",",m,27,","121.5","m","0.0",",m","16.8",",,,m","23.02",",m","33.85",",,,m","12.19",",,,m"
"MXN00026197","1996-05","26.9833","-109.2167","159.7","EL VERANITO, MX","488.1","m","241.0",",m","0",",m","0",",m","0",",m","0",",m","0",",m","0",",m","31",",m","31",",m","11.7",",m,27,","0.0",",,m,31,+","38.9",",m,13,+","121.5","m","0.0",",m","0.0",",,,m","26.11",",m","36.81",",,,m","15.40",",,,m"
"MXN00026197","1996-06","26.9833","-109.2167","159.7","EL VERANITO, MX","859.4","m","371.3",",m","0",",m","0",",m","0",",m","0",",m","0",",m","0",",m","30",",m","30",",m","20.0",",m,05,+","0.0",",,m,30,+","40.0",",m,22,+","121.5","m","0.0",",m","0.0",",,,m","30.71",",m","38.59",",,,m","22.83",",,,m"
"MXN00026197","1996-07","26.9833","-109.2167","159.7","EL VERANITO, MX","1231.5","m","372.1",",m","10",",m","10",",m","0",",m","0",",m","0",",m","0",",m","31",",m","31",",m","21.7",",m,29,+","15.7",",,m,27,","41.7",",m,30,","0.0","m","0.0",",m","75.3",",,,m","30.34",",m","36.95",",,,m","23.72",",,,m"
"MXN00026197","1996-08","26.9833","-109.2167","159.7","EL VERANITO, MX","1539.6","m","308.1",",m","15",",m","15",",m","5",",m","0",",m","0",",m","0",",m","31",",m","27",",m","20.0",",m,23,+","41.4",",,m,29,","37.8",",m,04,+","0.0","m","0.0",",m","255.1",",,,m","28.27",",m","34.73",",,,m","21.81",",,,m"
"MXN00026197","1996-09","26.9833","-109.2167","159.7","EL VERANITO, MX","1786.7","m","247.1",",m","6",",m","5",",m","1",",m","0",",m","0",",m","0",",m","30",",m","22",",m","17.8",",m,22,+","81.8",",,m,12,","36.7",",m,30,+","0.0","m","0.0",",m","112.6",",,,m","26.57",",m","33.28",",,,m","19.86",",,,m"
"MXN00026197","1996-10","26.9833","-109.2167","159.7","EL VERANITO, MX","2004.4","m","217.7",",m","0",",m","0",",m","0",",m","0",",m","0",",m","0",",m","31",",m","22",",m","10.0",",m,23,","0.0",",,m,31,+","38.9",",m,03,","0.0","m","0.0",",m","0.0",",,,m","25.35",",m","34.27",",,,m","16.44",",,,m"
"MXN00026197","1996-11","26.9833","-109.2167","159.7","EL VERANITO, MX","2079.0","m","74.6",",m","3",",m","2",",m","0",",m","0",",m","0",",m","0",",m","30",",m","12",",m","5.0",",m,27,+","9.4",",,m,27,","35.6",",m,10,","5.2","m","5.2",",m","15.0",",,,m","20.65",",m","31.23",",,,m","10.06",",,,m"
"MXN00026197","1996-12","26.9833","-109.2167","159.7","EL VERANITO, MX","2087.5","m","8.5",",m","0",",m","0",",m","0",",m","0",",m","0",",m","0",",m","31",",m","0",",m","1.7",",m,23,","0.0",",,m,31,+","31.7",",m,09,","53.1","m","47.9",",m","0.0",",,,m","17.06",",m","27.24",",,,m","6.88",",,,m"
"MXN00026197","1997-01","26.9833","-109.2167","159.7","EL VERANITO, MX","3.3","m","3.3",",m","1",",m","1",",m","0",",m","0",",m","1",",m","0",",m","25",",m","0",",m","0.0",",m,10,","3.8",",,m,18,","31.1",",m,28,","133.5","m","80.4",",m","3.8",",,,m","15.85",",m","25.00",",,,m","6.70",",,,m"
"MXN00026197","1997-02","26.9833","-109.2167","159.7","EL VERANITO, MX","10.8","m","7.5",",m","0",",m","0",",m","0",",m","0",",m","0",",m","0",",m","26",",m","1",",m","2.2",",m,26,","0.0",",,m,28,+","32.2",",m,15,","188.8","m","55.3",",m","0.0",",,,m","16.62",",m","25.98",",,,m","7.27",",,,m"
"MXN00026197","1997-03","26.9833","-109.2167","159.7","EL VERANITO, MX","101.0","m","90.2",",m","0",",m","0",",m","0",",m","0",",m","0",",m","0",",m","31",",m","11",",m","3.9",",m,02,","0.0",",,m,31,+","37.2",",m,19,","193.5","m","4.7",",m","0.0",",,,m","21.09",",m","31.57",",,,m","10.62",",,,m"
"MXN00026197","1997-04","26.9833","-109.2167","159.7","EL VERANITO, MX","186.7","m","85.7",",m","2",",m","2",",m","0",",m","0",",m","0",",m","0",",m","29",",m","14",",m","5.6",",m,05,","8.9",",,m,25,","37.8",",m,29,","199.8","m","6.3",",m","13.7",",,,m","20.98",",m","30.92",",,,m","11.04",",,,m"
"MXN00026197","1997-05","26.9833","-109.2167","159.7","EL VERANITO, MX","450.3","m","263.6",",m","0",",m","0",",m","0",",m","0",",m","0",",m","0",",m","31",",m","31",",m","12.8",",m,02,","0.0",",,m,31,+","40.0",",m,31,+","199.8","m","0.0",",m","0.0",",,,m","26.84",",m","37.40",",,,m","16.27",",,,m"
"MXN00026197","1997-06","26.9833","-109.2167","159.7","EL VERANITO, MX","778.2","m","327.9",",m","1",",m","1",",m","0",",m","0",",m","0",",m","0",",m","30",",m","29",",m","18.9",",m,18,+","6.9",",,m,25,","40.0",",m,04,+","199.8","m","0.0",",m","6.9",",,,m","29.26",",m","37.22",",,,m","21.30",",,,m"
"MXN00026197","1997-07","26.9833","-109.2167","159.7","EL VERANITO, MX","1164.2","m","386.0",",m","5",",m","2",",m","0",",m","0",",m","0",",m","0",",m","31",",m","31",",m","20.0",",m,25,+","19.8",",,m,14,","41.7",",m,24,+","0.0","m","0.0",",m","28.0",",,,m","30.79",",m","38.53",",,,m","23.04",",,,m"
"MXN00026197","1997-08","26.9833","-109.2167","159.7","EL VERANITO, MX","1496.8","m","332.6",",m","10",",m","9",",m","3",",m","0",",m","0",",m","0",",m","31",",m","30",",m","20.0",",m,13,+","58.9",",,m,11,","40.6",",m,02,","0.0","m","0.0",",m","180.8",",,,m","29.06",",m","35.93",",,,m","22.19",",,,m"
"MXN00026197","1997-09","26.9833","-109.2167","159.7","EL VERANITO, MX","1802.1","m","305.3",",m","7",",m","6",",m","2",",m","0",",m","0",",m","0",",m","30",",m","28",",m","20.0",",m,28,","63.0",",,m,21,","40.0",",m,20,","0.0","m","0.0",",m","136.2",",,,m","28.51",",m","34.68",",,,m","22.34",",,,m"
"MXN00026197","1997-10","26.9833","-109.2167","159.7","EL VERANITO, MX","2014.5","m","212.4",",m","1",",m","1",",m","0",",m","0",",m","0",",m","0",",m","31",",m","21",",m","11.7",",m,26,","15.7",",,m,07,","38.9",",m,14,","0.0","m","0.0",",m","15.7",",,,m","25.18",",m","33.77",",,,m","16.59",",,,m"
"MXN00026197","1997-11","26.9833","-109.2167","159.7","EL VERANITO, MX","2109.7","m","95.2",",m","3",",m","2",",m","1",",m","0",",m","0",",m","0",",m","30",",m","11",",m","8.3",",m,16,","30.0",",,m,12,","35.6",",m,02,","0.9","m","0.9",",m","40.7",",,,m","21.48",",m","30.60",",,,m","12.35",",,,m"
"MXN00026197","1997-12","26.9833","-109.2167","159.7","EL VERANITO, MX","2111.7","m","2.0",",m","5",",m","3",",m","1",",m","0",",m","2",",m","0",",m","24",",m","0",",m","-1.1",",m,14,+","35.8",",,m,22,","27.8",",m,16,+","112.6","m","111.7",",m","59.0",",,,m","14.80",",m","23.00",",,,m","6.59",",,,m"
"MXN00026197","1998-01","26.9833","-109.2167","159.7","EL VERANITO, MX","3.4","m","3.4",",m","0",",m","0",",m","0",",m","0",",m","0",",m","0",",m","31",",m","0",",m","2.8",",m,08,+","0.0",",,m,31,+","31.1",",m,27,","169.1","m","56.5",",m","0.0",",,,m","16.62",",m","26.20",",,,m","7.04",",,,m"
"MXN00026197","1998-02","26.9833","-109.2167","159.7","EL VERANITO, MX","6.5","m","3.1",",m","3",",m","3",",m","0",",m","0",",m","0",",m","0",",m","25",",m","0",",m","3.9",",m,12,+","15.7",",,m,03,","31.7",",m,23,","258.2","m","89.1",",m","35.5",",,,m","15.26",",m","24.42",",,,m","6.10",",,,m"
"MXN00026197","1998-03","26.9833","-109.2167","159.7","EL VERANITO, MX","31.6","m","25.1",",m","1",",m","0",",m","0",",m","0",",m","0",",m","0",",m","31",",m","3",",m","3.3",",m,08,","0.8",",,m,29,","36.1",",m,23,","284.5","m","26.3",",m","0.8",",,,m","18.30",",m","28.52",",,,m","8.07",",,,m"
"MXN00026197","1998-04","26.9833","-109.2167","159.7","EL VERANITO, MX","83.3","m","51.7",",m","0",",m","0",",m","0",",m","0",",m","0",",m","0",",m","30",",m","13",",m","4.4",",m,01,","0.0",",,m,30,+","36.1",",m,23,+","291.2","m","6.7",",m","0.0",",,,m","19.84",",m","31.19",",,,m","8.48",",,,m"
"MXN00026197","1998-05","26.9833","-109.2167","159.7","EL VERANITO, MX","276.7","m","193.4",",m","0",",m","0",",m","0",",m","0",",m","0",",m","0",",m","31",",m","29",",m","10.6",",m,15,+","0.0",",,m,31,+","42.2",",m,31,","291.2","m","0.0",",m","0.0",",,,m","24.57",",m","36.11",",,,m","13.03",",,,m"
"MXN00026197","1998-06","26.9833","-109.2167","159.7","EL VERANITO, MX","614.7","m","338.0",",m","2",",m","1",",m","0",",m","0",",m","0",",m","0",",m","30",",m","29",",m","15.0",",m,08,","4.8",",,m,10,","41.7",",m,23,+","291.2","m","0.0",",m","6.6",",,,m","29.60",",m","38.66",",,,m","20.54",",,,m"
"MXN00026197","1998-07","26.9833","-109.2167","159.7","EL VERANITO, MX","1001.8","m","387.1",",m","6",",m","5",",m","1",",m","0",",m","0",",m","0",",m","31",",m","29",",m","20.6",",m,22,","35.8",",,m,21,","43.3",",m,10,","0.0","m","0.0",",m","71.8",",,,m","30.82",",m","37.20",",,,m","24.44",",,,m"
"MXN00026197","1998-08","26.9833","-109.2167","159.7","EL VERANITO, MX","1343.0","m","341.2",",m","13",",m","9",",m","1",",m","0",",m","0",",m","0",",m","31",",m","31",",m","20.6",",m,30,+","74.9",",,m,15,","42.2",",m,29,","0.0","m","0.0",",m","147.2",",,,m","29.34",",m","35.94",",,,m","22.74",",,,m"
"MXN00026197","1998-09","26.9833","-109.2167","159.7","EL VERANITO, MX","1651.8","m","308.8",",m","3",",m","3",",m","2",",m","0",",m","0",",m","0",",m","30",",m","27",",m","18.9",",m,24,+","82.8",",,m,02,","37.2",",m,29,","0.0","m","0.0",",m","129.5",",,,m","28.63",",m","35.07",",,,m","22.18",",,,m"
"MXN00026197","1998-10","26.9833","-109.2167","159.7","EL VERANITO, MX","1906.6","m","254.8",",m","1",",m","1",",m","1",",m","0",",m","0",",m","0",",m","31",",m","29",",m","10.6",",m,31,","62.0",",,m,01,","37.8",",m,25,+","0.0","m","0.0",",m","62.0",",,,m","26.55",",m","35.29",",,,m","17.81",",,,m"
"MXN00026197","1998-11","26.9833","-109.2167","159.7","EL VERANITO, MX","1991.1","m","84.5",",m","0",",m","0",",m","0",",m","0",",m","0",",m","0",",m","30",",m","11",",m","7.8",",m,01,","0.0",",,m,30,+","33.9",",m,26,","1.1","m","1.1",",m","0.0",",,,m","21.11",",m","31.32",",,,m","10.90",",,,m"
"MXN00026197","1998-12","26.9833","-109.2167","159.7","EL VERANITO, MX","1996.7","m","5.6",",m","0",",m","0",",m","0",",m","0",",m","0",",m","0",",m","28",",m","0",",m","0.6",",m,11,","0.0",",,m,31,+","30.0",",m,29,+","81.1","m","80.0",",m","0.0",",,,m","15.93",",m","26.12",",,,m","5.75",",,,m"
"MXN00026197","1999-01","26.9833","-109.2167","159.7","EL VERANITO, MX","3.4","m","3.4",",m","0",",m","0",",m","0",",m","0",",m","1",",m","0",",m","31",",m","2",",m","0.0",",m,29,","0.0",",,m,31,+","33.3",",m,24,","134.6","m","53.5",",m","0.0",",,,m","16.72",",m","28.26",",,,m","5.17",",,,m"
"MXN00026197","1999-02","26.9833","-109.2167","159.7","EL VERANITO, MX","13.1","m","9.7",",m","0",",m","0",",m","0",",m","0",",m","0",",m","0",",m","28",",m","0",",m","2.8",",m,12,","0.0",",,m,28,+","31.7",",m,28,+","159.3","m","24.7",",m","0.0",",,,m","17.79",",m","29.03",",,,m","6.56",",,,m"
"MXN00026197","1999-03","26.9833","-109.2167","159.7","EL VERANITO, MX","49.4","m","36.3",",m","1",",m","1",",m","0",",m","0",",m","0",",m","0",",m","31",",m","9",",m","3.9",",m,18,+","2.8",",,m,26,","35.0",",m,25,+","175.8","m","16.5",",m","2.8",",,,m","18.97",",m","30.19",",,,m","7.75",",,,m"
"MXN00026197","1999-04","26.9833","-109.2167","159.7","EL VERANITO, MX","130.1","m","80.7",",m","0",",m","0",",m","0",",m","0",",m","0",",m","0",",m","30",",m","15",",m","5.6",",m,05,","0.0",",,m,30,+","37.8",",m,21,","178.5","m","2.7",",m","0.0",",,,m","20.93",",m","31.78",",,,m","10.08",",,,m"
"MXN00026197","1999-05","26.9833","-109.2167","159.7","EL VERANITO, MX","334.5","m","204.4",",m","0",",m","0",",m","0",",m","0",",m","0",",m","0",",m","31",",m","27",",m","5.6",",m,01,","0.0",",,m,31,+","41.1",",m,24,","178.7","m","0.2",",m","0.0",",,,m","24.92",",m","36.17",",,,m","13.67",",,,m"
"MXN00026197","1999-06","26.9833","-109.2167","159.7","EL VERANITO, MX","646.4","m","311.9",",m","3",",m","2",",m","0",",m","0",",m","0",",m","0",",m","30",",m","30",",m","13.9",",m,08,+","24.9",",,m,24,","43.3",",m,18,","178.7","m","0.0",",m","32.5",",,,m","28.73",",m","37.63",",,,m","19.83",",,,m"
"MXN00026197","1999-07","26.9833","-109.2167","159.7","EL VERANITO, MX","993.2","m","346.8",",m","9",",m","9",",m","0",",m","0",",m","0",",m","0",",m","31",",m","30",",m","20.0",",m,27,","18.8",",,m,26,","40.6",",m,13,","0.0","m","0.0",",m","80.5",",,,m","29.52",",m","36.34",",,,m","22.70",",,,m"
"MXN00026197","1999-08","26.9833","-109.2167","159.7","EL VERANITO, MX","1333.9","m","340.7",",m","11",",m","10",",m","0",",m","0",",m","0",",m","0",",m","31",",m","31",",m","20.6",",m,31,+","21.8",",,m,10,","39.4",",m,21,+","0.0","m","0.0",",m","132.7",",,,m","29.32",",m","36.46",",,,m","22.19",",,,m"
"MXN00026197","1999-09","26.9833","-109.2167","159.7","EL VERANITO, MX","1666.5","m","332.6",",m","6",",m","4",",m","1",",m","0",",m","0",",m","0",",m","30",",m","29",",m","18.3",",m,29,+","54.9",",,m,08,","43.3",",m,29,","0.0","m","0.0",",m","76.1",",,,m","29.42",",m","37.20",",,,m","21.63",",,,m"
"MXN00026197","1999-10","26.9833","-109.2167","159.7","EL VERANITO, MX","1949.2","m","282.7",",m","0",",m","0",",m","0",",m","0",",m","0",",m","0",",m","31",",m","31",",m","13.9",",m,31,+","0.0",",,m,31,+","42.2",",m,05,","0.0","m","0.0",",m","0.0",",,,m","27.45",",m","37.05",",,,m","17.86",",,,m"
"MXN00026197","1999-11","26.9833","-109.2167","159.7","EL VERANITO, MX","2074.8","m","125.6",",m","0",",m","0",",m","0",",m","0",",m","0",",m","0",",m","30",",m","23",",m","3.9",",m,25,","0.0",",,m,30,+","37.8",",m,01,","6.3","m","6.3",",m","0.0",",,,m","22.31",",m","33.45",",,,m","11.16",",,,m"
"MXN00026197","1999-12","26.9833","-109.2167","159.7","EL VERANITO, MX","2080.4","m","5.6",",m","0",",m","0",",m","0",",m","0",",m","0",",m","0",",m","31",",m","1",",m","0.6",",m,13,","0.0",",,m,31,+","35.0",",m,01,","67.7","m","61.4",",m","0.0",",,,m","16.53",",m","27.29",",,,m","5.78",",,,m"
"MXN00026197","2000-01","26.9833","-109.2167","159.7","EL VERANITO, MX","16.3","m","16.3",",m","0",",m","0",",m","0",",m","0",",m","0",",m","0",",m","31",",m","6",",m","0.6",",m,04,+","0.0",",,m,31,+","33.9",",m,16,","122.2","m","54.5",",m","0.0",",,,m","17.10",",m","28.68",",,,m","5.52",",,,m"
"MXN00026197","2000-02","26.9833","-109.2167","159.7","EL VERANITO, MX","29.5","m","13.2",",m","0",",m","0",",m","0",",m","0",",m","0",",m","0",",m","29",",m","3",",m","4.4",",m,01,","0.0",",,m,29,+","34.4",",m,09,","138.0","m","15.8",",m","0.0",",,,m","18.24",",m","30.05",",,,m","6.43",",,,m"
"MXN00026197","2000-03","26.9833","-109.2167","159.7","EL VERANITO, MX","68.1","m","38.6",",m","0",",m","0",",m","0",",m","0",",m","0",",m","0",",m","31",",m","4",",m","3.9",",m,23,","0.0",",,m,31,+","35.0",",m,27,","152.6","m","14.6",",m","0.0",",,,m","19.11",",m","29.81",",,,m","8.40",",,,m"
"MXN00026197","2000-04","26.9833","-109.2167","159.7","EL VERANITO, MX","219.7","m","151.6",",m","0",",m","0",",m","0",",m","0",",m","0",",m","0",",m","30",",m","28",",m","6.7",",m,02,","0.0",",,m,30,+","37.8",",m,29,","154.2","m","1.6",",m","0.0",",,,m","23.33",",m","34.88",",,,m","11.79",",,,m"
"MXN00026197","2000-05","26.9833","-109.2167","159.7","EL VERANITO, MX","459.2","m","239.5",",m","0",",m","0",",m","0",",m","0",",m","0",",m","0",",m","31",",m","31",",m","11.7",",m,01,","0.0",",,m,31,+","40.0",",m,14,","154.2","m","0.0",",m","0.0",",,,m","26.06",",m","36.93",",,,m","15.19",",,,m"
"MXN00026197","2000-06","26.9833","-109.2167","159.7","EL VERANITO, MX","822.8","m","363.6",",m","1",",m","1",",m","0",",m","0",",m","0",",m","0",",m","30",",m","30",",m","20.0",",m,14,+","8.9",",,m,22,","41.1",",m,05,","154.2","m","0.0",",m","8.9",",,,m","30.45",",m","37.50",",,,m","23.40",",,,m"
"MXN00026197","2000-07","26.9833","-109.2167","159.7","EL VERANITO, MX","1208.2","m","385.4",",m","8",",m","8",",m","0",",m","0",",m","0",",m","0",",m","31",",m","31",",m","20.6",",m,31,+","15.7",",,m,30,+","44.4",",m,23,","0.0","m","0.0",",m","66.4",",,,m","30.76",",m","37.78",",,,m","23.75",",,,m"
"MXN00026197","2000-08","26.9833","-109.2167","159.7","EL VERANITO, MX","1544.4","m","336.2",",m","10",",m","9",",m","2",",m","0",",m","0",",m","0",",m","31",",m","29",",m","18.9",",m,28,","32.8",",,m,04,","41.1",",m,10,","0.0","m","0.0",",m","120.3",",,,m","29.18",",m","36.12",",,,m","22.23",",,,m"
"MXN00026197","2000-09","26.9833","-109.2167","159.7","EL VERANITO, MX","1868.4","m","324.0",",m","3",",m","3",",m","1",",m","0",",m","0",",m","0",",m","30",",m","28",",m","18.9",",m,01,","31.8",",,m,09,","40.0",",m,28,+","0.0","m","0.0",",m","42.5",",,,m","29.13",",m","36.55",",,,m","21.72",",,,m"
"MXN00026197","2000-10","26.9833","-109.2167","159.7","EL VERANITO, MX","2069.7","m","201.3",",m","5",",m","5",",m","1",",m","0",",m","0",",m","0",",m","31",",m","15",",m","11.7",",m,31,+","30.0",",,m,22,","38.3",",m,06,","0.0","m","0.0",",m","89.7",",,,m","24.83",",m","31.22",",,,m","18.43",",,,m"
"MXN00026197","2000-11","26.9833","-109.2167","159.7","EL VERANITO, MX","2083.4","m","13.7",",m","3",",m","3",",m","1",",m","0",",m","0",",m","0",",m","28",",m","0",",m","3.9",",m,24,+","29.0",",,m,03,","30.6",",m,21,","37.6","m","37.6",",m","44.7",",,,m","17.54",",m","26.19",",,,m","8.88",",,,m"
"MXN00026197","2000-12","26.9833","-109.2167","159.7","EL VERANITO, MX","2098.3","m","14.9",",m","1",",m","0",",m","0",",m","0",",m","0",",m","0",",m","31",",m","0",",m","3.9",",m,27,","0.8",",,m,11,","31.1",",m,08,","69.0","m","31.4",",m","0.8",",,,m","17.80",",m","27.86",",,,m","7.74",",,,m"
"MXN00026197","2001-01","26.9833","-109.2167","159.7","EL VERANITO, MX","14.5","m","14.5",",m","1",",m","0",",m","0",",m","0",",m","0",",m","0",",m","26",",m","2",",m","0.6",",m,18,","1.8",",,m,09,","32.8",",m,07,","161.5","m","92.5",",m","1.8",",,,m","15.81",",m","25.11",",,,m","6.52",",,,m"
"MXN00026197","2001-02","26.9833","-109.2167","159.7","EL VERANITO, MX","29.5","m","15.0",",m","2",",m","0",",m","0",",m","0",",m","0",",m","0",",m","25",",m","0",",m","2.8",",m,15,+","0.8",",,m,13,+","31.7",",m,21,+","214.7","m","53.2",",m","1.6",",,,m","16.97",",m","26.10",",,,m","7.84",",,,m"
"MXN00026197","2001-03","26.9833","-109.2167","159.7","EL VERANITO, MX","75.3","m","45.8",",m","1",",m","1",",m","0",",m","0",",m","0",",m","0",",m","29",",m","10",",m","5.6",",m,03,","11.9",",,m,01,","34.4",",m,28,+","240.4","m","25.7",",m","11.9",",,,m","18.98",",m","28.60",",,,m","9.36",",,,m"
"MXN00026197","2001-04","26.9833","-109.2167","159.7","EL VERANITO, MX","195.9","m","120.6",",m","0",",m","0",",m","0",",m","0",",m","0",",m","0",",m","30",",m","16",",m","6.7",",m,12,","0.0",",,m,30,+","36.7",",m,26,","240.4","m","0.0",",m","0.0",",,,m","22.35",",m","32.41",",,,m","12.30",",,,m"
"MXN00026197","2001-05","26.9833","-109.2167","159.7","EL VERANITO, MX","458.5","m","262.6",",m","1",",m","1",",m","0",",m","0",",m","0",",m","0",",m","31",",m","28",",m","12.8",",m,06,","2.8",",,m,02,","42.2",",m,16,","240.4","m","0.0",",m","2.8",",,,m","26.80",",m","36.13",",,,m","17.48",",,,m"
"MXN00026197","2001-06","26.9833","-109.2167","159.7","EL VERANITO, MX","815.2","m","356.7",",m","4",",m","2",",m","0",",m","0",",m","0",",m","0",",m","30",",m","30",",m","18.9",",m,08,+","20.8",",,m,26,","40.0",",m,23,","240.4","m","0.0",",m","35.3",",,,m","30.22",",m","37.53",",,,m","22.92",",,,m"
"MXN00026197","2001-08","26.9833","-109.2167","159.7","EL VERANITO, MX","","","340.1",",m","6",",m","1",",m","0",",m","0",",m","0",",m","0",",m","31",",m","29",",m","20.6",",m,27,","3.8",",,m,16,","40.0",",m,23,","","","0.0",",m","7.5",",,,m","29.30",",m","35.60",",,,m","23.00",",,,m"
"MXN00026197","2001-09","26.9833","-109.2167","159.7","EL VERANITO, MX","","","321.6",",m","6",",m","2",",m","0",",m","0",",m","0",",m","0",",m","30",",m","27",",m","18.9",",m,26,","10.2",",,m,30,","40.0",",m,11,","","","0.0",",m","17.6",",,,m","29.05",",m","35.71",",,,m","22.39",",,,m"
"MXN00026197","2001-10","26.9833","-109.2167","159.7","EL VERANITO, MX","","","198.3",",m","1",",m","1",",m","0",",m","0",",m","0",",m","0",",m","31",",m","21",",m","15.0",",m,24,+","4.3",",,m,03,","35.6",",m,28,","","","0.0",",m","4.3",",,,m","24.73",",m","32.75",",,,m","16.71",",,,m"
"MXN00026197","2001-11","26.9833","-109.2167","159.7","EL VERANITO, MX","","","118.9",",m","0",",m","0",",m","0",",m","0",",m","0",",m","0",",m","29",",m","12",",m","3.3",",m,29,","0.0",",,m,30,+","36.7",",m,05,","","","15.6",",m","0.0",",,,m","21.78",",m","30.53",",,,m","13.02",",,,m"
"MXN00026197","2001-12","26.9833","-109.2167","159.7","EL VERANITO, MX","","","0.8",",m","0",",m","0",",m","0",",m","0",",m","0",",m","0",",m","31",",m","0",",m","1.7",",m,17,+","0.0",",,m,31,+","29.4",",m,03,","","","85.6",",m","0.0",",,,m","15.60",",m","25.92",",,,m","5.27",",,,m"
"MXN00026197","2002-01","26.9833","-109.2167","159.7","EL VERANITO, MX","2.2","m","2.2",",m","1",",m","0",",m","0",",m","0",",m","0",",m","0",",m","29",",m","0",",m","1.1",",m,31,","0.8",",,m,29,","30.0",",m,09,","","","73.3",",m","0.8",",,,m","16.04",",m","26.02",",,,m","6.06",",,,m"
"MXN00026197","2002-02","26.9833","-109.2167","159.7","EL VERANITO, MX","20.8","m","18.6",",m","2",",m","0",",m","0",",m","0",",m","0",",m","0",",m","27",",m","2",",m","1.7",",m,01,","1.8",",,m,04,","33.3",",m,24,","","","35.2",",m","2.3",",,,m","17.74",",m","27.13",",,,m","8.36",",,,m"
"MXN00026197","2002-03","26.9833","-109.2167","159.7","EL VERANITO, MX","64.5","m","43.7",",m","0",",m","0",",m","0",",m","0",",m","0",",m","0",",m","31",",m","10",",m","5.0",",m,05,+","0.0",",,m,31,+","34.4",",m,23,","","","10.0",",m","0.0",",,,m","19.42",",m","30.32",",,,m","8.52",",,,m"
"MXN00026197","2002-04","26.9833","-109.2167","159.7","EL VERANITO, MX","223.0","m","158.5",",m","0",",m","0",",m","0",",m","0",",m","0",",m","0",",m","30",",m","20",",m","9.4",",m,08,","0.0",",,m,30,+","40.6",",m,29,","","","0.0",",m","0.0",",,,m","23.62",",m","33.56",",,,m","13.67",",,,m"
"MXN00026197","2002-05","26.9833","-109.2167","159.7","EL VERANITO, MX","477.2","m","254.2",",m","0",",m","0",",m","0",",m","0",",m","0",",m","0",",m","31",",m","31",",m","11.7",",m,09,","0.0",",,m,31,+","40.0",",m,14,","","","0.0",",m","0.0",",,,m","26.53",",m","37.65",",,,m","15.41",",,,m"
"MXN00026197","2002-06","26.9833","-109.2167","159.7","EL VERANITO, MX","810.0","m","332.8",",m","0",",m","0",",m","0",",m","0",",m","0",",m","0",",m","30",",m","30",",m","15.6",",m,04,","0.0",",,m,30,+","40.0",",m,24,+","","","0.0",",m","0.0",",,,m","29.43",",m","38.01",",,,m","20.84",",,,m"
"MXN00026197","2002-07","26.9833","-109.2167","159.7","EL VERANITO, MX","1176.5","m","366.5",",m","8",",m","6",",m","1",",m","0",",m","0",",m","0",",m","31",",m","29",",m","20.6",",m,20,","31.8",",,m,19,","40.0",",m,03,","0.0","m","0.0",",m","82.7",",,,m","30.15",",m","36.77",",,,m","23.54",",,,m"
"MXN00026197","2002-08","26.9833","-109.2167","159.7","EL VERANITO, MX","1518.1","m","341.6",",m","8",",m","5",",m","1",",m","0",",m","0",",m","0",",m","31",",m","31",",m","20.6",",m,02,","31.8",",,m,15,","39.4",",m,29,","0.0","m","0.0",",m","101.2",",,,m","29.35",",m","35.81",",,,m","22.89",",,,m"
"MXN00026197","2002-09","26.9833","-109.2167","159.7","EL VERANITO, MX","1829.8","m","311.7",",m","7",",m","7",",m","1",",m","0",",m","0",",m","0",",m","30",",m","26",",m","18.9",",m,27,","48.8",",,m,17,","37.8",",m,22,+","0.0","m","0.0",",m","101.8",",,,m","28.72",",m","35.07",",,,m","22.37",",,,m"
"MXN00026197","2002-10","26.9833","-109.2167","159.7","EL VERANITO, MX","2021.8","m","192.0",",m","1",",m","1",",m","0",",m","0",",m","0",",m","0",",m","31",",m","17",",m","11.7",",m,30,","6.9",",,m,22,","36.7",",m,05,","0.0","m","0.0",",m","6.9",",,,m","24.53",",m","32.34",",,,m","16.72",",,,m"
"MXN00026197","2002-11","26.9833","-109.2167","159.7","EL VERANITO, MX","2113.1","m","91.3",",m","1",",m","0",",m","0",",m","0",",m","0",",m","0",",m","30",",m","9",",m","7.8",",m,20,+","1.8",",,m,27,","34.4",",m,12,","0.0","m","0.0",",m","1.8",",,,m","21.38",",m","30.94",",,,m","11.81",",,,m"
"MXN00026197","2002-12","26.9833","-109.2167","159.7","EL VERANITO, MX","2118.4","m","5.3",",m","3",",m","3",",m","0",",m","0",",m","0",",m","0",",m","29",",m","0",",m","3.9",",m,28,+","16.3",",,m,02,","27.8",",m,20,+","74.2","m","74.2",",m","27.0",",,,m","16.11",",m","25.14",",,,m","7.08",",,,m"
"MXN00026197","2003-01","26.9833","-109.2167","159.7","EL VERANITO, MX","38.9","m","38.9",",m","0",",m","0",",m","0",",m","0",",m","0",",m","0",",m","31",",m","4",",m","5.0",",m,01,","0.0",",,m,31,+","33.3",",m,31,+","87.6","m","13.4",",m","0.0",",,,m","19.15",",m","29.33",",,,m","8.98",",,,m"
"MXN00026197","2003-02","26.9833","-109.2167","159.7","EL VERANITO, MX","68.5","m","29.6",",m","2",",m","2",",m","0",",m","0",",m","0",",m","0",",m","27",",m","2",",m","5.0",",m,21,+","23.9",",,m,13,","32.8",",m,02,+","114.2","m","26.6",",m","28.7",",,,m","18.44",",m","26.64",",,,m","10.23",",,,m"
"MXN00026197","2003-03","26.9833","-109.2167","159.7","EL VERANITO, MX","116.7","m","48.2",",m","1",",m","1",",m","0",",m","0",",m","0",",m","0",",m","31",",m","7",",m","5.6",",m,02,","2.8",",,m,17,","35.0",",m,31,+","136.1","m","21.9",",m","2.8",",,,m","19.18",",m","29.52",",,,m","8.84",",,,m"
"MXN00026197","2003-04","26.9833","-109.2167","159.7","EL VERANITO, MX","227.0","m","110.3",",m","2",",m","2",",m","0",",m","0",",m","0",",m","0",",m","30",",m","16",",m","6.7",",m,21,+","3.8",",,m,01,","35.6",",m,09,","136.1","m","0.0",",m","6.6",",,,m","22.01",",m","32.39",",,,m","11.63",",,,m"
"MXN00026197","2003-05","26.9833","-109.2167","159.7","EL VERANITO, MX","463.0","m","236.0",",m","0",",m","0",",m","0",",m","0",",m","0",",m","0",",m","31",",m","31",",m","11.1",",m,11,+","0.0",",,m,31,+","38.9",",m,24,+","136.1","m","0.0",",m","0.0",",,,m","25.95",",m","36.59",",,,m","15.30",",,,m"
"MXN00026197","2003-06","26.9833","-109.2167","159.7","EL VERANITO, MX","792.1","m","329.1",",m","1",",m","0",",m","0",",m","0",",m","0",",m","0",",m","30",",m","30",",m","15.0",",m,03,","0.8",",,m,26,","40.6",",m,27,+","136.1","m","0.0",",m","0.8",",,,m","29.30",",m","37.82",",,,m","20.78",",,,m"
"MXN00026197","2003-07","26.9833","-109.2167","159.7","EL VERANITO, MX","1183.6","m","391.5",",m","8",",m","6",",m","1",",m","0",",m","0",",m","0",",m","31",",m","31",",m","20.6",",m,27,","27.9",",,m,10,","40.6",",m,23,+","0.0","m","0.0",",m","92.7",",,,m","30.96",",m","37.36",",,,m","24.56",",,,m"
"MXN00026197","2003-08","26.9833","-109.2167","159.7","EL VERANITO, MX","1525.4","m","341.8",",m","10",",m","8",",m","1",",m","0",",m","0",",m","0",",m","31",",m","30",",m","20.6",",m,29,+","57.9",",,m,22,","38.9",",m,10,","0.0","m","0.0",",m","140.9",",,,m","29.36",",m","35.89",",,,m","22.82",",,,m"
"MXN00026197","2003-09","26.9833","-109.2167","159.7","EL VERANITO, MX","1820.1","m","294.7",",m","7",",m","4",",m","0",",m","0",",m","0",",m","0",",m","30",",m","25",",m","18.9",",m,28,+","14.0",",,m,21,","37.8",",m,19,+","0.0","m","0.0",",m","42.3",",,,m","28.16",",m","34.44",",,,m","21.87",",,,m"
"MXN00026197","2003-10","26.9833","-109.2167","159.7","EL VERANITO, MX","2057.6","m","237.5",",m","3",",m","2",",m","1",",m","0",",m","0",",m","0",",m","31",",m","20",",m","11.7",",m,28,","31.8",",,m,07,","37.8",",m,01,","0.0","m","0.0",",m","48.6",",,,m","26.00",",m","33.33",",,,m","18.66",",,,m"
"MXN00026197","2003-11","26.9833","-109.2167","159.7","EL VERANITO, MX","2162.3","m","104.7",",m","1",",m","1",",m","0",",m","0",",m","0",",m","0",",m","30",",m","4",",m","7.8",",m,30,","8.9",",,m,17,","33.9",",m,12,+","0.0","m","0.0",",m","8.9",",,,m","21.82",",m","30.70",",,,m","12.94",",,,m"
"MXN00026197","2003-12","26.9833","-109.2167","159.7","EL VERANITO, MX","2171.3","m","9.0",",m","0",",m","0",",m","0",",m","0",",m","1",",m","0",",m","31",",m","0",",m","0.0",",m,28,","0.0",",,m,31,+","30.0",",m,06,+","63.6","m","63.6",",m","0.0",",,,m","16.57",",m","26.63",",,,m","6.51",",,,m"
"MXN00026197","2004-01","26.9833","-109.2167","159.7","EL VERANITO, MX","0.0","m","0.0",",m","4",",m","4",",m","1",",m","0",",m","0",",m","0",",m","28",",m","0",",m","3.9",",m,05,+","65.8",",,m,14,","28.3",",m,13,","143.9","m","80.3",",m","105.4",",,,m","15.74",",m","24.43",",,,m","7.05",",,,m"
"MXN00026197","2004-02","26.9833","-109.2167","159.7","EL VERANITO, MX","6.7","m","6.7",",m","1",",m","1",",m","0",",m","0",",m","0",",m","0",",m","26",",m","3",",m","2.8",",m,14,+","5.3",",,m,23,","32.8",",m,18,+","217.1","m","73.2",",m","5.3",",,,m","16.04",",m","25.51",",,,m","6.57",",,,m"
"MXN00026197","2004-03","26.9833","-109.2167","159.7","EL VERANITO, MX","117.4","m","110.7",",m","1",",m","1",",m","1",",m","0",",m","0",",m","0",",m","29",",m","13",",m","6.1",",m,06,","25.9",",,m,03,","37.2",",m,23,","232.6","m","15.5",",m","25.9",",,,m","21.40",",m","30.93",",,,m","11.88",",,,m"
"MXN00026197","2004-04","26.9833","-109.2167","159.7","EL VERANITO, MX","214.0","m","96.6",",m","1",",m","1",",m","0",",m","0",",m","0",",m","0",",m","30",",m","14",",m","9.4",",m,06,","6.9",",,m,02,","35.6",",m,27,","232.9","m","0.3",",m","6.9",",,,m","21.54",",m","31.29",",,,m","11.79",",,,m"
"MXN00026197","2004-05","26.9833","-109.2167","159.7","EL VERANITO, MX","468.5","m","254.5",",m","0",",m","0",",m","0",",m","0",",m","0",",m","0",",m","31",",m","31",",m","12.8",",m,11,","0.0",",,m,31,+","38.3",",m,26,+","232.9","m","0.0",",m","0.0",",,,m","26.54",",m","36.95",",,,m","16.14",",,,m"
"MXN00026197","2004-06","26.9833","-109.2167","159.7","EL VERANITO, MX","818.2","m","349.7",",m","0",",m","0",",m","0",",m","0",",m","0",",m","0",",m","30",",m","30",",m","17.8",",m,12,+","0.0",",,m,30,+","40.0",",m,30,+","232.9","m","0.0",",m","0.0",",,,m","29.99",",m","39.08",",,,m","20.90",",,,m"
"MXN00026197","2004-07","26.9833","-109.2167","159.7","EL VERANITO, MX","1190.9","m","372.7",",m","10",",m","8",",m","2",",m","0",",m","0",",m","0",",m","31",",m","29",",m","18.9",",m,01,","67.8",",,m,22,","41.7",",m,01,","0.0","m","0.0",",m","161.2",",,,m","30.35",",m","36.75",",,,m","23.96",",,,m"
"MXN00026197","2004-08","26.9833","-109.2167","159.7","EL VERANITO, MX","1537.8","m","346.9",",m","8",",m","6",",m","2",",m","0",",m","0",",m","0",",m","31",",m","30",",m","21.7",",m,29,+","37.3",",,m,27,","40.0",",m,26,","0.0","m","0.0",",m","111.2",",,,m","29.52",",m","35.77",",,,m","23.28",",,,m"
"MXN00026197","2004-09","26.9833","-109.2167","159.7","EL VERANITO, MX","1801.9","m","264.1",",m","6",",m","6",",m","1",",m","0",",m","0",",m","0",",m","30",",m","22",",m","17.8",",m,28,","47.0",",,m,18,","36.7",",m,01,","0.0","m","0.0",",m","103.1",",,,m","27.14",",m","32.92",",,,m","21.36",",,,m"
"MXN00026197","2004-10","26.9833","-109.2167","159.7","EL VERANITO, MX","1984.0","m","182.1","1,m","7",",m","5",",m","0",",m","0",",m","0",",m","0","1,m","30","1,m","19","1,m","12.8",",m,31,","20.8",",,m,25,","37.2","1,m,06,","0.0","m","0.0","1,m","79.5",",,,m","24.42","1,m","31.94","1,,,m","16.89",",,,m"
"MXN00026197","2004-11","26.9833","-109.2167","159.7","EL VERANITO, MX","2000.8","m","16.8",",m","4",",m","3",",m","0",",m","0",",m","0",",m","0",",m","30",",m","0",",m","0.6",",m,30,","8.9",",,m,14,","31.7",",m,08,","24.8","m","24.8",",m","15.3",",,,m","18.07",",m","26.70",",,,m","9.43",",,,m"
"MXN00026197","2004-12","26.9833","-109.2167","159.7","EL VERANITO, MX","2014.3","m","13.5",",m","3",",m","3",",m","0",",m","0",",m","0",",m","0",",m","31",",m","1",",m","1.7",",m,01,","5.3",",,m,05,","32.8",",m,11,","70.2","m","45.4",",m","13.9",",,,m","17.30",",m","26.34",",,,m","8.27",",,,m"
"MXN00026197","2005-01","26.9833","-109.2167","159.7","EL VERANITO, MX","14.3","m","14.3",",m","5",",m","4",",m","0",",m","0",",m","0",",m","0",",m","31",",m","0",",m","4.4",",m,31,","6.9",",,m,03,","29.4",",m,11,","105.8","m","35.6",",m","24.2",",,,m","17.65",",m","25.87",",,,m","9.42",",,,m"
"MXN00026197","2005-02","26.9833","-109.2167","159.7","EL VERANITO, MX","22.2","m","7.9",",m","3",",m","2",",m","1",",m","0",",m","0",",m","0",",m","26",",m","0",",m","5.0",",m,02,+","25.9",",,m,04,","28.9",",m,22,+","148.1","m","42.3",",m","47.5",",,,m","17.10",",m","24.15",",,,m","10.05",",,,m"
"MXN00026197","2005-03","26.9833","-109.2167","159.7","EL VERANITO, MX","43.2","m","21.0",",m","0",",m","0",",m","0",",m","0",",m","0",",m","0",",m","31",",m","0",",m","7.2",",m,27,+","0.0",",,m,31,+","31.1",",m,31,+","160.0","m","11.9",",m","0.0",",,,m","18.63",",m","28.21",",,,m","9.05",",,,m"
"MXN00026197","2005-04","26.9833","-109.2167","159.7","EL VERANITO, MX","161.8","m","118.6",",m","0",",m","0",",m","0",",m","0",",m","0",",m","0",",m","30",",m","21",",m","7.2",",m,01,","0.0",",,m,30,+","35.6",",m,23,+","163.6","m","3.6",",m","0.0",",,,m","22.17",",m","32.57",",,,m","11.77",",,,m"
"MXN00026197","2005-05","26.9833","-109.2167","159.7","EL VERANITO, MX","391.2","m","229.4",",m","0",",m","0",",m","0",",m","0",",m","0",",m","0",",m","31",",m","31",",m","11.7",",m,02,","0.0",",,m,31,+","37.8",",m,20,","163.6","m","0.0",",m","0.0",",,,m","25.73",",m","35.17",",,,m","16.30",",,,m"
"MXN00026197","2005-06","26.9833","-109.2167","159.7","EL VERANITO, MX","697.3","m","306.1",",m","0",",m","0",",m","0",",m","0",",m","0",",m","0",",m","30",",m","30",",m","13.9",",m,04,","0.0",",,m,30,+","38.9",",m,27,+","163.6","m","0.0",",m","0.0",",,,m","28.54",",m","36.66",",,,m","20.42",",,,m"
"MXN00026197","2005-07","26.9833","-109.2167","159.7","EL VERANITO, MX","1102.5","m","405.2",",m","9",",m","6",",m","0",",m","0",",m","0",",m","0",",m","31",",m","30",",m","22.8",",m,24,","17.8",",,m,21,","40.0",",m,11,+","0.0","m","0.0",",m","51.5",",,,m","31.40",",m","37.62",",,,m","25.19",",,,m"
"MXN00026197","2005-08","26.9833","-109.2167","159.7","EL VERANITO, MX","1441.0","m","338.5",",m","9",",m","8",",m","1",",m","0",",m","0",",m","0",",m","31",",m","31",",m","20.6",",m,27,","85.9",",,m,08,","40.6",",m,21,","0.0","m","0.0",",m","149.6",",,,m","29.25",",m","35.50",",,,m","23.00",",,,m"
"MXN00026197","2005-09","26.9833","-109.2167","159.7","EL VERANITO, MX","1786.7","m","345.7",",m","2",",m","2",",m","1",",m","0",",m","0",",m","0",",m","30",",m","30",",m","19.4",",m,14,","36.8",",,m,03,","38.3",",m,30,+","0.0","m","0.0",",m","55.6",",,,m","29.86",",m","36.75",",,,m","22.96",",,,m"
"MXN00026197","2005-10","26.9833","-109.2167","159.7","EL VERANITO, MX","2018.4","m","231.7",",m","0",",m","0",",m","0",",m","0",",m","0",",m","0",",m","31",",m","28",",m","11.7",",m,24,","0.0",",,m,31,+","37.8",",m,06,","0.0","m","0.0",",m","0.0",",,,m","25.81",",m","34.20",",,,m","17.42",",,,m"
"MXN00026197","2005-11","26.9833","-109.2167","159.7","EL VERANITO, MX","2116.4","m","98.0",",m","1",",m","0",",m","0",",m","0",",m","0",",m","0",",m","30",",m","14",",m","2.8",",m,30,+","1.3",",,m,24,","36.7",",m,04,","14.7","m","14.7",",m","1.3",",,,m","21.11",",m","30.97",",,,m","11.25",",,,m"
"MXN00026197","2005-12","26.9833","-109.2167","159.7","EL VERANITO, MX","2127.5","m","11.1",",m","1",",m","0",",m","0",",m","0",",m","0",",m","0",",m","30",",m","0",",m","3.9",",m,06,","1.8",",,m,13,","30.0",",m,20,+","39.8","m","25.1",",m","1.8",",,,m","17.88",",m","27.39",",,,m","8.37",",,,m"
"MXN00026197","2006-01","26.9833","-109.2167","159.7","EL VERANITO, MX","7.9","m","7.9",",m","0",",m","0",",m","0",",m","0",",m","1",",m","0",",m","30",",m","0",",m","0.0",",m,17,","0.0",",,m,31,+","31.7",",m,06,","96.7","m","56.9",",m","0.0",",,,m","16.75",",m","26.83",",,,m","6.68",",,,m"
"MXN00026197","2006-02","26.9833","-109.2167","159.7","EL VERANITO, MX","43.4","m","35.5",",m","0",",m","0",",m","0",",m","0",",m","0",",m","0",",m","28",",m","2",",m","5.0",",m,02,","0.0",",,m,28,+","33.9",",m,28,","106.3","m","9.6",",m","0.0",",,,m","19.26",",m","28.90",",,,m","9.61",",,,m"
"MXN00026197","2006-03","26.9833","-109.2167","159.7","EL VERANITO, MX","95.1","m","51.7",",m","0",",m","0",",m","0",",m","0",",m","0",",m","0",",m","31",",m","7",",m","4.4",",m,19,","0.0",",,m,31,+","33.9",",m,03,","132.8","m","26.5",",m","0.0",",,,m","19.14",",m","29.01",",,,m","9.28",",,,m"
"MXN00026197","2006-04","26.9833","-109.2167","159.7","EL VERANITO, MX","244.6","m","149.5",",m","0",",m","0",",m","0",",m","0",",m","0",",m","0",",m","30",",m","24",",m","10.0",",m,25,+","0.0",",,m,30,+","37.8",",m,12,","132.8","m","0.0",",m","0.0",",,,m","23.32",",m","33.59",",,,m","13.04",",,,m"
"MXN00026197","2006-05","26.9833","-109.2167","159.7","EL VERANITO, MX","500.5","m","255.9",",m","0",",m","0",",m","0",",m","0",",m","0",",m","0",",m","31",",m","31",",m","10.6",",m,06,","0.0",",,m,31,+","40.0",",m,23,+","132.8","m","0.0",",m","0.0",",,,m","26.59",",m","37.19",",,,m","15.98",",,,m"
"MXN00026197","2006-06","26.9833","-109.2167","159.7","EL VERANITO, MX","884.3","m","383.8",",m","3",",m","3",",m","1",",m","0",",m","0",",m","0",",m","30",",m","30",",m","18.9",",m,01,","132.8",",,m,27,","41.1",",m,02,","132.8","m","0.0",",m","139.4",",,,m","31.13",",m","38.98",",,,m","23.27",",,,m"
"MXN00026197","2006-07","26.9833","-109.2167","159.7","EL VERANITO, MX","1257.0","m","372.7",",m","11",",m","6",",m","1",",m","0",",m","0",",m","0",",m","31",",m","28",",m","18.9",",m,02,","26.9",",,m,09,","40.6",",m,23,","0.0","m","0.0",",m","102.2",",,,m","30.36",",m","36.57",",,,m","24.15",",,,m"
"MXN00026197","2006-08","26.9833","-109.2167","159.7","EL VERANITO, MX","1598.6","m","341.6",",m","10",",m","7",",m","2",",m","0",",m","0",",m","0",",m","31",",m","31",",m","21.7",",m,24,+","50.3",",,m,06,","38.9",",m,31,","0.0","m","0.0",",m","144.2",",,,m","29.35",",m","35.20",",,,m","23.50",",,,m"
"MXN00026197","2006-09","26.9833","-109.2167","159.7","EL VERANITO, MX","1888.4","m","289.8",",m","4",",m","3",",m","1",",m","0",",m","0",",m","0",",m","30",",m","27",",m","18.3",",m,17,","38.9",",,m,06,","36.7",",m,30,+","0.0","m","0.0",",m","70.7",",,,m","27.99",",m","34.57",",,,m","21.42",",,,m"
"MXN00026197","2006-10","26.9833","-109.2167","159.7","EL VERANITO, MX","2118.0","m","229.6",",m","5",",m","5",",m","0",",m","0",",m","0",",m","0",",m","31",",m","19",",m","13.9",",m,21,","10.9",",,m,05,","37.8",",m,07,+","0.0","m","0.0",",m","35.3",",,,m","25.74",",m","33.42",",,,m","18.06",",,,m"
"MXN00026197","2006-11","26.9833","-109.2167","159.7","EL VERANITO, MX","2243.2","m","125.2",",m","0",",m","0",",m","0",",m","0",",m","0",",m","0",",m","30",",m","18",",m","11.1",",m,30,","0.0",",,m,30,+","33.9",",m,02,","0.3","m","0.3",",m","0.0",",,,m","22.50",",m","31.47",",,,m","13.52",",,,m"
"MXN00026197","2006-12","26.9833","-109.2167","159.7","EL VERANITO, MX","2244.0","m","0.8",",m","2",",m","2",",m","0",",m","0",",m","0",",m","0",",m","24",",m","0",",m","2.8",",m,30,+","4.8",",,m,07,","30.0",",m,16,","91.9","m","91.6",",m","7.6",",,,m","15.40",",m","24.21",",,,m","6.60",",,,m"
"MXN00026197","2007-01","26.9833","-109.2167","159.7","EL VERANITO, MX","2.5","m","2.5",",m","4",",m","3",",m","0",",m","0",",m","0",",m","0",",m","17",",m","0",",m","1.1",",m,23,","24.9",",,m,18,","27.8",",m,09,+","231.5","m","139.6",",m","44.0",",,,m","13.91",",m","21.43",",,,m","6.40",",,,m"
"MXN00026197","2007-02","26.9833","-109.2167","159.7","EL VERANITO, MX","10.1","m","7.6",",m","0",",m","0",",m","0",",m","0",",m","0",",m","0",",m","24",",m","0",",m","3.9",",m,03,","0.0",",,m,28,+","30.0",",m,27,+","286.0","m","54.5",",m","0.0",",,,m","16.66",",m","25.91",",,,m","7.40",",,,m"
"MXN00026197","2007-03","26.9833","-109.2167","159.7","EL VERANITO, MX","73.0","m","62.9",",m","0",",m","0",",m","0",",m","0",",m","0",",m","0",",m","31",",m","9",",m","3.9",",m,04,+","0.0",",,m,31,+","35.0",",m,17,+","300.6","m","14.6",",m","0.0",",,,m","19.89",",m","30.21",",,,m","9.57",",,,m"
"MXN00026197","2007-04","26.9833","-109.2167","159.7","EL VERANITO, MX","171.2","m","98.2",",m","0",",m","0",",m","0",",m","0",",m","0",",m","0",",m","30",",m","11",",m","7.8",",m,01,","0.0",",,m,30,+","37.2",",m,07,","300.6","m","0.0",",m","0.0",",,,m","21.61",",m","31.21",",,,m","12.00",",,,m"
"MXN00026197","2007-05","26.9833","-109.2167","159.7","EL VERANITO, MX","394.4","m","223.2",",m","0",",m","0",",m","0",",m","0",",m","0",",m","0",",m","31",",m","30",",m","11.7",",m,06,+","0.0",",,m,31,+","38.9",",m,31,+","300.6","m","0.0",",m","0.0",",,,m","25.53",",m","36.03",",,,m","15.04",",,,m"
"MXN00026197","2007-06","26.9833","-109.2167","159.7","EL VERANITO, MX","741.1","m","346.7",",m","1",",m","0",",m","0",",m","0",",m","0",",m","0",",m","30",",m","30",",m","15.0",",m,07,","1.8",",,m,29,","40.6",",m,28,+","300.6","m","0.0",",m","1.8",",,,m","29.89",",m","37.93",",,,m","21.85",",,,m"
"MXN00026197","2007-07","26.9833","-109.2167","159.7","EL VERANITO, MX","1129.9","m","388.8",",m","10",",m","9",",m","1",",m","0",",m","0",",m","0",",m","31",",m","30",",m","21.7",",m,26,","27.9",",,m,30,","42.8",",m,15,","0.0","m","0.0",",m","85.1",",,,m","30.88",",m","37.03",",,,m","24.72",",,,m"
"MXN00026197","2007-08","26.9833","-109.2167","159.7","EL VERANITO, MX","1475.4","m","345.5",",m","11",",m","6",",m","2",",m","0",",m","0",",m","0",",m","31",",m","30",",m","20.6",",m,28,+","64.8",",,m,09,","38.9",",m,27,+","0.0","m","0.0",",m","124.8",",,,m","29.48",",m","35.93",",,,m","23.03",",,,m"
"MXN00026197","2007-09","26.9833","-109.2167","159.7","EL VERANITO, MX","1761.3","m","285.9",",m","9",",m","8",",m","3",",m","0",",m","0",",m","0",",m","30",",m","26",",m","18.9",",m,11,","118.9",",,m,04,","38.9",",m,06,+","0.0","m","0.0",",m","305.9",",,,m","27.86",",m","33.69",",,,m","22.04",",,,m"
"MXN00026197","2007-10","26.9833","-109.2167","159.7","EL VERANITO, MX","1988.0","m","226.7",",m","0",",m","0",",m","0",",m","0",",m","0",",m","0",",m","31",",m","30",",m","12.2",",m,28,+","0.0",",,m,31,+","38.9",",m,30,","0.0","m","0.0",",m","0.0",",,,m","25.65",",m","35.17",",,,m","16.12",",,,m"
"MXN00026197","2007-11","26.9833","-109.2167","159.7","EL VERANITO, MX","2113.1","m","125.1",",m","3",",m","3",",m","0",",m","0",",m","0",",m","0",",m","28",",m","20",",m","8.3",",m,25,","14.0",",,m,30,","36.7",",m,02,","15.2","m","15.2",",m","22.6",",,,m","22.00",",m","31.10",",,,m","12.89",",,,m"
"MXN00026197","2007-12","26.9833","-109.2167","159.7","EL VERANITO, MX","2119.5","m","6.4",",m","4",",m","3",",m","2",",m","0",",m","1",",m","0",",m","23",",m","0",",m","0.0",",m,28,","39.9",",,m,09,","27.8",",m,05,+","117.9","m","102.7",",m","74.4",",,,m","15.23",",m","23.13",",,,m","7.33",",,,m"
"MXN00026197","2008-01","26.9833","-109.2167","159.7","EL VERANITO, MX","5.8","m","5.8",",m","2",",m","1",",m","0",",m","0",",m","0",",m","0",",m","26",",m","0",",m","2.8",",m,19,+","5.8",",,m,24,","29.4",",m,25,","209.1","m","91.2",",m","7.6",",,,m","15.58",",m","24.44",",,,m","6.72",",,,m"
"MXN00026197","2008-02","26.9833","-109.2167","159.7","EL VERANITO, MX","18.1","m","12.3",",m","0",",m","0",",m","0",",m","0",",m","0",",m","0",",m","28",",m","2",",m","2.8",",m,07,+","0.0",",,m,29,+","33.3",",m,24,","267.5","m","58.4",",m","0.0",",,,m","16.74",",m","27.04",",,,m","6.44",",,,m"
"MXN00026197","2008-03","26.9833","-109.2167","159.7","EL VERANITO, MX","45.8","m","27.7",",m","0",",m","0",",m","0",",m","0",",m","0",",m","0",",m","31",",m","6",",m","3.9",",m,19,","0.0",",,m,31,+","33.3",",m,29,+","295.0","m","27.5",",m","0.0",",,,m","18.34",",m","29.22",",,,m","7.45",",,,m"
"MXN00026197","2008-04","26.9833","-109.2167","159.7","EL VERANITO, MX","158.4","m","112.6",",m","0",",m","0",",m","0",",m","0",",m","0",",m","0",",m","30",",m","23",",m","6.7",",m,10,","0.0",",,m,30,+","38.3",",m,29,","295.0","m","0.0",",m","0.0",",,,m","22.09",",m","33.81",",,,m","10.36",",,,m"
"MXN00026197","2008-05","26.9833","-109.2167","159.7","EL VERANITO, MX","353.9","m","195.5",",m","0",",m","0",",m","0",",m","0",",m","0",",m","0",",m","31",",m","26",",m","10.0",",m,09,+","0.0",",,m,31,+","38.9",",m,30,","295.0","m","0.0",",m","0.0",",,,m","24.64",",m","34.53",",,,m","14.75",",,,m"
"MXN00026197","2008-06","26.9833","-109.2167","159.7","EL VERANITO, MX","712.0","m","358.1",",m","2",",m","2",",m","1",",m","0",",m","0",",m","0",",m","30",",m","29",",m","16.7",",m,01,","27.9",",,m,27,","40.0",",m,03,","295.0","m","0.0",",m","41.9",",,,m","30.27",",m","37.75",",,,m","22.78",",,,m"
"MXN00026197","2008-07","26.9833","-109.2167","159.7","EL VERANITO, MX","1053.4","m","341.4",",m","16",",m","11",",m","2",",m","0",",m","0",",m","0",",m","31",",m","29",",m","20.0",",m,05,","39.9",",,m,03,","40.0",",m,02,","0.0","m","0.0",",m","169.2",",,,m","29.35",",m","35.29",",,,m","23.40",",,,m"
"MXN00026197","2008-08","26.9833","-109.2167","159.7","EL VERANITO, MX","1368.5","m","315.1",",m","13",",m","11",",m","3",",m","0",",m","0",",m","0",",m","31",",m","27",",m","21.7",",m,31,+","54.4",",,m,31,","36.7",",m,08,+","0.0","m","0.0",",m","210.6",",,,m","28.50",",m","33.90",",,,m","23.10",",,,m"
"MXN00026197","2008-09","26.9833","-109.2167","159.7","EL VERANITO, MX","1645.4","m","276.9",",m","7",",m","7",",m","4",",m","0",",m","0",",m","0",",m","30",",m","19",",m","20.0",",m,13,","99.3",",,m,11,","37.8",",m,07,+","0.0","m","0.0",",m","301.4",",,,m","27.56",",m","33.14",",,,m","21.99",",,,m"
"MXN00026197","2008-10","26.9833","-109.2167","159.7","EL VERANITO, MX","1864.8","m","219.4","1,m","2",",m","1",",m","1",",m","0",",m","0",",m","0","1,m","30","1,m","23","1,m","12.8",",m,15,","97.8",",,m,11,","35.6","1,m,31,+","0.0","m","0.0","1,m","100.1",",,,m","25.63","1,m","33.16","1,,,m","18.10",",,,m"
"MXN00026197","2008-11","26.9833","-109.2167","159.7","EL VERANITO, MX","1968.7","m","103.9",",m","2",",m","0",",m","0",",m","0",",m","0",",m","0",",m","30",",m","10",",m","7.8",",m,30,+","1.8",",,m,26,","35.6",",m,02,","3.8","m","3.8",",m","3.1",",,,m","21.67",",m","30.62",",,,m","12.72",",,,m"
"MXN00026197","2008-12","26.9833","-109.2167","159.7","EL VERANITO, MX","1983.3","m","14.6",",m","0",",m","0",",m","0",",m","0",",m","0",",m","0",",m","30",",m","0",",m","4.4",",m,29,","0.0",",,m,31,+","30.0",",m,05,+","30.8","m","27.0",",m","0.0",",,,m","17.93",",m","26.73",",,,m","9.13",",,,m"
"MXN00026197","2009-01","26.9833","-109.2167","159.7","EL VERANITO, MX","22.9","m","22.9",",m","0",",m","0",",m","0",",m","0",",m","0",",m","0",",m","31",",m","0",",m","2.2",",m,07,","0.0",",,m,31,+","30.0",",m,20,+","77.7","m","46.9",",m","0.0",",,,m","17.56",",m","26.85",",,,m","8.26",",,,m"
"MXN00026197","2009-02","26.9833","-109.2167","159.7","EL VERANITO, MX","49.5","m","26.6",",m","0",",m","0",",m","0",",m","0",",m","0",",m","0",",m","27",",m","4",",m","2.2",",m,11,","0.0",",,m,28,+","36.1",",m,26,","119.3","m","41.6",",m","0.0",",,,m","17.80",",m","28.09",",,,m","7.51",",,,m"
"MXN00026197","2009-03","26.9833","-109.2167","159.7","EL VERANITO, MX","114.1","m","64.6",",m","1",",m","1",",m","0",",m","0",",m","0",",m","0",",m","31",",m","8",",m","7.2",",m,15,","4.3",",,m,09,","33.9",",m,21,+","120.4","m","1.1",",m","4.3",",,,m","20.38",",m","30.05",",,,m","10.71",",,,m"
"MXN00026197","2009-04","26.9833","-109.2167","159.7","EL VERANITO, MX","232.6","m","118.5",",m","0",",m","0",",m","0",",m","0",",m","0",",m","0",",m","30",",m","15",",m","7.2",",m,17,+","0.0",",,m,30,+","38.3",",m,21,+","121.2","m","0.8",",m","0.0",",,,m","22.26",",m","32.17",",,,m","12.34",",,,m"
"MXN00026197","2009-06","26.9833","-109.2167","159.7","EL VERANITO, MX","","","329.1",",m","2",",m","1",",m","0",",m","0",",m","0",",m","0",",m","30",",m","29",",m","15.6",",m,03,","5.8",",,m,27,","41.1",",m,13,","","","0.0",",m","7.6",",,,m","29.30",",m","37.79",",,,m","20.81",",,,m"
"MXN00026197","2009-07","26.9833","-109.2167","159.7","EL VERANITO, MX","","","399.2",",m","8",",m","6",",m","1",",m","0",",m","0",",m","0",",m","31",",m","31",",m","22.2",",m,06,","67.8",",,m,10,","41.1",",m,27,","0.0","m","0.0",",m","116.6",",,,m","31.21",",m","37.85",",,,m","24.57",",,,m"
"MXN00026197","2009-08","26.9833","-109.2167","159.7","EL VERANITO, MX","","","383.6",",m","8",",m","8",",m","2",",m","0",",m","0",",m","0",",m","31",",m","31",",m","20.6",",m,30,","48.8",",,m,18,","40.0",",m,16,+","0.0","m","0.0",",m","155.4",",,,m","30.71",",m","37.83",",,,m","23.59",",,,m"
"MXN00026197","2009-09","26.9833","-109.2167","159.7","EL VERANITO, MX","","","291.3",",m","3",",m","3",",m","0",",m","0",",m","0",",m","0",",m","30",",m","25",",m","18.9",",m,26,+","22.9",",,m,03,","38.3",",m,29,","0.0","m","0.0",",m","32.6",",,,m","28.04",",m","34.49",",,,m","21.60",",,,m"
"MXN00026197","2009-11","26.9833","-109.2167","159.7","EL VERANITO, MX","","","95.3",",m","2",",m","1",",m","0",",m","0",",m","0",",m","0",",m","30",",m","11",",m","6.7",",m,30,","2.8",",,m,29,","35.0",",m,11,+","","","2.5",",m","4.6",",,,m","21.43",",m","30.30",",,,m","12.55",",,,m"
"MXN00026197","2009-12","26.9833","-109.2167","159.7","EL VERANITO, MX","","","0.0",",m","1",",m","0",",m","0",",m","0",",m","0",",m","0",",m","30",",m","0",",m","5.0",",m,28,+","1.8",",,m,29,","28.3",",m,18,","","","66.1",",m","1.8",",,,m","16.20",",m","25.26",",,,m","7.15",",,,m"
"MXN00026197","2010-01","26.9833","-109.2167","159.7","EL VERANITO, MX","0.6","m","0.6",",m","4",",m","1",",m","1",",m","0",",m","0",",m","0",",m","30",",m","0",",m","3.9",",m,25,+","25.4",",,m,22,","28.9",",m,13,","","","57.5",",m","29.8",",,,m","16.50",",m","25.70",",,,m","7.29",",,,m"
"MXN00026197","2010-02","26.9833","-109.2167","159.7","EL VERANITO, MX","2.0","m","1.4",",m","2",",m","1",",m","0",",m","0",",m","0",",m","0",",m","27",",m","0",",m","5.0",",m,25,","20.8",",,m,02,","29.4",",m,28,+","","","48.2",",m","21.6",",,,m","16.66",",m","25.49",",,,m","7.83",",,,m"
"MXN00026197","2010-04","26.9833","-109.2167","159.7","EL VERANITO, MX","","","85.1","1,m","0",",m","0",",m","0",",m","0",",m","0",",m","0","1,m","29","1,m","11","1,m","6.7",",m,23,","0.0",",,m,30,+","33.9","1,m,15,+","","","2.8","1,m","0.0",",,,m","21.23","1,m","30.94","1,,,m","11.52",",,,m"
"MXN00026197","2010-05","26.9833","-109.2167","159.7","EL VERANITO, MX","","","205.4",",m","0",",m","0",",m","0",",m","0",",m","0",",m","0",",m","31",",m","28",",m","7.8",",m,01,","0.0",",,m,31,+","40.6",",m,08,","","","0.5",",m","0.0",",,,m","24.94",",m","35.80",",,,m","14.08",",,,m"
"MXN00026197","2010-06","26.9833","-109.2167","159.7","EL VERANITO, MX","","","334.1",",m","0",",m","0",",m","0",",m","0",",m","0",",m","0",",m","30",",m","30",",m","16.1",",m,01,","0.0",",,m,30,+","40.6",",m,30,+","","","0.0",",m","0.0",",,,m","29.47",",m","37.54",",,,m","21.39",",,,m"
"MXN00026197","2010-07","26.9833","-109.2167","159.7","EL VERANITO, MX","","","386.5",",m","4",",m","3",",m","2",",m","0",",m","0",",m","0",",m","31",",m","30",",m","21.7",",m,30,+","49.3",",,m,25,","40.6",",m,14,","0.0","m","0.0",",m","98.9",",,,m","30.80",",m","36.98",",,,m","24.62",",,,m"
"MXN00026197","2010-08","26.9833","-109.2167","159.7","EL VERANITO, MX","","","366.5","1,m","10",",m","9",",m","1",",m","0",",m","0",",m","0","1,m","30","1,m","30","1,m","21.7",",m,29,+","38.4",",,m,25,","40.0","1,m,21,","0.0","m","0.0","1,m","99.2",",,,m","30.53","1,m","36.93","1,,,m","24.12",",,,m"
"MXN00026197","2010-09","26.9833","-109.2167","159.7","EL VERANITO, MX","","","313.5",",m","8",",m","8",",m","1",",m","0",",m","0",",m","0",",m","30",",m","25",",m","20.6",",m,26,","33.8",",,m,25,","37.8",",m,14,+","0.0","m","0.0",",m","108.0",",,,m","28.78",",m","34.75",",,,m","22.82",",,,m"
"MXN00026197","2010-10","26.9833","-109.2167","159.7","EL VERANITO, MX","","","183.5",",m","1",",m","1",",m","0",",m","0",",m","0",",m","0",",m","31",",m","24",",m","11.1",",m,26,","5.8",",,m,13,","36.7",",m,14,","0.0","m","0.0",",m","5.8",",,,m","24.25",",m","33.09",",,,m","15.41",",,,m"
"MXN00026197","2010-11","26.9833","-109.2167","159.7","EL VERANITO, MX","","","51.3",",m","0",",m","0",",m","0",",m","0",",m","0",",m","0",",m","30",",m","7",",m","1.7",",m,30,","0.0",",,m,30,+","35.6",",m,03,","31.3","m","31.3",",m","0.0",",,,m","19.00",",m","29.49",",,,m","8.51",",,,m"
"MXN00026197","2010-12","26.9833","-109.2167","159.7","EL VERANITO, MX","","","3.2",",m","0",",m","0",",m","0",",m","0",",m","0",",m","0",",m","29",",m","0",",m","1.7",",m,01,","0.0",",,m,31,+","31.1",",m,14,","78.9","m","47.6",",m","0.0",",,,m","16.90",",m","27.27",",,,m","6.53",",,,m"
"MXN00026197","2011-01","26.9833","-109.2167","159.7","EL VERANITO, MX","0.0","m","0.0",",m","0",",m","0",",m","0",",m","0",",m","0",",m","0",",m","31",",m","0",",m","3.3",",m,26,+","0.0",",,m,31,+","27.8",",m,20,+","170.7","m","91.8",",m","0.0",",,,m","15.37",",m","25.16",",,,m","5.59",",,,m"
"MXN00026197","2011-02","26.9833","-109.2167","159.7","EL VERANITO, MX","9.0","m","9.0",",m","0",",m","0",",m","0",",m","0",",m","5",",m","0",",m","25",",m","0",",m","-4.4",",m,07,","0.0",",,m,28,+","31.7",",m,15,+","264.6","m","93.9",",m","0.0",",,,m","15.30",",m","26.13",",,,m","4.48",",,,m"
"MXN00026197","2011-04","26.9833","-109.2167","159.7","EL VERANITO, MX","","","123.1",",m","0",",m","0",",m","0",",m","0",",m","0",",m","0",",m","30",",m","24",",m","7.8",",m,15,+","0.0",",,m,30,+","37.2",",m,24,","","","2.5",",m","0.0",",,,m","22.36",",m","33.41",",,,m","11.30",",,,m"
"MXN00026197","2011-05","26.9833","-109.2167","159.7","EL VERANITO, MX","","","181.7",",m","0",",m","0",",m","0",",m","0",",m","0",",m","0",",m","31",",m","27",",m","8.9",",m,02,","0.0",",,m,31,+","38.9",",m,06,","","","0.0",",m","0.0",",,,m","24.20",",m","35.77",",,,m","12.62",",,,m"
"MXN00026197","2011-06","26.9833","-109.2167","159.7","EL VERANITO, MX","","","329.3",",m","0",",m","0",",m","0",",m","0",",m","0",",m","0",",m","30",",m","30",",m","14.4",",m,01,","0.0",",,m,30,+","40.0",",m,30,+","","","0.0",",m","0.0",",,,m","29.31",",m","37.86",",,,m","20.76",",,,m"
"MXN00026197","2011-07","26.9833","-109.2167","159.7","EL VERANITO, MX","","","323.5",",m","14",",m","10",",m","2",",m","0",",m","0",",m","0",",m","31",",m","27",",m","20.0",",m,22,+","110.5",",,m,21,","40.0",",m,02,+","0.0","m","0.0",",m","256.0",",,,m","28.77",",m","34.99",",,,m","22.55",",,,m"
"MXN00026197","2011-08","26.9833","-109.2167","159.7","EL VERANITO, MX","","","312.5",",m","9",",m","9",",m","3",",m","0",",m","0",",m","0",",m","31",",m","27",",m","20.6",",m,20,+","45.0",",,m,17,","38.3",",m,02,","0.0","m","0.0",",m","184.0",",,,m","28.41",",m","34.32",",,,m","22.50",",,,m"
"MXN00026197","2011-09","26.9833","-109.2167","159.7","EL VERANITO, MX","","","306.7",",m","5",",m","5",",m","0",",m","0",",m","0",",m","0",",m","30",",m","29",",m","17.8",",m,30,+","16.8",",,m,15,","40.0",",m,23,","0.0","m","0.0",",m","46.2",",,,m","28.56",",m","35.75",",,,m","21.36",",,,m"
"MXN00026197","2011-10","26.9833","-109.2167","159.7","EL VERANITO, MX","","","226.5",",m","0",",m","0",",m","0",",m","0",",m","0",",m","0",",m","31",",m","27",",m","8.9",",m,28,","0.0",",,m,31,+","38.3",",m,19,","0.0","m","0.0",",m","0.0",",,,m","25.64",",m","35.19",",,,m","16.08",",,,m"
"MXN00026197","2011-11","26.9833","-109.2167","159.7","EL VERANITO, MX","","","29.6",",m","3",",m","3",",m","1",",m","0",",m","0",",m","0",",m","30",",m","2",",m","5.6",",m,28,+","59.9",",,m,13,","32.8",",m,03,+","11.0","m","11.0",",m","78.4",",,,m","18.96",",m","27.84",",,,m","10.07",",,,m"
"MXN00026197","2011-12","26.9833","-109.2167","159.7","EL VERANITO, MX","","","2.0",",m","1",",m","1",",m","0",",m","0",",m","0",",m","0",",m","21",",m","0",",m","0.6",",m,06,","8.9",",,m,02,","27.8",",m,01,","151.7","m","140.7",",m","8.9",",,,m","13.86",",m","22.36",",,,m","5.35",",,,m"
"MXN00026197","2012-01","26.9833","-109.2167","159.7","EL VERANITO, MX","13.4","m","13.4",",m","0",",m","0",",m","0",",m","0",",m","0",",m","0",",m","31",",m","4",",m","3.9",",m,09,","0.0",",,m,31,+","34.4",",m,05,","202.4","m","50.7",",m","0.0",",,,m","17.13",",m","27.58",",,,m","6.68",",,,m"
"MXN00026197","2012-02","26.9833","-109.2167","159.7","EL VERANITO, MX","13.4","m","0.0",",m","1",",m","1",",m","0",",m","0",",m","0",",m","0",",m","26",",m","0",",m","2.8",",m,03,","8.9",",,m,08,","29.4",",m,02,+","266.8","m","64.4",",m","8.9",",,,m","16.11",",m","25.91",",,,m","6.32",",,,m"
"MXN00026197","2012-03","26.9833","-109.2167","159.7","EL VERANITO, MX","40.6","m","27.2",",m","0",",m","0",",m","0",",m","0",",m","0",",m","0",",m","30",",m","5",",m","3.3",",m,08,","0.0",",,m,31,+","33.9",",m,31,+","296.5","m","29.7",",m","0.0",",,,m","18.25",",m","29.19",",,,m","7.31",",,,m"
"MXN00026197","2012-04","26.9833","-109.2167","159.7","EL VERANITO, MX","135.7","m","95.1",",m","0",",m","0",",m","0",",m","0",",m","0",",m","0",",m","30",",m","18",",m","7.8",",m,15,+","0.0",",,m,30,+","37.8",",m,24,","297.0","m","0.5",",m","0.0",",,,m","21.49",",m","32.63",",,,m","10.34",",,,m"
"MXN00026197","2012-05","26.9833","-109.2167","159.7","EL VERANITO, MX","377.9","m","242.2",",m","0",",m","0",",m","0",",m","0",",m","0",",m","0",",m","31",",m","31",",m","10.6",",m,01,","0.0",",,m,31,+","40.0",",m,30,+","297.0","m","0.0",",m","0.0",",,,m","26.15",",m","37.73",",,,m","14.56",",,,m"
"MXN00026197","2012-06","26.9833","-109.2167","159.7","EL VERANITO, MX","681.1","m","303.2","1,m","2",",m","2",",m","0",",m","0",",m","0",",m","0","1,m","29","1,m","29","1,m","15.0",",m,01,","6.9",",,m,22,","38.9","1,m,19,+","297.0","m","0.0","1,m","9.7",",,,m","28.84","1,m","36.95","1,,,m","20.73",",,,m"
"MXN00026197","2012-07","26.9833","-109.2167","159.7","EL VERANITO, MX","1015.5","m","334.4",",m","15",",m","11",",m","2",",m","0",",m","0",",m","0",",m","31",",m","31",",m","20.0",",m,26,","46.0",",,m,18,","39.4",",m,09,","0.0","m","0.0",",m","163.2",",,,m","29.12",",m","35.49",",,,m","22.75",",,,m"
"MXN00026197","2012-08","26.9833","-109.2167","159.7","EL VERANITO, MX","1344.9","m","329.4",",m","10",",m","8",",m","1",",m","0",",m","0",",m","0",",m","31",",m","28",",m","20.0",",m,26,+","37.8",",,m,14,","41.1",",m,11,","0.0","m","0.0",",m","127.3",",,,m","28.96",",m","35.25",",,,m","22.66",",,,m"
"MXN00026197","2012-09","26.9833","-109.2167","159.7","EL VERANITO, MX","1624.9","m","280.0",",m","9",",m","8",",m","1",",m","0",",m","0",",m","0",",m","30",",m","24",",m","18.3",",m,16,","30.5",",,m,02,","38.3",",m,22,","0.0","m","0.0",",m","111.6",",,,m","27.67",",m","33.90",",,,m","21.43",",,,m"
"MXN00026197","2012-11","26.9833","-109.2167","159.7","EL VERANITO, MX","","","97.6",",m","0",",m","0",",m","0",",m","0",",m","0",",m","0",",m","30",",m","10",",m","7.8",",m,11,","0.0",",,m,30,+","35.6",",m,07,+","","","0.0",",m","0.0",",,,m","21.59",",m","31.02",",,,m","12.15",",,,m"
"MXN00026197","2012-12","26.9833","-109.2167","159.7","EL VERANITO, MX","","","14.2",",m","3",",m","2",",m","0",",m","0",",m","0",",m","0",",m","29",",m","0",",m","3.3",",m,27,","6.9",",,m,13,","31.1",",m,07,+","","","63.2",",m","13.5",",,,m","16.75",",m","25.83",",,,m","7.67",",,,m"
