"STATION","DATE","LATITUDE","LONGITUDE","ELEVATION","NAME","CDSD","CDSD_ATTRIBUTES","CLDD","CLDD_ATTRIBUTES","DP01","DP01_ATTRIBUTES","DP10","DP10_ATTRIBUTES","DP1X","DP1X_ATTRIBUTES","DT00","DT00_ATTRIBUTES","DT32","DT32_ATTRIBUTES","DX32","DX32_ATTRIBUTES","DX70","DX70_ATTRIBUTES","DX90","DX90_ATTRIBUTES","EMNT","EMNT_ATTRIBUTES","EMXP","EMXP_ATTRIBUTES","EMXT","EMXT_ATTRIBUTES","HDSD","HDSD_ATTRIBUTES","HTDD","HTDD_ATTRIBUTES","PRCP","PRCP_ATTRIBUTES","TAVG","TAVG_ATTRIBUTES","TMAX","TMAX_ATTRIBUTES","TMIN","TMIN_ATTRIBUTES"
"MXN00014096","1923-07","20.5167","-104.7833","1229.9","MASCOTA SMN, MX","","","45.9","1,m","25",",m","25",",m","1",",m","0",",m","0",",m","0","1,m","28","1,m","0","1,m","12.8",",m,20,+","26.9",",,m,04,","27.8","1,m,27,+","5.3","","5.3","1,m","346.1",",,,m","19.69","1,m","24.62","1,,,m","14.76",",,,m"
"MXN00014096","1923-08","20.5167","-104.7833","1229.9","MASCOTA SMN, MX","","","65.9","1,m","11",",m","11",",m","1",",m","0",",m","0",",m","0","1,m","30","1,m","0","1,m","13.3",",m,13,","26.4",",,m,27,","30.0","1,m,24,","5.3","","0.0","1,m","117.5",",,,m","20.51","1,m","26.04","1,,,m","14.98",",,,m"
"MXN00014096","1923-09","20.5167","-104.7833","1229.9","MASCOTA SMN, MX","","","71.8","1,m","12","1,m","12","1,m","0","1,m","0",",m","0",",m","0","1,m","29","1,m","0","1,m","13.9",",m,30,+","24.9","1,,m,26,","28.9","1,m,24,+","5.3","","0.0","1,m","94.2","1,,,m","20.78","1,m","25.97","1,,,m","15.59",",,,m"
"MXN00014096","1923-10","20.5167","-104.7833","1229.9","MASCOTA SMN, MX","","","33.2",",m","9",",m","8",",m","1",",m","0",",m","0",",m","0",",m","28",",m","0",",m","7.8",",m,16,","41.9",",,m,04,","28.9",",m,12,","22.3","","17.0",",m","97.5",",,,m","18.86",",m","24.40",",,,m","13.32",",,,m"
"MXN00014096","1926-05","20.5167","-104.7833","1229.9","MASCOTA SMN, MX","","","111.2","3,m","2","2,m","1","2,m","0","2,m","0","2,m","0","2,m","0","3,m","28","3,m","5","3,m","7.8","2,m,06,+","9.9","2,,m,29,","35.0","3,m,29,","","","0.0","3,m","10.7","2,,,m","22.38","3,m","31.31","3,,,m","13.45","2,,,m"
"MXN00014096","1926-06","20.5167","-104.7833","1229.9","MASCOTA SMN, MX","","","159.8","1,m","13",",m","7",",m","0",",m","0",",m","0",",m","0","1,m","29","1,m","3","1,m","15.0",",m,06,","11.9",",,m,18,","33.9","1,m,05,","","","0.0","1,m","65.9",",,,m","23.88","1,m","29.64","1,,,m","18.11",",,,m"
"MXN00014096","1926-07","20.5167","-104.7833","1229.9","MASCOTA SMN, MX","","","131.4","1,m","22",",m","16",",m","1",",m","0",",m","0",",m","0","1,m","30","1,m","0","1,m","13.9",",m,26,","26.9",",,m,22,","31.7","1,m,11,","0.0","m","0.0","1,m","144.1",",,,m","22.72","1,m","27.61","1,,,m","17.83",",,,m"
"MXN00014096","1926-08","20.5167","-104.7833","1229.9","MASCOTA SMN, MX","","","113.4","1,m","27",",m","21",",m","0",",m","0",",m","0",",m","0","1,m","30","1,m","0","1,m","15.0",",m,07,","21.8",",,m,03,+","30.0","1,m,08,","0.0","m","0.0","1,m","220.8",",,,m","22.12","1,m","26.73","1,,,m","17.52",",,,m"
"MXN00014096","1926-09","20.5167","-104.7833","1229.9","MASCOTA SMN, MX","","","127.7","1,m","17","1,m","13","1,m","2","1,m","0",",m","0",",m","0","1,m","29","1,m","0","1,m","15.6",",m,20,+","33.8","1,,m,15,","30.6","1,m,09,","0.0","m","0.0","1,m","147.1","1,,,m","22.74","1,m","27.73","1,,,m","17.75",",,,m"
"MXN00014096","1926-10","20.5167","-104.7833","1229.9","MASCOTA SMN, MX","","","104.2","1,m","12",",m","11",",m","1",",m","0",",m","0",",m","0","1,m","30","1,m","0","1,m","8.9",",m,24,","25.9",",,m,10,","30.0","1,m,26,+","1.4","m","1.4","1,m","117.6",",,,m","21.75","1,m","27.33","1,,,m","16.18",",,,m"
"MXN00014096","1926-11","20.5167","-104.7833","1229.9","MASCOTA SMN, MX","","","33.3","1,m","0",",m","0",",m","0",",m","0",",m","0",",m","0","1,m","29","1,m","0","1,m","7.2",",m,14,","0.0",",,m,30,+","30.0","1,m,27,+","4.6","m","3.2","1,m","0.0",",,,m","19.38","1,m","27.96","1,,,m","10.81",",,,m"
"MXN00014096","1926-12","20.5167","-104.7833","1229.9","MASCOTA SMN, MX","","","24.1","1,m","4",",m","4",",m","0",",m","0",",m","0",",m","0","1,m","28","1,m","0","1,m","7.8",",m,08,","15.0",",,m,21,","30.0","1,m,18,+","16.7","m","12.1","1,m","40.2",",,,m","18.72","1,m","26.80","1,,,m","10.64",",,,m"
"MXN00014096","1927-01","20.5167","-104.7833","1229.9","MASCOTA SMN, MX","12.2","m","12.2","1,m","0",",m","0",",m","0",",m","0",",m","0",",m","0","1,m","30","1,m","0","1,m","4.4",",m,19,+","0.0",",,m,31,+","31.7","1,m,30,","40.1","m","23.4","1,m","0.0",",,,m","18.00","1,m","27.20","1,,,m","8.79",",,,m"
"MXN00014096","1927-02","20.5167","-104.7833","1229.9","MASCOTA SMN, MX","26.2","m","14.0","1,m","0",",m","0",",m","0",",m","0",",m","0",",m","0","1,m","26","1,m","0","1,m","5.0",",m,20,+","0.0",",,m,28,+","30.6","1,m,27,","71.0","m","30.9","1,m","0.0",",,,m","17.71","1,m","26.78","1,,,m","8.64",",,,m"
"MXN00014096","1927-03","20.5167","-104.7833","1229.9","MASCOTA SMN, MX","82.1","m","55.9","1,m","0",",m","0",",m","0",",m","0",",m","0",",m","0","1,m","30","1,m","3","1,m","6.1",",m,08,","0.0",",,m,31,+","33.9","1,m,30,","74.6","m","3.6","1,m","0.0",",,,m","20.11","1,m","29.67","1,,,m","10.54",",,,m"
"MXN00014096","1927-05","20.5167","-104.7833","1229.9","MASCOTA SMN, MX","","","164.0","1,m","0",",m","0",",m","0",",m","0",",m","0",",m","0","1,m","30","1,m","26","1,m","10.0",",m,10,","0.0",",,m,31,+","36.1","1,m,15,","","","0.0","1,m","0.0",",,,m","23.85","1,m","33.24","1,,,m","14.47",",,,m"
"MXN00014096","1927-06","20.5167","-104.7833","1229.9","MASCOTA SMN, MX","","","150.9","1,m","16",",m","14",",m","2",",m","0",",m","0",",m","0","1,m","29","1,m","7","1,m","13.9",",m,10,","35.3",",,m,15,","33.3","1,m,16,+","","","0.0","1,m","171.9",",,,m","23.53","1,m","29.94","1,,,m","17.12",",,,m"
"MXN00014096","1927-07","20.5167","-104.7833","1229.9","MASCOTA SMN, MX","","","140.8","1,m","24",",m","18",",m","1",",m","0",",m","0",",m","0","1,m","30","1,m","0","1,m","13.3",",m,28,","31.8",",,m,02,","31.7","1,m,17,","0.0","m","0.0","1,m","191.3",",,,m","23.02","1,m","29.01","1,,,m","17.04",",,,m"
"MXN00014096","1927-10","20.5167","-104.7833","1229.9","MASCOTA SMN, MX","","","136.4","1,m","5",",m","5",",m","0",",m","0",",m","0",",m","0","1,m","30","1,m","0","1,m","13.9",",m,03,","11.9",",,m,07,","30.6","1,m,23,+","","","0.0","1,m","26.6",",,,m","22.86","1,m","29.46","1,,,m","16.26",",,,m"
"MXN00014096","1927-11","20.5167","-104.7833","1229.9","MASCOTA SMN, MX","","","72.3","1,m","1",",m","0",",m","0",",m","0",",m","0",",m","0","1,m","29","1,m","0","1,m","7.8",",m,21,","1.8",",,m,18,","31.7","1,m,15,+","","","0.3","1,m","1.8",",,,m","20.83","1,m","29.59","1,,,m","12.07",",,,m"
"MXN00014096","1927-12","20.5167","-104.7833","1229.9","MASCOTA SMN, MX","","","15.2","1,m","4",",m","4",",m","0",",m","0",",m","0",",m","0","1,m","27","1,m","0","1,m","7.8",",m,31,+","10.9",",,m,06,","29.4","1,m,27,+","","","19.9","1,m","21.3",",,,m","18.12","1,m","25.27","1,,,m","10.98",",,,m"
"MXN00014096","1928-01","20.5167","-104.7833","1229.9","MASCOTA SMN, MX","17.6","m","17.6","1,m","5",",m","0",",m","0",",m","0",",m","0",",m","0","1,m","29","1,m","0","1,m","7.8",",m,13,+","1.8",",,m,10,+","30.6","1,m,27,","","","20.5","1,m","7.0",",,,m","18.27","1,m","26.56","1,,,m","9.97",",,,m"
"MXN00014096","1928-02","20.5167","-104.7833","1229.9","MASCOTA SMN, MX","44.5","m","26.9","1,m","0",",m","0",",m","0",",m","0",",m","0",",m","0","1,m","28","1,m","0","1,m","5.0",",m,17,+","0.0",",,m,29,+","30.6","1,m,25,","","","10.8","1,m","0.0",",,,m","18.91","1,m","28.00","1,,,m","9.82",",,,m"
"MXN00014096","1928-03","20.5167","-104.7833","1229.9","MASCOTA SMN, MX","","","","","0",",m","0",",m","0",",m","","","","","","","","","","","","","0.0",",,m,31,+","","","","","","","0.0",",,,m","","","","","",""
"MXN00014096","1928-04","20.5167","-104.7833","1229.9","MASCOTA SMN, MX","","","89.6","1,m","0",",m","0",",m","0",",m","0",",m","0",",m","0","1,m","29","1,m","12","1,m","8.3",",m,11,+","0.0",",,m,30,+","35.0","1,m,26,","","","0.3","1,m","0.0",",,,m","21.49","1,m","31.31","1,,,m","11.67",",,,m"
"MXN00014096","1928-05","20.5167","-104.7833","1229.9","MASCOTA SMN, MX","","","158.8",",m","6",",m","5",",m","0",",m","0",",m","0",",m","0",",m","31",",m","12",",m","12.2",",m,13,+","20.8",",,m,26,","35.6",",m,25,","","","0.0",",m","73.9",",,,m","23.45",",m","31.44",",,,m","15.47",",,,m"
"MXN00014096","1928-06","20.5167","-104.7833","1229.9","MASCOTA SMN, MX","","","187.9","1,m","12",",m","7",",m","0",",m","0",",m","0",",m","0","1,m","29","1,m","13","1,m","12.2",",m,05,","17.8",",,m,21,","38.3","1,m,06,","","","0.0","1,m","91.6",",,,m","24.82","1,m","32.00","1,,,m","17.65",",,,m"
"MXN00014096","1928-07","20.5167","-104.7833","1229.9","MASCOTA SMN, MX","","","146.5","1,m","21",",m","17",",m","0",",m","0",",m","0",",m","0","1,m","30","1,m","1","1,m","15.6",",m,08,","22.9",",,m,06,","32.8","1,m,10,","0.0","m","0.0","1,m","196.1",",,,m","23.21","1,m","28.83","1,,,m","17.59",",,,m"
"MXN00014096","1928-08","20.5167","-104.7833","1229.9","MASCOTA SMN, MX","","","128.5",",m","20",",m","15",",m","2",",m","0",",m","0",",m","0",",m","31",",m","0",",m","13.9",",m,27,","47.5",",,m,13,","30.6",",m,31,+","0.0","m","0.0",",m","254.9",",,,m","22.48",",m","28.21",",,,m","16.75",",,,m"
"MXN00014096","1928-09","20.5167","-104.7833","1229.9","MASCOTA SMN, MX","","","128.8","1,m","16","1,m","15","1,m","0","1,m","0",",m","0",",m","0","1,m","29","1,m","0","1,m","16.1",",m,10,","24.9","1,,m,02,","31.7","1,m,16,","0.0","m","0.0","1,m","156.0","1,,,m","22.79","1,m","27.69","1,,,m","17.89",",,,m"
"MXN00014096","1928-10","20.5167","-104.7833","1229.9","MASCOTA SMN, MX","","","152.2","1,m","11",",m","5",",m","0",",m","0",",m","0",",m","0","1,m","30","1,m","2","1,m","13.9",",m,30,+","21.8",",,m,05,","32.8","1,m,18,+","0.0","m","0.0","1,m","58.6",",,,m","23.38","1,m","29.69","1,,,m","17.07",",,,m"
"MXN00014096","1928-11","20.5167","-104.7833","1229.9","MASCOTA SMN, MX","","","46.4","1,m","2",",m","1",",m","0",",m","0",",m","0",",m","0","1,m","29","1,m","0","1,m","9.4",",m,30,+","5.8",",,m,21,","30.6","1,m,11,","0.6","m","0.6","1,m","6.6",",,,m","19.86","1,m","27.10","1,,,m","12.62",",,,m"
"MXN00014096","1928-12","20.5167","-104.7833","1229.9","MASCOTA SMN, MX","","","16.0","1,m","2",",m","1",",m","0",",m","0",",m","0",",m","0","1,m","30","1,m","0","1,m","5.0",",m,12,","7.9",",,m,08,","29.4","1,m,08,","16.8","m","16.2","1,m","8.7",",,,m","18.32","1,m","26.31","1,,,m","10.33",",,,m"
"MXN00014096","1929-01","20.5167","-104.7833","1229.9","MASCOTA SMN, MX","5.1","m","5.1","1,m","1",",m","1",",m","0",",m","0",",m","0",",m","0","1,m","29","1,m","0","1,m","4.4",",m,28,","14.0",",,m,26,","30.0","1,m,26,","41.8","m","25.0","1,m","14.0",",,,m","17.65","1,m","26.34","1,,,m","8.95",",,,m"
"MXN00014096","1929-02","20.5167","-104.7833","1229.9","MASCOTA SMN, MX","17.9","m","12.8","1,m","0",",m","0",",m","0",",m","0",",m","0",",m","0","1,m","27","1,m","0","1,m","5.0",",m,08,+","0.0",",,m,28,+","30.0","1,m,22,","62.0","m","20.2","1,m","0.0",",,,m","18.00","1,m","27.41","1,,,m","8.60",",,,m"
"MXN00014096","1929-06","20.5167","-104.7833","1229.9","MASCOTA SMN, MX","","","175.6","1,m","8",",m","6",",m","0",",m","0",",m","0",",m","0","1,m","29","1,m","15","1,m","11.7",",m,01,","15.7",",,m,30,","36.1","1,m,10,","","","0.0","1,m","48.5",",,,m","24.39","1,m","31.80","1,,,m","16.98",",,,m"
"MXN00014096","1929-07","20.5167","-104.7833","1229.9","MASCOTA SMN, MX","","","142.0","1,m","21",",m","17",",m","1",",m","0",",m","0",",m","0","1,m","30","1,m","4","1,m","15.6",",m,25,+","39.9",",,m,01,","32.8","1,m,10,","0.0","m","0.0","1,m","200.3",",,,m","23.08","1,m","29.01","1,,,m","17.15",",,,m"
"MXN00014096","1929-08","20.5167","-104.7833","1229.9","MASCOTA SMN, MX","","","97.0","1,m","22",",m","16",",m","0",",m","0",",m","0",",m","0","1,m","29","1,m","1","1,m","15.0",",m,10,","14.0",",,m,07,","32.2","1,m,05,","0.0","m","0.0","1,m","129.1",",,,m","21.58","1,m","25.75","1,,,m","17.41",",,,m"
"MXN00014096","1929-09","20.5167","-104.7833","1229.9","MASCOTA SMN, MX","","","131.4","1,m","15",",m","10",",m","1",",m","0",",m","0",",m","0","1,m","29","1,m","0","1,m","16.1",",m,17,","37.8",",,m,08,","30.0","1,m,29,+","0.0","m","0.0","1,m","83.8",",,,m","22.87","1,m","27.15","1,,,m","18.59",",,,m"
"MXN00014096","1929-10","20.5167","-104.7833","1229.9","MASCOTA SMN, MX","","","124.0","1,m","2",",m","1",",m","0",",m","0",",m","0",",m","0","1,m","30","1,m","12","1,m","6.7",",m,30,+","15.7",",,m,26,","34.4","1,m,18,","1.4","m","1.4","1,m","17.5",",,,m","22.33","1,m","30.46","1,,,m","14.20",",,,m"
"MXN00014096","1929-11","20.5167","-104.7833","1229.9","MASCOTA SMN, MX","","","96.5","1,m","7","1,m","2","1,m","1","1,m","0",",m","0",",m","0","1,m","26","1,m","6","1,m","10.0",",m,01,","36.8","1,,m,24,","34.4","1,m,05,","7.8","m","6.4","1,m","46.6","1,,,m","21.43","1,m","29.20","1,,,m","13.65",",,,m"
"MXN00014096","1929-12","20.5167","-104.7833","1229.9","MASCOTA SMN, MX","","","56.4","1,m","1",",m","1",",m","0",",m","0",",m","0",",m","0","1,m","28","1,m","1","1,m","8.9",",m,22,+","3.8",",,m,05,","32.8","1,m,14,","16.1","m","8.3","1,m","3.8",",,,m","19.95","1,m","28.31","1,,,m","11.58",",,,m"
"MXN00014096","1930-01","20.5167","-104.7833","1229.9","MASCOTA SMN, MX","37.6","m","37.6","1,m","0",",m","0",",m","0",",m","0",",m","0",",m","0","1,m","29","1,m","1","1,m","7.2",",m,29,","0.0",",,m,31,+","32.8","1,m,05,","18.5","m","2.4","1,m","0.0",",,,m","19.51","1,m","28.66","1,,,m","10.36",",,,m"
"MXN00014096","1930-02","20.5167","-104.7833","1229.9","MASCOTA SMN, MX","78.1","m","40.5","1,m","1",",m","1",",m","0",",m","0",",m","0",",m","0","1,m","26","1,m","0","1,m","5.6",",m,04,","8.9",",,m,02,","31.7","1,m,22,","29.0","m","10.5","1,m","8.9",",,,m","19.45","1,m","28.16","1,,,m","10.74",",,,m"
"MXN00014096","1930-03","20.5167","-104.7833","1229.9","MASCOTA SMN, MX","161.7","m","83.6","1,m","0",",m","0",",m","0",",m","0",",m","0",",m","0","1,m","30","1,m","0","1,m","7.2",",m,30,","0.0",",,m,31,+","31.7","1,m,17,+","29.3","m","0.3","1,m","0.0",",,,m","21.07","1,m","29.75","1,,,m","12.39",",,,m"
"MXN00014096","1930-04","20.5167","-104.7833","1229.9","MASCOTA SMN, MX","295.8","m","134.1","1,m","0","1,m","0","1,m","0","1,m","0",",m","0",",m","0","1,m","29","1,m","17","1,m","6.7",",m,17,","0.0","1,,m,30,+","41.7","1,m,13,","29.3","m","0.0","1,m","0.0","1,,,m","22.91","1,m","34.37","1,,,m","11.46",",,,m"
"MXN00014096","1930-05","20.5167","-104.7833","1229.9","MASCOTA SMN, MX","539.9","m","244.1","1,m","4",",m","3",",m","0",",m","0",",m","0",",m","0","1,m","30","1,m","30","1,m","10.6",",m,01,","14.0",",,m,31,","41.7","1,m,19,","29.3","m","0.0","1,m","30.5",",,,m","26.50","1,m","39.29","1,,,m","13.72",",,,m"
"MXN00014096","1930-06","20.5167","-104.7833","1229.9","MASCOTA SMN, MX","770.7","m","230.8","1,m","12","2,m","4","2,m","1","2,m","0",",m","0",",m","0","1,m","29","1,m","24","1,m","12.8",",m,13,+","40.9","2,,m,10,","41.1","1,m,05,","29.3","m","0.0","1,m","92.9","2,,,m","26.28","1,m","36.13","1,,,m","16.43",",,,m"
"MXN00014096","1930-07","20.5167","-104.7833","1229.9","MASCOTA SMN, MX","991.5","m","220.8","1,m","22",",m","20",",m","0",",m","0",",m","0",",m","0","1,m","30","1,m","28","1,m","12.8",",m,27,","24.9",",,m,27,","40.0","1,m,17,","0.0","m","0.0","1,m","158.6",",,,m","25.69","1,m","35.38","1,,,m","15.99",",,,m"
"MXN00014096","1930-08","20.5167","-104.7833","1229.9","MASCOTA SMN, MX","1218.2","m","226.7","1,m","2",",m","2",",m","0",",m","0",",m","0",",m","0","1,m","30","1,m","28","1,m","12.8",",m,02,","4.8",",,m,29,+","40.0","1,m,09,","0.0","m","0.0","1,m","9.6",",,,m","25.92","1,m","35.76","1,,,m","16.08",",,,m"
"MXN00014096","1930-09","20.5167","-104.7833","1229.9","MASCOTA SMN, MX","1461.0","m","242.8","1,m","11","3,m","5","3,m","1","3,m","0",",m","0",",m","0","1,m","29","1,m","28","1,m","15.0",",m,27,+","33.8","3,,m,05,","40.6","1,m,17,","0.0","m","0.0","1,m","84.4","3,,,m","26.69","1,m","36.81","1,,,m","16.57",",,,m"
"MXN00014096","1930-10","20.5167","-104.7833","1229.9","MASCOTA SMN, MX","1661.1","m","200.1","1,m","14","1,m","8","1,m","0","1,m","0",",m","0",",m","0","1,m","30","1,m","24","1,m","12.8",",m,13,","24.4","1,,m,09,","37.8","1,m,15,+","0.0","m","0.0","1,m","117.3","1,,,m","24.99","1,m","33.58","1,,,m","16.40",",,,m"
"MXN00014096","1930-11","20.5167","-104.7833","1229.9","MASCOTA SMN, MX","1763.9","m","102.8","1,m","10",",m","8",",m","1",",m","0",",m","0",",m","0","1,m","28","1,m","13","1,m","9.4",",m,29,","74.2",",,m,30,","35.0","1,m,06,+","1.9","m","1.9","1,m","146.9",",,,m","21.76","1,m","30.58","1,,,m","12.95",",,,m"
"MXN00014096","1930-12","20.5167","-104.7833","1229.9","MASCOTA SMN, MX","1830.6","m","66.7","1,m","3","1,m","2","1,m","0","1,m","0",",m","0",",m","0","1,m","30","1,m","11","1,m","5.0",",m,31,","5.6","1,,m,06,","33.9","1,m,05,","1.9","m","0.0","1,m","8.7","1,,,m","20.47","1,m","30.43","1,,,m","10.50",",,,m"
"MXN00014096","1931-01","20.5167","-104.7833","1229.9","MASCOTA SMN, MX","10.1","m","10.1","1,m","9","1,m","4","1,m","1","1,m","0",",m","0",",m","0","1,m","25","1,m","3","1,m","5.0",",m,22,+","55.9","1,,m,25,","33.3","1,m,08,","34.2","m","32.3","1,m","99.4","1,,,m","17.72","1,m","26.71","1,,,m","8.74",",,,m"
"MXN00014096","1931-02","20.5167","-104.7833","1229.9","MASCOTA SMN, MX","59.0","m","48.9","1,m","4","1,m","1","1,m","0","1,m","0",",m","0",",m","0","1,m","25","1,m","9","1,m","1.7",",m,28,","19.8","1,,m,26,","33.9","1,m,23,+","40.2","m","6.0","1,m","20.7","1,,,m","19.78","1,m","30.31","1,,,m","9.26",",,,m"
"MXN00014096","1931-03","20.5167","-104.7833","1229.9","MASCOTA SMN, MX","173.2","m","114.2","1,m","0",",m","0",",m","0",",m","0",",m","0",",m","0","1,m","30","1,m","27","1,m","3.9",",m,01,","0.0",",,m,31,+","40.6","1,m,28,","41.3","m","1.1","1,m","0.0",",,,m","22.06","1,m","34.90","1,,,m","9.22",",,,m"
"MXN00014096","1931-04","20.5167","-104.7833","1229.9","MASCOTA SMN, MX","370.7","m","197.5","1,m","0","1,m","0","1,m","0","1,m","0",",m","0",",m","0","1,m","29","1,m","29","1,m","7.8",",m,20,","0.0","1,,m,30,+","42.8","1,m,27,","41.3","m","0.0","1,m","0.0","1,,,m","25.17","1,m","39.38","1,,,m","10.95",",,,m"
"MXN00014096","1931-05","20.5167","-104.7833","1229.9","MASCOTA SMN, MX","561.8","m","191.1","1,m","7","1,m","2","1,m","0","1,m","0",",m","0",",m","0","1,m","30","1,m","27","1,m","10.6",",m,01,","17.3","1,,m,25,","35.6","1,m,15,","41.3","m","0.0","1,m","25.6","1,,,m","24.74","1,m","33.79","1,,,m","15.69",",,,m"
"MXN00014096","1931-06","20.5167","-104.7833","1229.9","MASCOTA SMN, MX","757.8","m","196.0","1,m","16",",m","12",",m","1",",m","0",",m","0",",m","0","1,m","29","1,m","16","1,m","8.3",",m,22,","27.4",",,m,13,","35.0","1,m,13,+","41.3","m","0.0","1,m","148.9",",,,m","25.13","1,m","32.69","1,,,m","17.57",",,,m"
"MXN00014096","1931-07","20.5167","-104.7833","1229.9","MASCOTA SMN, MX","914.4","m","156.6","1,m","25","1,m","20","1,m","0","1,m","0",",m","0",",m","0","1,m","30","1,m","1","1,m","16.1",",m,27,+","22.9","1,,m,26,","32.2","1,m,14,","0.0","m","0.0","1,m","213.1","1,,,m","23.56","1,m","29.26","1,,,m","17.86",",,,m"
"MXN00014096","1931-08","20.5167","-104.7833","1229.9","MASCOTA SMN, MX","1063.9","m","149.5","1,m","23",",m","15",",m","1",",m","0",",m","0",",m","0","1,m","30","1,m","3","1,m","15.0",",m,09,+","39.9",",,m,05,","35.0","1,m,18,+","0.0","m","0.0","1,m","171.5",",,,m","23.30","1,m","29.41","1,,,m","17.19",",,,m"
"MXN00014096","1931-09","20.5167","-104.7833","1229.9","MASCOTA SMN, MX","1213.0","m","149.1","1,m","18","1,m","14","1,m","0","1,m","0",",m","0",",m","0","1,m","29","1,m","4","1,m","15.0",",m,20,","19.8","1,,m,14,","38.3","1,m,18,","0.0","m","0.0","1,m","139.3","1,,,m","23.48","1,m","29.89","1,,,m","17.06",",,,m"
"MXN00014096","1931-10","20.5167","-104.7833","1229.9","MASCOTA SMN, MX","1387.2","m","174.2","1,m","4","2,m","2","2,m","0","2,m","0",",m","0",",m","0","1,m","30","1,m","11","1,m","12.2",",m,29,","3.8","2,,m,16,","35.0","1,m,08,","0.0","m","0.0","1,m","9.2","2,,,m","24.13","1,m","31.86","1,,,m","16.40",",,,m"
"MXN00014096","1931-11","20.5167","-104.7833","1229.9","MASCOTA SMN, MX","1468.0","m","80.8","1,m","1",",m","1",",m","0",",m","0",",m","0",",m","0","1,m","29","1,m","0","1,m","10.0",",m,26,+","9.9",",,m,01,","31.7","1,m,01,","0.0","m","0.0","1,m","9.9",",,,m","21.09","1,m","29.75","1,,,m","12.43",",,,m"
"MXN00014096","1931-12","20.5167","-104.7833","1229.9","MASCOTA SMN, MX","1505.3","m","37.3","1,m","2",",m","0",",m","0",",m","0",",m","0",",m","0","1,m","30","1,m","0","1,m","5.0",",m,31,","1.3",",,m,07,","30.6","1,m,05,","6.9","m","6.9","1,m","2.1",",,,m","19.26","1,m","28.59","1,,,m","9.94",",,,m"
"MXN00014096","1932-01","20.5167","-104.7833","1229.9","MASCOTA SMN, MX","30.0","m","30.0","1,m","2",",m","2",",m","0",",m","0",",m","0",",m","0","1,m","27","1,m","0","1,m","5.6",",m,12,+","11.4",",,m,03,","31.1","1,m,18,","37.3","m","30.4","1,m","17.8",",,,m","18.32","1,m","26.39","1,,,m","10.24",",,,m"
"MXN00014096","1932-02","20.5167","-104.7833","1229.9","MASCOTA SMN, MX","85.3","m","55.3","1,m","3",",m","1",",m","0",",m","0",",m","0",",m","0","1,m","27","1,m","1","1,m","3.3",",m,23,","19.3",",,m,20,","32.2","1,m,08,","56.7","m","19.4","1,m","20.9",",,,m","19.66","1,m","28.21","1,,,m","11.12",",,,m"
"MXN00014096","1932-03","20.5167","-104.7833","1229.9","MASCOTA SMN, MX","132.0","m","46.7","1,m","2",",m","1",",m","0",",m","0",",m","0",",m","0","1,m","30","1,m","2","1,m","5.0",",m,06,+","6.4",",,m,02,","32.8","1,m,28,","70.0","m","13.3","1,m","6.7",",,,m","19.46","1,m","29.06","1,,,m","9.86",",,,m"
"MXN00014096","1932-04","20.5167","-104.7833","1229.9","MASCOTA SMN, MX","258.2","m","126.2","1,m","0",",m","0",",m","0",",m","0",",m","0",",m","0","1,m","29","1,m","26","1,m","9.4",",m,20,","0.0",",,m,30,+","35.0","1,m,13,+","70.0","m","0.0","1,m","0.0",",,,m","22.70","1,m","33.24","1,,,m","12.15",",,,m"
"MXN00014096","1932-05","20.5167","-104.7833","1229.9","MASCOTA SMN, MX","440.6","m","182.4","1,m","0",",m","0",",m","0",",m","0",",m","0",",m","0","1,m","30","1,m","28","1,m","12.2",",m,16,+","0.0",",,m,31,+","36.1","1,m,31,+","70.0","m","0.0","1,m","0.0",",,,m","24.39","1,m","34.44","1,,,m","14.33",",,,m"
"MXN00014096","1932-06","20.5167","-104.7833","1229.9","MASCOTA SMN, MX","661.9","m","221.3","1,m","9",",m","6",",m","2",",m","0",",m","0",",m","0","1,m","29","1,m","20","1,m","15.0",",m,09,+","36.8",",,m,27,","40.6","1,m,17,","70.0","m","0.0","1,m","121.7",",,,m","25.95","1,m","34.54","1,,,m","17.37",",,,m"
"MXN00014096","1932-07","20.5167","-104.7833","1229.9","MASCOTA SMN, MX","850.6","m","188.7",",m","23",",m","9",",m","1",",m","0",",m","0",",m","0",",m","31",",m","11",",m","15.6",",m,30,+","44.5",",,m,31,","39.4",",m,12,","0.0","m","0.0",",m","138.3",",,,m","24.42",",m","31.09",",,,m","17.75",",,,m"
"MXN00014096","1932-08","20.5167","-104.7833","1229.9","MASCOTA SMN, MX","1009.9","m","159.3","1,m","18",",m","14",",m","2",",m","0",",m","0",",m","0","1,m","30","1,m","2","1,m","15.0",",m,09,","61.0",",,m,27,","32.8","1,m,25,+","0.0","m","0.0","1,m","215.2",",,,m","23.65","1,m","29.74","1,,,m","17.55",",,,m"
"MXN00014096","1932-09","20.5167","-104.7833","1229.9","MASCOTA SMN, MX","1152.5","m","142.6","1,m","23",",m","12",",m","0",",m","0",",m","0",",m","0","1,m","29","1,m","1","1,m","15.6",",m,25,+","20.8",",,m,02,","32.2","1,m,14,","0.0","m","0.0","1,m","102.1",",,,m","23.23","1,m","28.90","1,,,m","17.57",",,,m"
"MXN00014096","1932-10","20.5167","-104.7833","1229.9","MASCOTA SMN, MX","1305.3","m","152.8","1,m","6","1,m","3","1,m","0","1,m","0",",m","0",",m","0","1,m","30","1,m","7","1,m","12.2",",m,31,","10.9","1,,m,15,","33.3","1,m,11,+","0.0","m","0.0","1,m","28.5","1,,,m","23.36","1,m","30.67","1,,,m","16.05",",,,m"
"MXN00014096","1932-11","20.5167","-104.7833","1229.9","MASCOTA SMN, MX","1377.8","m","72.5","1,m","0",",m","0",",m","0",",m","0",",m","0",",m","0","1,m","29","1,m","2","1,m","9.4",",m,25,+","0.0",",,m,30,+","32.8","1,m,08,","0.0","m","0.0","1,m","0.0",",,,m","20.82","1,m","29.92","1,,,m","11.71",",,,m"
"MXN00014096","1932-12","20.5167","-104.7833","1229.9","MASCOTA SMN, MX","1403.2","m","25.4","1,m","0",",m","0",",m","0",",m","0",",m","0",",m","0","1,m","30","1,m","0","1,m","7.2",",m,31,","0.0",",,m,31,+","30.6","1,m,10,","2.8","m","2.8","1,m","0.0",",,,m","19.04","1,m","28.08","1,,,m","10.00",",,,m"
"MXN00014096","1933-01","20.5167","-104.7833","1229.9","MASCOTA SMN, MX","19.1","m","19.1","1,m","4","1,m","1","1,m","0","1,m","0",",m","0",",m","0","1,m","29","1,m","0","1,m","6.1",",m,01,","3.3","1,,m,30,","31.1","1,m,25,","16.3","m","13.5","1,m","7.7","1,,,m","18.55","1,m","26.80","1,,,m","10.30",",,,m"
"MXN00014096","1933-02","20.5167","-104.7833","1229.9","MASCOTA SMN, MX","60.8","m","41.7","1,m","1","1,m","0","1,m","0","1,m","0",",m","0",",m","0","1,m","25","1,m","0","1,m","5.0",",m,08,","1.8","1,,m,06,","31.1","1,m,25,+","29.0","m","12.7","1,m","1.8","1,,,m","19.40","1,m","27.75","1,,,m","11.05",",,,m"
"MXN00014096","1933-03","20.5167","-104.7833","1229.9","MASCOTA SMN, MX","156.4","m","95.6",",m","0",",m","0",",m","0",",m","0",",m","0",",m","0",",m","31",",m","14",",m","7.8",",m,20,","0.0",",,m,31,+","35.0",",m,29,+","29.3","m","0.3",",m","0.0",",,,m","21.41",",m","32.14",",,,m","10.67",",,,m"
"MXN00014096","1933-04","20.5167","-104.7833","1229.9","MASCOTA SMN, MX","310.1","m","153.7","1,m","0",",m","0",",m","0",",m","0",",m","0",",m","0","1,m","29","1,m","23","1,m","8.9",",m,11,","0.0",",,m,30,+","38.3","1,m,11,","29.3","m","0.0","1,m","0.0",",,,m","23.69","1,m","34.04","1,,,m","13.34",",,,m"
"MXN00014096","1933-05","20.5167","-104.7833","1229.9","MASCOTA SMN, MX","498.8","m","188.7","1,m","0",",m","0",",m","0",",m","0",",m","0",",m","0","1,m","30","1,m","29","1,m","10.0",",m,07,","0.0",",,m,31,+","37.8","1,m,30,","29.3","m","0.0","1,m","0.0",",,,m","24.62","1,m","35.29","1,,,m","13.95",",,,m"
"MXN00014096","1933-06","20.5167","-104.7833","1229.9","MASCOTA SMN, MX","673.6","m","174.8","1,m","20",",m","15",",m","1",",m","0",",m","0",",m","0","1,m","29","1,m","13","1,m","12.8",",m,07,","29.5",",,m,14,","38.3","1,m,02,","29.3","m","0.0","1,m","160.4",",,,m","24.38","1,m","31.82","1,,,m","16.94",",,,m"
"MXN00014096","1933-07","20.5167","-104.7833","1229.9","MASCOTA SMN, MX","827.5","m","153.9","1,m","23",",m","16",",m","2",",m","0",",m","0",",m","0","1,m","30","1,m","0","1,m","10.0",",m,18,","39.9",",,m,10,","31.7","1,m,06,","0.0","m","0.0","1,m","205.2",",,,m","23.44","1,m","29.36","1,,,m","17.52",",,,m"
"MXN00014096","1933-08","20.5167","-104.7833","1229.9","MASCOTA SMN, MX","981.4","m","153.9","1,m","20",",m","14",",m","0",",m","0",",m","0",",m","0","1,m","29","1,m","2","1,m","16.1",",m,02,","23.4",",,m,11,","32.2","1,m,10,+","0.0","m","0.0","1,m","159.8",",,,m","23.46","1,m","29.02","1,,,m","17.90",",,,m"
"MXN00014096","1933-09","20.5167","-104.7833","1229.9","MASCOTA SMN, MX","1129.3","m","147.9","1,m","23",",m","16",",m","3",",m","0",",m","0",",m","0","1,m","29","1,m","2","1,m","16.7",",m,03,","47.0",",,m,27,","32.2","1,m,09,+","0.0","m","0.0","1,m","228.3",",,,m","23.41","1,m","28.43","1,,,m","18.40",",,,m"
"MXN00014096","1933-10","20.5167","-104.7833","1229.9","MASCOTA SMN, MX","1223.7","m","94.4","1,m","12","1,m","5","1,m","0","1,m","0",",m","0",",m","0","1,m","30","1,m","0","1,m","13.9",",m,28,+","10.9","1,,m,09,","28.3","1,m,05,+","0.0","m","0.0","1,m","48.4","1,,,m","21.47","1,m","27.00","1,,,m","15.95",",,,m"
"MXN00014096","1933-11","20.5167","-104.7833","1229.9","MASCOTA SMN, MX","1272.3","m","48.6","1,m","0","1,m","0","1,m","0","1,m","0",",m","0",",m","0","1,m","29","1,m","0","1,m","10.6",",m,29,+","0.0","1,,m,30,+","28.3","1,m,06,","1.9","m","1.9","1,m","0.0","1,,,m","19.92","1,m","26.46","1,,,m","13.39",",,,m"
"MXN00014096","1933-12","20.5167","-104.7833","1229.9","MASCOTA SMN, MX","1284.6","m","12.3","1,m","0","1,m","0","1,m","0","1,m","0",",m","0",",m","0","1,m","30","1,m","0","1,m","10.0",",m,26,+","0.0","1,,m,31,+","28.3","1,m,04,","10.4","m","8.5","1,m","0.0","1,,,m","18.46","1,m","25.70","1,,,m","11.23",",,,m"
"MXN00014096","1934-01","20.5167","-104.7833","1229.9","MASCOTA SMN, MX","11.2","m","11.2",",m","3",",m","2",",m","0",",m","0",",m","0",",m","0",",m","30",",m","0",",m","4.4",",m,12,","8.9",",,m,09,","28.9",",m,20,+","40.0","m","29.6",",m","13.0",",,,m","17.74",",m","26.30",",,,m","9.18",",,,m"
"MXN00014096","1934-02","20.5167","-104.7833","1229.9","MASCOTA SMN, MX","36.0","m","24.8","1,m","0",",m","0",",m","0",",m","0",",m","0",",m","0","1,m","27","1,m","1","1,m","5.6",",m,22,","0.0",",,m,28,+","32.2","1,m,27,","43.6","m","3.6","1,m","0.0",",,,m","19.13","1,m","29.10","1,,,m","9.17",",,,m"
"MXN00014096","1934-03","20.5167","-104.7833","1229.9","MASCOTA SMN, MX","104.7","m","68.7",",m","2",",m","0",",m","0",",m","0",",m","0",",m","0",",m","31",",m","8",",m","4.4",",m,03,","1.3",",,m,10,","35.0",",m,25,","47.8","m","4.2",",m","2.1",",,,m","20.41",",m","31.32",",,,m","9.51",",,,m"
"MXN00014096","1934-04","20.5167","-104.7833","1229.9","MASCOTA SMN, MX","225.6","m","120.9","1,m","1",",m","0",",m","0",",m","0",",m","0",",m","0","1,m","29","1,m","24","1,m","8.3",",m,16,+","0.8",",,m,01,","36.1","1,m,21,","47.8","m","0.0","1,m","0.8",",,,m","22.52","1,m","33.33","1,,,m","11.71",",,,m"
"MXN00014096","1934-05","20.5167","-104.7833","1229.9","MASCOTA SMN, MX","385.3","m","159.7","1,m","9",",m","8",",m","0",",m","0",",m","0",",m","0","1,m","30","1,m","14","1,m","11.7",",m,04,+","20.3",",,m,26,","35.6","1,m,12,+","47.8","m","0.0","1,m","70.1",",,,m","23.71","1,m","32.02","1,,,m","15.41",",,,m"
"MXN00014096","1934-06","20.5167","-104.7833","1229.9","MASCOTA SMN, MX","536.2","m","150.9","1,m","10",",m","5",",m","1",",m","0",",m","0",",m","0","1,m","29","1,m","3","1,m","12.8",",m,17,","31.0",",,m,27,","32.8","1,m,18,+","47.8","m","0.0","1,m","70.8",",,,m","23.53","1,m","30.34","1,,,m","16.72",",,,m"
"MXN00014096","1934-07","20.5167","-104.7833","1229.9","MASCOTA SMN, MX","666.7","m","130.5",",m","24",",m","13",",m","1",",m","0",",m","0",",m","0",",m","31",",m","0",",m","15.0",",m,19,+","41.4",",,m,23,","30.6",",m,23,+","0.0","m","0.0",",m","171.4",",,,m","22.54",",m","28.24",",,,m","16.85",",,,m"
"MXN00014096","1934-08","20.5167","-104.7833","1229.9","MASCOTA SMN, MX","779.5","m","112.8",",m","24",",m","13",",m","0",",m","0",",m","0",",m","0",",m","31",",m","0",",m","15.6",",m,15,+","9.9",",,m,07,","28.9",",m,31,+","0.0","m","0.0",",m","88.8",",,,m","21.97",",m","27.30",",,,m","16.65",",,,m"
"MXN00014096","1934-09","20.5167","-104.7833","1229.9","MASCOTA SMN, MX","896.0","m","116.5",",m","19",",m","16",",m","1",",m","0",",m","0",",m","0",",m","30",",m","0",",m","15.6",",m,16,","54.9",",,m,01,","30.0",",m,30,","0.0","m","0.0",",m","210.4",",,,m","22.22",",m","27.47",",,,m","16.96",",,,m"
"MXN00014096","1934-10","20.5167","-104.7833","1229.9","MASCOTA SMN, MX","976.8","m","80.8",",m","7",",m","6",",m","1",",m","0",",m","0",",m","0",",m","31",",m","0",",m","10.6",",m,17,","64.8",",,m,16,","28.9",",m,25,+","0.5","m","0.5",",m","108.3",",,,m","20.92",",m","26.90",",,,m","14.95",",,,m"
"MXN00014096","1934-11","20.5167","-104.7833","1229.9","MASCOTA SMN, MX","1017.8","m","41.0",",m","2",",m","2",",m","0",",m","0",",m","0",",m","0",",m","30",",m","0",",m","7.2",",m,30,","10.9",",,m,16,","29.4",",m,10,","5.7","m","5.2",",m","13.7",",,,m","19.53",",m","26.47",",,,m","12.58",",,,m"
"MXN00014096","1934-12","20.5167","-104.7833","1229.9","MASCOTA SMN, MX","1061.4","m","43.6",",m","3",",m","2",",m","0",",m","0",",m","0",",m","0",",m","31",",m","0",",m","6.7",",m,03,+","4.8",",,m,21,+","30.0",",m,29,","10.5","m","4.8",",m","9.9",",,,m","19.58",",m","27.16",",,,m","12.01",",,,m"
"MXN00014096","1935-01","20.5167","-104.7833","1229.9","MASCOTA SMN, MX","12.8","m","12.8",",m","1",",m","1",",m","0",",m","0",",m","0",",m","0",",m","31",",m","0",",m","5.6",",m,24,","2.8",",,m,31,","29.4",",m,04,","32.3","m","21.8",",m","2.8",",,,m","18.04",",m","27.16",",,,m","8.93",",,,m"
"MXN00014096","1935-02","20.5167","-104.7833","1229.9","MASCOTA SMN, MX","13.9","m","1.1",",m","7",",m","4",",m","0",",m","0",",m","0",",m","0",",m","24",",m","0",",m","4.4",",m,18,","21.3",",,m,05,","29.4",",m,27,","87.5","m","55.2",",m","51.1",",,,m","16.40",",m","24.38",",,,m","8.43",",,,m"
"MXN00014096","1935-03","20.5167","-104.7833","1229.9","MASCOTA SMN, MX","69.6","m","55.7",",m","1",",m","0",",m","0",",m","0",",m","0",",m","0",",m","31",",m","2",",m","6.1",",m,11,","0.3",",,m,15,","32.8",",m,24,+","90.6","m","3.1",",m","0.3",",,,m","20.03",",m","29.94",",,,m","10.12",",,,m"
"MXN00014096","1935-04","20.5167","-104.7833","1229.9","MASCOTA SMN, MX","183.4","m","113.8",",m","1",",m","0",",m","0",",m","0",",m","0",",m","0",",m","30",",m","15",",m","8.9",",m,09,","0.3",",,m,18,","35.0",",m,15,+","90.6","m","0.0",",m","0.3",",,,m","22.13",",m","31.95",",,,m","12.31",",,,m"
"MXN00014096","1935-05","20.5167","-104.7833","1229.9","MASCOTA SMN, MX","276.3","m","92.9","1,m","3","1,m","2","1,m","0","1,m","0",",m","0",",m","0","1,m","30","1,m","0","1,m","11.1",",m,22,","9.9","1,,m,27,","30.0","1,m,31,","90.6","m","0.0","1,m","16.5","1,,,m","21.42","1,m","27.89","1,,,m","14.95",",,,m"
"MXN00014096","1935-06","20.5167","-104.7833","1229.9","MASCOTA SMN, MX","369.1","m","92.8",",m","22",",m","20",",m","3",",m","0",",m","0",",m","0",",m","27",",m","0",",m","10.0",",m,02,","31.8",",,m,16,","30.0",",m,04,+","90.6","m","0.0",",m","248.3",",,,m","21.43",",m","24.72",",,,m","18.13",",,,m"
"MXN00014096","1935-07","20.5167","-104.7833","1229.9","MASCOTA SMN, MX","432.9","m","63.8",",m","28",",m","19",",m","2",",m","0",",m","0",",m","0",",m","21",",m","0",",m","11.1",",m,14,","39.9",",,m,03,","26.1",",m,27,","4.7","m","4.7",",m","276.8",",,,m","20.24",",m","23.00",",,,m","17.48",",,,m"
"MXN00014096","1935-08","20.5167","-104.7833","1229.9","MASCOTA SMN, MX","514.0","m","81.1","2,m","21",",m","12",",m","0",",m","0","1,m","0","1,m","0","1,m","28","1,m","0","1,m","15.6","1,m,23,","23.4",",,m,28,","27.8","1,m,20,","4.7","m","0.0","1,m","109.8",",,,m","21.08","2,m","24.16","1,,,m","18.01","1,,,m"
"MXN00014096","1935-09","20.5167","-104.7833","1229.9","MASCOTA SMN, MX","610.1","m","96.1",",m","17",",m","14",",m","0",",m","0",",m","0",",m","0",",m","30",",m","0",",m","16.1",",m,05,","18.5",",,m,02,","27.2",",m,25,","4.7","m","0.0",",m","114.3",",,,m","21.54",",m","24.68",",,,m","18.39",",,,m"
"MXN00014096","1935-10","20.5167","-104.7833","1229.9","MASCOTA SMN, MX","701.1","m","91.0",",m","8",",m","7",",m","0",",m","0",",m","0",",m","0",",m","30",",m","0",",m","12.8",",m,04,","20.8",",,m,15,","28.3",",m,28,+","4.7","m","0.0",",m","60.0",",,,m","21.27",",m","25.75",",,,m","16.78",",,,m"
"MXN00014096","1935-11","20.5167","-104.7833","1229.9","MASCOTA SMN, MX","751.1","m","50.0",",m","2",",m","2",",m","0",",m","0",",m","0",",m","0",",m","30",",m","0",",m","11.1",",m,24,+","7.4",",,m,23,","27.2",",m,28,+","6.4","m","1.7",",m","14.3",",,,m","19.95",",m","25.31",",,,m","14.58",",,,m"
"MXN00014096","1935-12","20.5167","-104.7833","1229.9","MASCOTA SMN, MX","767.8","m","16.7",",m","4",",m","3",",m","0",",m","0",",m","0",",m","0",",m","22",",m","0",",m","10.0",",m,27,+","15.5",",,m,19,","27.2",",m,13,","36.1","m","29.7",",m","29.8",",,,m","17.91",",m","22.91",",,,m","12.92",",,,m"
"MXN00014096","1936-01","20.5167","-104.7833","1229.9","MASCOTA SMN, MX","55.2","m","55.2",",m","0",",m","0",",m","0",",m","0",",m","0",",m","0",",m","31",",m","0",",m","10.0",",m,05,","0.0",",,m,31,+","30.0",",m,20,","42.5","m","6.4",",m","0.0",",,,m","19.91",",m","25.04",",,,m","14.78",",,,m"
"MXN00014096","1936-02","20.5167","-104.7833","1229.9","MASCOTA SMN, MX","135.3","m","80.1",",m","0",",m","0",",m","0",",m","0",",m","0",",m","0",",m","29",",m","0",",m","10.6",",m,13,","0.0",",,m,29,+","30.0",",m,27,+","44.8","m","2.3",",m","0.0",",,,m","21.02",",m","26.26",",,,m","15.77",",,,m"
"MXN00014096","1936-03","20.5167","-104.7833","1229.9","MASCOTA SMN, MX","293.5","m","158.2",",m","0",",m","0",",m","0",",m","0",",m","0",",m","0",",m","30",",m","2",",m","14.4",",m,08,","0.0",",,m,31,+","32.8",",m,20,","44.8","m","0.0",",m","0.0",",,,m","23.44",",m","28.92",",,,m","17.95",",,,m"
"MXN00014096","1936-04","20.5167","-104.7833","1229.9","MASCOTA SMN, MX","474.9","m","181.4",",m","0",",m","0",",m","0",",m","0",",m","0",",m","0",",m","30",",m","0",",m","15.6",",m,28,","0.0",",,m,30,+","31.7",",m,14,","44.8","m","0.0",",m","0.0",",,,m","24.38",",m","29.85",",,,m","18.91",",,,m"
"MXN00014096","1936-05","20.5167","-104.7833","1229.9","MASCOTA SMN, MX","707.1","m","232.2",",m","0",",m","0",",m","0",",m","0",",m","0",",m","0",",m","31",",m","3",",m","18.3",",m,01,","0.0",",,m,31,+","32.8",",m,18,","44.8","m","0.0",",m","0.0",",,,m","25.82",",m","30.59",",,,m","21.05",",,,m"
"MXN00014096","1936-06","20.5167","-104.7833","1229.9","MASCOTA SMN, MX","957.2","m","250.1",",m","13",",m","6",",m","1",",m","0",",m","0",",m","0",",m","30",",m","4",",m","18.9",",m,02,","29.0",",,m,17,","34.4",",m,17,","44.8","m","0.0",",m","72.6",",,,m","26.67",",m","29.52",",,,m","23.81",",,,m"
"MXN00014096","1936-07","20.5167","-104.7833","1229.9","MASCOTA SMN, MX","1170.9","m","213.7",",m","24",",m","19",",m","1",",m","0",",m","0",",m","0",",m","31",",m","1",",m","21.7",",m,30,+","25.9",",,m,17,","35.0",",m,11,","0.0","m","0.0",",m","198.2",",,,m","25.23",",m","26.74",",,,m","23.72",",,,m"
"MXN00014096","1936-08","20.5167","-104.7833","1229.9","MASCOTA SMN, MX","1398.8","m","227.9",",m","17",",m","10",",m","1",",m","0",",m","0",",m","0",",m","31",",m","0",",m","21.1",",m,31,+","26.9",",,m,15,","30.6",",m,11,","0.0","m","0.0",",m","125.3",",,,m","25.69",",m","28.44",",,,m","22.93",",,,m"
"MXN00014096","1936-09","20.5167","-104.7833","1229.9","MASCOTA SMN, MX","1579.0","m","180.2",",m","16",",m","15",",m","2",",m","0",",m","0",",m","0",",m","30",",m","0",",m","20.6",",m,19,+","32.3",",,m,04,","28.3",",m,17,+","0.0","m","0.0",",m","174.6",",,,m","24.34",",m","26.94",",,,m","21.74",",,,m"
"MXN00014096","1936-10","20.5167","-104.7833","1229.9","MASCOTA SMN, MX","1768.0","m","189.0",",m","11",",m","10",",m","0",",m","0",",m","0",",m","0",",m","31",",m","0",",m","19.4",",m,19,+","19.8",",,m,25,+","28.9",",m,11,","0.0","m","0.0",",m","98.3",",,,m","24.43",",m","27.57",",,,m","21.29",",,,m"
"MXN00014096","1936-11","20.5167","-104.7833","1229.9","MASCOTA SMN, MX","1956.3","m","188.3",",m","3",",m","3",",m","0",",m","0",",m","0",",m","0",",m","30",",m","13",",m","17.2",",m,21,+","20.8",",,m,21,","33.9",",m,20,+","0.0","m","0.0",",m","37.6",",,,m","24.61",",m","30.26",",,,m","18.96",",,,m"
"MXN00014096","1936-12","20.5167","-104.7833","1229.9","MASCOTA SMN, MX","2156.8","m","200.5",",m","0","1,m","0","1,m","0","1,m","0",",m","0",",m","0",",m","31",",m","20",",m","15.0",",m,31,+","0.0","1,,m,31,+","36.7",",m,25,+","0.0","m","0.0",",m","0.0","1,,,m","24.80",",m","32.89",",,,m","16.71",",,,m"
"MXN00014096","1937-01","20.5167","-104.7833","1229.9","MASCOTA SMN, MX","196.3","m","196.3",",m","1",",m","0",",m","0",",m","0",",m","0",",m","0",",m","31",",m","24",",m","15.0",",m,12,+","1.8",",,m,24,","34.4",",m,20,+","0.0","m","0.0",",m","1.8",",,,m","24.66",",m","32.92",",,,m","16.41",",,,m"
"MXN00014096","1937-02","20.5167","-104.7833","1229.9","MASCOTA SMN, MX","351.3","m","155.0",",m","0",",m","0",",m","0",",m","0",",m","0",",m","0",",m","28",",m","2",",m","15.6",",m,09,","0.0",",,m,28,+","35.0",",m,28,","0.0","m","0.0",",m","0.0",",,,m","23.87",",m","30.43",",,,m","17.31",",,,m"
"MXN00014096","1937-03","20.5167","-104.7833","1229.9","MASCOTA SMN, MX","523.9","m","172.6",",m","0",",m","0",",m","0",",m","0",",m","0",",m","0",",m","31",",m","2",",m","15.0",",m,05,","0.0",",,m,31,+","33.3",",m,24,+","0.0","m","0.0",",m","0.0",",,,m","23.90",",m","29.67",",,,m","18.13",",,,m"
"MXN00014096","1937-04","20.5167","-104.7833","1229.9","MASCOTA SMN, MX","708.8","m","184.9",",m","0",",m","0",",m","0",",m","0",",m","0",",m","0",",m","30",",m","4",",m","16.1",",m,05,","0.0",",,m,30,+","32.8",",m,29,+","0.0","m","0.0",",m","0.0",",,,m","24.50",",m","30.75",",,,m","18.25",",,,m"
"MXN00014096","1937-05","20.5167","-104.7833","1229.9","MASCOTA SMN, MX","924.5","m","215.7",",m","0",",m","0",",m","0",",m","0",",m","0",",m","0",",m","31",",m","13",",m","15.0",",m,20,+","0.0",",,m,31,+","33.9",",m,31,","0.0","m","0.0",",m","0.0",",,,m","25.29",",m","31.36",",,,m","19.22",",,,m"
"MXN00014096","1937-06","20.5167","-104.7833","1229.9","MASCOTA SMN, MX","1155.6","m","231.1",",m","17",",m","13",",m","1",",m","0",",m","0",",m","0",",m","30",",m","2",",m","18.9",",m,04,+","37.8",",,m,27,","32.2",",m,12,+","0.0","m","0.0",",m","143.7",",,,m","26.04",",m","30.08",",,,m","22.00",",,,m"
"MXN00014096","1937-07","20.5167","-104.7833","1229.9","MASCOTA SMN, MX","1302.1","m","146.5","3,m","15","1,m","12","1,m","1","1,m","0","3,m","0","3,m","0","1,m","30","1,m","0","1,m","16.1","3,m,25,+","34.8","1,,m,10,","30.0","1,m,30,+","0.0","m","0.0","1,m","123.3","1,,,m","23.58","3,m","28.29","1,,,m","18.86","3,,,m"
"MXN00014096","1937-08","20.5167","-104.7833","1229.9","MASCOTA SMN, MX","1432.0","m","129.9",",m","20","1,m","16","1,m","2","1,m","0",",m","0",",m","0",",m","31",",m","0",",m","16.7",",m,28,+","52.8","1,,m,15,","29.4",",m,04,","0.0","m","0.0",",m","194.5","1,,,m","22.52",",m","27.89",",,,m","17.15",",,,m"
"MXN00014096","1937-09","20.5167","-104.7833","1229.9","MASCOTA SMN, MX","1575.2","m","143.2",",m","11",",m","7",",m","0",",m","0",",m","0",",m","0",",m","30",",m","0",",m","16.1",",m,28,","24.9",",,m,05,","30.6",",m,16,","0.0","m","0.0",",m","69.2",",,,m","23.11",",m","28.42",",,,m","17.79",",,,m"
"MXN00014096","1937-10","20.5167","-104.7833","1229.9","MASCOTA SMN, MX","1720.8","m","145.6",",m","8","1,m","8","1,m","1","1,m","0",",m","0",",m","0",",m","31",",m","0",",m","15.0",",m,03,","35.8","1,,m,20,","31.7",",m,19,","0.0","m","0.0",",m","89.9","1,,,m","23.03",",m","28.49",",,,m","17.57",",,,m"
"MXN00014096","1937-11","20.5167","-104.7833","1229.9","MASCOTA SMN, MX","1836.0","m","115.2",",m","1","1,m","0","1,m","0","1,m","0",",m","0",",m","0",",m","30",",m","5",",m","10.0",",m,28,+","1.3","1,,m,01,","33.9",",m,04,","0.0","m","0.0",",m","1.3","1,,,m","22.17",",m","30.38",",,,m","13.96",",,,m"
"MXN00014096","1937-12","20.5167","-104.7833","1229.9","MASCOTA SMN, MX","1926.3","m","90.3",",m","2",",m","2",",m","1",",m","0",",m","0",",m","0",",m","31",",m","12",",m","7.8",",m,17,","35.8",",,m,14,","35.0",",m,31,+","2.8","m","2.8",",m","53.6",",,,m","21.16",",m","30.37",",,,m","11.95",",,,m"
"MXN00014096","1938-01","20.5167","-104.7833","1229.9","MASCOTA SMN, MX","105.4","m","105.4",",m","1",",m","1",",m","0",",m","0",",m","0",",m","0",",m","31",",m","12",",m","7.8",",m,23,","5.3",",,m,12,","35.0",",m,07,+","2.8","m","0.0",",m","5.3",",,,m","21.73",",m","31.99",",,,m","11.47",",,,m"
"MXN00014096","1938-02","20.5167","-104.7833","1229.9","MASCOTA SMN, MX","205.0","m","99.6",",m","1",",m","1",",m","0",",m","0",",m","0",",m","0",",m","28",",m","11",",m","10.6",",m,20,","16.8",",,m,08,","34.4",",m,19,","2.8","m","0.0",",m","16.8",",,,m","21.89",",m","31.02",",,,m","12.76",",,,m"
"MXN00014096","1938-03","20.5167","-104.7833","1229.9","MASCOTA SMN, MX","304.5","m","99.5",",m","1",",m","1",",m","0",",m","0",",m","0",",m","0",",m","31",",m","0",",m","11.7",",m,21,+","11.9",",,m,02,","30.6",",m,28,+","2.8","m","0.0",",m","11.9",",,,m","21.54",",m","29.36",",,,m","13.72",",,,m"
"MXN00014096","1938-04","20.5167","-104.7833","1229.9","MASCOTA SMN, MX","410.1","m","105.6",",m","0",",m","0",",m","0",",m","0",",m","0",",m","0",",m","30",",m","0",",m","10.6",",m,08,","0.0",",,m,30,+","31.7",",m,30,+","2.8","m","0.0",",m","0.0",",,,m","21.85",",m","30.16",",,,m","13.55",",,,m"
"MXN00014096","1938-05","20.5167","-104.7833","1229.9","MASCOTA SMN, MX","547.3","m","137.2",",m","4","1,m","3","1,m","2","1,m","0",",m","0",",m","0",",m","31",",m","0",",m","12.8",",m,02,+","35.8","1,,m,25,","31.7",",m,01,","2.8","m","0.0",",m","76.2","1,,,m","22.76",",m","29.65",",,,m","15.86",",,,m"
"MXN00014096","1938-06","20.5167","-104.7833","1229.9","MASCOTA SMN, MX","706.7","m","159.4",",m","15",",m","12",",m","1",",m","0",",m","0",",m","0",",m","30",",m","3",",m","17.8",",m,30,+","49.8",",,m,27,","32.8",",m,08,+","2.8","m","0.0",",m","174.7",",,,m","23.65",",m","28.93",",,,m","18.37",",,,m"
"MXN00014096","1938-07","20.5167","-104.7833","1229.9","MASCOTA SMN, MX","802.5","m","95.8",",m","24","1,m","17","1,m","0","1,m","0",",m","0",",m","0",",m","31",",m","0",",m","15.6",",m,24,+","15.7","1,,m,08,","27.8",",m,06,","0.0","m","0.0",",m","142.6","1,,,m","21.42",",m","25.69",",,,m","17.16",",,,m"
"MXN00014096","1938-08","20.5167","-104.7833","1229.9","MASCOTA SMN, MX","933.7","m","131.2",",m","18",",m","15",",m","0",",m","0",",m","0",",m","0",",m","31",",m","0",",m","15.6",",m,08,","21.8",",,m,28,","30.0",",m,31,+","0.0","m","0.0",",m","126.5",",,,m","22.56",",m","27.87",",,,m","17.26",",,,m"
"MXN00014096","1938-09","20.5167","-104.7833","1229.9","MASCOTA SMN, MX","1047.0","m","113.3",",m","13","2,m","11","2,m","0","2,m","0",",m","0",",m","0",",m","30",",m","0",",m","15.6",",m,29,+","22.9","2,,m,13,","30.0",",m,01,","0.0","m","0.0",",m","96.1","2,,,m","22.11",",m","27.47",",,,m","16.75",",,,m"
"MXN00014096","1938-10","20.5167","-104.7833","1229.9","MASCOTA SMN, MX","1193.8","m","146.8",",m","7",",m","4",",m","0",",m","0",",m","0",",m","0",",m","31",",m","0",",m","13.9",",m,31,+","22.9",",,m,27,","30.6",",m,16,+","0.0","m","0.0",",m","60.1",",,,m","23.07",",m","29.15",",,,m","16.99",",,,m"
"MXN00014096","1938-11","20.5167","-104.7833","1229.9","MASCOTA SMN, MX","1284.6","m","90.8",",m","8",",m","5",",m","0",",m","0",",m","0",",m","0",",m","30",",m","0",",m","12.8",",m,29,+","19.8",",,m,08,","30.0",",m,29,+","0.0","m","0.0",",m","68.6",",,,m","21.36",",m","29.10",",,,m","13.62",",,,m"
"MXN00014096","1938-12","20.5167","-104.7833","1229.9","MASCOTA SMN, MX","1378.5","m","93.9",",m","0",",m","0",",m","0",",m","0",",m","0",",m","0",",m","31",",m","17",",m","8.9",",m,17,","0.0",",,m,31,+","32.8",",m,20,+","0.0","m","0.0",",m","0.0",",,,m","21.36",",m","31.53",",,,m","11.20",",,,m"
"MXN00014096","1939-01","20.5167","-104.7833","1229.9","MASCOTA SMN, MX","55.1","m","55.1",",m","1",",m","0",",m","0",",m","0",",m","0",",m","0",",m","31",",m","6",",m","7.8",",m,15,","1.8",",,m,11,","33.9",",m,10,+","7.4","m","7.4",",m","1.8",",,,m","19.87",",m","29.53",",,,m","10.21",",,,m"
"MXN00014096","1939-02","20.5167","-104.7833","1229.9","MASCOTA SMN, MX","99.6","m","44.5",",m","0",",m","0",",m","0",",m","0",",m","0",",m","0",",m","28",",m","3",",m","7.8",",m,08,+","0.0",",,m,28,+","35.0",",m,15,","14.1","m","6.7",",m","0.0",",,,m","19.68",",m","29.41",",,,m","9.95",",,,m"
"MXN00014096","1939-03","20.5167","-104.7833","1229.9","MASCOTA SMN, MX","132.1","m","32.5",",m","0",",m","0",",m","0",",m","0",",m","0",",m","0",",m","31",",m","0",",m","9.4",",m,28,+","0.0",",,m,31,+","28.9",",m,03,","18.8","m","4.7",",m","0.0",",,,m","19.23",",m","25.82",",,,m","12.64",",,,m"
"MXN00014096","1939-04","20.5167","-104.7833","1229.9","MASCOTA SMN, MX","218.8","m","86.7",",m","0",",m","0",",m","0",",m","0",",m","0",",m","0",",m","30",",m","0",",m","11.1",",m,01,","0.0",",,m,30,+","29.4",",m,29,","18.8","m","0.0",",m","0.0",",,,m","21.22",",m","27.32",",,,m","15.12",",,,m"
"MXN00014096","1939-05","20.5167","-104.7833","1229.9","MASCOTA SMN, MX","365.5","m","146.7",",m","0",",m","0",",m","0",",m","0",",m","0",",m","0",",m","31",",m","0",",m","15.0",",m,08,+","0.0",",,m,31,+","30.6",",m,28,","18.8","m","0.0",",m","0.0",",,,m","23.06",",m","28.59",",,,m","17.54",",,,m"
"MXN00014096","1939-06","20.5167","-104.7833","1229.9","MASCOTA SMN, MX","525.4","m","159.9",",m","13",",m","13",",m","0",",m","0",",m","0",",m","0",",m","30",",m","2",",m","16.7",",m,02,","23.4",",,m,22,","32.8",",m,13,","18.8","m","0.0",",m","107.0",",,,m","23.66",",m","28.31",",,,m","19.01",",,,m"
"MXN00014096","1939-07","20.5167","-104.7833","1229.9","MASCOTA SMN, MX","646.6","m","121.2",",m","23",",m","18",",m","0",",m","0",",m","0",",m","0",",m","31",",m","0",",m","15.0",",m,22,","24.4",",,m,14,","30.0",",m,09,+","0.0","m","0.0",",m","149.3",",,,m","22.24",",m","26.98",",,,m","17.51",",,,m"
"MXN00014096","1939-08","20.5167","-104.7833","1229.9","MASCOTA SMN, MX","762.7","m","116.1",",m","24",",m","14",",m","0",",m","0",",m","0",",m","0",",m","31",",m","0",",m","15.0",",m,17,+","23.4",",,m,08,","28.9",",m,20,","0.0","m","0.0",",m","165.5",",,,m","22.08",",m","26.78",",,,m","17.38",",,,m"
"MXN00014096","1939-09","20.5167","-104.7833","1229.9","MASCOTA SMN, MX","874.4","m","111.7",",m","13",",m","11",",m","1",",m","0",",m","0",",m","0",",m","30",",m","0",",m","13.9",",m,30,","38.9",",,m,10,","30.6",",m,30,","0.0","m","0.0",",m","102.5",",,,m","22.06",",m","26.63",",,,m","17.48",",,,m"
"MXN00014096","1939-10","20.5167","-104.7833","1229.9","MASCOTA SMN, MX","1006.4","m","132.0",",m","14",",m","9",",m","0",",m","0",",m","0",",m","0",",m","31",",m","1",",m","15.0",",m,21,+","22.9",",,m,11,","32.8",",m,20,","0.0","m","0.0",",m","101.8",",,,m","22.59",",m","28.77",",,,m","16.41",",,,m"
"MXN00014096","1939-11","20.5167","-104.7833","1229.9","MASCOTA SMN, MX","1062.7","m","56.3",",m","1",",m","1",",m","0",",m","0",",m","0",",m","0",",m","30",",m","0",",m","12.8",",m,28,","8.4",",,m,26,","27.8",",m,01,","0.0","m","0.0",",m","8.4",",,,m","20.21",",m","25.26",",,,m","15.16",",,,m"
"MXN00014096","1939-12","20.5167","-104.7833","1229.9","MASCOTA SMN, MX","1096.1","m","33.4",",m","1",",m","1",",m","0",",m","0",",m","0",",m","0",",m","29",",m","0",",m","6.7",",m,31,+","2.8",",,m,25,","31.7",",m,19,+","4.5","m","4.5",",m","2.8",",,,m","19.26",",m","26.47",",,,m","12.06",",,,m"
"MXN00014096","1940-01","20.5167","-104.7833","1229.9","MASCOTA SMN, MX","29.1","","29.1",",m","2",",m","2",",m","0",",m","0",",m","0",",m","0",",m","31",",m","0",",m","11.7",",m,31,+","9.9",",,m,22,","26.7",",m,22,+","4.5","","0.0",",m","14.7",",,,m","19.27",",m","26.24",",,,m","12.30",",,,m"
"MXN00014096","1941-08","20.5167","-104.7833","1229.9","MASCOTA SMN, MX","","","131.3",",m","14",",m","10",",m","0",",m","0",",m","0",",m","0",",m","31",",m","0",",m","17.8",",m,31,+","17.8",",,m,30,+","27.8",",m,31,+","","","0.0",",m","131.0",",,,m","22.57",",m","26.38",",,,m","18.76",",,,m"
"MXN00014096","1941-09","20.5167","-104.7833","1229.9","MASCOTA SMN, MX","","","111.1",",m","13",",m","11",",m","0",",m","0",",m","0",",m","0",",m","30",",m","0",",m","16.7",",m,16,+","18.8",",,m,28,+","26.7",",m,27,+","","","0.0",",m","157.9",",,,m","22.04",",m","25.73",",,,m","18.34",",,,m"
"MXN00014096","1941-10","20.5167","-104.7833","1229.9","MASCOTA SMN, MX","","","119.9",",m","5",",m","5",",m","0",",m","0",",m","0",",m","0",",m","31",",m","0",",m","17.8",",m,24,+","17.8",",,m,01,","26.7",",m,27,+","","","0.0",",m","70.7",",,,m","22.20",",m","25.74",",,,m","18.66",",,,m"
"MXN00014096","1941-11","20.5167","-104.7833","1229.9","MASCOTA SMN, MX","","","89.1",",m","3","1,m","3","1,m","0","1,m","0",",m","0",",m","0",",m","30",",m","0",",m","15.0",",m,16,+","19.8","1,,m,01,","26.7",",m,12,+","","","0.0",",m","43.6","1,,,m","21.30",",m","25.58",",,,m","17.02",",,,m"
"MXN00014096","1941-12","20.5167","-104.7833","1229.9","MASCOTA SMN, MX","","","26.9",",m","2",",m","2",",m","0",",m","0",",m","0",",m","0",",m","27",",m","0",",m","12.8",",m,28,+","17.8",",,m,06,","25.0",",m,15,+","","","7.1",",m","25.7",",,,m","18.97",",m","22.98",",,,m","14.97",",,,m"
"MXN00014096","1942-01","20.5167","-104.7833","1229.9","MASCOTA SMN, MX","19.6","m","19.6",",m","0",",m","0",",m","0",",m","0",",m","0",",m","0",",m","31",",m","0",",m","12.8",",m,31,","0.0",",,m,31,+","23.9",",m,17,+","","","1.1",",m","0.0",",,,m","18.93",",m","23.12",",,,m","14.75",",,,m"
"MXN00014096","1942-02","20.5167","-104.7833","1229.9","MASCOTA SMN, MX","38.2","m","18.6",",m","4",",m","2",",m","0",",m","0",",m","0",",m","0",",m","18",",m","0",",m","11.7",",m,16,+","2.8",",,m,10,+","25.0",",m,07,+","","","12.2",",m","9.2",",,,m","18.56",",m","21.63",",,,m","15.50",",,,m"
"MXN00014096","1942-03","20.5167","-104.7833","1229.9","MASCOTA SMN, MX","110.2","m","72.0","1,m","0",",m","0",",m","0",",m","0","1,m","0","1,m","0","1,m","22","1,m","0","1,m","10.0","1,m,05,","0.0",",,m,31,+","30.0","1,m,07,","","","4.9","1,m","0.0",",,,m","20.57","1,m","22.76","1,,,m","18.38","1,,,m"
"MXN00014096","1942-04","20.5167","-104.7833","1229.9","MASCOTA SMN, MX","238.4","m","128.2",",m","0",",m","0",",m","0",",m","0",",m","0",",m","0",",m","30",",m","4",",m","11.7",",m,16,+","0.0",",,m,30,+","33.9",",m,30,+","","","0.0",",m","0.0",",,,m","22.61",",m","29.15",",,,m","16.06",",,,m"
"MXN00014096","1942-05","20.5167","-104.7833","1229.9","MASCOTA SMN, MX","436.9","m","198.5",",m","0",",m","0",",m","0",",m","0",",m","0",",m","0",",m","31",",m","29",",m","12.8",",m,16,+","0.0",",,m,31,+","35.6",",m,05,","","","0.0",",m","0.0",",,,m","24.74",",m","33.75",",,,m","15.72",",,,m"
"MXN00014096","1942-06","20.5167","-104.7833","1229.9","MASCOTA SMN, MX","627.4","m","190.5",",m","13",",m","12",",m","3",",m","0",",m","0",",m","0",",m","30",",m","9",",m","13.9",",m,07,","48.8",",,m,22,","33.9",",m,08,+","","","0.0",",m","176.5",",,,m","24.68",",m","31.22",",,,m","18.14",",,,m"
"MXN00014096","1942-07","20.5167","-104.7833","1229.9","MASCOTA SMN, MX","814.4","m","187.0",",m","21",",m","15",",m","1",",m","0",",m","0",",m","0",",m","31",",m","0",",m","16.7",",m,30,","47.8",",,m,04,","31.7",",m,27,+","0.0","m","0.0",",m","202.6",",,,m","24.36",",m","30.43",",,,m","18.30",",,,m"
"MXN00014096","1942-08","20.5167","-104.7833","1229.9","MASCOTA SMN, MX","989.6","m","175.2",",m","15",",m","15",",m","0",",m","0",",m","0",",m","0",",m","31",",m","0",",m","15.6",",m,14,+","23.9",",,m,06,","31.7",",m,16,","0.0","m","0.0",",m","184.3",",,,m","23.98",",m","30.11",",,,m","17.85",",,,m"
"MXN00014096","1942-09","20.5167","-104.7833","1229.9","MASCOTA SMN, MX","1157.5","m","167.9",",m","5",",m","4",",m","1",",m","0",",m","0",",m","0",",m","30",",m","0",",m","15.6",",m,29,+","25.9",",,m,08,","30.6",",m,21,+","0.0","m","0.0",",m","78.2",",,,m","23.93",",m","30.06",",,,m","17.80",",,,m"
"MXN00014096","1942-10","20.5167","-104.7833","1229.9","MASCOTA SMN, MX","","","","","2",",m","2",",m","1",",m","0",",m","0",",m","","","","","","","10.0",",m,17,","27.9",",,m,06,","","","","","","","41.9",",,,m","","","","","14.56",",,,m"
"MXN00014096","1942-11","20.5167","-104.7833","1229.9","MASCOTA SMN, MX","","","","","0",",m","0",",m","0",",m","0",",","0",",m","","","","","","","10.0",",m,30,","0.0",",,m,30,+","","","","","","","0.0",",,,m","","","","","13.39",",,,m"
"MXN00014096","1942-12","20.5167","-104.7833","1229.9","MASCOTA SMN, MX","","","","","0",",m","0",",m","0",",m","0",",","0",",m","","","","","","","5.0",",m,29,","0.0",",,m,31,+","","","","","","","0.0",",,,m","","","","","9.83",",,,m"
"MXN00014096","1943-01","20.5167","-104.7833","1229.9","MASCOTA SMN, MX","43.6","m","43.6",",m","0",",m","0",",m","0",",m","0",",m","0",",m","0",",m","29",",m","0",",m","6.7",",m,29,+","0.0",",,m,31,+","30.0",",m,31,+","","","4.7",",m","0.0",",,,m","19.59",",m","29.35",",,,m","9.82",",,,m"
"MXN00014096","1943-02","20.5167","-104.7833","1229.9","MASCOTA SMN, MX","83.0","m","39.4",",m","0",",m","0",",m","0",",m","0",",m","0",",m","0",",m","28",",m","0",",m","10.0",",m,26,+","0.0",",,m,28,+","30.0",",m,26,+","","","0.5",",m","0.0",",,,m","19.72",",m","28.19",",,,m","11.26",",,,m"
"MXN00014096","1943-03","20.5167","-104.7833","1229.9","MASCOTA SMN, MX","172.1","m","89.1",",m","0",",m","0",",m","0",",m","0",",m","0",",m","0",",m","31",",m","23",",m","5.6",",m,28,+","0.0",",,m,31,+","34.4",",m,21,+","","","0.0",",m","0.0",",,,m","21.21",",m","32.71",",,,m","9.70",",,,m"
"MXN00014096","1943-04","20.5167","-104.7833","1229.9","MASCOTA SMN, MX","293.5","m","121.4",",m","0",",m","0",",m","0",",m","0",",m","0",",m","0",",m","30",",m","28",",m","5.0",",m,21,","0.0",",,m,30,+","36.7",",m,12,","","","0.0",",m","0.0",",,,m","22.38",",m","34.07",",,,m","10.69",",,,m"
"MXN00014096","1943-05","20.5167","-104.7833","1229.9","MASCOTA SMN, MX","463.2","m","169.7",",m","0",",m","0",",m","0",",m","0",",m","0",",m","0",",m","31",",m","30",",m","10.0",",m,21,","0.0",",,m,31,+","35.0",",m,30,+","","","0.0",",m","0.0",",,,m","23.81",",m","33.72",",,,m","13.89",",,,m"
"MXN00014096","1943-06","20.5167","-104.7833","1229.9","MASCOTA SMN, MX","617.8","m","154.6",",m","14",",m","11",",m","1",",m","0",",m","0",",m","0",",m","30",",m","3",",m","15.6",",m,30,+","31.0",",,m,24,","33.3",",m,06,","","","0.0",",m","149.8",",,,m","23.49",",m","29.90",",,,m","17.07",",,,m"
"MXN00014096","1943-07","20.5167","-104.7833","1229.9","MASCOTA SMN, MX","775.4","m","157.6",",m","6",",m","6",",m","2",",m","0",",m","0",",m","0",",m","31",",m","1",",m","15.0",",m,21,+","27.9",",,m,08,","32.8",",m,23,","0.0","m","0.0",",m","117.1",",,,m","23.42",",m","30.39",",,,m","16.45",",,,m"
"MXN00014096","1943-08","20.5167","-104.7833","1229.9","MASCOTA SMN, MX","939.6","m","164.2",",m","7",",m","7",",m","0",",m","0",",m","0",",m","0",",m","31",",m","0",",m","15.0",",m,02,","19.8",",,m,13,+","31.7",",m,06,+","0.0","m","0.0",",m","109.7",",,,m","23.63",",m","30.24",",,,m","17.02",",,,m"
"MXN00014096","1943-09","20.5167","-104.7833","1229.9","MASCOTA SMN, MX","","","","","12",",m","12",",m","2",",m","0",",m","0",",m","","","","","","","15.0",",m,20,","30.0",",,m,07,","","","","","","","210.4",",,,m","","","","","17.30",",,,m"
"MXN00014096","1943-10","20.5167","-104.7833","1229.9","MASCOTA SMN, MX","","","","","2",",m","2",",m","2",",m","0",",m","0",",m","","","","","","","13.3",",m,28,","46.0",",,m,09,","","","","","","","81.8",",,,m","","","","","17.67",",,,m"
"MXN00014096","1943-11","20.5167","-104.7833","1229.9","MASCOTA SMN, MX","","","","","0",",m","0",",m","0",",m","0",",m","0",",m","","","","","","","10.0",",m,09,","0.0",",,m,30,+","","","","","","","0.0",",,,m","","","","","16.54",",,,m"
"MXN00014096","1943-12","20.5167","-104.7833","1229.9","MASCOTA SMN, MX","","","3.9",",m","0",",m","0",",m","0",",m","0",",m","0",",m","0",",m","20",",m","2",",m","0.6",",m,31,+","0.0",",,m,31,+","32.8",",m,20,+","","","89.0",",m","0.0",",,,m","15.59",",m","23.66",",,,m","7.51",",,,m"
"MXN00014096","1944-01","20.5167","-104.7833","1229.9","MASCOTA SMN, MX","0.0","m","0.0",",m","0","1,m","0","1,m","0","1,m","0",",m","2",",m","0",",m","21",",m","1",",m","0.0",",m,29,+","0.0","1,,m,31,+","32.8",",m,22,","","","171.1",",m","0.0","1,,,m","12.81",",m","23.72",",,,m","1.91",",,,m"
"MXN00014096","1944-02","20.5167","-104.7833","1229.9","MASCOTA SMN, MX","0.0","m","0.0",",m","1",",m","0",",m","0",",m","0",",m","1",",m","0",",m","26",",m","0",",m","0.0",",m,07,","1.8",",,m,02,","30.0",",m,29,+","","","121.8",",m","1.8",",,,m","14.13",",m","26.40",",,,m","1.87",",,,m"
"MXN00014096","1944-03","20.5167","-104.7833","1229.9","MASCOTA SMN, MX","0.0","m","0.0",",m","3",",m","0",",m","0",",m","0",",m","4",",m","0",",m","31",",m","0",",m","0.0",",m,23,+","1.3",",,m,18,","30.6",",m,27,+","","","114.5",",m","2.6",",,,m","14.64",",m","28.05",",,,m","1.23",",,,m"
"MXN00014096","1944-04","20.5167","-104.7833","1229.9","MASCOTA SMN, MX","21.0","m","21.0",",m","0",",m","0",",m","0",",m","0",",m","0",",m","0",",m","30",",m","11",",m","0.6",",m,02,+","0.0",",,m,30,+","35.6",",m,19,","","","19.4",",m","0.0",",,,m","18.38",",m","31.75",",,,m","5.02",",,,m"
"MXN00014096","1944-05","20.5167","-104.7833","1229.9","MASCOTA SMN, MX","173.1","m","152.1",",m","0","1,m","0","1,m","0","1,m","0",",m","0",",m","0",",m","31",",m","20",",m","5.6",",m,04,","0.0","1,,m,31,+","35.0",",m,30,+","","","0.0",",m","0.0","1,,,m","23.24",",m","32.53",",,,m","13.95",",,,m"
"MXN00014096","1944-06","20.5167","-104.7833","1229.9","MASCOTA SMN, MX","347.4","m","174.3",",m","6",",m","0",",m","0",",m","0",",m","0",",m","0",",m","30",",m","10",",m","12.8",",m,04,","1.8",",,m,30,+","33.9",",m,10,+","","","0.0",",m","7.2",",,,m","24.14",",m","31.15",",,,m","17.13",",,,m"
"MXN00014096","1944-07","20.5167","-104.7833","1229.9","MASCOTA SMN, MX","489.3","m","141.9",",m","12",",m","12",",m","1",",m","0",",m","0",",m","0",",m","31",",m","0",",m","15.0",",m,22,","25.9",",,m,01,","30.6",",m,28,+","0.0","m","0.0",",m","154.8",",,,m","22.91",",m","28.41",",,,m","17.41",",,,m"
"MXN00014096","1944-09","20.5167","-104.7833","1229.9","MASCOTA SMN, MX","","","126.3",",m","14",",m","11",",m","1",",m","0",",m","0",",m","0",",m","30",",m","0",",m","15.0",",m,29,","26.9",",,m,06,","30.6",",m,22,+","","","0.0",",m","128.7",",,,m","22.54",",m","27.41",",,,m","17.67",",,,m"
"MXN00014096","1944-10","20.5167","-104.7833","1229.9","MASCOTA SMN, MX","","","88.5",",m","0",",m","0",",m","0",",m","0",",m","0",",m","0",",m","31",",m","0",",m","10.0",",m,25,","0.0",",,m,31,+","30.0",",m,15,+","","","0.8",",m","0.0",",,,m","21.16",",m","27.56",",,,m","14.75",",,,m"
"MXN00014096","1944-11","20.5167","-104.7833","1229.9","MASCOTA SMN, MX","","","22.6",",m","4",",m","4",",m","1",",m","0",",m","0",",m","0",",m","28",",m","0",",m","10.0",",m,16,","27.9",",,m,19,","27.8",",m,13,+","","","11.6",",m","50.0",",,,m","18.70",",m","24.74",",,,m","12.65",",,,m"
"MXN00014096","1944-12","20.5167","-104.7833","1229.9","MASCOTA SMN, MX","","","2.1",",m","0",",m","0",",m","0",",m","0",",m","0",",m","0",",m","30",",m","0",",m","8.9",",m,17,+","0.0",",,m,31,+","25.6",",m,31,+","","","31.8",",m","0.0",",,,m","17.38",",m","24.14",",,,m","10.61",",,,m"
"MXN00014096","1945-01","20.5167","-104.7833","1229.9","MASCOTA SMN, MX","3.8","m","3.8",",m","0",",m","0",",m","0",",m","0",",m","0",",m","0",",m","31",",m","0",",m","5.6",",m,20,+","0.0",",,m,31,+","26.7",",m,12,","","","37.6",",m","0.0",",,,m","17.24",",m","24.39",",,,m","10.09",",,,m"
"MXN00014096","1945-02","20.5167","-104.7833","1229.9","MASCOTA SMN, MX","21.2","m","17.4",",m","1","1,m","0","1,m","0","1,m","0",",m","0",",m","0",",m","27",",m","0",",m","5.6",",m,13,","1.8","1,,m,11,","28.9",",m,28,+","","","11.8",",m","1.8","1,,,m","18.53",",m","26.79",",,,m","10.28",",,,m"
"MXN00014096","1945-03","20.5167","-104.7833","1229.9","MASCOTA SMN, MX","88.7","m","67.5",",m","1","1,m","1","1,m","0","1,m","0",",m","0",",m","0",",m","31",",m","2",",m","6.7",",m,31,+","6.9","1,,m,23,","32.8",",m,20,+","","","1.6",",m","6.9","1,,,m","20.46",",m","30.26",",,,m","10.66",",,,m"
"MXN00014096","1945-04","20.5167","-104.7833","1229.9","MASCOTA SMN, MX","192.5","m","103.8",",m","0",",m","0",",m","0",",m","0",",m","0",",m","0",",m","30",",m","16",",m","7.8",",m,01,","0.0",",,m,30,+","35.0",",m,27,+","","","0.0",",m","0.0",",,,m","21.79",",m","32.61",",,,m","10.97",",,,m"
"MXN00014096","1945-05","20.5167","-104.7833","1229.9","MASCOTA SMN, MX","359.6","m","167.1",",m","0",",m","0",",m","0",",m","0",",m","0",",m","0",",m","31",",m","26",",m","10.6",",m,16,","0.0",",,m,31,+","35.6",",m,13,","","","0.0",",m","0.0",",,,m","23.72",",m","33.42",",,,m","14.03",",,,m"
"MXN00014096","1945-06","20.5167","-104.7833","1229.9","MASCOTA SMN, MX","568.4","m","208.8",",m","6",",m","4",",m","0",",m","0",",m","0",",m","0",",m","30",",m","28",",m","12.8",",m,05,+","17.3",",,m,30,","36.7",",m,08,","","","0.0",",m","50.1",",,,m","25.29",",m","33.93",",,,m","16.65",",,,m"
"MXN00014096","1945-07","20.5167","-104.7833","1229.9","MASCOTA SMN, MX","716.0","m","147.6",",m","25",",m","19",",m","1",",m","0",",m","0",",m","0",",m","31",",m","1",",m","15.0",",m,17,","29.0",",,m,03,","35.0",",m,31,","0.0","m","0.0",",m","235.2",",,,m","23.10",",m","29.05",",,,m","17.15",",,,m"
"MXN00014096","1945-08","20.5167","-104.7833","1229.9","MASCOTA SMN, MX","873.9","m","157.9",",m","19",",m","13",",m","1",",m","0",",m","0",",m","0",",m","31",",m","3",",m","15.6",",m,16,+","33.8",",,m,23,","33.9",",m,02,","0.0","m","0.0",",m","169.8",",,,m","23.43",",m","28.75",",,,m","18.10",",,,m"
"MXN00014096","1945-09","20.5167","-104.7833","1229.9","MASCOTA SMN, MX","1007.8","m","133.9",",m","20",",m","15",",m","1",",m","0",",m","0",",m","0",",m","30",",m","2",",m","15.6",",m,18,+","55.9",",,m,24,","32.2",",m,03,+","0.0","m","0.0",",m","229.4",",,,m","22.80",",m","28.25",",,,m","17.34",",,,m"
"MXN00014096","1945-10","20.5167","-104.7833","1229.9","MASCOTA SMN, MX","1081.8","m","74.0",",m","6",",m","4",",m","1",",m","0",",m","0",",m","0",",m","30",",m","0",",m","11.1",",m,31,","57.9",",,m,05,","29.4",",m,16,","0.5","m","0.5",",m","94.0",",,,m","20.70",",m","26.84",",,,m","14.57",",,,m"
"MXN00014096","1945-11","20.5167","-104.7833","1229.9","MASCOTA SMN, MX","1118.9","m","37.1",",m","1",",m","1",",m","0",",m","0",",m","0",",m","0",",m","30",",m","0",",m","8.3",",m,28,","5.8",",,m,23,","28.9",",m,06,+","4.6","m","4.1",",m","5.8",",,,m","19.43",",m","26.45",",,,m","12.41",",,,m"
"MXN00014096","1945-12","20.5167","-104.7833","1229.9","MASCOTA SMN, MX","1121.2","m","2.3",",m","0",",m","0",",m","0",",m","0",",m","0",",m","0",",m","31",",m","0",",m","5.6",",m,04,","0.0",",,m,31,+","26.7",",m,31,","38.5","m","33.9",",m","0.0",",,,m","17.31",",m","24.76",",,,m","9.87",",,,m"
"MXN00014096","1946-01","20.5167","-104.7833","1229.9","MASCOTA SMN, MX","2.3","m","2.3",",m","3",",m","3",",m","0",",m","0",",m","0",",m","0",",m","29",",m","0",",m","5.0",",m,09,","13.5",",,m,13,","27.8",",m,31,+","92.9","m","54.4",",m","26.2",",,,m","16.65",",m","24.22",",,,m","9.08",",,,m"
"MXN00014096","1946-02","20.5167","-104.7833","1229.9","MASCOTA SMN, MX","17.6","m","15.3",",m","0",",m","0",",m","0",",m","0",",m","0",",m","0",",m","28",",m","0",",m","7.8",",m,28,+","0.0",",,m,28,+","28.9",",m,24,+","99.9","m","7.0",",m","0.0",",,,m","18.63",",m","26.88",",,,m","10.38",",,,m"
"MXN00014096","1946-03","20.5167","-104.7833","1229.9","MASCOTA SMN, MX","95.9","m","78.3",",m","0",",m","0",",m","0",",m","0",",m","0",",m","0",",m","31",",m","8",",m","7.8",",m,15,+","0.0",",,m,31,+","33.9",",m,30,","100.4","m","0.5",",m","0.0",",,,m","20.84",",m","30.40",",,,m","11.28",",,,m"
"MXN00014096","1946-04","20.5167","-104.7833","1229.9","MASCOTA SMN, MX","248.7","m","152.8",",m","1",",m","1",",m","0",",m","0",",m","0",",m","0",",m","30",",m","21",",m","12.8",",m,28,+","7.9",",,m,12,","35.0",",m,29,+","100.4","m","0.0",",m","7.9",",,,m","23.43",",m","32.38",",,,m","14.47",",,,m"
"MXN00014096","1946-05","20.5167","-104.7833","1229.9","MASCOTA SMN, MX","","","","","0",",m","0",",m","0",",m","","","","","","","","","","","","","0.0",",,m,31,+","","","","","","","0.0",",,,m","","","","","",""
"MXN00014096","1946-06","20.5167","-104.7833","1229.9","MASCOTA SMN, MX","","","","","0",",m","0",",m","0",",m","","","","","","","","","","","","","0.0",",,m,30,+","","","","","","","0.0",",,,m","","","","","",""
"MXN00014096","1946-07","20.5167","-104.7833","1229.9","MASCOTA SMN, MX","","","134.6",",m","21",",m","18",",m","2",",m","0",",m","0",",m","0",",m","31",",m","0",",m","15.0",",m,26,+","45.0",",,m,13,","31.7",",m,28,+","0.0","m","0.0",",m","260.2",",,,m","22.67",",m","28.60",",,,m","16.75",",,,m"
"MXN00014096","1946-08","20.5167","-104.7833","1229.9","MASCOTA SMN, MX","","","135.9",",m","22",",m","19",",m","4",",m","0",",m","0",",m","0",",m","30",",m","1",",m","15.6",",m,29,+","37.8",",,m,30,","33.3",",m,21,","0.0","m","0.0",",m","237.4",",,,m","22.72",",m","28.35",",,,m","17.08",",,,m"
"MXN00014096","1946-09","20.5167","-104.7833","1229.9","MASCOTA SMN, MX","","","143.3",",m","14",",m","11",",m","3",",m","0",",m","0",",m","0",",m","30",",m","1",",m","15.6",",m,10,","29.5",",,m,29,","32.2",",m,04,","0.0","m","0.0",",m","185.3",",,,m","23.11",",m","28.56",",,,m","17.66",",,,m"
"MXN00014096","1946-10","20.5167","-104.7833","1229.9","MASCOTA SMN, MX","","","99.6",",m","12",",m","11",",m","0",",m","0",",m","0",",m","0",",m","30",",m","0",",m","13.9",",m,27,","24.9",",,m,15,","30.0",",m,21,","0.0","m","0.0",",m","155.0",",,,m","21.55",",m","26.87",",,,m","16.23",",,,m"
"MXN00014096","1946-11","20.5167","-104.7833","1229.9","MASCOTA SMN, MX","","","31.2",",m","4",",m","4",",m","0",",m","0",",m","0",",m","0",",m","29",",m","0",",m","7.8",",m,29,+","9.9",",,m,16,","28.3",",m,09,","15.2","m","15.2",",m","26.9",",,,m","18.87",",m","25.37",",,,m","12.37",",,,m"
"MXN00014096","1946-12","20.5167","-104.7833","1229.9","MASCOTA SMN, MX","","","3.4",",m","4",",m","3",",m","1",",m","0",",m","0",",m","0",",m","28",",m","0",",m","5.6",",m,12,","50.8",",,m,31,","26.7",",m,18,+","43.6","m","28.4",",m","74.7",",,,m","17.53",",m","24.80",",,,m","10.25",",,,m"
"MXN00014096","1947-01","20.5167","-104.7833","1229.9","MASCOTA SMN, MX","0.0","m","0.0",",m","6",",m","5",",m","3",",m","0",",m","0",",m","0",",m","25",",m","0",",m","5.0",",m,02,","38.4",",,m,11,","26.7",",m,28,","110.2","m","66.6",",m","132.2",",,,m","16.19",",m","23.00",",,,m","9.37",",,,m"
"MXN00014096","1947-02","20.5167","-104.7833","1229.9","MASCOTA SMN, MX","3.4","m","3.4",",m","0","1,m","0","1,m","0","1,m","0",",m","0",",m","0",",m","28",",m","0",",m","6.7",",m,24,+","0.0","1,,m,28,+","30.0",",m,26,+","128.0","m","17.8",",m","0.0","1,,,m","17.82",",m","26.60",",,,m","9.03",",,,m"
"MXN00014096","1947-03","20.5167","-104.7833","1229.9","MASCOTA SMN, MX","58.1","m","54.7",",m","0",",m","0",",m","0",",m","0",",m","0",",m","0",",m","31",",m","2",",m","5.0",",m,19,","0.0",",,m,31,+","32.8",",m,24,+","129.9","m","1.9",",m","0.0",",,,m","20.04",",m","30.33",",,,m","9.75",",,,m"
"MXN00014096","1947-04","20.5167","-104.7833","1229.9","MASCOTA SMN, MX","172.6","m","114.5",",m","0",",m","0",",m","0",",m","0",",m","0",",m","0",",m","30",",m","23",",m","7.8",",m,11,","0.0",",,m,30,+","36.7",",m,07,","129.9","m","0.0",",m","0.0",",,,m","22.15",",m","33.13",",,,m","11.17",",,,m"
"MXN00014096","1947-05","20.5167","-104.7833","1229.9","MASCOTA SMN, MX","352.6","m","180.0",",m","2",",m","2",",m","0",",m","0",",m","0",",m","0",",m","31",",m","19",",m","13.9",",m,21,+","17.3",",,m,02,","35.6",",m,22,","129.9","m","0.0",",m","24.2",",,,m","24.14",",m","32.85",",,,m","15.43",",,,m"
"MXN00014096","1947-06","20.5167","-104.7833","1229.9","MASCOTA SMN, MX","527.8","m","175.2",",m","8",",m","6",",m","1",",m","0",",m","0",",m","0",",m","30",",m","9",",m","15.0",",m,26,","30.0",",,m,05,","35.0",",m,06,","129.9","m","0.0",",m","91.9",",,,m","24.17",",m","30.81",",,,m","17.53",",,,m"
"MXN00014096","1947-07","20.5167","-104.7833","1229.9","MASCOTA SMN, MX","706.5","m","178.7",",m","17",",m","11",",m","3",",m","0",",m","0",",m","0",",m","31",",m","4",",m","15.0",",m,05,","57.4",",,m,12,","36.7",",m,31,","0.0","m","0.0",",m","241.2",",,,m","24.10",",m","30.35",",,,m","17.84",",,,m"
"MXN00014096","1947-08","20.5167","-104.7833","1229.9","MASCOTA SMN, MX","847.1","m","140.6",",m","20",",m","18",",m","1",",m","0",",m","0",",m","0",",m","31",",m","0",",m","15.6",",m,27,+","33.8",",,m,28,","31.7",",m,23,","0.0","m","0.0",",m","157.1",",,,m","22.87",",m","28.65",",,,m","17.09",",,,m"
"MXN00014096","1947-09","20.5167","-104.7833","1229.9","MASCOTA SMN, MX","977.1","m","130.0",",m","13",",m","10",",m","1",",m","0",",m","0",",m","0",",m","30",",m","0",",m","11.7",",m,26,","32.8",",,m,13,","31.7",",m,01,","0.0","m","0.0",",m","138.7",",,,m","22.67",",m","28.92",",,,m","16.41",",,,m"
"MXN00014096","1947-10","20.5167","-104.7833","1229.9","MASCOTA SMN, MX","1101.2","m","124.1",",m","9","1,m","7","1,m","0","1,m","0",",m","0",",m","0",",m","31",",m","0",",m","12.8",",m,17,","14.0","1,,m,11,","31.7",",m,02,","0.0","m","0.0",",m","40.5","1,,,m","22.34",",m","28.93",",,,m","15.74",",,,m"
"MXN00014096","1947-11","20.5167","-104.7833","1229.9","MASCOTA SMN, MX","1131.9","m","30.7",",m","1",",m","0",",m","0",",m","0",",m","0",",m","0",",m","30",",m","0",",m","8.3",",m,30,","0.8",",,m,12,","30.0",",m,01,","6.3","m","6.3",",m","0.8",",,,m","19.15",",m","26.27",",,,m","12.02",",,,m"
"MXN00014096","1947-12","20.5167","-104.7833","1229.9","MASCOTA SMN, MX","1139.0","m","7.1",",m","1",",m","0",",m","0",",m","0",",m","0",",m","0",",m","31",",m","0",",m","6.7",",m,15,","1.8",",,m,26,","26.7",",m,25,+","24.6","m","18.3",",m","1.8",",,,m","17.97",",m","25.23",",,,m","10.71",",,,m"
"MXN00014096","1948-01","20.5167","-104.7833","1229.9","MASCOTA SMN, MX","0.6","m","0.6",",m","6",",m","4",",m","1",",m","0",",m","0",",m","0",",m","29",",m","0",",m","2.2",",m,25,","30.0",",,m,05,","28.3",",m,26,","85.7","m","61.1",",m","54.6",",,,m","16.38",",m","24.53",",,,m","8.23",",,,m"
"MXN00014096","1948-02","20.5167","-104.7833","1229.9","MASCOTA SMN, MX","30.7","m","30.1",",m","0",",m","0",",m","0",",m","0",",m","0",",m","0",",m","29",",m","0",",m","7.8",",m,22,","0.0",",,m,29,+","30.6",",m,17,","87.6","m","1.9",",m","0.0",",,,m","19.31",",m","28.03",",,,m","10.58",",,,m"
"MXN00014096","1948-03","20.5167","-104.7833","1229.9","MASCOTA SMN, MX","95.3","m","64.6",",m","1",",m","1",",m","0",",m","0",",m","0",",m","0",",m","31",",m","4",",m","7.8",",m,10,","7.4",",,m,03,","33.9",",m,28,","90.3","m","2.7",",m","7.4",",,,m","20.33",",m","29.66",",,,m","11.00",",,,m"
"MXN00014096","1948-04","20.5167","-104.7833","1229.9","MASCOTA SMN, MX","238.5","m","143.2",",m","0",",m","0",",m","0",",m","0",",m","0",",m","0",",m","30",",m","22",",m","10.6",",m,13,+","0.0",",,m,30,+","33.9",",m,28,+","90.3","m","0.0",",m","0.0",",,,m","23.11",",m","32.75",",,,m","13.46",",,,m"
"MXN00014096","1948-05","20.5167","-104.7833","1229.9","MASCOTA SMN, MX","402.4","m","163.9",",m","4",",m","3",",m","0",",m","0",",m","0",",m","0",",m","31",",m","22",",m","11.7",",m,26,","6.4",",,m,31,","35.0",",m,02,","90.3","m","0.0",",m","18.3",",,,m","23.62",",m","32.54",",,,m","14.71",",,,m"
"MXN00014096","1948-06","20.5167","-104.7833","1229.9","MASCOTA SMN, MX","583.2","m","180.8",",m","18",",m","17",",m","3",",m","0",",m","0",",m","0",",m","30",",m","7",",m","16.7",",m,15,+","47.8",",,m,27,","33.9",",m,11,+","90.3","m","0.0",",m","244.7",",,,m","24.36",",m","30.74",",,,m","17.98",",,,m"
"MXN00014096","1948-07","20.5167","-104.7833","1229.9","MASCOTA SMN, MX","726.6","m","143.4",",m","23",",m","21",",m","1",",m","0",",m","0",",m","0",",m","31",",m","0",",m","15.0",",m,29,+","31.8",",,m,31,","31.7",",m,17,+","0.0","m","0.0",",m","223.3",",,,m","22.96",",m","28.99",",,,m","16.92",",,,m"
"MXN00014096","1948-08","20.5167","-104.7833","1229.9","MASCOTA SMN, MX","870.1","m","143.5",",m","20","5,m","15","5,m","1","5,m","0",",m","0",",m","0",",m","31",",m","0",",m","15.0",",m,04,+","25.9","5,,m,01,","31.7",",m,17,+","0.0","m","0.0",",m","172.6","5,,,m","22.96",",m","29.37",",,,m","16.55",",,,m"
"MXN00014096","1948-09","20.5167","-104.7833","1229.9","MASCOTA SMN, MX","985.7","m","115.6",",m","16",",m","15",",m","1",",m","0",",m","0",",m","0",",m","30",",m","1",",m","13.9",",m,30,+","39.9",",,m,08,","32.2",",m,02,","0.0","m","0.0",",m","171.2",",,,m","22.19",",m","28.02",",,,m","16.36",",,,m"
"MXN00014096","1948-10","20.5167","-104.7833","1229.9","MASCOTA SMN, MX","1061.9","m","76.2",",m","5",",m","3",",m","0",",m","0",",m","0",",m","0",",m","31",",m","0",",m","11.7",",m,30,","17.3",",,m,15,","30.0",",m,02,","0.0","m","0.0",",m","39.1",",,,m","20.79",",m","27.14",",,,m","14.45",",,,m"
"MXN00014096","1948-11","20.5167","-104.7833","1229.9","MASCOTA SMN, MX","1102.6","m","40.7",",m","4",",m","4",",m","0",",m","0",",m","0",",m","0",",m","29",",m","0",",m","8.9",",m,19,+","19.8",",,m,15,","30.0",",m,08,+","4.1","m","4.1",",m","47.0",",,,m","19.55",",m","26.26",",,,m","12.85",",,,m"
"MXN00014096","1948-12","20.5167","-104.7833","1229.9","MASCOTA SMN, MX","1126.4","m","23.8",",m","2",",m","1",",m","0",",m","0",",m","0",",m","0",",m","30",",m","0",",m","7.2",",m,10,","20.8",",,m,11,","30.0",",m,27,+","10.4","m","6.3",",m","22.1",",,,m","18.90",",m","27.44",",,,m","10.35",",,,m"
"MXN00014096","1949-01","20.5167","-104.7833","1229.9","MASCOTA SMN, MX","0.5","m","0.5",",m","4",",m","2",",m","0",",m","0",",m","0",",m","0",",m","30",",m","0",",m","1.7",",m,02,","4.1",",,m,22,","28.3",",m,12,","68.4","m","58.0",",m","10.5",",,,m","16.48",",m","24.88",",,,m","8.08",",,,m"
"MXN00014096","1949-02","20.5167","-104.7833","1229.9","MASCOTA SMN, MX","5.9","m","5.4","1,m","1","1,m","1","1,m","0","1,m","0",",m","0",",m","0","1,m","27","1,m","0","1,m","5.6",",m,02,","4.6","1,,m,24,","29.4","1,m,21,","90.7","m","22.3","1,m","4.6","1,,,m","17.69","1,m","27.26","1,,,m","8.13",",,,m"
"MXN00014096","1949-03","20.5167","-104.7833","1229.9","MASCOTA SMN, MX","20.3","m","14.4",",m","0",",m","0",",m","0",",m","0",",m","0",",m","0",",m","31",",m","1",",m","5.0",",m,05,","0.0",",,m,31,+","32.8",",m,18,","101.0","m","10.3",",m","0.0",",,,m","18.46",",m","29.56",",,,m","7.37",",,,m"
"MXN00014096","1949-04","20.5167","-104.7833","1229.9","MASCOTA SMN, MX","41.1","m","20.8",",m","0",",m","0",",m","0",",m","0",",m","0",",m","0",",m","30",",m","0",",m","0.6",",m,05,","0.0",",,m,30,+","31.7",",m,29,+","122.3","m","21.3",",m","0.0",",,,m","18.32",",m","29.60",",,,m","7.03",",,,m"
"MXN00014096","1949-05","20.5167","-104.7833","1229.9","MASCOTA SMN, MX","126.8","m","85.7",",m","0","1,m","0","1,m","0","1,m","0",",m","0",",m","0",",m","31",",m","5",",m","5.0",",m,16,","0.0","1,,m,31,+","32.8",",m,21,+","123.7","m","1.4",",m","0.0","1,,,m","21.05",",m","30.92",",,,m","11.19",",,,m"
"MXN00014096","1949-06","20.5167","-104.7833","1229.9","MASCOTA SMN, MX","236.3","m","109.5",",m","13","1,m","11","1,m","3","1,m","0",",m","0",",m","0",",m","30",",m","1",",m","10.0",",m,03,+","63.8","1,,m,20,","32.2",",m,07,","123.7","m","0.0",",m","199.5","1,,,m","21.98",",m","28.51",",,,m","15.45",",,,m"
"MXN00014096","1949-07","20.5167","-104.7833","1229.9","MASCOTA SMN, MX","340.8","m","104.5",",m","25",",m","21",",m","1",",m","0",",m","0",",m","0",",m","31",",m","0",",m","11.1",",m,07,+","41.4",",,m,13,","30.0",",m,31,+","0.0","m","0.0",",m","246.1",",,,m","21.70",",m","27.05",",,,m","16.36",",,,m"
"MXN00014096","1949-08","20.5167","-104.7833","1229.9","MASCOTA SMN, MX","464.0","m","123.2",",m","22",",m","15",",m","1",",m","0",",m","0",",m","0",",m","31",",m","0",",m","15.0",",m,29,+","27.4",",,m,02,","30.0",",m,23,+","0.0","m","0.0",",m","188.1",",,,m","22.31",",m","27.91",",,,m","16.70",",,,m"
"MXN00014096","1949-09","20.5167","-104.7833","1229.9","MASCOTA SMN, MX","589.1","m","125.1",",m","20",",m","12",",m","2",",m","0",",m","0",",m","0",",m","30",",m","0",",m","13.9",",m,10,","52.8",",,m,25,","30.0",",m,30,+","0.0","m","0.0",",m","174.9",",,,m","22.50",",m","27.96",",,,m","17.05",",,,m"
"MXN00014096","1949-10","20.5167","-104.7833","1229.9","MASCOTA SMN, MX","684.8","m","95.7",",m","11",",m","10",",m","2",",m","0",",m","0",",m","0",",m","31",",m","0",",m","3.9",",m,30,","45.0",",,m,05,","30.0",",m,31,+","5.8","m","5.8",",m","141.9",",,,m","21.23",",m","27.24",",,,m","15.23",",,,m"
"MXN00014096","1949-11","20.5167","-104.7833","1229.9","MASCOTA SMN, MX","695.1","m","10.3",",m","0",",m","0",",m","0",",m","0",",m","0",",m","0",",m","30",",m","1",",m","3.9",",m,07,","0.0",",,m,30,+","33.9",",m,29,","36.6","m","30.8",",m","0.0",",,,m","17.65",",m","27.43",",,,m","7.87",",,,m"
"MXN00014096","1949-12","20.5167","-104.7833","1229.9","MASCOTA SMN, MX","697.3","m","2.2",",m","0",",m","0",",m","0",",m","0",",m","0",",m","0",",m","31",",m","0",",m","3.9",",m,22,","0.0",",,m,31,+","28.9",",m,31,+","75.2","m","38.6",",m","0.0",",,,m","17.16",",m","26.48",",,,m","7.84",",,,m"
"MXN00014096","1950-01","20.5167","-104.7833","1229.9","MASCOTA SMN, MX","29.9","m","29.9",",m","0",",m","0",",m","0",",m","0",",m","0",",m","0",",m","31",",m","0",",m","6.7",",m,27,+","0.0",",,m,31,+","30.0",",m,30,+","81.2","m","6.0",",m","0.0",",,,m","19.11",",m","29.10",",,,m","9.11",",,,m"
"MXN00014096","1950-02","20.5167","-104.7833","1229.9","MASCOTA SMN, MX","53.7","m","23.8",",m","0",",m","0",",m","0",",m","0",",m","0",",m","0",",m","28",",m","0",",m","1.7",",m,13,","0.0",",,m,28,+","31.7",",m,27,+","90.1","m","8.9",",m","0.0",",,,m","18.87",",m","28.86",",,,m","8.88",",,,m"
"MXN00014096","1950-03","20.5167","-104.7833","1229.9","MASCOTA SMN, MX","120.9","m","67.2",",m","0",",m","0",",m","0",",m","0",",m","0",",m","0",",m","31",",m","4",",m","6.7",",m,21,+","0.0",",,m,31,+","33.9",",m,30,+","90.6","m","0.5",",m","0.0",",,,m","20.48",",m","30.94",",,,m","10.03",",,,m"
"MXN00014096","1950-04","20.5167","-104.7833","1229.9","MASCOTA SMN, MX","246.5","m","125.6",",m","0",",m","0",",m","0",",m","0",",m","0",",m","0",",m","30",",m","13",",m","10.0",",m,05,","0.0",",,m,30,+","35.0",",m,21,","90.6","m","0.0",",m","0.0",",,,m","22.52",",m","32.13",",,,m","12.91",",,,m"
"MXN00014096","1950-05","20.5167","-104.7833","1229.9","MASCOTA SMN, MX","394.0","m","147.5",",m","3",",m","1",",m","0",",m","0",",m","0",",m","0",",m","31",",m","20",",m","11.7",",m,15,+","7.9",",,m,30,","34.4",",m,22,","90.6","m","0.0",",m","9.5",",,,m","23.09",",m","32.54",",,,m","13.64",",,,m"
"MXN00014096","1950-06","20.5167","-104.7833","1229.9","MASCOTA SMN, MX","556.3","m","162.3",",m","14",",m","10",",m","3",",m","0",",m","0",",m","0",",m","30",",m","6",",m","15.6",",m,29,+","70.9",",,m,20,","32.8",",m,17,+","90.6","m","0.0",",m","244.4",",,,m","23.74",",m","29.74",",,,m","17.74",",,,m"
"MXN00014096","1950-07","20.5167","-104.7833","1229.9","MASCOTA SMN, MX","678.4","m","122.1",",m","20",",m","18",",m","2",",m","0",",m","0",",m","0",",m","31",",m","1",",m","15.0",",m,28,","31.8",",,m,16,","32.8",",m,01,","0.0","m","0.0",",m","265.5",",,,m","22.27",",m","27.78",",,,m","16.76",",,,m"
"MXN00014096","1950-08","20.5167","-104.7833","1229.9","MASCOTA SMN, MX","816.9","m","138.5",",m","19",",m","17",",m","1",",m","0",",m","0",",m","0",",m","31",",m","0",",m","13.9",",m,03,","51.8",",,m,28,","30.6",",m,24,","0.0","m","0.0",",m","172.2",",,,m","22.80",",m","29.16",",,,m","16.44",",,,m"
"MXN00014096","1950-09","20.5167","-104.7833","1229.9","MASCOTA SMN, MX","930.1","m","113.2",",m","19",",m","16",",m","0",",m","0",",m","0",",m","0",",m","30",",m","0",",m","15.0",",m,27,+","19.8",",,m,29,","30.0",",m,22,+","0.0","m","0.0",",m","158.0",",,,m","22.11",",m","27.78",",,,m","16.44",",,,m"
"MXN00014096","1950-10","20.5167","-104.7833","1229.9","MASCOTA SMN, MX","1034.5","m","104.4",",m","2",",m","1",",m","0",",m","0",",m","0",",m","0",",m","31",",m","0",",m","10.0",",m,27,","16.8",",,m,02,","31.7",",m,27,+","0.0","m","0.0",",m","17.6",",,,m","21.70",",m","29.10",",,,m","14.31",",,,m"
"MXN00014096","1950-11","20.5167","-104.7833","1229.9","MASCOTA SMN, MX","1064.0","m","29.5",",m","0",",m","0",",m","0",",m","0",",m","0",",m","0",",m","30",",m","0",",m","6.7",",m,29,+","0.0",",,m,30,+","30.0",",m,28,+","3.5","m","3.5",",m","0.0",",,,m","19.20",",m","28.49",",,,m","9.91",",,,m"
"MXN00014096","1950-12","20.5167","-104.7833","1229.9","MASCOTA SMN, MX","1064.3","m","0.3",",m","0",",m","0",",m","0",",m","0",",m","0",",m","0",",m","31",",m","0",",m","5.0",",m,27,+","0.0",",,m,31,+","29.4",",m,08,","38.4","m","34.9",",m","0.0",",,,m","17.22",",m","26.97",",,,m","7.46",",,,m"
"MXN00014096","1951-01","20.5167","-104.7833","1229.9","MASCOTA SMN, MX","2.6","m","2.6",",m","1",",m","1",",m","0",",m","0",",m","1",",m","0",",m","28",",m","0",",m","-1.1",",m,04,","4.8",",,m,01,","30.0",",m,24,","93.9","m","55.5",",m","4.8",",,,m","16.63",",m","26.05",",,,m","7.20",",,,m"
"MXN00014096","1951-02","20.5167","-104.7833","1229.9","MASCOTA SMN, MX","14.1","m","11.5",",m","0",",m","0",",m","0",",m","0",",m","0",",m","0",",m","28",",m","0",",m","5.6",",m,07,+","0.0",",,m,28,+","30.0",",m,28,+","107.5","m","13.6",",m","0.0",",,,m","18.26",",m","28.51",",,,m","8.01",",,,m"
"MXN00014096","1951-03","20.5167","-104.7833","1229.9","MASCOTA SMN, MX","47.2","m","33.1",",m","1",",m","1",",m","0",",m","0",",m","0",",m","0",",m","31",",m","0",",m","6.7",",m,29,+","15.0",",,m,17,","30.6",",m,24,+","109.6","m","2.1",",m","15.0",",,,m","19.33",",m","28.94",",,,m","9.73",",,,m"
"MXN00014096","1951-04","20.5167","-104.7833","1229.9","MASCOTA SMN, MX","154.0","m","106.8",",m","0",",m","0",",m","0",",m","0",",m","0",",m","0",",m","30",",m","6",",m","6.7",",m,01,","0.0",",,m,30,+","33.9",",m,24,","109.6","m","0.0",",m","0.0",",,,m","21.89",",m","31.34",",,,m","12.45",",,,m"
"MXN00014096","1951-05","20.5167","-104.7833","1229.9","MASCOTA SMN, MX","295.9","m","141.9",",m","2",",m","2",",m","1",",m","0",",m","0",",m","0",",m","31",",m","17",",m","8.9",",m,11,","49.3",",,m,20,","33.9",",m,28,+","109.6","m","0.0",",m","54.1",",,,m","22.91",",m","32.21",",,,m","13.62",",,,m"
"MXN00014096","1951-06","20.5167","-104.7833","1229.9","MASCOTA SMN, MX","465.5","m","169.6",",m","9",",m","8",",m","2",",m","0",",m","0",",m","0",",m","30",",m","15",",m","10.0",",m,04,","31.8",",,m,29,","33.9",",m,21,+","109.6","m","0.0",",m","123.2",",,,m","23.99",",m","31.69",",,,m","16.28",",,,m"
"MXN00014096","1951-07","20.5167","-104.7833","1229.9","MASCOTA SMN, MX","602.6","m","137.1","1,m","24",",m","21",",m","1",",m","0","1,m","0","1,m","0",",m","31",",m","1",",m","15.0","1,m,17,","66.8",",,m,20,","32.8",",m,05,","0.0","m","0.0",",m","264.6",",,,m","22.91","1,m","28.66",",,,m","17.15","1,,,m"
"MXN00014096","1951-08","20.5167","-104.7833","1229.9","MASCOTA SMN, MX","754.1","m","151.5",",m","18",",m","14",",m","1",",m","0",",m","0",",m","0",",m","31",",m","2",",m","15.6",",m,28,+","29.0",",,m,12,","33.9",",m,30,","0.0","m","0.0",",m","151.4",",,,m","23.22",",m","28.96",",,,m","17.48",",,,m"
"MXN00014096","1951-09","20.5167","-104.7833","1229.9","MASCOTA SMN, MX","908.8","m","154.7",",m","16",",m","12",",m","2",",m","0",",m","0",",m","0",",m","30",",m","0",",m","15.0",",m,20,","33.8",",,m,26,","31.7",",m,29,","0.0","m","0.0",",m","167.3",",,,m","23.49",",m","29.09",",,,m","17.89",",,,m"
"MXN00014096","1951-10","20.5167","-104.7833","1229.9","MASCOTA SMN, MX","1020.0","m","111.2",",m","9",",m","9",",m","2",",m","0",",m","0",",m","0",",m","31",",m","0",",m","10.0",",m,12,","31.5",",,m,18,","30.6",",m,12,+","0.0","m","0.0",",m","140.7",",,,m","21.92",",m","28.53",",,,m","15.31",",,,m"
"MXN00014096","1951-11","20.5167","-104.7833","1229.9","MASCOTA SMN, MX","1067.2","m","47.2",",m","2",",m","2",",m","0",",m","0",",m","0",",m","0",",m","28",",m","0",",m","8.9",",m,17,","7.4",",,m,28,","30.6",",m,09,","2.2","m","2.2",",m","10.7",",,,m","19.83",",m","27.85",",,,m","11.82",",,,m"
"MXN00014096","1951-12","20.5167","-104.7833","1229.9","MASCOTA SMN, MX","1099.3","m","32.1",",m","0",",m","0",",m","0",",m","0",",m","0",",m","0",",m","31",",m","0",",m","6.7",",m,07,+","0.0",",,m,31,+","30.0",",m,28,+","11.6","m","9.4",",m","0.0",",,,m","19.06",",m","27.07",",,,m","11.06",",,,m"
"MXN00014096","1952-01","20.5167","-104.7833","1229.9","MASCOTA SMN, MX","10.3","","10.3",",m","0",",m","0",",m","0",",m","0",",m","0",",m","0",",m","31",",m","0",",m","6.7",",m,01,","0.0",",,m,31,+","29.4",",m,11,","19.7","","8.1",",m","0.0",",,,m","18.40",",m","27.26",",,,m","9.54",",,,m"
"MXN00014096","1952-02","20.5167","-104.7833","1229.9","MASCOTA SMN, MX","36.1","","25.8",",m","0",",m","0",",m","0",",m","0",",m","0",",m","0",",m","29",",m","0",",m","2.8",",m,04,","0.0",",,m,29,+","30.6",",m,27,","43.7","","24.0",",m","0.0",",,,m","18.39",",m","27.61",",,,m","9.18",",,,m"
"MXN00014096","1952-03","20.5167","-104.7833","1229.9","MASCOTA SMN, MX","85.6","","49.5",",m","0",",m","0",",m","0",",m","0",",m","0",",m","0",",m","31",",m","4",",m","6.7",",m,06,+","0.0",",,m,31,+","32.8",",m,31,+","48.3","","4.6",",m","0.0",",,,m","19.78",",m","29.78",",,,m","9.78",",,,m"
"MXN00014096","1952-04","20.5167","-104.7833","1229.9","MASCOTA SMN, MX","211.4","","125.8",",m","1",",m","1",",m","0",",m","0",",m","0",",m","0",",m","30",",m","15",",m","11.7",",m,28,+","22.9",",,m,21,","35.0",",m,30,+","48.3","","0.0",",m","22.9",",,,m","22.53",",m","31.66",",,,m","13.39",",,,m"
"MXN00014096","1952-05","20.5167","-104.7833","1229.9","MASCOTA SMN, MX","355.3","","143.9",",m","2",",m","1",",m","0",",m","0",",m","0",",m","0",",m","31",",m","19",",m","8.9",",m,02,","9.9",",,m,31,","35.0",",m,19,+","48.3","","0.0",",m","11.2",",,,m","22.98",",m","32.63",",,,m","13.32",",,,m"
"MXN00014096","1952-06","20.5167","-104.7833","1229.9","MASCOTA SMN, MX","508.2","","152.9",",m","18",",m","16",",m","4",",m","0",",m","0",",m","0",",m","30",",m","8",",m","15.6",",m,17,","43.9",",,m,20,","35.0",",m,17,","48.3","","0.0",",m","258.6",",,,m","23.43",",m","29.28",",,,m","17.58",",,,m"
"MXN00014096","1952-07","20.5167","-104.7833","1229.9","MASCOTA SMN, MX","627.7","","119.5",",m","21",",m","20",",m","4",",m","0",",m","0",",m","0",",m","31",",m","0",",m","15.0",",m,12,","53.8",",,m,28,","31.7",",m,14,","0.0","","0.0",",m","344.8",",,,m","22.19",",m","27.94",",,,m","16.43",",,,m"
"MXN00014096","1952-08","20.5167","-104.7833","1229.9","MASCOTA SMN, MX","753.7","","126.0",",m","18",",m","14",",m","1",",m","0",",m","0",",m","0",",m","31",",m","0",",m","15.0",",m,05,","34.8",",,m,24,","30.0",",m,11,+","0.0","","0.0",",m","133.7",",,,m","22.40",",m","27.81",",,,m","16.98",",,,m"
"MXN00014096","1952-09","20.5167","-104.7833","1229.9","MASCOTA SMN, MX","879.7","","126.0",",m","14",",m","13",",m","2",",m","0",",m","0",",m","0",",m","30",",m","0",",m","15.6",",m,28,+","68.8",",,m,18,","31.7",",m,07,+","0.0","","0.0",",m","228.0",",,,m","22.53",",m","27.63",",,,m","17.43",",,,m"
"MXN00014096","1952-10","20.5167","-104.7833","1229.9","MASCOTA SMN, MX","962.7","","83.0",",m","2",",m","1",",m","0",",m","0",",m","0",",m","0",",m","31",",m","0",",m","7.8",",m,28,+","13.5",",,m,01,","31.1",",m,24,","0.0","","0.0",",m","14.3",",,,m","21.01",",m","29.64",",,,m","12.39",",,,m"
"MXN00014096","1952-11","20.5167","-104.7833","1229.9","MASCOTA SMN, MX","999.6","","36.9",",m","2",",m","2",",m","1",",m","0",",m","0",",m","0",",m","30",",m","0",",m","10.0",",m,30,+","35.8",",,m,04,","28.9",",m,01,","0.0","","0.0",",m","43.2",",,,m","19.56",",m","27.11",",,,m","12.02",",,,m"
"MXN00014096","1953-01","20.5167","-104.7833","1229.9","MASCOTA SMN, MX","4.0","m","4.0",",m","0",",m","0",",m","0",",m","0",",m","0",",m","0",",m","31",",m","0",",m","3.9",",m,24,","0.0",",,m,31,+","30.0",",m,26,+","","","33.4",",m","0.0",",,,m","17.38",",m","27.30",",,,m","7.47",",,,m"
"MXN00014096","1953-02","20.5167","-104.7833","1229.9","MASCOTA SMN, MX","25.9","m","21.9",",m","1",",m","0",",m","0",",m","0",",m","0",",m","0",",m","27",",m","0",",m","5.0",",m,01,","1.8",",,m,22,","30.6",",m,17,","","","8.7",",m","1.8",",,,m","18.80",",m","27.48",",,,m","10.13",",,,m"
"MXN00014096","1953-04","20.5167","-104.7833","1229.9","MASCOTA SMN, MX","","","90.4",",m","0",",m","0",",m","0",",m","0",",m","0",",m","0",",m","30",",m","5",",m","7.8",",m,08,","0.0",",,m,30,+","35.0",",m,16,","","","0.0",",m","0.0",",,,m","21.35",",m","30.86",",,,m","11.83",",,,m"
"MXN00014096","1953-05","20.5167","-104.7833","1229.9","MASCOTA SMN, MX","","","122.6",",m","2",",m","1",",m","1",",m","0",",m","0",",m","0",",m","31",",m","5",",m","10.0",",m,17,+","56.9",",,m,29,","35.0",",m,27,","","","0.0",",m","57.7",",,,m","22.29",",m","31.29",",,,m","13.28",",,,m"
"MXN00014096","1953-06","20.5167","-104.7833","1229.9","MASCOTA SMN, MX","","","159.2",",m","13",",m","10",",m","3",",m","0",",m","0",",m","0",",m","30",",m","1",",m","15.0",",m,07,+","58.9",",,m,25,","32.2",",m,04,","","","0.0",",m","178.5",",,,m","23.64",",m","29.35",",,,m","17.93",",,,m"
"MXN00014096","1953-07","20.5167","-104.7833","1229.9","MASCOTA SMN, MX","","","115.8",",m","24",",m","20",",m","2",",m","0",",m","0",",m","0",",m","31",",m","0",",m","15.6",",m,31,+","49.3",",,m,22,","30.0",",m,02,+","0.0","m","0.0",",m","249.0",",,,m","22.07",",m","26.67",",,,m","17.46",",,,m"
"MXN00014096","1953-08","20.5167","-104.7833","1229.9","MASCOTA SMN, MX","","","144.7",",m","13",",m","9",",m","0",",m","0",",m","0",",m","0",",m","31",",m","0",",m","15.6",",m,25,+","22.9",",,m,11,","31.1",",m,10,","0.0","m","0.0",",m","118.8",",,,m","23.00",",m","28.53",",,,m","17.47",",,,m"
"MXN00014096","1953-09","20.5167","-104.7833","1229.9","MASCOTA SMN, MX","","","117.6",",m","11",",m","8",",m","0",",m","0",",m","0",",m","0",",m","30",",m","0",",m","13.9",",m,30,+","16.8",",,m,04,","31.7",",m,30,+","0.0","m","0.0",",m","73.9",",,,m","22.25",",m","28.06",",,,m","16.44",",,,m"
"MXN00014096","1953-10","20.5167","-104.7833","1229.9","MASCOTA SMN, MX","","","106.2",",m","11",",m","8",",m","1",",m","0",",m","0",",m","0",",m","31",",m","0",",m","13.9",",m,17,","52.3",",,m,06,","30.0",",m,30,+","0.0","m","0.0",",m","122.3",",,,m","21.76",",m","27.12",",,,m","16.40",",,,m"
"MXN00014096","1953-11","20.5167","-104.7833","1229.9","MASCOTA SMN, MX","","","30.1",",m","1",",m","1",",m","0",",m","0",",m","0",",m","0",",m","30",",m","0",",m","5.6",",m,24,+","4.8",",,m,18,","28.9",",m,25,+","17.7","m","17.7",",m","4.8",",,,m","18.74",",m","26.58",",,,m","10.91",",,,m"
"MXN00014096","1953-12","20.5167","-104.7833","1229.9","MASCOTA SMN, MX","","","1.0",",m","4",",m","4",",m","2",",m","0",",m","0",",m","0",",m","30",",m","0",",m","1.7",",m,12,","32.8",",,m,28,","25.6",",m,25,+","74.5","m","56.8",",m","69.1",",,,m","16.53",",m","24.26",",,,m","8.80",",,,m"
"MXN00014096","1954-01","20.5167","-104.7833","1229.9","MASCOTA SMN, MX","14.3","m","14.3",",m","0",",m","0",",m","0",",m","0",",m","0",",m","0",",m","31",",m","0",",m","7.8",",m,14,+","0.0",",,m,31,+","28.9",",m,28,+","95.1","m","20.6",",m","0.0",",,,m","18.13",",m","26.27",",,,m","9.99",",,,m"
"MXN00014096","1954-02","20.5167","-104.7833","1229.9","MASCOTA SMN, MX","34.8","m","20.5",",m","0",",m","0",",m","0",",m","0",",m","0",",m","0",",m","28",",m","0",",m","5.6",",m,28,","0.0",",,m,28,+","29.4",",m,16,","101.9","m","6.8",",m","0.0",",,,m","18.82",",m","27.16",",,,m","10.48",",,,m"
"MXN00014096","1954-03","20.5167","-104.7833","1229.9","MASCOTA SMN, MX","108.5","m","73.7",",m","0",",m","0",",m","0",",m","0",",m","0",",m","0",",m","31",",m","4",",m","6.7",",m,01,","0.0",",,m,31,+","33.9",",m,22,","104.6","m","2.7",",m","0.0",",,,m","20.62",",m","30.71",",,,m","10.54",",,,m"
"MXN00014096","1954-04","20.5167","-104.7833","1229.9","MASCOTA SMN, MX","243.2","m","134.7",",m","0",",m","0",",m","0",",m","0",",m","0",",m","0",",m","30",",m","18",",m","11.7",",m,30,+","0.0",",,m,30,+","34.4",",m,06,","104.6","m","0.0",",m","0.0",",,,m","22.82",",m","32.44",",,,m","13.21",",,,m"
"MXN00014096","1954-05","20.5167","-104.7833","1229.9","MASCOTA SMN, MX","390.2","m","147.0",",m","0",",m","0",",m","0",",m","0",",m","0",",m","0",",m","31",",m","25",",m","10.0",",m,07,+","0.0",",,m,31,+","33.9",",m,16,","104.6","m","0.0",",m","0.0",",,,m","23.08",",m","32.66",",,,m","13.49",",,,m"
"MXN00014096","1954-06","20.5167","-104.7833","1229.9","MASCOTA SMN, MX","534.2","m","144.0",",m","22",",m","20",",m","4",",m","0",",m","0",",m","0",",m","30",",m","6",",m","15.0",",m,01,","35.8",",,m,21,","35.0",",m,04,","104.6","m","0.0",",m","277.5",",,,m","23.13",",m","28.53",",,,m","17.73",",,,m"
"MXN00014096","1954-07","20.5167","-104.7833","1229.9","MASCOTA SMN, MX","638.6","m","104.4",",m","21",",m","17",",m","4",",m","0",",m","0",",m","0",",m","31",",m","0",",m","15.0",",m,26,","58.4",",,m,03,","30.0",",m,19,","0.0","m","0.0",",m","266.6",",,,m","21.70",",m","26.47",",,,m","16.93",",,,m"
"MXN00014096","1954-08","20.5167","-104.7833","1229.9","MASCOTA SMN, MX","758.6","m","120.0",",m","19",",m","16",",m","3",",m","0",",m","0",",m","0",",m","31",",m","0",",m","15.0",",m,21,+","69.9",",,m,20,","30.6",",m,15,","0.0","m","0.0",",m","252.0",",,,m","22.20",",m","27.54",",,,m","16.87",",,,m"
"MXN00014096","1954-09","20.5167","-104.7833","1229.9","MASCOTA SMN, MX","889.4","m","130.8",",m","10",",m","8",",m","0",",m","0",",m","0",",m","0",",m","30",",m","0",",m","13.9",",m,19,","16.8",",,m,21,","30.6",",m,11,","0.0","m","0.0",",m","58.3",",,,m","22.69",",m","28.31",",,,m","17.08",",,,m"
"MXN00014096","1954-10","20.5167","-104.7833","1229.9","MASCOTA SMN, MX","966.0","m","76.6",",m","8",",m","8",",m","0",",m","0",",m","0",",m","0",",m","31",",m","0",",m","12.2",",m,31,","16.8",",,m,03,","28.9",",m,06,","0.0","m","0.0",",m","70.5",",,,m","20.80",",m","26.30",",,,m","15.31",",,,m"
"MXN00014096","1954-11","20.5167","-104.7833","1229.9","MASCOTA SMN, MX","980.8","m","14.8",",m","0",",m","0",",m","0",",m","0",",m","0",",m","0",",m","30",",m","0",",m","6.7",",m,27,+","0.0",",,m,30,+","27.8",",m,03,","23.4","m","23.4",",m","0.0",",,,m","18.05",",m","25.59",",,,m","10.51",",,,m"
"MXN00014096","1954-12","20.5167","-104.7833","1229.9","MASCOTA SMN, MX","983.2","m","2.4",",m","1",",m","0",",m","0",",m","0",",m","0",",m","0",",m","31",",m","0",",m","5.6",",m,09,","2.3",",,m,25,","27.8",",m,06,+","62.8","m","39.4",",m","2.3",",,,m","17.14",",m","24.72",",,,m","9.56",",,,m"
"MXN00014096","1955-01","20.5167","-104.7833","1229.9","MASCOTA SMN, MX","0.0","m","0.0",",m","3",",m","2",",m","0",",m","0",",m","0",",m","0",",m","24",",m","0",",m","1.7",",m,18,","9.9",",,m,14,","25.6",",m,31,+","148.5","m","85.7",",m","15.5",",,,m","15.57",",m","22.88",",,,m","8.26",",,,m"
"MXN00014096","1955-02","20.5167","-104.7833","1229.9","MASCOTA SMN, MX","10.3","m","10.3",",m","0",",m","0",",m","0",",m","0",",m","0",",m","0",",m","28",",m","0",",m","2.8",",m,07,+","0.0",",,m,28,+","30.0",",m,21,+","179.9","m","31.4",",m","0.0",",,,m","17.58",",m","27.27",",,,m","7.89",",,,m"
"MXN00014096","1955-03","20.5167","-104.7833","1229.9","MASCOTA SMN, MX","72.6","m","62.3",",m","0",",m","0",",m","0",",m","0",",m","0",",m","0",",m","31",",m","3",",m","7.8",",m,13,","0.0",",,m,31,+","32.8",",m,22,","179.9","m","0.0",",m","0.0",",,,m","20.34",",m","30.68",",,,m","10.00",",,,m"
"MXN00014096","1955-04","20.5167","-104.7833","1229.9","MASCOTA SMN, MX","196.6","m","124.0",",m","0",",m","0",",m","0",",m","0",",m","0",",m","0",",m","30",",m","26",",m","7.8",",m,13,+","0.0",",,m,30,+","35.6",",m,29,+","179.9","m","0.0",",m","0.0",",,,m","22.47",",m","33.80",",,,m","11.13",",,,m"
"MXN00014096","1955-05","20.5167","-104.7833","1229.9","MASCOTA SMN, MX","397.0","m","200.4",",m","0",",m","0",",m","0",",m","0",",m","0",",m","0",",m","31",",m","31",",m","11.7",",m,20,+","0.0",",,m,31,+","36.7",",m,12,","179.9","m","0.0",",m","0.0",",,,m","24.80",",m","34.73",",,,m","14.87",",,,m"
"MXN00014096","1955-06","20.5167","-104.7833","1229.9","MASCOTA SMN, MX","574.3","m","177.3",",m","13",",m","8",",m","1",",m","0",",m","0",",m","0",",m","30",",m","5",",m","15.0",",m,24,+","38.9",",,m,30,","33.3",",m,08,","179.9","m","0.0",",m","121.1",",,,m","24.24",",m","30.68",",,,m","17.80",",,,m"
"MXN00014096","1955-07","20.5167","-104.7833","1229.9","MASCOTA SMN, MX","719.3","m","145.0",",m","22",",m","17",",m","4",",m","0",",m","0",",m","0",",m","31",",m","1",",m","15.6",",m,25,","95.8",",,m,28,","32.8",",m,04,","0.0","m","0.0",",m","343.5",",,,m","23.01",",m","27.90",",,,m","18.12",",,,m"
"MXN00014096","1955-08","20.5167","-104.7833","1229.9","MASCOTA SMN, MX","853.5","m","134.2",",m","18",",m","16",",m","1",",m","0",",m","0",",m","0",",m","31",",m","0",",m","15.6",",m,03,","36.8",",,m,20,","30.0",",m,30,+","0.0","m","0.0",",m","211.5",",,,m","22.66",",m","27.25",",,,m","18.08",",,,m"
"MXN00014096","1955-09","20.5167","-104.7833","1229.9","MASCOTA SMN, MX","971.1","m","117.6",",m","22",",m","20",",m","1",",m","0",",m","0",",m","0",",m","30",",m","0",",m","15.6",",m,22,","31.8",",,m,05,","30.0",",m,30,+","0.0","m","0.0",",m","318.0",",,,m","22.25",",m","26.39",",,,m","18.12",",,,m"
"MXN00014096","1955-10","20.5167","-104.7833","1229.9","MASCOTA SMN, MX","1067.0","m","95.9",",m","7",",m","5",",m","0",",m","0",",m","0",",m","0",",m","30",",m","0",",m","10.0",",m,22,+","12.4",",,m,11,","31.1",",m,09,","2.2","m","2.2",",m","42.3",",,,m","21.35",",m","27.23",",,,m","15.48",",,,m"
"MXN00014096","1955-11","20.5167","-104.7833","1229.9","MASCOTA SMN, MX","1111.7","m","44.7",",m","0",",m","0",",m","0",",m","0",",m","0",",m","0",",m","30",",m","0",",m","6.7",",m,11,","0.0",",,m,30,+","30.0",",m,14,","17.8","m","15.6",",m","0.0",",,,m","19.30",",m","26.71",",,,m","11.90",",,,m"
"MXN00014096","1955-12","20.5167","-104.7833","1229.9","MASCOTA SMN, MX","1111.7","m","0.0",",m","0",",m","0",",m","0",",m","0",",m","0",",m","0",",m","25",",m","0",",m","6.1",",m,19,","0.0",",,m,31,+","27.8",",m,19,","81.3","m","63.5",",m","0.0",",,,m","16.29",",m","24.06",",,,m","8.51",",,,m"
"MXN00014096","1956-01","20.5167","-104.7833","1229.9","MASCOTA SMN, MX","0.0","m","0.0",",m","0",",m","0",",m","0",",m","0",",m","0",",m","0",",m","31",",m","0",",m","3.3",",m,13,","0.0",",,m,31,+","28.3",",m,30,","143.1","m","61.8",",m","0.0",",,,m","16.34",",m","25.44",",,,m","7.25",",,,m"
"MXN00014096","1956-02","20.5167","-104.7833","1229.9","MASCOTA SMN, MX","27.5","m","27.5",",m","1",",m","0",",m","0",",m","0",",m","0",",m","0",",m","29",",m","1",",m","4.4",",m,06,","1.8",",,m,07,","33.3",",m,20,","170.3","m","27.2",",m","1.8",",,,m","18.34",",m","27.89",",,,m","8.80",",,,m"
"MXN00014096","1956-03","20.5167","-104.7833","1229.9","MASCOTA SMN, MX","113.2","m","85.7",",m","0",",m","0",",m","0",",m","0",",m","0",",m","0",",m","31",",m","11",",m","8.9",",m,13,+","0.0",",,m,31,+","34.4",",m,29,","170.3","m","0.0",",m","0.0",",,,m","21.10",",m","31.49",",,,m","10.71",",,,m"
"MXN00014096","1956-04","20.5167","-104.7833","1229.9","MASCOTA SMN, MX","250.9","m","137.7",",m","0",",m","0",",m","0",",m","0",",m","0",",m","0",",m","30",",m","18",",m","10.6",",m,10,+","0.0",",,m,30,+","35.6",",m,13,","170.3","m","0.0",",m","0.0",",,,m","22.92",",m","32.40",",,,m","13.45",",,,m"
"MXN00014096","1956-05","20.5167","-104.7833","1229.9","MASCOTA SMN, MX","436.3","m","185.4",",m","12",",m","11",",m","0",",m","0",",m","0",",m","0",",m","31",",m","15",",m","12.2",",m,02,","22.4",",,m,17,","36.1",",m,08,","170.3","m","0.0",",m","120.8",",,,m","24.31",",m","31.83",",,,m","16.80",",,,m"
"MXN00014096","1956-06","20.5167","-104.7833","1229.9","MASCOTA SMN, MX","618.4","m","182.1",",m","15",",m","11",",m","2",",m","0",",m","0",",m","0",",m","30",",m","7",",m","16.7",",m,02,","40.4",",,m,24,","36.1",",m,11,","170.3","m","0.0",",m","190.8",",,,m","24.40",",m","29.82",",,,m","18.99",",,,m"
"MXN00014096","1956-07","20.5167","-104.7833","1229.9","MASCOTA SMN, MX","744.4","m","126.0",",m","26",",m","21",",m","0",",m","0",",m","0",",m","0",",m","31",",m","0",",m","15.6",",m,29,+","21.6",",,m,05,","31.1",",m,08,","0.0","m","0.0",",m","198.7",",,,m","22.40",",m","27.15",",,,m","17.64",",,,m"
"MXN00014096","1956-08","20.5167","-104.7833","1229.9","MASCOTA SMN, MX","885.1","m","140.7",",m","19",",m","9",",m","3",",m","0",",m","0",",m","0",",m","31",",m","0",",m","14.4",",m,10,","33.0",",,m,26,","31.1",",m,12,","0.0","m","0.0",",m","138.1",",,,m","22.87",",m","28.33",",,,m","17.41",",,,m"
"MXN00014096","1956-09","20.5167","-104.7833","1229.9","MASCOTA SMN, MX","1056.1","m","171.0",",m","8",",m","4",",m","0",",m","0",",m","0",",m","0",",m","30",",m","8",",m","15.6",",m,15,","17.3",",,m,22,","32.8",",m,20,","0.0","m","0.0",",m","49.1",",,,m","24.03",",m","30.35",",,,m","17.72",",,,m"
"MXN00014096","1956-10","20.5167","-104.7833","1229.9","MASCOTA SMN, MX","1216.5","m","160.4",",m","4",",m","4",",m","1",",m","0",",m","0",",m","0",",m","31",",m","18",",m","12.2",",m,26,","72.1",",,m,13,","35.0",",m,10,+","0.0","m","0.0",",m","84.8",",,,m","23.51",",m","31.77",",,,m","15.25",",,,m"
"MXN00014096","1956-11","20.5167","-104.7833","1229.9","MASCOTA SMN, MX","1315.5","m","99.0",",m","3",",m","1",",m","0",",m","0",",m","0",",m","0",",m","30",",m","9",",m","10.0",",m,30,+","19.3",",,m,06,","32.2",",m,19,+","0.8","m","0.8",",m","22.6",",,,m","21.61",",m","30.15",",,,m","13.06",",,,m"
"MXN00014096","1956-12","20.5167","-104.7833","1229.9","MASCOTA SMN, MX","1370.8","m","55.3",",m","0",",m","0",",m","0",",m","0",",m","0",",m","0",",m","31",",m","3",",m","5.6",",m,13,","0.0",",,m,31,+","32.2",",m,24,+","5.7","m","4.9",",m","0.0",",,,m","19.96",",m","29.44",",,,m","10.48",",,,m"
"MXN00014096","1957-01","20.5167","-104.7833","1229.9","MASCOTA SMN, MX","83.9","m","83.9",",m","0",",m","0",",m","0",",m","0",",m","0",",m","0",",m","31",",m","16",",m","8.3",",m,17,","0.0",",,m,31,+","33.9",",m,11,","5.7","m","0.0",",m","0.0",",,,m","21.04",",m","31.45",",,,m","10.63",",,,m"
"MXN00014096","1957-02","20.5167","-104.7833","1229.9","MASCOTA SMN, MX","189.3","m","105.4",",m","0",",m","0",",m","0",",m","0",",m","0",",m","0",",m","28",",m","22",",m","7.8",",m,26,","0.0",",,m,28,+","35.6",",m,13,+","5.7","m","0.0",",m","0.0",",,,m","22.10",",m","33.06",",,,m","11.14",",,,m"
"MXN00014096","1957-03","20.5167","-104.7833","1229.9","MASCOTA SMN, MX","267.0","m","77.7",",m","0",",m","0",",m","0",",m","0",",m","0",",m","0",",m","31",",m","15",",m","3.9",",m,25,","0.0",",,m,31,+","36.1",",m,29,","6.5","m","0.8",",m","0.0",",,,m","20.81",",m","32.03",",,,m","9.60",",,,m"
"MXN00014096","1957-04","20.5167","-104.7833","1229.9","MASCOTA SMN, MX","408.7","m","141.7",",m","0","1,m","0","1,m","0","1,m","0",",m","0",",m","0",",m","30",",m","25",",m","6.7",",m,04,","0.0","1,,m,30,+","36.7",",m,17,+","6.5","m","0.0",",m","0.0","1,,,m","23.06",",m","34.18",",,,m","11.93",",,,m"
"MXN00014096","1957-05","20.5167","-104.7833","1229.9","MASCOTA SMN, MX","592.5","m","183.8",",m","1",",m","0",",m","0",",m","0",",m","0",",m","0",",m","31",",m","28",",m","10.6",",m,21,+","1.8",",,m,08,","37.8",",m,23,","6.5","m","0.0",",m","1.8",",,,m","24.26",",m","35.12",",,,m","13.41",",,,m"
"MXN00014096","1957-06","20.5167","-104.7833","1229.9","MASCOTA SMN, MX","817.7","m","225.2","1,m","11",",m","8",",m","0",",m","0","1,m","0","1,m","0","1,m","29","1,m","24","1,m","13.9","1,m,06,","22.9",",,m,29,","37.8","1,m,12,+","6.5","m","0.0","1,m","85.6",",,,m","26.10","1,m","34.51","1,,,m","17.69","1,,,m"
"MXN00014096","1957-07","20.5167","-104.7833","1229.9","MASCOTA SMN, MX","1005.6","m","187.9",",m","19",",m","17",",m","1",",m","0",",m","0",",m","0",",m","31",",m","3",",m","17.2",",m,18,+","31.0",",,m,25,","32.8",",m,12,","0.0","m","0.0",",m","211.0",",,,m","24.40",",m","30.25",",,,m","18.54",",,,m"
"MXN00014096","1957-08","20.5167","-104.7833","1229.9","MASCOTA SMN, MX","1192.2","m","186.6",",m","18",",m","12",",m","0",",m","0",",m","0",",m","0",",m","31",",m","3",",m","16.1",",m,15,","22.9",",,m,14,","32.8",",m,28,+","0.0","m","0.0",",m","100.7",",,,m","24.35",",m","30.31",",,,m","18.39",",,,m"
"MXN00014096","1957-09","20.5167","-104.7833","1229.9","MASCOTA SMN, MX","1374.8","m","182.6",",m","13",",m","9",",m","2",",m","0",",m","0",",m","0",",m","30",",m","7",",m","15.6",",m,30,","33.8",",,m,18,","35.0",",m,17,","0.0","m","0.0",",m","115.6",",,,m","24.42",",m","30.05",",,,m","18.78",",,,m"
"MXN00014096","1957-10","20.5167","-104.7833","1229.9","MASCOTA SMN, MX","1507.1","m","132.3",",m","8","1,m","6","1,m","2","1,m","0",",m","0",",m","0",",m","28",",m","7",",m","13.3",",m,02,","59.9","1,,m,19,","33.9",",m,10,","1.6","m","1.6",",m","162.1","1,,,m","22.55",",m","29.55",",,,m","15.54",",,,m"
"MXN00014096","1957-11","20.5167","-104.7833","1229.9","MASCOTA SMN, MX","1609.3","m","102.2",",m","1",",m","1",",m","0",",m","0",",m","0",",m","0",",m","30",",m","0",",m","10.0",",m,15,","4.8",",,m,30,","31.7",",m,03,","1.6","m","0.0",",m","4.8",",,,m","21.74",",m","29.47",",,,m","14.01",",,,m"
"MXN00014096","1957-12","20.5167","-104.7833","1229.9","MASCOTA SMN, MX","1674.2","m","64.9",",m","0",",m","0",",m","0",",m","0",",m","0",",m","0",",m","31",",m","0",",m","8.3",",m,19,+","0.0",",,m,31,+","31.1",",m,17,+","1.9","m","0.3",",m","0.0",",,,m","20.42",",m","29.03",",,,m","11.80",",,,m"
"MXN00014096","1958-01","20.5167","-104.7833","1229.9","MASCOTA SMN, MX","3.6","m","3.6",",m","4",",m","3",",m","1",",m","0",",m","0",",m","0",",m","23",",m","0",",m","3.3",",m,24,","33.3",",,m,17,","31.1",",m,31,+","58.4","m","56.5",",m","54.5",",,,m","16.63",",m","24.12",",,,m","9.13",",,,m"
"MXN00014096","1958-02","20.5167","-104.7833","1229.9","MASCOTA SMN, MX","26.7","m","23.1",",m","1",",m","1",",m","0",",m","0",",m","0",",m","0",",m","27",",m","1",",m","4.4",",m,27,","2.8",",,m,20,","32.8",",m,07,","71.2","m","12.8",",m","2.8",",,,m","18.70",",m","28.69",",,,m","8.70",",,,m"
"MXN00014096","1958-03","20.5167","-104.7833","1229.9","MASCOTA SMN, MX","82.6","m","55.9","1,m","2",",m","1",",m","1",",m","0",",m","0",",m","0","1,m","29","1,m","8","1,m","6.1",",m,03,","27.9",",,m,05,","33.9","1,m,15,","76.2","m","5.0","1,m","29.7",",,,m","20.06","1,m","30.02","1,,,m","10.09",",,,m"
"MXN00014096","1958-04","20.5167","-104.7833","1229.9","MASCOTA SMN, MX","220.0","m","137.4",",m","0",",m","0",",m","0",",m","0",",m","0",",m","0",",m","30",",m","23",",m","8.9",",m,01,","0.0",",,m,30,+","35.0",",m,24,+","76.2","m","0.0",",m","0.0",",,,m","22.91",",m","33.12",",,,m","12.70",",,,m"
"MXN00014096","1958-05","20.5167","-104.7833","1229.9","MASCOTA SMN, MX","399.2","m","179.2",",m","5",",m","5",",m","0",",m","0",",m","0",",m","0",",m","31",",m","22",",m","13.3",",m,21,+","19.3",",,m,23,","35.6",",m,27,+","76.2","m","0.0",",m","68.6",",,,m","24.11",",m","33.00",",,,m","15.23",",,,m"
"MXN00014096","1958-06","20.5167","-104.7833","1229.9","MASCOTA SMN, MX","596.4","m","197.2",",m","17",",m","12",",m","1",",m","0",",m","0",",m","0",",m","30",",m","13",",m","16.1",",m,19,+","51.6",",,m,26,","33.9",",m,20,+","76.2","m","0.0",",m","147.4",",,,m","24.91",",m","31.40",",,,m","18.41",",,,m"
"MXN00014096","1958-07","20.5167","-104.7833","1229.9","MASCOTA SMN, MX","772.1","m","175.7",",m","23",",m","19",",m","1",",m","0",",m","0",",m","0",",m","31",",m","1",",m","16.1",",m,30,+","28.7",",,m,15,","32.8",",m,06,","0.0","m","0.0",",m","178.8",",,,m","24.00",",m","29.81",",,,m","18.19",",,,m"
"MXN00014096","1958-08","20.5167","-104.7833","1229.9","MASCOTA SMN, MX","941.0","m","168.9",",m","21",",m","14",",m","2",",m","0",",m","0",",m","0",",m","31",",m","1",",m","15.0",",m,16,","46.0",",,m,16,","32.2",",m,25,","0.0","m","0.0",",m","229.5",",,,m","23.78",",m","30.34",",,,m","17.22",",,,m"
"MXN00014096","1958-09","20.5167","-104.7833","1229.9","MASCOTA SMN, MX","1101.6","m","160.6",",m","21",",m","12",",m","4",",m","0",",m","0",",m","0",",m","30",",m","1",",m","16.1",",m,27,","49.3",",,m,25,","32.8",",m,14,","0.0","m","0.0",",m","276.8",",,,m","23.69",",m","29.13",",,,m","18.24",",,,m"
"MXN00014096","1958-10","20.5167","-104.7833","1229.9","MASCOTA SMN, MX","1238.6","m","137.0",",m","12",",m","8",",m","1",",m","0",",m","0",",m","0",",m","30",",m","4",",m","14.4",",m,30,+","36.3",",,m,17,","32.8",",m,25,","0.3","m","0.3",",m","117.5",",,,m","22.74",",m","28.94",",,,m","16.54",",,,m"
"MXN00014096","1958-11","20.5167","-104.7833","1229.9","MASCOTA SMN, MX","1318.3","m","79.7",",m","7",",m","5",",m","1",",m","0",",m","0",",m","0",",m","28",",m","0",",m","10.0",",m,08,","39.9",",,m,02,","31.1",",m,22,+","2.0","m","1.7",",m","90.2",",,,m","20.93",",m","28.01",",,,m","13.86",",,,m"
"MXN00014096","1958-12","20.5167","-104.7833","1229.9","MASCOTA SMN, MX","1365.4","m","47.1",",m","2","1,m","1","1,m","0","1,m","0",",m","0",",m","0",",m","30",",m","0",",m","8.9",",m,31,+","10.4","1,,m,12,","31.1",",m,01,","14.7","m","12.7",",m","11.7","1,,,m","19.44",",m","26.40",",,,m","12.49",",,,m"
"MXN00014096","1959-02","20.5167","-104.7833","1229.9","MASCOTA SMN, MX","","","57.9",",m","0",",m","0",",m","0",",m","0",",m","0",",m","0",",m","28",",m","6",",m","6.1",",m,05,","0.0",",,m,28,+","33.9",",m,16,","","","1.4",",m","0.0",",,,m","20.35",",m","29.88",",,,m","10.82",",,,m"
"MXN00014096","1959-03","20.5167","-104.7833","1229.9","MASCOTA SMN, MX","","","76.5",",m","0",",m","0",",m","0",",m","0",",m","0",",m","0",",m","31",",m","7",",m","5.0",",m,17,","0.0",",,m,31,+","35.0",",m,12,","","","5.5",",m","0.0",",,,m","20.62",",m","30.61",",,,m","10.63",",,,m"
"MXN00014096","1959-04","20.5167","-104.7833","1229.9","MASCOTA SMN, MX","","","120.5","1,m","5","1,m","3","1,m","2","1,m","0",",m","0",",m","0","1,m","28","1,m","15","1,m","11.7",",m,21,+","55.9","1,,m,17,","35.0","1,m,27,+","","","0.2","1,m","117.6","1,,,m","22.50","1,m","30.98","1,,,m","14.02",",,,m"
"MXN00014096","1959-05","20.5167","-104.7833","1229.9","MASCOTA SMN, MX","","","162.2",",m","5",",m","2",",m","0",",m","0",",m","0",",m","0",",m","31",",m","17",",m","10.6",",m,11,","21.3",",,m,07,","34.4",",m,28,+","","","0.0",",m","34.1",",,,m","23.57",",m","32.13",",,,m","15.00",",,,m"
"MXN00014096","1959-06","20.5167","-104.7833","1229.9","MASCOTA SMN, MX","","","147.8",",m","20",",m","19",",m","3",",m","0",",m","0",",m","0",",m","30",",m","3",",m","16.1",",m,08,","27.4",",,m,05,","32.8",",m,03,+","","","0.0",",m","233.4",",,,m","23.26",",m","27.98",",,,m","18.54",",,,m"
"MXN00014096","1959-07","20.5167","-104.7833","1229.9","MASCOTA SMN, MX","","","120.1",",m","22",",m","16",",m","4",",m","0",",m","0",",m","0",",m","31",",m","0",",m","15.6",",m,20,+","44.5",",,m,21,","29.4",",m,06,","0.0","m","0.0",",m","267.8",",,,m","22.21",",m","27.15",",,,m","17.26",",,,m"
"MXN00014096","1959-08","20.5167","-104.7833","1229.9","MASCOTA SMN, MX","","","126.6",",m","16",",m","11",",m","1",",m","0",",m","0",",m","0",",m","31",",m","0",",m","15.6",",m,28,","26.4",",,m,27,","30.0",",m,21,+","0.0","m","0.0",",m","144.2",",,,m","22.42",",m","27.47",",,,m","17.36",",,,m"
"MXN00014096","1959-09","20.5167","-104.7833","1229.9","MASCOTA SMN, MX","","","149.6",",m","13",",m","11",",m","0",",m","0",",m","0",",m","0",",m","30",",m","2",",m","15.6",",m,24,","19.8",",,m,27,+","32.2",",m,21,+","0.0","m","0.0",",m","123.4",",,,m","23.32",",m","29.15",",,,m","17.49",",,,m"
"MXN00014096","1959-10","20.5167","-104.7833","1229.9","MASCOTA SMN, MX","","","96.6",",m","6","1,m","5","1,m","0","1,m","0",",m","0",",m","0",",m","31",",m","0",",m","10.0",",m,29,+","19.8","1,,m,13,","31.7",",m,25,","1.9","m","1.9",",m","69.1","1,,,m","21.39",",m","27.95",",,,m","14.82",",,,m"
"MXN00014096","1959-11","20.5167","-104.7833","1229.9","MASCOTA SMN, MX","","","63.0",",m","2",",m","1",",m","0",",m","0",",m","0",",m","0",",m","30",",m","1",",m","6.1",",m,25,","8.4",",,m,02,","32.2",",m,17,","8.1","m","6.2",",m","10.7",",,,m","20.23",",m","28.67",",,,m","11.78",",,,m"
"MXN00014096","1959-12","20.5167","-104.7833","1229.9","MASCOTA SMN, MX","","","23.7",",m","1",",m","0",",m","0",",m","0",",m","0",",m","0",",m","31",",m","0",",m","3.3",",m,17,","1.5",",,m,31,","30.6",",m,12,","28.2","m","20.1",",m","1.5",",,,m","18.45",",m","27.18",",,,m","9.71",",,,m"
"MXN00014096","1960-01","20.5167","-104.7833","1229.9","MASCOTA SMN, MX","41.9","m","41.9",",m","1",",m","1",",m","0",",m","0",",m","0",",m","0",",m","29",",m","2",",m","4.4",",m,18,","10.4",",,m,13,","33.3",",m,29,","40.2","m","12.0",",m","10.4",",,,m","19.30",",m","27.88",",,,m","10.71",",,,m"
"MXN00014096","1960-02","20.5167","-104.7833","1229.9","MASCOTA SMN, MX","47.2","m","5.3",",m","0","1,m","0","1,m","0","1,m","0",",m","0",",m","0",",m","28",",m","0",",m","2.2",",m,14,","0.0","1,,m,29,+","31.1",",m,28,","86.3","m","46.1",",m","0.0","1,,,m","16.92",",m","27.37",",,,m","6.48",",,,m"
"MXN00014096","1960-03","20.5167","-104.7833","1229.9","MASCOTA SMN, MX","129.3","m","82.1",",m","0",",m","0",",m","0",",m","0",",m","0",",m","0",",m","31",",m","16",",m","7.2",",m,01,","0.0",",,m,31,+","34.4",",m,07,","86.3","m","0.0",",m","0.0",",,,m","20.98",",m","31.84",",,,m","10.12",",,,m"
"MXN00014096","1960-04","20.5167","-104.7833","1229.9","MASCOTA SMN, MX","250.3","m","121.0",",m","0","1,m","0","1,m","0","1,m","0",",m","0",",m","0",",m","30",",m","26",",m","7.8",",m,03,","0.0","1,,m,30,+","35.0",",m,30,+","86.3","m","0.0",",m","0.0","1,,,m","22.37",",m","33.36",",,,m","11.37",",,,m"
"MXN00014096","1960-05","20.5167","-104.7833","1229.9","MASCOTA SMN, MX","441.1","m","190.8",",m","0",",m","0",",m","0",",m","0",",m","0",",m","0",",m","31",",m","31",",m","11.1",",m,09,","0.0",",,m,31,+","35.6",",m,28,+","86.3","m","0.0",",m","0.0",",,,m","24.49",",m","34.64",",,,m","14.34",",,,m"
"MXN00014096","1960-06","20.5167","-104.7833","1229.9","MASCOTA SMN, MX","651.3","m","210.2",",m","11",",m","9",",m","1",",m","0",",m","0",",m","0",",m","30",",m","22",",m","12.8",",m,08,","28.4",",,m,26,","36.7",",m,20,","86.3","m","0.0",",m","101.9",",,,m","25.34",",m","33.02",",,,m","17.66",",,,m"
"MXN00014096","1960-07","20.5167","-104.7833","1229.9","MASCOTA SMN, MX","802.2","m","150.9",",m","20",",m","17",",m","3",",m","0",",m","0",",m","0",",m","31",",m","0",",m","15.6",",m,22,","41.4",",,m,14,","30.6",",m,05,","0.0","m","0.0",",m","272.8",",,,m","23.20",",m","28.27",",,,m","18.13",",,,m"
"MXN00014096","1960-08","20.5167","-104.7833","1229.9","MASCOTA SMN, MX","943.5","m","141.3",",m","20",",m","18",",m","5",",m","0",",m","0",",m","0",",m","31",",m","0",",m","16.1",",m,05,","40.4",",,m,06,","30.6",",m,16,","0.0","m","0.0",",m","322.4",",,,m","22.89",",m","27.61",",,,m","18.17",",,,m"
"MXN00014096","1960-09","20.5167","-104.7833","1229.9","MASCOTA SMN, MX","1074.2","m","130.7",",m","15",",m","12",",m","2",",m","0",",m","0",",m","0",",m","30",",m","0",",m","15.0",",m,20,","45.0",",,m,11,","31.1",",m,28,+","0.0","m","0.0",",m","163.5",",,,m","22.69",",m","27.74",",,,m","17.64",",,,m"
"MXN00014096","1960-10","20.5167","-104.7833","1229.9","MASCOTA SMN, MX","1184.3","m","110.1",",m","6",",m","5",",m","1",",m","0",",m","0",",m","0",",m","31",",m","0",",m","13.3",",m,23,","25.7",",,m,07,","30.0",",m,24,+","0.0","m","0.0",",m","75.7",",,,m","21.89",",m","27.59",",,,m","16.18",",,,m"
"MXN00014096","1960-11","20.5167","-104.7833","1229.9","MASCOTA SMN, MX","1269.0","m","84.7",",m","0","1,m","0","1,m","0","1,m","0",",m","0",",m","0",",m","30",",m","0",",m","9.4",",m,28,","0.0","1,,m,30,+","31.1",",m,30,+","0.0","m","0.0",",m","0.0","1,,,m","21.16",",m","29.60",",,,m","12.71",",,,m"
"MXN00014096","1960-12","20.5167","-104.7833","1229.9","MASCOTA SMN, MX","1281.2","m","12.2",",m","6",",m","5",",m","0",",m","0",",m","0",",m","0",",m","26",",m","0",",m","8.3",",m,28,+","13.7",",,m,09,","31.1",",m,01,","18.4","m","18.4",",m","50.8",",,,m","18.13",",m","24.92",",,,m","11.34",",,,m"
"MXN00014096","1961-01","20.5167","-104.7833","1229.9","MASCOTA SMN, MX","7.7","m","7.7",",m","5",",m","2",",m","1",",m","0",",m","0",",m","0",",m","28",",m","0",",m","6.1",",m,29,+","84.8",",,m,22,","29.4",",m,30,+","46.1","m","27.7",",m","98.1",",,,m","17.69",",m","25.46",",,,m","9.91",",,,m"
"MXN00014096","1961-02","20.5167","-104.7833","1229.9","MASCOTA SMN, MX","21.3","m","13.6",",m","0",",m","0",",m","0",",m","0",",m","0",",m","0",",m","28",",m","0",",m","5.0",",m,22,+","0.0",",,m,28,+","31.1",",m,25,","72.3","m","26.2",",m","0.0",",,,m","17.88",",m","27.55",",,,m","8.22",",,,m"
"MXN00014096","1961-03","20.5167","-104.7833","1229.9","MASCOTA SMN, MX","69.4","m","48.1","1,m","1",",m","0",",m","0",",m","0",",m","0",",m","0","1,m","30","1,m","2","1,m","5.6",",m,20,","1.0",",,m,01,","34.4","1,m,08,","75.0","m","2.7","1,m","1.0",",,,m","19.85","1,m","29.25","1,,,m","10.45",",,,m"
"MXN00014096","1961-04","20.5167","-104.7833","1229.9","MASCOTA SMN, MX","180.0","m","110.6","1,m","0",",m","0",",m","0",",m","0",",m","0",",m","0","1,m","29","1,m","18","1,m","7.2",",m,03,","0.0",",,m,30,+","35.0","1,m,29,+","78.4","m","3.4","1,m","0.0",",,,m","22.09","1,m","32.01","1,,,m","12.16",",,,m"
"MXN00014096","1961-05","20.5167","-104.7833","1229.9","MASCOTA SMN, MX","389.4","m","209.4",",m","0",",m","0",",m","0",",m","0",",m","0",",m","0",",m","31",",m","31",",m","11.1",",m,15,","0.0",",,m,31,+","36.1",",m,30,","78.4","m","0.0",",m","0.0",",,,m","25.09",",m","34.46",",,,m","15.71",",,,m"
"MXN00014096","1961-06","20.5167","-104.7833","1229.9","MASCOTA SMN, MX","547.5","m","158.1","1,m","23",",m","21",",m","5",",m","0",",m","0",",m","0","1,m","29","1,m","6","1,m","16.1",",m,28,+","37.3",",,m,13,","34.4","1,m,03,","78.4","m","0.0","1,m","332.1",",,,m","23.76","1,m","29.40","1,,,m","18.12",",,,m"
"MXN00014096","1961-07","20.5167","-104.7833","1229.9","MASCOTA SMN, MX","686.2","m","138.7",",m","18",",m","13",",m","2",",m","0",",m","0",",m","0",",m","31",",m","0",",m","16.1",",m,17,+","31.5",",,m,13,","30.0",",m,31,","0.0","m","0.0",",m","188.3",",,,m","22.81",",m","27.45",",,,m","18.16",",,,m"
"MXN00014096","1961-08","20.5167","-104.7833","1229.9","MASCOTA SMN, MX","822.6","m","136.4",",m","22",",m","17",",m","2",",m","0",",m","0",",m","0",",m","31",",m","0",",m","16.1",",m,18,+","41.4",",,m,15,","31.1",",m,24,","0.0","m","0.0",",m","226.8",",,,m","22.73",",m","27.77",",,,m","17.69",",,,m"
"MXN00014096","1961-09","20.5167","-104.7833","1229.9","MASCOTA SMN, MX","940.3","m","117.7","1,m","14",",m","9",",m","0",",m","0",",m","0",",m","0","1,m","29","1,m","0","1,m","15.6",",m,23,","24.9",",,m,04,","30.6","1,m,29,","0.0","m","0.0","1,m","112.7",",,,m","22.38","1,m","27.11","1,,,m","17.64",",,,m"
"MXN00014096","1961-10","20.5167","-104.7833","1229.9","MASCOTA SMN, MX","1071.9","m","131.6",",m","7",",m","6",",m","0",",m","0",",m","0",",m","0",",m","31",",m","5",",m","12.2",",m,17,","19.8",",,m,06,","32.2",",m,26,+","0.0","m","0.0",",m","48.3",",,,m","22.58",",m","29.19",",,,m","15.97",",,,m"
"MXN00014096","1961-11","20.5167","-104.7833","1229.9","MASCOTA SMN, MX","1131.4","m","59.5","1,m","1",",m","0",",m","0",",m","0",",m","0",",m","0","1,m","29","1,m","1","1,m","6.1",",m,28,+","1.3",",,m,16,","32.8","1,m,26,","0.3","m","0.3","1,m","1.3",",,,m","20.31","1,m","29.24","1,,,m","11.38",",,,m"
"MXN00014096","1961-12","20.5167","-104.7833","1229.9","MASCOTA SMN, MX","1146.2","m","14.8",",m","0",",m","0",",m","0",",m","0",",m","0",",m","0",",m","31",",m","0",",m","5.0",",m,18,","0.0",",,m,31,+","30.0",",m,22,+","13.8","m","13.5",",m","0.0",",,,m","18.38",",m","27.53",",,,m","9.22",",,,m"
"MXN00014096","1962-01","20.5167","-104.7833","1229.9","MASCOTA SMN, MX","14.1","m","14.1",",m","1",",m","1",",m","0",",m","0",",m","0",",m","0",",m","31",",m","0",",m","3.3",",m,15,","7.6",",,m,31,","31.7",",m,16,","33.5","m","19.7",",m","7.6",",,,m","18.15",",m","28.08",",,,m","8.22",",,,m"
"MXN00014096","1962-02","20.5167","-104.7833","1229.9","MASCOTA SMN, MX","58.6","m","44.5",",m","1",",m","1",",m","0",",m","0",",m","0",",m","0",",m","27",",m","2",",m","7.8",",m,28,","12.2",",,m,01,","32.2",",m,26,+","39.0","m","5.5",",m","12.2",",,,m","19.73",",m","29.57",",,,m","9.88",",,,m"
"MXN00014096","1962-03","20.5167","-104.7833","1229.9","MASCOTA SMN, MX","131.3","m","72.7",",m","0",",m","0",",m","0",",m","0",",m","0",",m","0",",m","31",",m","11",",m","5.0",",m,13,","0.0",",,m,31,+","33.9",",m,29,","42.1","m","3.1",",m","0.0",",,,m","20.58",",m","31.15",",,,m","10.00",",,,m"
"MXN00014096","1962-04","20.5167","-104.7833","1229.9","MASCOTA SMN, MX","261.0","m","129.7",",m","2",",m","0",",m","0",",m","0",",m","0",",m","0",",m","30",",m","25",",m","8.3",",m,07,","0.8",",,m,16,","35.0",",m,19,+","42.1","m","0.0",",m","1.1",",,,m","22.66",",m","33.03",",,,m","12.28",",,,m"
"MXN00014096","1962-05","20.5167","-104.7833","1229.9","MASCOTA SMN, MX","442.5","m","181.5",",m","1",",m","1",",m","0",",m","0",",m","0",",m","0",",m","31",",m","27",",m","10.6",",m,02,+","5.6",",,m,04,","35.0",",m,31,+","42.1","m","0.0",",m","5.6",",,,m","24.19",",m","33.77",",,,m","14.60",",,,m"
"MXN00014096","1962-06","20.5167","-104.7833","1229.9","MASCOTA SMN, MX","629.2","m","186.7",",m","15",",m","13",",m","3",",m","0",",m","0",",m","0",",m","30",",m","18",",m","11.7",",m,08,","51.8",",,m,19,","35.0",",m,11,+","42.1","m","0.0",",m","247.7",",,,m","24.56",",m","32.02",",,,m","17.09",",,,m"
"MXN00014096","1962-07","20.5167","-104.7833","1229.9","MASCOTA SMN, MX","796.4","m","167.2",",m","21",",m","17",",m","1",",m","0",",m","0",",m","0",",m","31",",m","2",",m","15.6",",m,26,","28.4",",,m,30,","32.8",",m,24,","0.0","m","0.0",",m","197.6",",,,m","23.73",",m","29.66",",,,m","17.79",",,,m"
"MXN00014096","1962-08","20.5167","-104.7833","1229.9","MASCOTA SMN, MX","929.9","m","133.5",",m","20",",m","14",",m","2",",m","0",",m","0",",m","0",",m","31",",m","0",",m","15.6",",m,25,+","40.4",",,m,20,","30.0",",m,12,+","0.0","m","0.0",",m","202.9",",,,m","22.64",",m","27.96",",,,m","17.32",",,,m"
"MXN00014096","1962-09","20.5167","-104.7833","1229.9","MASCOTA SMN, MX","1030.6","m","100.7",",m","22",",m","20",",m","3",",m","0",",m","0",",m","0",",m","30",",m","0",",m","15.0",",m,28,+","61.2",",,m,25,","30.0",",m,15,","0.0","m","0.0",",m","318.8",",,,m","21.69",",m","26.33",",,,m","17.04",",,,m"
"MXN00014096","1962-10","20.5167","-104.7833","1229.9","MASCOTA SMN, MX","1136.1","m","105.5",",m","11",",m","9",",m","1",",m","0",",m","0",",m","0",",m","30",",m","0",",m","14.4",",m,26,","37.3",",,m,16,","30.0",",m,31,+","0.0","m","0.0",",m","135.4",",,,m","21.74",",m","26.95",",,,m","16.53",",,,m"
"MXN00014096","1962-11","20.5167","-104.7833","1229.9","MASCOTA SMN, MX","1173.8","m","37.7",",m","2",",m","2",",m","0",",m","0",",m","0",",m","0",",m","30",",m","0",",m","7.8",",m,22,+","9.4",",,m,05,","31.7",",m,25,","5.7","m","5.7",",m","14.0",",,,m","19.40",",m","27.85",",,,m","10.95",",,,m"
"MXN00014096","1962-12","20.5167","-104.7833","1229.9","MASCOTA SMN, MX","1196.6","m","22.8",",m","2",",m","1",",m","0",",m","0",",m","0",",m","0",",m","30",",m","0",",m","7.2",",m,26,+","4.6",",,m,23,","29.4",",m,09,+","26.8","m","21.1",",m","5.4",",,,m","18.39",",m","25.63",",,,m","11.15",",,,m"
"MXN00014096","1963-01","20.5167","-104.7833","1229.9","MASCOTA SMN, MX","14.9","m","14.9",",m","0",",m","0",",m","0",",m","0",",m","0",",m","0",",m","31",",m","0",",m","7.2",",m,21,+","0.0",",,m,31,+","30.0",",m,24,","36.9","m","10.1",",m","0.0",",,,m","18.49",",m","27.52",",,,m","9.45",",,,m"
"MXN00014096","1963-02","20.5167","-104.7833","1229.9","MASCOTA SMN, MX","32.9","m","18.0",",m","1",",m","1",",m","0",",m","0",",m","0",",m","0",",m","28",",m","1",",m","3.3",",m,12,","16.3",",,m,28,","32.2",",m,26,","65.2","m","28.3",",m","16.3",",,,m","17.97",",m","27.54",",,,m","8.39",",,,m"
"MXN00014096","1963-03","20.5167","-104.7833","1229.9","MASCOTA SMN, MX","110.4","m","77.5",",m","1",",m","0",",m","0",",m","0",",m","0",",m","0",",m","31",",m","7",",m","8.3",",m,06,","1.3",",,m,01,","35.0",",m,26,","66.0","m","0.8",",m","1.3",",,,m","20.80",",m","30.16",",,,m","11.45",",,,m"
"MXN00014096","1963-04","20.5167","-104.7833","1229.9","MASCOTA SMN, MX","251.7","m","141.3",",m","1",",m","1",",m","0",",m","0",",m","0",",m","0",",m","30",",m","23",",m","9.4",",m,09,","4.8",",,m,14,","34.4",",m,30,+","66.0","m","0.0",",m","4.8",",,,m","23.04",",m","32.90",",,,m","13.18",",,,m"
"MXN00014096","1963-05","20.5167","-104.7833","1229.9","MASCOTA SMN, MX","456.8","m","205.1",",m","7",",m","6",",m","0",",m","0",",m","0",",m","0",",m","31",",m","26",",m","11.7",",m,07,","13.0",",,m,24,","36.1",",m,30,","66.0","m","0.0",",m","46.3",",,,m","24.95",",m","33.65",",,,m","16.25",",,,m"
"MXN00014096","1963-06","20.5167","-104.7833","1229.9","MASCOTA SMN, MX","633.9","m","177.1",",m","18",",m","13",",m","5",",m","0",",m","0",",m","0",",m","30",",m","9",",m","14.4",",m,03,","45.2",",,m,26,","35.6",",m,06,+","66.0","m","0.0",",m","271.4",",,,m","24.24",",m","30.42",",,,m","18.05",",,,m"
"MXN00014096","1963-07","20.5167","-104.7833","1229.9","MASCOTA SMN, MX","767.6","m","133.7",",m","28",",m","26",",m","5",",m","0",",m","0",",m","0",",m","31",",m","0",",m","15.6",",m,28,","46.7",",,m,31,","30.0",",m,22,+","0.0","m","0.0",",m","411.1",",,,m","22.65",",m","27.18",",,,m","18.11",",,,m"
"MXN00014096","1963-08","20.5167","-104.7833","1229.9","MASCOTA SMN, MX","881.3","m","113.7",",m","23",",m","19",",m","3",",m","0",",m","0",",m","0",",m","31",",m","0",",m","15.0",",m,01,","56.4",",,m,24,","29.4",",m,31,","0.0","m","0.0",",m","323.8",",,,m","22.00",",m","26.63",",,,m","17.37",",,,m"
"MXN00014096","1963-09","20.5167","-104.7833","1229.9","MASCOTA SMN, MX","1006.6","m","125.3",",m","18",",m","13",",m","1",",m","0",",m","0",",m","0",",m","30",",m","0",",m","16.7",",m,28,+","30.0",",,m,25,","30.6",",m,10,+","0.0","m","0.0",",m","129.4",",,,m","22.51",",m","27.18",",,,m","17.83",",,,m"
"MXN00014096","1963-10","20.5167","-104.7833","1229.9","MASCOTA SMN, MX","1087.3","m","80.7",",m","9",",m","7",",m","2",",m","0",",m","0",",m","0",",m","31",",m","0",",m","12.8",",m,25,+","29.5",",,m,03,","30.0",",m,11,","1.1","m","1.1",",m","82.4",",,,m","20.90",",m","26.90",",,,m","14.90",",,,m"
"MXN00014096","1963-11","20.5167","-104.7833","1229.9","MASCOTA SMN, MX","1132.0","m","44.7",",m","1",",m","0",",m","0",",m","0",",m","0",",m","0",",m","30",",m","0",",m","5.6",",m,14,","2.0",",,m,02,","30.0",",m,24,+","3.0","m","1.9",",m","2.0",",,,m","19.76",",m","27.97",",,,m","11.54",",,,m"
"MXN00014096","1963-12","20.5167","-104.7833","1229.9","MASCOTA SMN, MX","1146.6","m","14.6",",m","4",",m","4",",m","1",",m","0",",m","0",",m","0",",m","28",",m","0",",m","6.7",",m,25,","37.1",",,m,12,","28.3",",m,29,+","24.0","m","21.0",",m","67.1",",,,m","18.13",",m","24.76",",,,m","11.50",",,,m"
"MXN00014096","1964-01","20.5167","-104.7833","1229.9","MASCOTA SMN, MX","4.2","m","4.2",",m","6",",m","3",",m","0",",m","0",",m","0",",m","0",",m","24",",m","0",",m","5.6",",m,13,","9.1",",,m,06,","28.3",",m,24,+","70.2","m","46.2",",m","18.9",",,,m","16.98",",m","23.79",",,,m","10.16",",,,m"
"MXN00014096","1964-02","20.5167","-104.7833","1229.9","MASCOTA SMN, MX","22.4","m","18.2",",m","1",",m","0",",m","0",",m","0",",m","0",",m","0",",m","29",",m","0",",m","5.6",",m,25,+","0.5",",,m,02,","30.0",",m,28,+","82.6","m","12.4",",m","0.5",",,,m","18.53",",m","28.05",",,,m","9.02",",,,m"
"MXN00014096","1964-03","20.5167","-104.7833","1229.9","MASCOTA SMN, MX","93.3","m","70.9",",m","0",",m","0",",m","0",",m","0",",m","0",",m","0",",m","31",",m","5",",m","7.8",",m,05,","0.0",",,m,31,+","33.3",",m,31,+","84.0","m","1.4",",m","0.0",",,,m","20.58",",m","30.06",",,,m","11.09",",,,m"
"MXN00014096","1964-04","20.5167","-104.7833","1229.9","MASCOTA SMN, MX","235.1","m","141.8",",m","0",",m","0",",m","0",",m","0",",m","0",",m","0",",m","30",",m","21",",m","10.6",",m,13,","0.0",",,m,30,+","35.0",",m,09,","84.0","m","0.0",",m","0.0",",,,m","23.06",",m","32.92",",,,m","13.20",",,,m"
"MXN00014096","1964-05","20.5167","-104.7833","1229.9","MASCOTA SMN, MX","408.1","m","173.0",",m","0",",m","0",",m","0",",m","0",",m","0",",m","0",",m","31",",m","27",",m","11.1",",m,31,","0.0",",,m,31,+","35.6",",m,16,+","84.0","m","0.0",",m","0.0",",,,m","23.91",",m","33.84",",,,m","13.99",",,,m"
"MXN00014096","1964-06","20.5167","-104.7833","1229.9","MASCOTA SMN, MX","566.4","m","158.3",",m","17",",m","13",",m","2",",m","0",",m","0",",m","0",",m","30",",m","11",",m","11.1",",m,09,","29.2",",,m,16,","35.0",",m,12,+","84.0","m","0.0",",m","211.8",",,,m","23.61",",m","30.69",",,,m","16.53",",,,m"
"MXN00014096","1964-07","20.5167","-104.7833","1229.9","MASCOTA SMN, MX","714.9","m","148.5",",m","20",",m","15",",m","2",",m","0",",m","0",",m","0",",m","31",",m","2",",m","14.4",",m,07,","29.0",",,m,05,","32.8",",m,27,","0.0","m","0.0",",m","202.4",",,,m","23.12",",m","28.62",",,,m","17.63",",,,m"
"MXN00014096","1964-08","20.5167","-104.7833","1229.9","MASCOTA SMN, MX","861.7","m","146.8",",m","23",",m","16",",m","0",",m","0",",m","0",",m","0",",m","31",",m","2",",m","15.0",",m,24,+","24.1",",,m,09,","32.2",",m,31,+","0.0","m","0.0",",m","191.7",",,,m","23.07",",m","28.94",",,,m","17.20",",,,m"
"MXN00014096","1964-09","20.5167","-104.7833","1229.9","MASCOTA SMN, MX","991.2","m","129.5",",m","25",",m","21",",m","1",",m","0",",m","0",",m","0",",m","30",",m","0",",m","15.0",",m,20,","66.8",",,m,16,","30.6",",m,30,+","0.0","m","0.0",",m","227.2",",,,m","22.65",",m","28.07",",,,m","17.23",",,,m"
"MXN00014096","1964-10","20.5167","-104.7833","1229.9","MASCOTA SMN, MX","1105.5","m","114.3",",m","7",",m","4",",m","1",",m","0",",m","0",",m","0",",m","31",",m","2",",m","10.6",",m,30,","37.8",",,m,03,","32.2",",m,22,+","0.0","m","0.0",",m","59.2",",,,m","22.02",",m","29.32",",,,m","14.73",",,,m"
"MXN00014096","1964-11","20.5167","-104.7833","1229.9","MASCOTA SMN, MX","1193.9","m","88.4",",m","1",",m","1",",m","0",",m","0",",m","0",",m","0",",m","30",",m","6",",m","9.4",",m,28,","4.6",",,m,06,","33.3",",m,09,","0.0","m","0.0",",m","4.6",",,,m","21.28",",m","30.58",",,,m","11.98",",,,m"
"MXN00014096","1964-12","20.5167","-104.7833","1229.9","MASCOTA SMN, MX","1218.8","m","24.9",",m","4",",m","3",",m","0",",m","0",",m","0",",m","0",",m","29",",m","3",",m","5.0",",m,11,","17.5",",,m,01,","32.2",",m,20,+","25.4","m","25.4",",m","33.8",",,,m","18.32",",m","27.53",",,,m","9.11",",,,m"
"MXN00014096","1965-01","20.5167","-104.7833","1229.9","MASCOTA SMN, MX","24.7","m","24.7",",m","4",",m","2",",m","0",",m","0",",m","0",",m","0",",m","31",",m","0",",m","4.4",",m,23,","15.0",",,m,21,","30.6",",m,31,","41.5","m","16.1",",m","21.2",",,,m","18.61",",m","28.44",",,,m","8.79",",,,m"
"MXN00014096","1965-02","20.5167","-104.7833","1229.9","MASCOTA SMN, MX","33.9","m","9.2",",m","3",",m","2",",m","0",",m","0",",m","0",",m","0",",m","27",",m","1",",m","4.4",",m,13,","18.8",",,m,15,","32.2",",m,26,","61.8","m","20.3",",m","23.4",",,,m","17.93",",m","27.36",",,,m","8.51",",,,m"
"MXN00014096","1965-03","20.5167","-104.7833","1229.9","MASCOTA SMN, MX","102.5","m","68.6",",m","0",",m","0",",m","0",",m","0",",m","0",",m","0",",m","31",",m","13",",m","5.6",",m,04,+","0.0",",,m,31,+","34.4",",m,30,","69.2","m","7.4",",m","0.0",",,,m","20.31",",m","31.15",",,,m","9.46",",,,m"
"MXN00014096","1965-04","20.5167","-104.7833","1229.9","MASCOTA SMN, MX","252.0","m","149.5",",m","1",",m","0",",m","0",",m","0",",m","0",",m","0",",m","30",",m","24",",m","11.1",",m,14,+","2.0",",,m,29,","35.0",",m,29,+","69.2","m","0.0",",m","2.0",",,,m","23.32",",m","33.43",",,,m","13.20",",,,m"
"MXN00014096","1965-05","20.5167","-104.7833","1229.9","MASCOTA SMN, MX","434.6","m","182.6",",m","3",",m","2",",m","0",",m","0",",m","0",",m","0",",m","31",",m","29",",m","11.7",",m,23,","24.4",",,m,31,","35.6",",m,20,+","69.2","m","0.0",",m","32.6",",,,m","24.22",",m","33.95",",,,m","14.49",",,,m"
"MXN00014096","1965-06","20.5167","-104.7833","1229.9","MASCOTA SMN, MX","618.6","m","184.0",",m","9",",m","5",",m","0",",m","0",",m","0",",m","0",",m","30",",m","19",",m","11.7",",m,13,","11.7",",,m,22,","35.6",",m,03,","69.2","m","0.0",",m","37.6",",,,m","24.47",",m","32.63",",,,m","16.31",",,,m"
"MXN00014096","1965-07","20.5167","-104.7833","1229.9","MASCOTA SMN, MX","760.5","m","141.9",",m","26",",m","21",",m","1",",m","0",",m","0",",m","0",",m","31",",m","1",",m","15.0",",m,22,+","37.8",",,m,27,","32.2",",m,02,","0.0","m","0.0",",m","259.9",",,,m","22.91",",m","28.81",",,,m","17.02",",,,m"
"MXN00014096","1965-08","20.5167","-104.7833","1229.9","MASCOTA SMN, MX","892.2","m","131.7",",m","27",",m","17",",m","4",",m","0",",m","0",",m","0",",m","31",",m","1",",m","15.0",",m,19,","34.8",",,m,20,","32.2",",m,27,","0.0","m","0.0",",m","281.9",",,,m","22.58",",m","28.22",",,,m","16.94",",,,m"
"MXN00014096","1965-09","20.5167","-104.7833","1229.9","MASCOTA SMN, MX","1037.6","m","145.4",",m","17",",m","13",",m","2",",m","0",",m","0",",m","0",",m","30",",m","1",",m","15.0",",m,04,","30.0",",,m,21,","32.8",",m,06,","0.0","m","0.0",",m","194.1",",,,m","23.18",",m","29.16",",,,m","17.20",",,,m"
"MXN00014096","1965-10","20.5167","-104.7833","1229.9","MASCOTA SMN, MX","1151.6","m","114.0",",m","7",",m","5",",m","0",",m","0",",m","0",",m","0",",m","31",",m","4",",m","8.9",",m,27,","13.0",",,m,05,","32.8",",m,20,","0.0","m","0.0",",m","34.6",",,,m","22.01",",m","30.18",",,,m","13.84",",,,m"
"MXN00014096","1965-11","20.5167","-104.7833","1229.9","MASCOTA SMN, MX","1252.3","m","100.7",",m","4",",m","2",",m","0",",m","0",",m","0",",m","0",",m","30",",m","8",",m","8.9",",m,29,","7.9",",,m,04,","34.4",",m,06,","0.0","m","0.0",",m","16.1",",,,m","21.69",",m","31.17",",,,m","12.21",",,,m"
"MXN00014096","1965-12","20.5167","-104.7833","1229.9","MASCOTA SMN, MX","1292.6","m","40.3",",m","7",",m","6",",m","1",",m","0",",m","0",",m","0",",m","29",",m","0",",m","7.8",",m,20,","26.9",",,m,15,","31.7",",m,25,","6.7","m","6.7",",m","70.8",",,,m","19.42",",m","27.11",",,,m","11.73",",,,m"
"MXN00014096","1966-01","20.5167","-104.7833","1229.9","MASCOTA SMN, MX","14.6","m","14.6",",m","2",",m","2",",m","0",",m","0",",m","0",",m","0",",m","27",",m","0",",m","2.8",",m,26,","19.8",",,m,24,","29.4",",m,11,+","46.3","m","39.6",",m","22.6",",,,m","17.52",",m","26.12",",,,m","8.93",",,,m"
"MXN00014096","1966-02","20.5167","-104.7833","1229.9","MASCOTA SMN, MX","33.0","m","18.4",",m","3",",m","3",",m","1",",m","0",",m","0",",m","0",",m","28",",m","0",",m","5.6",",m,10,","30.0",",,m,11,","31.1",",m,28,","52.4","m","6.1",",m","40.2",",,,m","18.77",",m","28.14",",,,m","9.40",",,,m"
"MXN00014096","1966-03","20.5167","-104.7833","1229.9","MASCOTA SMN, MX","105.8","m","72.8",",m","2",",m","1",",m","0",",m","0",",m","0",",m","0",",m","31",",m","10",",m","7.2",",m,02,","11.7",",,m,31,","33.9",",m,19,+","52.4","m","0.0",",m","12.5",",,,m","20.68",",m","31.15",",,,m","10.21",",,,m"
"MXN00014096","1966-04","20.5167","-104.7833","1229.9","MASCOTA SMN, MX","196.7","m","90.9","1,m","3",",m","3",",m","1",",m","0",",m","0",",m","0","1,m","27","1,m","13","1,m","8.3",",m,04,","26.4",",,m,02,","35.0","1,m,25,","57.4","m","5.0","1,m","56.7",",,,m","21.28","1,m","30.75","1,,,m","11.81",",,,m"
"MXN00014096","1966-05","20.5167","-104.7833","1229.9","MASCOTA SMN, MX","393.8","m","197.1",",m","2",",m","2",",m","0",",m","0",",m","0",",m","0",",m","31",",m","26",",m","12.2",",m,08,+","20.6",",,m,31,","35.0",",m,30,+","57.4","m","0.0",",m","23.1",",,,m","24.69",",m","33.35",",,,m","16.03",",,,m"
"MXN00014096","1966-06","20.5167","-104.7833","1229.9","MASCOTA SMN, MX","582.4","m","188.6",",m","18",",m","15",",m","1",",m","0",",m","0",",m","0",",m","30",",m","14",",m","17.2",",m,19,+","59.9",",,m,26,","33.3",",m,15,+","57.4","m","0.0",",m","226.8",",,,m","24.62",",m","30.82",",,,m","18.42",",,,m"
"MXN00014096","1966-07","20.5167","-104.7833","1229.9","MASCOTA SMN, MX","737.7","m","155.3",",m","25",",m","20",",m","1",",m","0",",m","0",",m","0",",m","31",",m","2",",m","16.1",",m,28,+","36.8",",,m,07,","32.2",",m,12,+","0.0","m","0.0",",m","236.6",",,,m","23.34",",m","28.65",",,,m","18.04",",,,m"
"MXN00014096","1966-08","20.5167","-104.7833","1229.9","MASCOTA SMN, MX","886.7","m","149.0",",m","20",",m","11",",m","3",",m","0",",m","0",",m","0",",m","31",",m","1",",m","15.0",",m,28,+","75.9",",,m,30,","32.2",",m,17,","0.0","m","0.0",",m","267.4",",,,m","23.14",",m","28.72",",,,m","17.56",",,,m"
"MXN00014096","1966-09","20.5167","-104.7833","1229.9","MASCOTA SMN, MX","1035.0","m","148.3",",m","24",",m","19",",m","2",",m","0",",m","0",",m","0",",m","30",",m","2",",m","15.0",",m,02,","37.8",",,m,28,","33.3",",m,04,","0.0","m","0.0",",m","263.4",",,,m","23.28",",m","28.86",",,,m","17.69",",,,m"
"MXN00014096","1966-10","20.5167","-104.7833","1229.9","MASCOTA SMN, MX","1140.1","m","105.1",",m","13",",m","10",",m","3",",m","0",",m","0",",m","0",",m","29",",m","0",",m","11.7",",m,31,+","34.8",",,m,06,","31.7",",m,12,","0.0","m","0.0",",m","178.3",",,,m","21.72",",m","28.22",",,,m","15.22",",,,m"
"MXN00014096","1966-11","20.5167","-104.7833","1229.9","MASCOTA SMN, MX","1208.4","m","68.3",",m","1",",m","1",",m","0",",m","0",",m","0",",m","0",",m","30",",m","3",",m","8.9",",m,27,","3.6",",,m,13,","32.8",",m,13,","0.0","m","0.0",",m","3.6",",,,m","20.61",",m","30.37",",,,m","10.85",",,,m"
"MXN00014096","1966-12","20.5167","-104.7833","1229.9","MASCOTA SMN, MX","1226.5","m","18.1",",m","1",",m","0",",m","0",",m","0",",m","0",",m","0",",m","31",",m","0",",m","5.6",",m,10,","0.8",",,m,31,","30.6",",m,20,","4.8","m","4.8",",m","0.8",",,,m","18.76",",m","28.34",",,,m","9.18",",,,m"
"MXN00014096","1967-01","20.5167","-104.7833","1229.9","MASCOTA SMN, MX","12.9","m","12.9",",m","5",",m","3",",m","1",",m","0",",m","0",",m","0",",m","27",",m","3",",m","2.8",",m,03,","30.0",",,m,11,","32.8",",m,29,","47.8","m","43.0",",m","49.1",",,,m","17.36",",m","27.11",",,,m","7.61",",,,m"
"MXN00014096","1967-02","20.5167","-104.7833","1229.9","MASCOTA SMN, MX","40.1","m","27.2",",m","0",",m","0",",m","0",",m","0",",m","0",",m","0",",m","28",",m","1",",m","1.1",",m,08,","0.0",",,m,28,+","32.8",",m,26,","62.0","m","14.2",",m","0.0",",,,m","18.80",",m","29.78",",,,m","7.81",",,,m"
"MXN00014096","1967-03","20.5167","-104.7833","1229.9","MASCOTA SMN, MX","124.3","m","84.2",",m","1",",m","0",",m","0",",m","0",",m","0",",m","0",",m","31",",m","18",",m","8.3",",m,25,+","1.5",",,m,23,","35.0",",m,12,","62.3","m","0.3",",m","1.5",",,,m","21.04",",m","31.59",",,,m","10.49",",,,m"
"MXN00014096","1967-04","20.5167","-104.7833","1229.9","MASCOTA SMN, MX","241.5","m","117.2",",m","0",",m","0",",m","0",",m","0",",m","0",",m","0",",m","30",",m","26",",m","10.0",",m,22,+","0.0",",,m,30,+","35.0",",m,05,+","62.3","m","0.0",",m","0.0",",,,m","22.24",",m","32.77",",,,m","11.70",",,,m"
"MXN00014096","1967-05","20.5167","-104.7833","1229.9","MASCOTA SMN, MX","409.9","m","168.4",",m","4",",m","4",",m","4",",m","0",",m","0",",m","0",",m","31",",m","24",",m","11.1",",m,03,","38.1",",,m,16,","35.6",",m,09,","62.3","m","0.0",",m","128.1",",,,m","23.76",",m","33.13",",,,m","14.40",",,,m"
"MXN00014096","1967-06","20.5167","-104.7833","1229.9","MASCOTA SMN, MX","580.1","m","170.2",",m","15",",m","13",",m","3",",m","0",",m","0",",m","0",",m","30",",m","6",",m","14.4",",m,01,","37.6",",,m,22,","35.0",",m,03,+","62.3","m","0.0",",m","201.1",",,,m","24.01",",m","30.18",",,,m","17.83",",,,m"
"MXN00014096","1967-07","20.5167","-104.7833","1229.9","MASCOTA SMN, MX","719.7","m","139.6",",m","20",",m","15",",m","1",",m","0",",m","0",",m","0",",m","31",",m","0",",m","15.6",",m,27,+","29.7",",,m,25,","30.6",",m,20,+","0.0","m","0.0",",m","197.3",",,,m","22.84",",m","28.52",",,,m","17.15",",,,m"
"MXN00014096","1967-08","20.5167","-104.7833","1229.9","MASCOTA SMN, MX","863.0","m","143.3",",m","21",",m","16",",m","2",",m","0",",m","0",",m","0",",m","31",",m","0",",m","16.1",",m,31,+","34.8",",,m,28,","31.1",",m,13,+","0.0","m","0.0",",m","227.9",",,,m","22.96",",m","28.64",",,,m","17.27",",,,m"
"MXN00014096","1967-09","20.5167","-104.7833","1229.9","MASCOTA SMN, MX","992.8","m","129.8",",m","20",",m","15",",m","2",",m","0",",m","0",",m","0",",m","30",",m","0",",m","16.1",",m,18,+","46.2",",,m,27,","31.1",",m,12,+","0.0","m","0.0",",m","194.7",",,,m","22.66",",m","27.99",",,,m","17.33",",,,m"
"MXN00014096","1967-10","20.5167","-104.7833","1229.9","MASCOTA SMN, MX","1084.7","m","91.9",",m","12",",m","10",",m","1",",m","0",",m","0",",m","0",",m","31",",m","0",",m","10.0",",m,24,","35.8",",,m,07,","30.0",",m,26,+","0.0","m","0.0",",m","104.3",",,,m","21.30",",m","28.31",",,,m","14.28",",,,m"
"MXN00014096","1967-11","20.5167","-104.7833","1229.9","MASCOTA SMN, MX","1155.3","m","70.6",",m","1",",m","1",",m","0",",m","0",",m","0",",m","0",",m","30",",m","3",",m","7.8",",m,25,","5.8",",,m,07,","32.8",",m,28,","0.0","m","0.0",",m","5.8",",,,m","20.69",",m","29.87",",,,m","11.50",",,,m"
"MXN00014096","1967-12","20.5167","-104.7833","1229.9","MASCOTA SMN, MX","1181.3","m","26.0",",m","4",",m","3",",m","0",",m","0",",m","0",",m","0",",m","30",",m","0",",m","2.2",",m,11,","21.8",",,m,14,","31.1",",m,02,","28.2","m","28.2",",m","34.5",",,,m","18.26",",m","26.92",",,,m","9.60",",,,m"
"MXN00014096","1968-01","20.5167","-104.7833","1229.9","MASCOTA SMN, MX","26.7","m","26.7",",m","0",",m","0",",m","0",",m","0",",m","0",",m","0",",m","31",",m","0",",m","1.1",",m,20,","0.0",",,m,31,+","31.1",",m,30,+","44.6","m","16.4",",m","0.0",",,,m","18.66",",m","28.82",",,,m","8.51",",,,m"
"MXN00014096","1968-02","20.5167","-104.7833","1229.9","MASCOTA SMN, MX","42.7","m","16.0",",m","6",",m","5",",m","0",",m","0",",m","0",",m","0",",m","28",",m","0",",m","5.0",",m,23,+","22.9",",,m,02,","30.6",",m,24,+","63.1","m","18.5",",m","47.0",",,,m","18.25",",m","27.20",",,,m","9.29",",,,m"
"MXN00014096","1968-03","20.5167","-104.7833","1229.9","MASCOTA SMN, MX","69.8","m","27.1","2,m","3",",m","3",",m","3",",m","0",",m","0",",m","0","2,m","28","2,m","1","2,m","3.9",",m,12,","110.0",",,m,04,","32.2","2,m,23,","82.0","m","18.9","2,m","186.7",",,,m","18.72","2,m","28.40","2,,,m","9.03",",,,m"
"MXN00014096","1968-04","20.5167","-104.7833","1229.9","MASCOTA SMN, MX","185.1","m","115.3",",m","0",",m","0",",m","0",",m","0",",m","0",",m","0",",m","30",",m","16",",m","9.4",",m,06,","0.0",",,m,30,+","35.0",",m,22,","82.0","m","0.0",",m","0.0",",,,m","22.18",",m","32.12",",,,m","12.23",",,,m"
"MXN00014096","1968-05","20.5167","-104.7833","1229.9","MASCOTA SMN, MX","333.7","m","148.6",",m","1",",m","0",",m","0",",m","0",",m","0",",m","0",",m","31",",m","22",",m","11.1",",m,07,+","1.8",",,m,28,","35.0",",m,27,+","82.0","m","0.0",",m","1.8",",,,m","23.13",",m","32.58",",,,m","13.67",",,,m"
"MXN00014096","1968-06","20.5167","-104.7833","1229.9","MASCOTA SMN, MX","484.2","m","150.5",",m","11",",m","8",",m","1",",m","0",",m","0",",m","0",",m","30",",m","10",",m","10.6",",m,10,+","30.0",",,m,19,","35.0",",m,18,","82.0","m","0.0",",m","124.4",",,,m","23.35",",m","30.37",",,,m","16.33",",,,m"
"MXN00014096","1968-07","20.5167","-104.7833","1229.9","MASCOTA SMN, MX","633.7","m","149.5",",m","25",",m","16",",m","5",",m","0",",m","0",",m","0",",m","31",",m","0",",m","15.6",",m,23,","37.8",",,m,01,","31.7",",m,04,","0.0","m","0.0",",m","263.5",",,,m","23.15",",m","28.85",",,,m","17.46",",,,m"
"MXN00014096","1968-08","20.5167","-104.7833","1229.9","MASCOTA SMN, MX","768.7","m","135.0",",m","23",",m","20",",m","3",",m","0",",m","0",",m","0",",m","31",",m","0",",m","15.0",",m,27,+","39.1",",,m,14,","31.7",",m,28,+","0.0","m","0.0",",m","284.6",",,,m","22.69",",m","28.49",",,,m","16.89",",,,m"
"MXN00014096","1968-09","20.5167","-104.7833","1229.9","MASCOTA SMN, MX","913.9","m","145.2",",m","15",",m","10",",m","1",",m","0",",m","0",",m","0",",m","30",",m","4",",m","15.0",",m,28,+","45.2",",,m,11,","33.9",",m,26,","0.0","m","0.0",",m","139.0",",,,m","23.17",",m","29.39",",,,m","16.95",",,,m"
"MXN00014096","1968-10","20.5167","-104.7833","1229.9","MASCOTA SMN, MX","1056.3","m","142.4",",m","7",",m","6",",m","0",",m","0",",m","0",",m","0",",m","31",",m","5",",m","10.6",",m,29,+","24.9",",,m,18,","32.8",",m,04,","0.0","m","0.0",",m","88.8",",,,m","22.93",",m","31.02",",,,m","14.83",",,,m"
"MXN00014096","1968-11","20.5167","-104.7833","1229.9","MASCOTA SMN, MX","1110.8","m","54.5",",m","3",",m","3",",m","0",",m","0",",m","0",",m","0",",m","30",",m","0",",m","6.7",",m,28,","11.2",",,m,26,","31.7",",m,24,+","4.1","m","4.1",",m","21.6",",,,m","20.02",",m","29.31",",,,m","10.72",",,,m"
"MXN00014096","1968-12","20.5167","-104.7833","1229.9","MASCOTA SMN, MX","1147.1","m","36.3",",m","7",",m","6",",m","0",",m","0",",m","0",",m","0",",m","29",",m","0",",m","6.7",",m,29,","20.3",",,m,19,","31.7",",m,15,+","21.3","m","17.2",",m","52.9",",,,m","18.95",",m","26.85",",,,m","11.05",",,,m"
"MXN00014096","1969-01","20.5167","-104.7833","1229.9","MASCOTA SMN, MX","18.0","m","18.0","1,m","0",",m","0",",m","0",",m","0","1,m","0","1,m","0","1,m","30","1,m","0","1,m","5.0","1,m,23,","0.0",",,m,31,+","30.6","1,m,29,+","37.4","m","16.1","1,m","0.0",",,,m","18.40","1,m","28.20","1,,,m","8.59","1,,,m"
"MXN00014096","1969-02","20.5167","-104.7833","1229.9","MASCOTA SMN, MX","52.1","m","34.1",",m","1","1,m","0","1,m","0","1,m","0",",m","0",",m","0",",m","28",",m","0",",m","3.9",",m,15,","2.3","1,,m,12,","31.7",",m,28,","46.2","m","8.8",",m","2.3","1,,,m","19.24",",m","28.93",",,,m","9.54",",,,m"
"MXN00014096","1969-03","20.5167","-104.7833","1229.9","MASCOTA SMN, MX","114.4","m","62.3",",m","0",",m","0",",m","0",",m","0",",m","0",",m","0",",m","31",",m","8",",m","5.0",",m,06,","0.0",",,m,31,+","35.0",",m,30,","47.3","m","1.1",",m","0.0",",,,m","20.31",",m","31.11",",,,m","9.51",",,,m"
"MXN00014096","1969-04","20.5167","-104.7833","1229.9","MASCOTA SMN, MX","244.5","m","130.1",",m","0",",m","0",",m","0",",m","0",",m","0",",m","0",",m","30",",m","29",",m","6.7",",m,13,","0.0",",,m,30,+","35.6",",m,21,+","47.3","m","0.0",",m","0.0",",,,m","22.67",",m","34.11",",,,m","11.23",",,,m"
"MXN00014096","1969-05","20.5167","-104.7833","1229.9","MASCOTA SMN, MX","425.1","m","180.6",",m","0",",m","0",",m","0",",m","0",",m","0",",m","0",",m","31",",m","31",",m","8.9",",m,16,","0.0",",,m,31,+","36.7",",m,29,","47.3","m","0.0",",m","0.0",",,,m","24.16",",m","34.35",",,,m","13.97",",,,m"
"MXN00014096","1969-06","20.5167","-104.7833","1229.9","MASCOTA SMN, MX","606.8","m","181.7",",m","9",",m","8",",m","3",",m","0",",m","0",",m","0",",m","30",",m","22",",m","10.6",",m,11,","59.2",",,m,28,","35.6",",m,16,+","47.3","m","0.0",",m","160.6",",,,m","24.39",",m","32.96",",,,m","15.82",",,,m"
"MXN00014096","1969-07","20.5167","-104.7833","1229.9","MASCOTA SMN, MX","793.6","m","186.8",",m","21","1,m","17","1,m","1","1,m","0",",m","0",",m","0",",m","31",",m","2",",m","15.6",",m,17,","25.4","1,,m,24,","33.9",",m,04,+","0.0","m","0.0",",m","164.3","1,,,m","24.36",",m","30.16",",,,m","18.55",",,,m"
"MXN00014096","1969-08","20.5167","-104.7833","1229.9","MASCOTA SMN, MX","982.4","m","188.8",",m","19",",m","15",",m","2",",m","0",",m","0",",m","0",",m","31",",m","4",",m","16.7",",m,29,","39.9",",,m,15,","33.9",",m,01,","0.0","m","0.0",",m","168.1",",,,m","24.42",",m","29.96",",,,m","18.88",",,,m"
"MXN00014096","1969-09","20.5167","-104.7833","1229.9","MASCOTA SMN, MX","1156.6","m","174.2",",m","19",",m","14",",m","2",",m","0",",m","0",",m","0",",m","30",",m","4",",m","15.6",",m,30,+","29.2",",,m,22,","32.8",",m,30,+","0.0","m","0.0",",m","184.5",",,,m","24.14",",m","30.28",",,,m","18.00",",,,m"
"MXN00014096","1969-10","20.5167","-104.7833","1229.9","MASCOTA SMN, MX","1272.9","m","116.3",",m","8",",m","6",",m","1",",m","0",",m","0",",m","0",",m","30",",m","0",",m","7.8",",m,31,","47.8",",,m,03,","31.7",",m,28,+","0.5","m","0.5",",m","102.4",",,,m","22.07",",m","29.06",",,,m","15.07",",,,m"
"MXN00014096","1969-11","20.5167","-104.7833","1229.9","MASCOTA SMN, MX","1348.6","m","75.7",",m","0",",m","0",",m","0",",m","0",",m","0",",m","0",",m","30",",m","2",",m","7.8",",m,28,+","0.0",",,m,30,+","32.8",",m,10,+","1.0","m","0.5",",m","0.0",",,,m","20.84",",m","30.49",",,,m","11.19",",,,m"
"MXN00014096","1969-12","20.5167","-104.7833","1229.9","MASCOTA SMN, MX","1376.5","m","27.9","1,m","3",",m","3",",m","0",",m","0",",m","0",",m","0","1,m","28","1,m","1","1,m","5.0",",m,11,","8.9",",,m,06,","32.8","1,m,26,","15.1","m","14.1","1,m","20.0",",,,m","18.77","1,m","28.14","1,,,m","9.39",",,,m"
"MXN00014096","1970-01","20.5167","-104.7833","1229.9","MASCOTA SMN, MX","13.9","m","13.9",",m","0",",m","0",",m","0",",m","0",",m","0",",m","0",",m","30",",m","0",",m","1.7",",m,17,","0.0",",,m,31,+","31.7",",m,30,+","51.6","m","36.5",",m","0.0",",,,m","17.60",",m","27.55",",,,m","7.65",",,,m"
"MXN00014096","1970-02","20.5167","-104.7833","1229.9","MASCOTA SMN, MX","50.7","m","36.8",",m","4",",m","4",",m","0",",m","0",",m","0",",m","0",",m","26",",m","0",",m","5.6",",m,15,+","19.1",",,m,21,","31.7",",m,20,+","61.4","m","9.8",",m","51.2",",,,m","19.30",",m","28.47",",,,m","10.12",",,,m"
"MXN00014096","1970-03","20.5167","-104.7833","1229.9","MASCOTA SMN, MX","108.5","m","57.8",",m","0",",m","0",",m","0",",m","0",",m","0",",m","0",",m","31",",m","8",",m","2.8",",m,11,+","0.0",",,m,31,+","35.0",",m,31,","74.6","m","13.2",",m","0.0",",,,m","19.77",",m","30.56",",,,m","8.98",",,,m"
"MXN00014096","1970-04","20.5167","-104.7833","1229.9","MASCOTA SMN, MX","234.7","m","126.2",",m","0",",m","0",",m","0",",m","0",",m","0",",m","0",",m","30",",m","29",",m","7.8",",m,13,","0.0",",,m,30,+","35.6",",m,20,","74.6","m","0.0",",m","0.0",",,,m","22.54",",m","33.70",",,,m","11.38",",,,m"
"MXN00014096","1970-05","20.5167","-104.7833","1229.9","MASCOTA SMN, MX","405.0","m","170.3",",m","1",",m","0",",m","0",",m","0",",m","0",",m","0",",m","31",",m","29",",m","10.6",",m,15,+","2.0",",,m,05,","35.6",",m,28,+","74.6","m","0.0",",m","2.0",",,,m","23.83",",m","33.94",",,,m","13.71",",,,m"
"MXN00014096","1970-06","20.5167","-104.7833","1229.9","MASCOTA SMN, MX","585.2","m","180.2",",m","17",",m","14",",m","4",",m","0",",m","0",",m","0",",m","30",",m","11",",m","15.6",",m,20,+","57.4",",,m,22,","35.6",",m,02,+","74.6","m","0.0",",m","255.2",",,,m","24.34",",m","31.21",",,,m","17.47",",,,m"
"MXN00014096","1970-07","20.5167","-104.7833","1229.9","MASCOTA SMN, MX","747.2","m","162.0",",m","22",",m","16",",m","3",",m","0",",m","0",",m","0",",m","31",",m","1",",m","15.6",",m,20,+","38.4",",,m,11,","33.9",",m,31,","0.0","m","0.0",",m","232.4",",,,m","23.56",",m","29.10",",,,m","18.01",",,,m"
"MXN00014096","1970-08","20.5167","-104.7833","1229.9","MASCOTA SMN, MX","922.5","m","175.3",",m","21",",m","17",",m","1",",m","0",",m","0",",m","0",",m","31",",m","5",",m","15.6",",m,25,+","31.2",",,m,11,","33.9",",m,31,+","0.0","m","0.0",",m","163.9",",,,m","23.99",",m","29.85",",,,m","18.12",",,,m"
"MXN00014096","1970-09","20.5167","-104.7833","1229.9","MASCOTA SMN, MX","1080.6","m","158.1",",m","18",",m","13",",m","2",",m","0",",m","0",",m","0",",m","30",",m","2",",m","15.6",",m,16,+","41.9",",,m,26,","32.8",",m,24,+","0.0","m","0.0",",m","195.5",",,,m","23.60",",m","28.93",",,,m","18.28",",,,m"
"MXN00014096","1970-10","20.5167","-104.7833","1229.9","MASCOTA SMN, MX","1201.4","m","120.8",",m","3",",m","2",",m","0",",m","0",",m","0",",m","0",",m","31",",m","6",",m","8.9",",m,29,+","9.9",",,m,02,","33.9",",m,17,+","0.0","m","0.0",",m","14.7",",,,m","22.23",",m","31.01",",,,m","13.45",",,,m"
"MXN00014096","1970-11","20.5167","-104.7833","1229.9","MASCOTA SMN, MX","1266.8","m","65.4",",m","2",",m","1",",m","0",",m","0",",m","0",",m","0",",m","30",",m","1",",m","6.7",",m,27,","15.7",",,m,04,","32.8",",m,23,","0.0","m","0.0",",m","17.0",",,,m","20.51",",m","29.73",",,,m","11.30",",,,m"
"MXN00014096","1970-12","20.5167","-104.7833","1229.9","MASCOTA SMN, MX","1311.3","m","44.5",",m","0",",m","0",",m","0",",m","0",",m","0",",m","0",",m","31",",m","2",",m","7.8",",m,31,+","0.0",",,m,31,+","32.8",",m,27,+","0.0","m","0.0",",m","0.0",",,,m","19.77",",m","30.04",",,,m","9.49",",,,m"
"MXN00014096","1971-01","20.5167","-104.7833","1229.9","MASCOTA SMN, MX","34.6","m","34.6",",m","3",",m","3",",m","0",",m","0",",m","0",",m","0",",m","30",",m","2",",m","5.6",",m,05,+","13.5",",,m,09,","32.8",",m,26,+","16.2","m","16.2",",m","24.9",",,,m","18.93",",m","28.41",",,,m","9.45",",,,m"
"MXN00014096","1971-02","20.5167","-104.7833","1229.9","MASCOTA SMN, MX","55.2","m","20.6",",m","0",",m","0",",m","0",",m","0",",m","0",",m","0",",m","28",",m","2",",m","2.8",",m,26,+","0.0",",,m,28,+","36.7",",m,18,+","33.4","m","17.2",",m","0.0",",,,m","18.45",",m","30.12",",,,m","6.79",",,,m"
"MXN00014096","1971-03","20.5167","-104.7833","1229.9","MASCOTA SMN, MX","147.6","m","92.4",",m","0",",m","0",",m","0",",m","0",",m","0",",m","0",",m","31",",m","12",",m","6.7",",m,14,+","0.0",",,m,31,+","35.0",",m,31,+","33.4","m","0.0",",m","0.0",",,,m","21.31",",m","32.05",",,,m","10.57",",,,m"
"MXN00014096","1971-04","20.5167","-104.7833","1229.9","MASCOTA SMN, MX","238.3","m","90.7",",m","0",",m","0",",m","0",",m","0",",m","0",",m","0",",m","30",",m","18",",m","5.6",",m,17,","0.0",",,m,30,+","35.0",",m,30,+","34.5","m","1.1",",m","0.0",",,,m","21.32",",m","32.41",",,,m","10.23",",,,m"
"MXN00014096","1971-05","20.5167","-104.7833","1229.9","MASCOTA SMN, MX","383.7","m","145.4",",m","2",",m","1",",m","0",",m","0",",m","0",",m","0",",m","31",",m","25",",m","8.9",",m,18,","6.4",",,m,26,","35.0",",m,19,+","34.5","m","0.0",",m","7.4",",,,m","23.02",",m","33.12",",,,m","12.93",",,,m"
"MXN00014096","1971-06","20.5167","-104.7833","1229.9","MASCOTA SMN, MX","547.7","m","164.0",",m","10",",m","10",",m","1",",m","0",",m","0",",m","0",",m","30",",m","13",",m","12.8",",m,01,","36.8",",,m,19,","35.6",",m,02,","34.5","m","0.0",",m","161.0",",,,m","23.80",",m","30.79",",,,m","16.80",",,,m"
"MXN00014096","1971-07","20.5167","-104.7833","1229.9","MASCOTA SMN, MX","674.3","m","126.6",",m","22",",m","19",",m","5",",m","0",",m","0",",m","0",",m","31",",m","0",",m","15.0",",m,30,+","42.4",",,m,19,","30.6",",m,03,","0.0","m","0.0",",m","340.7",",,,m","22.42",",m","28.17",",,,m","16.66",",,,m"
"MXN00014096","1971-08","20.5167","-104.7833","1229.9","MASCOTA SMN, MX","807.4","m","133.1",",m","16",",m","15",",m","1",",m","0",",m","0",",m","0",",m","31",",m","0",",m","15.6",",m,27,+","101.9",",,m,31,","31.7",",m,29,+","0.0","m","0.0",",m","217.5",",,,m","22.63",",m","28.84",",,,m","16.42",",,,m"
"MXN00014096","1971-09","20.5167","-104.7833","1229.9","MASCOTA SMN, MX","936.0","m","128.6",",m","19",",m","15",",m","2",",m","0",",m","0",",m","0",",m","30",",m","1",",m","15.0",",m,03,","33.3",",,m,08,","36.7",",m,22,","0.0","m","0.0",",m","151.0",",,,m","22.62",",m","28.19",",,,m","17.05",",,,m"
"MXN00014096","1971-10","20.5167","-104.7833","1229.9","MASCOTA SMN, MX","1054.8","m","118.8",",m","12",",m","8",",m","0",",m","0",",m","0",",m","0",",m","29",",m","0",",m","12.8",",m,31,","24.9",",,m,09,","31.7",",m,23,+","1.4","m","1.4",",m","124.8",",,,m","22.12",",m","28.61",",,,m","15.63",",,,m"
"MXN00014096","1971-11","20.5167","-104.7833","1229.9","MASCOTA SMN, MX","1132.5","m","77.7",",m","1",",m","0",",m","0",",m","0",",m","0",",m","0",",m","30",",m","2",",m","7.8",",m,30,+","1.8",",,m,14,","32.8",",m,13,+","2.5","m","1.1",",m","1.8",",,,m","20.89",",m","29.88",",,,m","11.90",",,,m"
"MXN00014096","1971-12","20.5167","-104.7833","1229.9","MASCOTA SMN, MX","1179.8","m","47.3",",m","1",",m","1",",m","0",",m","0",",m","0",",m","0",",m","31",",m","0",",m","6.7",",m,07,","6.1",",,m,09,","31.7",",m,11,","3.8","m","1.3",",m","6.1",",,,m","19.82",",m","28.73",",,,m","10.90",",,,m"
"MXN00014096","1972-01","20.5167","-104.7833","1229.9","MASCOTA SMN, MX","37.5","m","37.5",",m","2",",m","1",",m","0",",m","0",",m","0",",m","0",",m","31",",m","0",",m","8.9",",m,24,+","19.8",",,m,03,","31.7",",m,26,","6.2","m","2.4",",m","21.1",",,,m","19.47",",m","27.58",",,,m","11.35",",,,m"
"MXN00014096","1972-02","20.5167","-104.7833","1229.9","MASCOTA SMN, MX","60.9","m","23.4",",m","0",",m","0",",m","0",",m","0",",m","0",",m","0",",m","29",",m","1",",m","3.9",",m,17,","0.0",",,m,29,+","32.8",",m,21,","19.3","m","13.1",",m","0.0",",,,m","18.69",",m","29.36",",,,m","8.02",",,,m"
"MXN00014096","1972-03","20.5167","-104.7833","1229.9","MASCOTA SMN, MX","118.8","m","57.9",",m","0",",m","0",",m","0",",m","0",",m","0",",m","0",",m","31",",m","1",",m","5.0",",m,02,","0.0",",,m,31,+","32.8",",m,09,","19.8","m","0.5",",m","0.0",",,,m","20.18",",m","30.78",",,,m","9.59",",,,m"
"MXN00014096","1972-04","20.5167","-104.7833","1229.9","MASCOTA SMN, MX","221.0","m","102.2",",m","0",",m","0",",m","0",",m","0",",m","0",",m","0",",m","30",",m","14",",m","10.0",",m,26,+","0.0",",,m,30,+","35.6",",m,05,","19.8","m","0.0",",m","0.0",",,,m","21.74",",m","32.01",",,,m","11.47",",,,m"
"MXN00014096","1972-05","20.5167","-104.7833","1229.9","MASCOTA SMN, MX","372.0","m","151.0",",m","3",",m","3",",m","1",",m","0",",m","0",",m","0",",m","31",",m","28",",m","10.6",",m,21,+","36.6",",,m,31,","35.0",",m,23,","19.8","m","0.0",",m","56.9",",,,m","23.20",",m","33.47",",,,m","12.93",",,,m"
"MXN00014096","1972-06","20.5167","-104.7833","1229.9","MASCOTA SMN, MX","500.6","m","128.6",",m","13",",m","9",",m","1",",m","0",",m","0",",m","0",",m","30",",m","3",",m","15.0",",m,02,+","36.3",",,m,07,","32.8",",m,04,+","19.8","m","0.0",",m","113.9",",,,m","22.62",",m","28.47",",,,m","16.77",",,,m"
"MXN00014096","1972-07","20.5167","-104.7833","1229.9","MASCOTA SMN, MX","637.4","m","136.8",",m","20",",m","16",",m","5",",m","0",",m","0",",m","0",",m","31",",m","2",",m","13.9",",m,02,","45.5",",,m,16,","33.9",",m,03,","0.0","m","0.0",",m","252.8",",,,m","22.75",",m","29.25",",,,m","16.25",",,,m"
"MXN00014096","1972-08","20.5167","-104.7833","1229.9","MASCOTA SMN, MX","761.8","m","124.4",",m","22",",m","17",",m","2",",m","0",",m","0",",m","0",",m","31",",m","0",",m","15.0",",m,16,+","48.8",",,m,03,","30.6",",m,21,","0.0","m","0.0",",m","238.6",",,,m","22.35",",m","28.25",",,,m","16.45",",,,m"
"MXN00014096","1972-09","20.5167","-104.7833","1229.9","MASCOTA SMN, MX","881.9","m","120.1",",m","18",",m","13",",m","0",",m","0",",m","0",",m","0",",m","30",",m","2",",m","13.9",",m,26,+","24.9",",,m,12,","32.8",",m,30,+","0.0","m","0.0",",m","161.3",",,,m","22.34",",m","28.96",",,,m","15.71",",,,m"
"MXN00014096","1972-10","20.5167","-104.7833","1229.9","MASCOTA SMN, MX","1015.8","m","133.9",",m","7",",m","5",",m","0",",m","0",",m","0",",m","0",",m","31",",m","1",",m","12.8",",m,29,+","21.6",",,m,10,","32.8",",m,10,","0.0","m","0.0",",m","40.7",",,,m","22.65",",m","30.15",",,,m","15.15",",,,m"
"MXN00014096","1972-11","20.5167","-104.7833","1229.9","MASCOTA SMN, MX","1097.2","m","81.4",",m","9",",m","8",",m","1",",m","0",",m","0",",m","0",",m","29",",m","2",",m","10.6",",m,14,","42.9",",,m,24,","32.8",",m,08,+","0.5","m","0.5",",m","121.3",",,,m","21.03",",m","27.95",",,,m","14.11",",,,m"
"MXN00014096","1972-12","20.5167","-104.7833","1229.9","MASCOTA SMN, MX","1132.4","m","35.2",",m","2",",m","1",",m","0",",m","0",",m","0",",m","0",",m","29",",m","0",",m","5.0",",m,22,","3.3",",,m,29,","30.6",",m,15,+","15.6","m","15.1",",m","5.1",",,,m","18.98",",m","27.51",",,,m","10.46",",,,m"
"MXN00014096","1973-01","20.5167","-104.7833","1229.9","MASCOTA SMN, MX","7.1","m","7.1",",m","3",",m","2",",m","1",",m","0",",m","0",",m","0",",m","28",",m","0",",m","2.8",",m,21,","29.0",",,m,09,","30.0",",m,30,+","51.3","m","35.7",",m","36.9",",,,m","17.41",",m","26.41",",,,m","8.41",",,,m"
"MXN00014096","1973-02","20.5167","-104.7833","1229.9","MASCOTA SMN, MX","34.3","m","27.2",",m","4",",m","3",",m","0",",m","0",",m","0",",m","0",",m","27",",m","1",",m","5.6",",m,14,+","14.5",",,m,16,","32.8",",m,04,","60.5","m","9.2",",m","41.2",",,,m","18.98",",m","28.18",",,,m","9.78",",,,m"
"MXN00014096","1973-03","20.5167","-104.7833","1229.9","MASCOTA SMN, MX","84.2","m","49.9",",m","0",",m","0",",m","0",",m","0",",m","0",",m","0",",m","31",",m","2",",m","5.0",",m,11,","0.0",",,m,31,+","32.8",",m,28,+","61.6","m","1.1",",m","0.0",",,,m","19.91",",m","30.17",",,,m","9.65",",,,m"
"MXN00014096","1973-04","20.5167","-104.7833","1229.9","MASCOTA SMN, MX","172.0","m","87.8",",m","1",",m","0",",m","0",",m","0",",m","0",",m","0",",m","29",",m","11",",m","5.0",",m,07,","2.3",",,m,05,","35.0",",m,30,+","66.2","m","4.6",",m","2.3",",,,m","21.10",",m","30.98",",,,m","11.23",",,,m"
"MXN00014096","1973-05","20.5167","-104.7833","1229.9","MASCOTA SMN, MX","326.5","m","154.5",",m","2",",m","1",",m","0",",m","0",",m","0",",m","0",",m","31",",m","20",",m","10.0",",m,28,+","10.2",",,m,15,","35.0",",m,13,+","66.2","m","0.0",",m","11.0",",,,m","23.32",",m","32.82",",,,m","13.82",",,,m"
"MXN00014096","1973-06","20.5167","-104.7833","1229.9","MASCOTA SMN, MX","457.0","m","130.5",",m","12",",m","9",",m","0",",m","0",",m","0",",m","0",",m","30",",m","8",",m","11.7",",m,18,","22.9",",,m,21,","33.9",",m,20,+","66.2","m","0.0",",m","86.0",",,,m","22.68",",m","30.14",",,,m","15.22",",,,m"
"MXN00014096","1973-07","20.5167","-104.7833","1229.9","MASCOTA SMN, MX","592.9","m","135.9",",m","22",",m","18",",m","1",",m","0",",m","0",",m","0",",m","31",",m","0",",m","15.0",",m,30,+","40.4",",,m,21,","30.6",",m,21,","0.0","m","0.0",",m","231.5",",,,m","22.72",",m","28.74",",,,m","16.69",",,,m"
"MXN00014096","1973-08","20.5167","-104.7833","1229.9","MASCOTA SMN, MX","715.9","m","123.0",",m","21",",m","17",",m","1",",m","0",",m","0",",m","0",",m","31",",m","0",",m","15.0",",m,24,+","37.8",",,m,27,","30.6",",m,22,+","0.0","m","0.0",",m","232.4",",,,m","22.30",",m","27.95",",,,m","16.65",",,,m"
"MXN00014096","1973-09","20.5167","-104.7833","1229.9","MASCOTA SMN, MX","842.6","m","126.7",",m","16",",m","12",",m","2",",m","0",",m","0",",m","0",",m","30",",m","0",",m","13.9",",m,26,","36.8",",,m,30,","31.7",",m,02,","0.0","m","0.0",",m","168.2",",,,m","22.56",",m","28.85",",,,m","16.27",",,,m"
"MXN00014096","1973-10","20.5167","-104.7833","1229.9","MASCOTA SMN, MX","947.8","m","105.2",",m","11",",m","7",",m","3",",m","0",",m","0",",m","0",",m","30",",m","2",",m","10.6",",m,21,+","45.0",",,m,16,","32.8",",m,10,+","0.8","m","0.8",",m","161.9",",,,m","21.70",",m","29.26",",,,m","14.13",",,,m"
"MXN00014096","1973-11","20.5167","-104.7833","1229.9","MASCOTA SMN, MX","1017.9","m","70.1",",m","0",",m","0",",m","0",",m","0",",m","0",",m","0",",m","30",",m","5",",m","5.0",",m,20,","0.0",",,m,30,+","32.8",",m,11,+","1.6","m","0.8",",m","0.0",",,,m","20.64",",m","30.34",",,,m","10.95",",,,m"
"MXN00014096","1973-12","20.5167","-104.7833","1229.9","MASCOTA SMN, MX","1024.7","m","6.8",",m","0",",m","0",",m","0",",m","0",",m","0",",m","0",",m","30",",m","0",",m","5.0",",m,26,+","0.0",",,m,31,+","30.0",",m,16,+","36.6","m","35.0",",m","0.0",",,,m","17.42",",m","27.42",",,,m","7.42",",,,m"
"MXN00014096","1974-01","20.5167","-104.7833","1229.9","MASCOTA SMN, MX","27.3","m","27.3",",m","1",",m","1",",m","0",",m","0",",m","0",",m","0",",m","31",",m","0",",m","6.7",",m,28,+","2.5",",,m,16,","31.7",",m,15,","43.6","m","7.0",",m","2.5",",,,m","18.99",",m","28.76",",,,m","9.21",",,,m"
"MXN00014096","1974-02","20.5167","-104.7833","1229.9","MASCOTA SMN, MX","50.5","m","23.2",",m","0",",m","0",",m","0",",m","0",",m","0",",m","0",",m","28",",m","0",",m","3.9",",m,04,","0.0",",,m,28,+","31.7",",m,24,+","50.1","m","6.5",",m","0.0",",,,m","18.93",",m","30.02",",,,m","7.84",",,,m"
"MXN00014096","1974-03","20.5167","-104.7833","1229.9","MASCOTA SMN, MX","95.6","m","45.1",",m","1",",m","1",",m","0",",m","0",",m","0",",m","0",",m","31",",m","0",",m","5.6",",m,22,","2.8",",,m,16,","31.7",",m,31,+","51.6","m","1.5",",m","2.8",",,,m","19.74",",m","30.26",",,,m","9.22",",,,m"
"MXN00014096","1974-04","20.5167","-104.7833","1229.9","MASCOTA SMN, MX","208.7","m","113.1",",m","2",",m","2",",m","0",",m","0",",m","0",",m","0",",m","30",",m","16",",m","8.9",",m,04,","17.8",",,m,06,","35.0",",m,23,","51.6","m","0.0",",m","27.7",",,,m","22.10",",m","32.36",",,,m","11.85",",,,m"
"MXN00014096","1974-05","20.5167","-104.7833","1229.9","MASCOTA SMN, MX","323.1","m","114.4",",m","4",",m","3",",m","0",",m","0",",m","0",",m","0",",m","31",",m","19",",m","8.9",",m,06,","23.9",",,m,29,","35.6",",m,12,","51.6","m","0.0",",m","41.0",",,,m","22.02",",m","31.99",",,,m","12.05",",,,m"
"MXN00014096","1974-06","20.5167","-104.7833","1229.9","MASCOTA SMN, MX","451.2","m","128.1",",m","17",",m","14",",m","1",",m","0",",m","0",",m","0",",m","30",",m","3",",m","10.6",",m,08,","38.9",",,m,20,","32.8",",m,10,+","51.6","m","0.0",",m","234.8",",,,m","22.60",",m","29.36",",,,m","15.85",",,,m"
"MXN00014096","1974-07","20.5167","-104.7833","1229.9","MASCOTA SMN, MX","548.6","m","97.4",",m","22",",m","14",",m","1",",m","0",",m","0",",m","0",",m","31",",m","0",",m","13.9",",m,21,+","31.0",",,m,31,","30.0",",m,31,+","0.0","m","0.0",",m","180.4",",,,m","21.47",",m","27.31",",,,m","15.64",",,,m"
"MXN00014096","1974-08","20.5167","-104.7833","1229.9","MASCOTA SMN, MX","677.1","m","128.5",",m","18",",m","14",",m","2",",m","0",",m","0",",m","0",",m","31",",m","0",",m","15.0",",m,26,+","63.0",",,m,10,","31.7",",m,17,+","0.0","m","0.0",",m","205.0",",,,m","22.48",",m","29.23",",,,m","15.73",",,,m"
"MXN00014096","1974-09","20.5167","-104.7833","1229.9","MASCOTA SMN, MX","792.5","m","115.4",",m","18",",m","12",",m","0",",m","0",",m","0",",m","0",",m","30",",m","0",",m","13.9",",m,05,","24.9",",,m,13,","30.6",",m,20,+","0.0","m","0.0",",m","138.8",",,,m","22.18",",m","28.20",",,,m","16.16",",,,m"
"MXN00014096","1974-10","20.5167","-104.7833","1229.9","MASCOTA SMN, MX","903.6","m","111.1",",m","4",",m","3",",m","1",",m","0",",m","0",",m","0",",m","31",",m","4",",m","7.8",",m,21,","45.0",",,m,16,","32.8",",m,25,+","0.0","m","0.0",",m","66.1",",,,m","21.92",",m","30.54",",,,m","13.30",",,,m"
"MXN00014096","1974-11","20.5167","-104.7833","1229.9","MASCOTA SMN, MX","944.6","m","41.0",",m","1",",m","0",",m","0",",m","0",",m","0",",m","0",",m","30",",m","0",",m","7.8",",m,14,","1.8",",,m,06,","31.7",",m,22,+","4.6","m","4.6",",m","1.8",",,,m","19.55",",m","28.48",",,,m","10.61",",,,m"
"MXN00014096","1974-12","20.5167","-104.7833","1229.9","MASCOTA SMN, MX","954.0","m","9.4",",m","4",",m","4",",m","1",",m","0",",m","0",",m","0",",m","26",",m","0",",m","8.9",",m,21,+","49.8",",,m,26,","30.6",",m,07,","32.3","m","27.7",",m","82.3",",,,m","17.74",",m","24.92",",,,m","10.56",",,,m"
"MXN00014096","1975-01","20.5167","-104.7833","1229.9","MASCOTA SMN, MX","12.5","m","12.5",",m","3",",m","3",",m","0",",m","0",",m","0",",m","0",",m","28",",m","0",",m","5.0",",m,11,","12.2",",,m,18,","30.0",",m,28,+","65.9","m","33.6",",m","20.8",",,,m","17.65",",m","26.27",",,,m","9.03",",,,m"
"MXN00014096","1975-02","20.5167","-104.7833","1229.9","MASCOTA SMN, MX","21.9","m","9.4",",m","0",",m","0",",m","0",",m","0",",m","0",",m","0",",m","28",",m","0",",m","5.6",",m,21,+","0.0",",,m,28,+","30.6",",m,27,","86.3","m","20.4",",m","0.0",",,,m","17.94",",m","27.94",",,,m","7.94",",,,m"
"MXN00014096","1975-03","20.5167","-104.7833","1229.9","MASCOTA SMN, MX","85.6","m","63.7",",m","0",",m","0",",m","0",",m","0",",m","0",",m","0",",m","31",",m","2",",m","5.6",",m,05,","0.0",",,m,31,+","32.8",",m,24,+","86.8","m","0.5",",m","0.0",",,,m","20.37",",m","30.94",",,,m","9.80",",,,m"
"MXN00014096","1975-04","20.5167","-104.7833","1229.9","MASCOTA SMN, MX","195.9","m","110.3",",m","0",",m","0",",m","0",",m","0",",m","0",",m","0",",m","30",",m","18",",m","10.0",",m,30,+","0.0",",,m,30,+","35.0",",m,04,","86.8","m","0.0",",m","0.0",",,,m","22.01",",m","32.49",",,,m","11.53",",,,m"
"MXN00014096","1975-05","20.5167","-104.7833","1229.9","MASCOTA SMN, MX","341.9","m","146.0",",m","0",",m","0",",m","0",",m","0",",m","0",",m","0",",m","31",",m","19",",m","10.0",",m,05,+","0.0",",,m,31,+","35.0",",m,09,","86.8","m","0.0",",m","0.0",",,,m","23.04",",m","32.69",",,,m","13.39",",,,m"
"MXN00014096","1975-06","20.5167","-104.7833","1229.9","MASCOTA SMN, MX","494.5","m","152.6",",m","14",",m","11",",m","0",",m","0",",m","0",",m","0",",m","30",",m","9",",m","12.8",",m,01,","21.8",",,m,22,","33.9",",m,08,+","86.8","m","0.0",",m","120.4",",,,m","23.42",",m","29.89",",,,m","16.95",",,,m"
"MXN00014096","1975-07","20.5167","-104.7833","1229.9","MASCOTA SMN, MX","603.4","m","108.9",",m","24",",m","18",",m","1",",m","0",",m","0",",m","0",",m","31",",m","0",",m","15.0",",m,23,","41.9",",,m,15,","30.0",",m,10,","0.0","m","0.0",",m","241.3",",,,m","21.85",",m","26.94",",,,m","16.75",",,,m"
"MXN00014096","1975-08","20.5167","-104.7833","1229.9","MASCOTA SMN, MX","709.8","m","106.4",",m","25",",m","17",",m","2",",m","0",",m","0",",m","0",",m","31",",m","0",",m","13.9",",m,19,+","47.8",",,m,17,","30.6",",m,19,","0.0","m","0.0",",m","208.7",",,,m","21.77",",m","28.17",",,,m","15.36",",,,m"
"MXN00014096","1975-09","20.5167","-104.7833","1229.9","MASCOTA SMN, MX","820.6","m","110.8",",m","18",",m","13",",m","0",",m","0",",m","0",",m","0",",m","30",",m","0",",m","10.6",",m,27,+","14.0",",,m,23,","31.7",",m,09,","0.0","m","0.0",",m","106.5",",,,m","22.03",",m","28.46",",,,m","15.59",",,,m"
"MXN00014096","1975-10","20.5167","-104.7833","1229.9","MASCOTA SMN, MX","944.0","m","123.4",",m","4",",m","3",",m","0",",m","0",",m","0",",m","0",",m","31",",m","11",",m","10.6",",m,02,","23.9",",,m,05,","33.9",",m,14,+","0.0","m","0.0",",m","30.8",",,,m","22.31",",m","30.83",",,,m","13.80",",,,m"
"MXN00014096","1975-11","20.5167","-104.7833","1229.9","MASCOTA SMN, MX","998.7","m","54.7",",m","1",",m","0",",m","0",",m","0",",m","0",",m","0",",m","30",",m","0",",m","6.7",",m,27,+","0.8",",,m,06,","31.7",",m,16,+","1.6","m","1.6",",m","0.8",",,,m","20.10",",m","30.13",",,,m","10.07",",,,m"
"MXN00014096","1975-12","20.5167","-104.7833","1229.9","MASCOTA SMN, MX","1034.0","m","35.3",",m","3",",m","0",",m","0",",m","0",",m","0",",m","0",",m","31",",m","2",",m","0.6",",m,28,","0.8",",,m,20,+","32.8",",m,09,+","33.7","m","32.1",",m","2.4",",,,m","18.44",",m","28.55",",,,m","8.32",",,,m"
"MXN00014096","1976-01","20.5167","-104.7833","1229.9","MASCOTA SMN, MX","17.7","m","17.7",",m","0",",m","0",",m","0",",m","0",",m","0",",m","0",",m","31",",m","0",",m","0.6",",m,01,","0.0",",,m,31,+","30.6",",m,15,+","55.0","m","21.3",",m","0.0",",,,m","18.22",",m","28.69",",,,m","7.75",",,,m"
"MXN00014096","1976-02","20.5167","-104.7833","1229.9","MASCOTA SMN, MX","53.7","m","36.0",",m","1",",m","0",",m","0",",m","0",",m","0",",m","0",",m","29",",m","0",",m","5.6",",m,25,","1.8",",,m,14,","31.7",",m,26,+","56.3","m","1.3",",m","1.8",",,,m","19.53",",m","29.73",",,,m","9.32",",,,m"
"MXN00014096","1976-03","20.5167","-104.7833","1229.9","MASCOTA SMN, MX","123.8","m","70.1",",m","0",",m","0",",m","0",",m","0",",m","0",",m","0",",m","31",",m","6",",m","5.6",",m,01,","0.0",",,m,31,+","33.9",",m,17,+","56.8","m","0.5",",m","0.0",",,,m","20.58",",m","31.06",",,,m","10.09",",,,m"
"MXN00014096","1976-04","20.5167","-104.7833","1229.9","MASCOTA SMN, MX","219.1","m","95.3",",m","0",",m","0",",m","0",",m","0",",m","0",",m","0",",m","30",",m","12",",m","6.7",",m,06,","0.0",",,m,30,+","33.9",",m,28,+","56.8","m","0.0",",m","0.0",",,,m","21.51",",m","32.10",",,,m","10.92",",,,m"
"MXN00014096","1976-05","20.5167","-104.7833","1229.9","MASCOTA SMN, MX","360.0","m","140.9",",m","0",",m","0",",m","0",",m","0",",m","0",",m","0",",m","31",",m","28",",m","10.6",",m,25,+","0.0",",,m,31,+","35.0",",m,27,","56.8","m","0.0",",m","0.0",",,,m","22.88",",m","33.24",",,,m","12.52",",,,m"
"MXN00014096","1976-06","20.5167","-104.7833","1229.9","MASCOTA SMN, MX","542.4","m","182.4",",m","15",",m","11",",m","2",",m","0",",m","0",",m","0",",m","30",",m","18",",m","11.7",",m,03,","31.0",",,m,07,","35.0",",m,06,+","56.8","m","0.0",",m","158.6",",,,m","24.41",",m","32.30",",,,m","16.53",",,,m"
"MXN00014096","1976-07","20.5167","-104.7833","1229.9","MASCOTA SMN, MX","665.2","m","122.8",",m","20",",m","13",",m","3",",m","0",",m","0",",m","0",",m","31",",m","2",",m","13.9",",m,22,+","54.9",",,m,05,","32.8",",m,22,+","0.0","m","0.0",",m","213.5",",,,m","22.30",",m","28.53",",,,m","16.06",",,,m"
"MXN00014096","1976-08","20.5167","-104.7833","1229.9","MASCOTA SMN, MX","774.4","m","109.2",",m","26",",m","22",",m","3",",m","0",",m","0",",m","0",",m","31",",m","0",",m","15.0",",m,29,+","32.3",",,m,08,","31.7",",m,22,","0.0","m","0.0",",m","290.7",",,,m","21.85",",m","28.09",",,,m","15.62",",,,m"
"MXN00014096","1976-09","20.5167","-104.7833","1229.9","MASCOTA SMN, MX","889.5","m","115.1",",m","17",",m","13",",m","3",",m","0",",m","0",",m","0",",m","30",",m","0",",m","15.0",",m,27,+","40.4",",,m,08,","31.7",",m,12,+","0.0","m","0.0",",m","215.8",",,,m","22.17",",m","28.65",",,,m","15.69",",,,m"
"MXN00014096","1976-10","20.5167","-104.7833","1229.9","MASCOTA SMN, MX","989.4","m","99.9",",m","7",",m","5",",m","1",",m","0",",m","0",",m","0",",m","31",",m","1",",m","10.0",",m,20,+","30.7",",,m,11,","32.8",",m,06,","0.0","m","0.0",",m","68.0",",,,m","21.55",",m","29.34",",,,m","13.77",",,,m"
"MXN00014096","1976-11","20.5167","-104.7833","1229.9","MASCOTA SMN, MX","1013.6","m","24.2",",m","8",",m","7",",m","2",",m","0",",m","0",",m","0",",m","28",",m","0",",m","5.0",",m,15,","34.3",",,m,17,","31.7",",m,02,","15.3","m","15.3",",m","123.1",",,,m","18.63",",m","26.24",",,,m","11.02",",,,m"
"MXN00014096","1976-12","20.5167","-104.7833","1229.9","MASCOTA SMN, MX","1036.8","m","23.2",",m","4",",m","4",",m","1",",m","0",",m","0",",m","0",",m","30",",m","0",",m","10.0",",m,30,","27.9",",,m,24,","30.0",",m,13,","19.9","m","4.6",",m","60.6",",,,m","18.93",",m","26.07",",,,m","11.79",",,,m"
"MXN00014096","1977-01","20.5167","-104.7833","1229.9","MASCOTA SMN, MX","6.4","m","6.4",",m","2",",m","0",",m","0",",m","0",",m","0",",m","0",",m","30",",m","0",",m","6.7",",m,28,+","2.3",",,m,12,","30.0",",m,07,+","36.7","m","16.8",",m","3.6",",,,m","18.00",",m","26.83",",,,m","9.16",",,,m"
"MXN00014096","1977-02","20.5167","-104.7833","1229.9","MASCOTA SMN, MX","29.8","m","23.4",",m","1",",m","1",",m","0",",m","0",",m","0",",m","0",",m","28",",m","0",",m","3.9",",m,14,","3.0",",,m,22,","31.7",",m,20,","42.9","m","6.2",",m","3.0",",,,m","18.95",",m","29.23",",,,m","8.67",",,,m"
"MXN00014096","1977-03","20.5167","-104.7833","1229.9","MASCOTA SMN, MX","102.1","m","72.3",",m","0",",m","0",",m","0",",m","0",",m","0",",m","0",",m","31",",m","9",",m","5.6",",m,05,","0.0",",,m,31,+","33.9",",m,21,+","46.5","m","3.6",",m","0.0",",,,m","20.55",",m","31.08",",,,m","10.02",",,,m"
"MXN00014096","1977-04","20.5167","-104.7833","1229.9","MASCOTA SMN, MX","194.2","m","92.1",",m","0",",m","0",",m","0",",m","0",",m","0",",m","0",",m","30",",m","7",",m","7.8",",m,27,","0.0",",,m,30,+","33.9",",m,30,+","47.0","m","0.5",",m","0.0",",,,m","21.39",",m","31.36",",,,m","11.41",",,,m"
"MXN00014096","1977-05","20.5167","-104.7833","1229.9","MASCOTA SMN, MX","343.6","m","149.4",",m","2",",m","1",",m","0",",m","0",",m","0",",m","0",",m","31",",m","24",",m","10.0",",m,01,","11.2",",,m,31,","35.0",",m,23,","47.0","m","0.0",",m","13.0",",,,m","23.15",",m","32.97",",,,m","13.33",",,,m"
"MXN00014096","1977-06","20.5167","-104.7833","1229.9","MASCOTA SMN, MX","495.7","m","152.1",",m","14",",m","10",",m","3",",m","0",",m","0",",m","0",",m","30",",m","11",",m","13.9",",m,30,","36.8",",,m,16,","33.9",",m,14,+","47.0","m","0.0",",m","207.7",",,,m","23.40",",m","30.83",",,,m","15.97",",,,m"
"MXN00014096","1977-07","20.5167","-104.7833","1229.9","MASCOTA SMN, MX","629.8","m","134.1",",m","20",",m","14",",m","2",",m","0",",m","0",",m","0",",m","31",",m","3",",m","15.0",",m,30,+","31.8",",,m,01,","32.8",",m,29,+","0.0","m","0.0",",m","211.0",",,,m","22.66",",m","29.55",",,,m","15.77",",,,m"
"MXN00014096","1977-08","20.5167","-104.7833","1229.9","MASCOTA SMN, MX","762.0","m","132.2",",m","21",",m","14",",m","1",",m","0",",m","0",",m","0",",m","31",",m","0",",m","13.9",",m,17,","42.9",",,m,24,","31.7",",m,03,+","0.0","m","0.0",",m","194.4",",,,m","22.60",",m","29.07",",,,m","16.13",",,,m"
"MXN00014096","1977-09","20.5167","-104.7833","1229.9","MASCOTA SMN, MX","895.3","m","133.3",",m","15",",m","11",",m","1",",m","0",",m","0",",m","0",",m","30",",m","1",",m","15.0",",m,12,+","26.7",",,m,07,","35.6",",m,14,","0.0","m","0.0",",m","133.7",",,,m","22.78",",m","29.43",",,,m","16.13",",,,m"
"MXN00014096","1977-10","20.5167","-104.7833","1229.9","MASCOTA SMN, MX","1009.4","m","114.1",",m","9",",m","9",",m","1",",m","0",",m","0",",m","0",",m","31",",m","0",",m","10.0",",m,17,","31.0",",,m,02,","31.7",",m,15,+","0.0","m","0.0",",m","77.6",",,,m","22.01",",m","29.64",",,,m","14.38",",,,m"
"MXN00014096","1977-11","20.5167","-104.7833","1229.9","MASCOTA SMN, MX","1056.7","m","47.3",",m","3",",m","3",",m","0",",m","0",",m","0",",m","0",",m","30",",m","1",",m","5.6",",m,30,","19.8",",,m,10,","32.8",",m,10,","2.7","m","2.7",",m","39.6",",,,m","19.82",",m","29.39",",,,m","10.25",",,,m"
"MXN00014096","1977-12","20.5167","-104.7833","1229.9","MASCOTA SMN, MX","1072.7","m","16.0",",m","1",",m","0",",m","0",",m","0",",m","0",",m","0",",m","30",",m","0",",m","5.0",",m,15,","0.8",",,m,12,","31.7",",m,09,","15.2","m","12.5",",m","0.8",",,,m","18.45",",m","28.57",",,,m","8.32",",,,m"
"MXN00014096","1978-01","20.5167","-104.7833","1229.9","MASCOTA SMN, MX","14.2","m","14.2",",m","0",",m","0",",m","0",",m","0",",m","0",",m","0",",m","31",",m","0",",m","5.6",",m,20,+","0.0",",,m,31,+","30.6",",m,25,+","36.7","m","21.5",",m","0.0",",,,m","18.10",",m","27.80",",,,m","8.39",",,,m"
"MXN00014096","1978-02","20.5167","-104.7833","1229.9","MASCOTA SMN, MX","35.3","m","21.1",",m","1",",m","1",",m","0",",m","0",",m","0",",m","0",",m","27",",m","0",",m","5.0",",m,16,+","23.9",",,m,11,","31.7",",m,26,+","66.1","m","29.4",",m","23.9",",,,m","18.04",",m","26.63",",,,m","9.44",",,,m"
"MXN00014096","1978-03","20.5167","-104.7833","1229.9","MASCOTA SMN, MX","97.6","m","62.3",",m","0",",m","0",",m","0",",m","0",",m","0",",m","0",",m","31",",m","5",",m","5.6",",m,09,","0.0",",,m,31,+","33.9",",m,30,","68.2","m","2.1",",m","0.0",",,,m","20.27",",m","30.24",",,,m","10.31",",,,m"
"MXN00014096","1978-04","20.5167","-104.7833","1229.9","MASCOTA SMN, MX","213.5","m","115.9",",m","0",",m","0",",m","0",",m","0",",m","0",",m","0",",m","30",",m","18",",m","5.0",",m,12,","0.0",",,m,30,+","33.9",",m,30,+","69.6","m","1.4",",m","0.0",",,,m","22.15",",m","32.54",",,,m","11.76",",,,m"
"MXN00014096","1978-05","20.5167","-104.7833","1229.9","MASCOTA SMN, MX","358.3","m","144.8",",m","2",",m","0",",m","0",",m","0",",m","0",",m","0",",m","31",",m","23",",m","10.0",",m,06,+","1.3",",,m,14,","35.6",",m,13,","69.6","m","0.0",",m","2.1",",,,m","23.00",",m","33.33",",,,m","12.67",",,,m"
"MXN00014096","1978-06","20.5167","-104.7833","1229.9","MASCOTA SMN, MX","502.4","m","144.1",",m","22",",m","19",",m","2",",m","0",",m","0",",m","0",",m","30",",m","0",",m","13.9",",m,01,","46.0",",,m,04,","31.7",",m,14,+","69.6","m","0.0",",m","242.3",",,,m","23.14",",m","29.24",",,,m","17.03",",,,m"
"MXN00014096","1978-07","20.5167","-104.7833","1229.9","MASCOTA SMN, MX","642.5","m","140.1",",m","17",",m","13",",m","0",",m","0",",m","0",",m","0",",m","31",",m","0",",m","15.0",",m,31,+","19.3",",,m,04,","31.7",",m,20,","0.0","m","0.0",",m","150.1",",,,m","22.85",",m","28.39",",,,m","17.32",",,,m"
"MXN00014096","1978-08","20.5167","-104.7833","1229.9","MASCOTA SMN, MX","779.4","m","136.9",",m","20",",m","17",",m","4",",m","0",",m","0",",m","0",",m","31",",m","1",",m","15.0",",m,12,","37.3",",,m,30,","32.8",",m,08,","0.0","m","0.0",",m","230.3",",,,m","22.75",",m","28.85",",,,m","16.65",",,,m"
"MXN00014096","1978-09","20.5167","-104.7833","1229.9","MASCOTA SMN, MX","907.1","m","127.7",",m","17",",m","16",",m","2",",m","0",",m","0",",m","0",",m","30",",m","0",",m","15.0",",m,19,","29.5",",,m,23,","31.7",",m,20,","0.0","m","0.0",",m","200.5",",,,m","22.59",",m","28.02",",,,m","17.16",",,,m"
"MXN00014096","1978-10","20.5167","-104.7833","1229.9","MASCOTA SMN, MX","1002.3","m","95.2",",m","12",",m","8",",m","0",",m","0",",m","0",",m","0",",m","29",",m","0",",m","10.6",",m,28,+","15.7",",,m,02,","30.6",",m,01,","2.7","m","2.7",",m","64.1",",,,m","21.32",",m","27.64",",,,m","15.00",",,,m"
"MXN00014096","1978-11","20.5167","-104.7833","1229.9","MASCOTA SMN, MX","1082.5","m","80.2",",m","1",",m","1",",m","0",",m","0",",m","0",",m","0",",m","30",",m","3",",m","8.9",",m,17,+","5.6",",,m,28,","32.8",",m,21,+","2.7","m","0.0",",m","5.6",",,,m","21.01",",m","29.96",",,,m","12.05",",,,m"
"MXN00014096","1978-12","20.5167","-104.7833","1229.9","MASCOTA SMN, MX","1124.1","m","41.6",",m","1",",m","1",",m","0",",m","0",",m","0",",m","0",",m","31",",m","0",",m","7.8",",m,23,+","5.6",",,m,11,","31.7",",m,17,","7.5","m","4.8",",m","5.6",",,,m","19.52",",m","28.13",",,,m","10.92",",,,m"
"MXN00014096","1979-01","20.5167","-104.7833","1229.9","MASCOTA SMN, MX","9.7","m","9.7",",m","2",",m","1",",m","0",",m","0",",m","0",",m","0",",m","31",",m","0",",m","3.9",",m,13,","17.3",",,m,25,","30.0",",m,05,+","22.6","m","15.1",",m","19.1",",,,m","18.16",",m","27.08",",,,m","9.23",",,,m"
"MXN00014096","1979-02","20.5167","-104.7833","1229.9","MASCOTA SMN, MX","31.7","m","22.0",",m","5",",m","2",",m","0",",m","0",",m","0",",m","0",",m","28",",m","1",",m","1.7",",m,07,","13.0",",,m,12,","32.8",",m,25,","29.4","m","6.8",",m","21.2",",,,m","18.88",",m","27.74",",,,m","10.02",",,,m"
"MXN00014096","1979-03","20.5167","-104.7833","1229.9","MASCOTA SMN, MX","93.7","m","62.0",",m","0",",m","0",",m","0",",m","0",",m","0",",m","0",",m","31",",m","3",",m","7.8",",m,25,+","0.0",",,m,31,+","33.9",",m,30,+","31.0","m","1.6",",m","0.0",",,,m","20.28",",m","30.07",",,,m","10.49",",,,m"
"MXN00014096","1979-04","20.5167","-104.7833","1229.9","MASCOTA SMN, MX","206.7","m","113.0",",m","0",",m","0",",m","0",",m","0",",m","0",",m","0",",m","30",",m","26",",m","8.9",",m,13,+","0.0",",,m,30,+","35.0",",m,16,+","31.0","m","0.0",",m","0.0",",,,m","22.10",",m","32.98",",,,m","11.22",",,,m"
"MXN00014096","1979-05","20.5167","-104.7833","1229.9","MASCOTA SMN, MX","334.5","m","127.8",",m","1",",m","0",",m","0",",m","0",",m","0",",m","0",",m","31",",m","25",",m","7.8",",m,06,","1.8",",,m,31,","33.9",",m,22,+","31.0","m","0.0",",m","1.8",",,,m","22.46",",m","32.82",",,,m","12.10",",,,m"
"MXN00014096","1979-06","20.5167","-104.7833","1229.9","MASCOTA SMN, MX","509.1","m","174.6",",m","8",",m","8",",m","2",",m","0",",m","0",",m","0",",m","30",",m","12",",m","12.8",",m,09,","64.3",",,m,29,","33.9",",m,26,+","31.0","m","0.0",",m","139.0",",,,m","24.15",",m","31.24",",,,m","17.06",",,,m"
"MXN00014096","1979-07","20.5167","-104.7833","1229.9","MASCOTA SMN, MX","651.4","m","142.3",",m","21",",m","17",",m","5",",m","0",",m","0",",m","0",",m","31",",m","0",",m","15.0",",m,03,","59.9",",,m,26,","31.7",",m,06,","0.0","m","0.0",",m","334.9",",,,m","22.92",",m","28.14",",,,m","17.71",",,,m"
"MXN00014096","1979-08","20.5167","-104.7833","1229.9","MASCOTA SMN, MX","799.3","m","147.9",",m","17",",m","16",",m","1",",m","0",",m","0",",m","0",",m","31",",m","1",",m","15.6",",m,05,+","34.8",",,m,29,","32.8",",m,20,","0.0","m","0.0",",m","144.2",",,,m","23.10",",m","28.87",",,,m","17.34",",,,m"
"MXN00014096","1979-09","20.5167","-104.7833","1229.9","MASCOTA SMN, MX","930.3","m","131.0",",m","10",",m","8",",m","0",",m","0",",m","0",",m","0",",m","30",",m","0",",m","10.6",",m,27,","20.8",",,m,13,","30.6",",m,27,+","0.0","m","0.0",",m","86.1",",,,m","22.70",",m","28.73",",,,m","16.67",",,,m"
"MXN00014096","1979-10","20.5167","-104.7833","1229.9","MASCOTA SMN, MX","1041.2","m","110.9",",m","3",",m","1",",m","0",",m","0",",m","0",",m","0",",m","31",",m","5",",m","8.9",",m,31,","5.8",",,m,27,","32.8",",m,23,+","0.5","m","0.5",",m","9.9",",,,m","21.89",",m","30.24",",,,m","13.55",",,,m"
"MXN00014096","1979-11","20.5167","-104.7833","1229.9","MASCOTA SMN, MX","1071.0","m","29.8",",m","0",",m","0",",m","0",",m","0",",m","0",",m","0",",m","30",",m","0",",m","3.9",",m,26,","0.0",",,m,30,+","31.7",",m,03,+","9.2","m","8.7",",m","0.0",",,,m","19.04",",m","29.06",",,,m","9.01",",,,m"
"MXN00014096","1979-12","20.5167","-104.7833","1229.9","MASCOTA SMN, MX","1104.2","m","33.2",",m","3",",m","1",",m","0",",m","0",",m","0",",m","0",",m","29",",m","0",",m","5.0",",m,06,","11.7",",,m,02,","31.7",",m,25,","20.4","m","11.2",",m","14.8",",,,m","19.04",",m","27.05",",,,m","11.04",",,,m"
"MXN00014096","1980-01","20.5167","-104.7833","1229.9","MASCOTA SMN, MX","7.4","m","7.4",",m","4",",m","4",",m","3",",m","0",",m","0",",m","0",",m","28",",m","0",",m","5.0",",m,12,","35.8",",,m,25,","31.7",",m,12,","45.6","m","25.2",",m","110.5",",,,m","17.76",",m","26.81",",,,m","8.71",",,,m"
"MXN00014096","1980-02","20.5167","-104.7833","1229.9","MASCOTA SMN, MX","41.9","m","34.5",",m","2",",m","1",",m","0",",m","0",",m","0",",m","0",",m","28",",m","0",",m","6.7",",m,29,","17.8",",,m,12,","30.6",",m,09,+","52.2","m","6.6",",m","19.1",",,,m","19.30",",m","27.87",",,,m","10.72",",,,m"
"MXN00014096","1980-03","20.5167","-104.7833","1229.9","MASCOTA SMN, MX","125.6","m","83.7",",m","0",",m","0",",m","0",",m","0",",m","0",",m","0",",m","31",",m","5",",m","6.7",",m,01,","0.0",",,m,31,+","33.9",",m,15,+","52.7","m","0.5",",m","0.0",",,,m","21.02",",m","30.86",",,,m","11.17",",,,m"
"MXN00014096","1980-04","20.5167","-104.7833","1229.9","MASCOTA SMN, MX","229.3","m","103.7",",m","2",",m","1",",m","0",",m","0",",m","0",",m","0",",m","30",",m","16",",m","7.8",",m,14,","2.8",",,m,11,","35.0",",m,08,","52.7","m","0.0",",m","3.6",",,,m","21.79",",m","31.87",",,,m","11.71",",,,m"
"MXN00014096","1980-05","20.5167","-104.7833","1229.9","MASCOTA SMN, MX","399.6","m","170.3",",m","1",",m","0",",m","0",",m","0",",m","0",",m","0",",m","31",",m","25",",m","11.7",",m,17,","0.8",",,m,01,","35.0",",m,19,+","52.7","m","0.0",",m","0.8",",,,m","23.83",",m","33.20",",,,m","14.45",",,,m"
"MXN00014096","1980-06","20.5167","-104.7833","1229.9","MASCOTA SMN, MX","597.2","m","197.6",",m","13",",m","13",",m","4",",m","0",",m","0",",m","0",",m","30",",m","16",",m","13.9",",m,03,","51.3",",,m,30,","36.7",",m,09,","52.7","m","0.0",",m","231.3",",,,m","24.92",",m","32.24",",,,m","17.59",",,,m"
"MXN00014096","1980-07","20.5167","-104.7833","1229.9","MASCOTA SMN, MX","745.7","m","148.5",",m","19",",m","16",",m","0",",m","0",",m","0",",m","0",",m","31",",m","1",",m","15.6",",m,18,+","22.9",",,m,08,","32.8",",m,06,","0.0","m","0.0",",m","149.3",",,,m","23.12",",m","28.76",",,,m","17.48",",,,m"
"MXN00014096","1980-08","20.5167","-104.7833","1229.9","MASCOTA SMN, MX","875.6","m","129.9",",m","18",",m","14",",m","2",",m","0",",m","0",",m","0",",m","31",",m","0",",m","15.6",",m,31,+","37.8",",,m,19,","30.6",",m,18,+","0.0","m","0.0",",m","201.4",",,,m","22.52",",m","27.82",",,,m","17.23",",,,m"
"MXN00014096","1980-09","20.5167","-104.7833","1229.9","MASCOTA SMN, MX","999.7","m","124.1",",m","17",",m","16",",m","2",",m","0",",m","0",",m","0",",m","30",",m","0",",m","15.6",",m,26,+","35.8",",,m,27,","31.7",",m,16,","0.0","m","0.0",",m","222.7",",,,m","22.47",",m","28.09",",,,m","16.85",",,,m"
"MXN00014096","1980-10","20.5167","-104.7833","1229.9","MASCOTA SMN, MX","1096.8","m","97.1",",m","8",",m","5",",m","0",",m","0",",m","0",",m","0",",m","31",",m","0",",m","12.8",",m,24,+","23.9",",,m,28,","31.7",",m,26,+","0.0","m","0.0",",m","89.0",",,,m","21.46",",m","28.40",",,,m","14.53",",,,m"
"MXN00014096","1980-11","20.5167","-104.7833","1229.9","MASCOTA SMN, MX","1143.7","m","46.9",",m","4",",m","3",",m","0",",m","0",",m","0",",m","0",",m","30",",m","0",",m","5.6",",m,27,","4.3",",,m,21,","31.7",",m,04,","3.7","m","3.7",",m","11.7",",,,m","19.77",",m","27.91",",,,m","11.63",",,,m"
"MXN00014096","1980-12","20.5167","-104.7833","1229.9","MASCOTA SMN, MX","1185.0","m","41.3","1,m","5",",m","2",",m","0",",m","0","1,m","0","1,m","0","1,m","29","1,m","0","1,m","7.8","1,m,22,+","21.8",",,m,23,","30.6","1,m,14,+","7.3","m","3.6","1,m","30.0",",,,m","19.59","1,m","27.89","1,,,m","11.29","1,,,m"
"MXN00014096","1981-01","20.5167","-104.7833","1229.9","MASCOTA SMN, MX","9.3","m","9.3",",m","4",",m","4",",m","2",",m","0",",m","0",",m","0",",m","27",",m","0",",m","5.0",",m,26,+","40.9",",,m,16,","30.6",",m,10,","63.0","m","55.7",",m","116.3",",,,m","16.84",",m","25.40",",,,m","8.28",",,,m"
"MXN00014096","1981-02","20.5167","-104.7833","1229.9","MASCOTA SMN, MX","53.7","m","44.4","1,m","2",",m","1",",m","1",",m","0",",m","0",",m","0","1,m","27","1,m","0","1,m","6.7",",m,11,","49.8",",,m,23,","31.7","1,m,27,+","63.5","m","0.5","1,m","51.6",",,,m","19.98","1,m","29.46","1,,,m","10.50",",,,m"
"MXN00014096","1981-03","20.5167","-104.7833","1229.9","MASCOTA SMN, MX","94.1","m","40.4",",m","1",",m","1",",m","0",",m","0",",m","0",",m","0",",m","31",",m","0",",m","6.7",",m,22,","7.1",",,m,06,","31.7",",m,31,+","66.5","m","3.0",",m","7.1",",,,m","19.54",",m","28.90",",,,m","10.18",",,,m"
"MXN00014096","1981-04","20.5167","-104.7833","1229.9","MASCOTA SMN, MX","224.6","m","130.5",",m","1",",m","1",",m","0",",m","0",",m","0",",m","0",",m","30",",m","17",",m","10.0",",m,25,+","3.3",",,m,17,","35.0",",m,29,+","66.5","m","0.0",",m","3.3",",,,m","22.68",",m","32.26",",,,m","13.11",",,,m"
"MXN00014096","1981-05","20.5167","-104.7833","1229.9","MASCOTA SMN, MX","367.0","m","142.4",",m","1",",m","1",",m","0",",m","0",",m","0",",m","0",",m","31",",m","22",",m","7.8",",m,03,","4.8",",,m,23,","35.0",",m,27,+","70.9","m","4.4",",m","4.8",",,,m","22.79",",m","32.45",",,,m","13.12",",,,m"
"MXN00014096","1981-06","20.5167","-104.7833","1229.9","MASCOTA SMN, MX","490.4","m","123.4","1,m","12",",m","10",",m","3",",m","0",",m","0",",m","0","1,m","29","1,m","6","1,m","11.7",",m,14,+","49.8",",,m,30,","35.0","1,m,06,+","70.9","m","0.0","1,m","170.0",",,,m","22.62","1,m","30.34","1,,,m","14.90",",,,m"
"MXN00014096","1981-07","20.5167","-104.7833","1229.9","MASCOTA SMN, MX","616.5","m","126.1",",m","22",",m","16",",m","2",",m","0",",m","0",",m","0",",m","31",",m","0",",m","15.0",",m,31,+","35.3",",,m,08,","30.6",",m,31,+","0.0","m","0.0",",m","198.3",",,,m","22.40",",m","28.34",",,,m","16.46",",,,m"
"MXN00014096","1981-08","20.5167","-104.7833","1229.9","MASCOTA SMN, MX","742.0","m","125.5",",m","21",",m","17",",m","1",",m","0",",m","0",",m","0",",m","31",",m","0",",m","13.9",",m,04,","41.9",",,m,15,","30.6",",m,22,","0.0","m","0.0",",m","190.8",",,,m","22.38",",m","28.42",",,,m","16.34",",,,m"
"MXN00014096","1981-09","20.5167","-104.7833","1229.9","MASCOTA SMN, MX","875.8","m","133.8",",m","12",",m","12",",m","0",",m","0",",m","0",",m","0",",m","30",",m","1",",m","15.0",",m,22,+","24.9",",,m,25,","33.9",",m,24,","0.0","m","0.0",",m","166.8",",,,m","22.79",",m","29.17",",,,m","16.42",",,,m"
"MXN00014096","1981-10","20.5167","-104.7833","1229.9","MASCOTA SMN, MX","983.5","m","107.7",",m","6",",m","5",",m","1",",m","0",",m","0",",m","0",",m","31",",m","0",",m","12.8",",m,31,+","34.8",",,m,01,","30.6",",m,20,+","0.0","m","0.0",",m","80.8",",,,m","21.81",",m","28.90",",,,m","14.71",",,,m"
"MXN00014096","1981-11","20.5167","-104.7833","1229.9","MASCOTA SMN, MX","1043.4","m","59.9",",m","2",",m","1",",m","0",",m","0",",m","0",",m","0",",m","30",",m","1",",m","7.8",",m,25,","13.5",",,m,01,","32.8",",m,17,","0.5","m","0.5",",m","14.3",",,,m","20.31",",m","29.87",",,,m","10.75",",,,m"
"MXN00014096","1981-12","20.5167","-104.7833","1229.9","MASCOTA SMN, MX","1060.5","m","17.1",",m","1",",m","0",",m","0",",m","0",",m","0",",m","0",",m","30",",m","0",",m","6.7",",m,23,+","1.8",",,m,05,","30.0",",m,04,","12.5","m","12.0",",m","1.8",",,,m","18.50",",m","27.05",",,,m","9.95",",,,m"
"MXN00014096","1982-01","20.5167","-104.7833","1229.9","MASCOTA SMN, MX","24.9","m","24.9",",m","0",",m","0",",m","0",",m","0",",m","0",",m","0",",m","31",",m","0",",m","5.0",",m,14,+","0.0",",,m,31,+","30.0",",m,28,+","22.9","m","10.4",",m","0.0",",,,m","18.80",",m","28.59",",,,m","9.01",",,,m"
"MXN00014096","1982-02","20.5167","-104.7833","1229.9","MASCOTA SMN, MX","65.3","m","40.4",",m","1",",m","1",",m","0",",m","0",",m","0",",m","0",",m","28",",m","0",",m","5.0",",m,03,","4.3",",,m,23,","31.7",",m,22,+","30.6","m","7.7",",m","4.3",",,,m","19.50",",m","29.26",",,,m","9.74",",,,m"
"MXN00014096","1982-03","20.5167","-104.7833","1229.9","MASCOTA SMN, MX","136.0","m","70.7",",m","0",",m","0",",m","0",",m","0",",m","0",",m","0",",m","31",",m","5",",m","5.6",",m,06,","0.0",",,m,31,+","33.9",",m,31,+","33.8","m","3.2",",m","0.0",",,,m","20.51",",m","30.69",",,,m","10.33",",,,m"
"MXN00014096","1982-04","20.5167","-104.7833","1229.9","MASCOTA SMN, MX","270.2","m","134.2",",m","2",",m","1",",m","0",",m","0",",m","0",",m","0",",m","30",",m","17",",m","10.0",",m,10,","8.4",",,m,18,","35.0",",m,04,+","33.8","m","0.0",",m","9.2",",,,m","22.81",",m","32.46",",,,m","13.15",",,,m"
"MXN00014096","1982-05","20.5167","-104.7833","1229.9","MASCOTA SMN, MX","425.9","m","155.7",",m","1",",m","0",",m","0",",m","0",",m","0",",m","0",",m","31",",m","10",",m","13.9",",m,31,+","1.8",",,m,17,","33.9",",m,13,+","33.8","m","0.0",",m","1.8",",,,m","23.36",",m","31.17",",,,m","15.54",",,,m"
"MXN00014096","1982-06","20.5167","-104.7833","1229.9","MASCOTA SMN, MX","596.8","m","170.9",",m","8",",m","6",",m","1",",m","0",",m","0",",m","0",",m","29",",m","8",",m","11.7",",m,04,","26.9",",,m,29,","33.9",",m,09,+","33.8","m","0.0",",m","76.2",",,,m","24.03",",m","30.22",",,,m","17.83",",,,m"
"MXN00014096","1982-07","20.5167","-104.7833","1229.9","MASCOTA SMN, MX","744.0","m","147.2",",m","21",",m","17",",m","3",",m","0",",m","0",",m","0",",m","31",",m","0",",m","15.6",",m,28,","55.6",",,m,04,","30.0",",m,29,+","0.0","m","0.0",",m","289.8",",,,m","23.08",",m","28.47",",,,m","17.69",",,,m"
"MXN00014096","1982-08","20.5167","-104.7833","1229.9","MASCOTA SMN, MX","877.5","m","133.5",",m","15",",m","12",",m","3",",m","0",",m","0",",m","0",",m","31",",m","0",",m","10.0",",m,24,","27.4",",,m,08,","30.6",",m,28,+","0.0","m","0.0",",m","185.2",",,,m","22.64",",m","28.56",",,,m","16.71",",,,m"
"MXN00014096","1982-09","20.5167","-104.7833","1229.9","MASCOTA SMN, MX","1013.2","m","135.7",",m","8",",m","6",",m","1",",m","0",",m","0",",m","0",",m","30",",m","0",",m","10.6",",m,10,","26.4",",,m,10,","31.7",",m,23,+","0.0","m","0.0",",m","68.6",",,,m","22.86",",m","28.74",",,,m","16.97",",,,m"
"MXN00014096","1982-10","20.5167","-104.7833","1229.9","MASCOTA SMN, MX","1121.1","m","107.9",",m","4",",m","4",",m","1",",m","0",",m","0",",m","0",",m","31",",m","0",",m","10.0",",m,29,","59.9",",,m,06,","30.6",",m,25,+","0.0","m","0.0",",m","90.7",",,,m","21.81",",m","28.71",",,,m","14.91",",,,m"
"MXN00014096","1982-11","20.5167","-104.7833","1229.9","MASCOTA SMN, MX","1165.4","m","44.3",",m","2",",m","2",",m","1",",m","0",",m","0",",m","0",",m","28",",m","1",",m","7.8",",m,24,","50.8",",,m,26,","32.8",",m,15,","12.7","m","12.7",",m","74.2",",,,m","19.39",",m","27.68",",,,m","11.09",",,,m"
"MXN00014096","1982-12","20.5167","-104.7833","1229.9","MASCOTA SMN, MX","1167.1","m","1.7",",m","7",",m","5",",m","1",",m","0",",m","0",",m","0",",m","27",",m","0",",m","5.6",",m,06,","34.3",",,m,13,","28.9",",m,17,","61.0","m","48.3",",m","83.9",",,,m","16.83",",m","24.37",",,,m","9.29",",,,m"
"MXN00014096","1983-01","20.5167","-104.7833","1229.9","MASCOTA SMN, MX","12.1","m","12.1",",m","3",",m","3",",m","0",",m","0",",m","0",",m","0",",m","25",",m","0",",m","1.7",",m,25,+","6.4",",,m,17,","30.0",",m,11,","124.3","m","63.3",",m","17.3",",,,m","16.68",",m","24.49",",,,m","8.87",",,,m"
"MXN00014096","1983-02","20.5167","-104.7833","1229.9","MASCOTA SMN, MX","12.1","m","0.0",",m","0",",m","0",",m","0",",m","0",",m","0",",m","0",",m","28",",m","0",",m","2.8",",m,16,","0.0",",,m,28,+","27.8",",m,23,+","191.0","m","66.7",",m","0.0",",,,m","15.95",",m","25.46",",,,m","6.45",",,,m"
"MXN00014096","1983-03","20.5167","-104.7833","1229.9","MASCOTA SMN, MX","24.0","m","11.9",",m","0",",m","0",",m","0",",m","0",",m","0",",m","0",",m","31",",m","2",",m","2.8",",m,16,+","0.0",",,m,31,+","32.8",",m,31,+","230.6","m","39.6",",m","0.0",",,,m","17.44",",m","27.67",",,,m","7.21",",,,m"
"MXN00014096","1983-04","20.5167","-104.7833","1229.9","MASCOTA SMN, MX","102.6","m","78.6",",m","0",",m","0",",m","0",",m","0",",m","0",",m","0",",m","30",",m","6",",m","6.7",",m,09,+","0.0",",,m,30,+","32.8",",m,29,+","236.1","m","5.5",",m","0.0",",,,m","20.77",",m","30.10",",,,m","11.44",",,,m"
"MXN00014096","1983-05","20.5167","-104.7833","1229.9","MASCOTA SMN, MX","263.3","m","160.7",",m","3",",m","3",",m","2",",m","0",",m","0",",m","0",",m","29",",m","18",",m","13.9",",m,30,","27.2",",,m,25,","33.9",",m,21,+","236.1","m","0.0",",m","78.0",",,,m","23.52",",m","30.65",",,,m","16.39",",,,m"
"MXN00014096","1983-06","20.5167","-104.7833","1229.9","MASCOTA SMN, MX","428.7","m","165.4",",m","6",",m","4",",m","0",",m","0",",m","0",",m","0",",m","30",",m","0",",m","15.0",",m,07,+","15.0",",,m,22,","31.7",",m,10,","236.1","m","0.0",",m","39.9",",,,m","23.85",",m","29.44",",,,m","18.25",",,,m"
"MXN00014096","1983-07","20.5167","-104.7833","1229.9","MASCOTA SMN, MX","578.4","m","149.7",",m","18",",m","16",",m","1",",m","0",",m","0",",m","0",",m","31",",m","0",",m","17.8",",m,09,","31.0",",,m,18,","27.8",",m,31,+","0.0","m","0.0",",m","147.6",",,,m","23.16",",m","26.76",",,,m","19.56",",,,m"
"MXN00014096","1983-08","20.5167","-104.7833","1229.9","MASCOTA SMN, MX","693.5","m","115.1",",m","20",",m","18",",m","4",",m","0",",m","0",",m","0",",m","31",",m","0",",m","17.8",",m,31,+","45.0",",,m,18,","26.7",",m,31,+","0.0","m","0.0",",m","269.5",",,,m","22.05",",m","25.69",",,,m","18.40",",,,m"
"MXN00014096","1983-09","20.5167","-104.7833","1229.9","MASCOTA SMN, MX","814.3","m","120.8",",m","18",",m","15",",m","2",",m","0",",m","0",",m","0",",m","30",",m","0",",m","16.7",",m,24,","43.4",",,m,19,","28.9",",m,26,","0.0","m","0.0",",m","192.7",",,,m","22.36",",m","25.93",",,,m","18.79",",,,m"
"MXN00014096","1983-10","20.5167","-104.7833","1229.9","MASCOTA SMN, MX","926.1","m","111.8",",m","7",",m","6",",m","1",",m","0",",m","0",",m","0",",m","31",",m","0",",m","15.0",",m,31,+","36.8",",,m,25,","28.9",",m,11,+","0.0","m","0.0",",m","77.1",",,,m","21.94",",m","26.25",",,,m","17.64",",,,m"
"MXN00014096","1983-11","20.5167","-104.7833","1229.9","MASCOTA SMN, MX","959.7","m","33.6",",m","3",",m","3",",m","1",",m","0",",m","0",",m","0",",m","30",",m","0",",m","8.9",",m,30,","79.8",",,m,02,","28.3",",m,02,","4.8","m","4.8",",m","104.4",",,,m","19.29",",m","25.41",",,,m","13.18",",,,m"
"MXN00014096","1983-12","20.5167","-104.7833","1229.9","MASCOTA SMN, MX","971.6","m","11.9",",m","0",",m","0",",m","0",",m","0",",m","0",",m","0",",m","31",",m","0",",m","6.7",",m,16,","0.0",",,m,31,+","26.7",",m,30,+","24.2","m","19.4",",m","0.0",",,,m","18.09",",m","24.60",",,,m","11.58",",,,m"
"MXN00014096","1984-01","20.5167","-104.7833","1229.9","MASCOTA SMN, MX","10.5","m","10.5",",m","2",",m","2",",m","1",",m","0",",m","0",",m","0",",m","25",",m","0",",m","6.7",",m,11,+","55.4",",,m,30,","26.7",",m,29,+","60.8","m","36.6",",m","71.1",",,,m","17.49",",m","23.89",",,,m","11.09",",,,m"
"MXN00014096","1984-02","20.5167","-104.7833","1229.9","MASCOTA SMN, MX","22.0","m","11.5","1,m","1",",m","1",",m","0",",m","0",",m","0",",m","0","1,m","28","1,m","0","1,m","8.9",",m,27,+","4.8",",,m,10,","27.8","1,m,28,+","72.6","m","11.8","1,m","4.8",",,,m","18.36","1,m","26.15","1,,,m","10.58",",,,m"
"MXN00014096","1984-03","20.5167","-104.7833","1229.9","MASCOTA SMN, MX","87.6","m","65.6",",m","0",",m","0",",m","0",",m","0",",m","0",",m","0",",m","31",",m","0",",m","8.9",",m,07,","0.0",",,m,31,+","30.6",",m,21,","72.6","m","0.0",",m","0.0",",,,m","20.45",",m","28.56",",,,m","12.34",",,,m"
"MXN00014096","1984-04","20.5167","-104.7833","1229.9","MASCOTA SMN, MX","222.7","m","135.1",",m","0",",m","0",",m","0",",m","0",",m","0",",m","0",",m","30",",m","9",",m","10.6",",m,13,+","0.0",",,m,30,+","33.9",",m,27,","72.6","m","0.0",",m","0.0",",,,m","22.84",",m","31.73",",,,m","13.94",",,,m"
"MXN00014096","1984-05","20.5167","-104.7833","1229.9","MASCOTA SMN, MX","383.3","m","160.6",",m","3",",m","2",",m","0",",m","0",",m","0",",m","0",",m","31",",m","8",",m","13.9",",m,17,+","8.9",",,m,28,","33.9",",m,09,","72.6","m","0.0",",m","16.8",",,,m","23.51",",m","30.83",",,,m","16.20",",,,m"
"MXN00014096","1984-06","20.5167","-104.7833","1229.9","MASCOTA SMN, MX","524.1","m","140.8",",m","17",",m","15",",m","3",",m","0",",m","0",",m","0",",m","30",",m","1",",m","16.7",",m,30,+","43.9",",,m,15,","32.8",",m,07,","72.6","m","0.0",",m","239.6",",,,m","23.03",",m","28.07",",,,m","17.98",",,,m"
"MXN00014096","1984-07","20.5167","-104.7833","1229.9","MASCOTA SMN, MX","628.6","m","104.5",",m","20",",m","18",",m","2",",m","0",",m","0",",m","0",",m","31",",m","0",",m","15.0",",m,20,","29.0",",,m,07,","28.9",",m,07,","0.0","m","0.0",",m","184.2",",,,m","21.70",",m","26.30",",,,m","17.11",",,,m"
"MXN00014096","1984-08","20.5167","-104.7833","1229.9","MASCOTA SMN, MX","756.5","m","127.9",",m","20",",m","17",",m","2",",m","0",",m","0",",m","0",",m","31",",m","0",",m","15.0",",m,18,","27.4",",,m,30,","30.0",",m,05,+","0.0","m","0.0",",m","226.9",",,,m","22.46",",m","27.32",",,,m","17.60",",,,m"
"MXN00014096","1984-09","20.5167","-104.7833","1229.9","MASCOTA SMN, MX","877.8","m","121.3",",m","15",",m","10",",m","3",",m","0",",m","0",",m","0",",m","30",",m","0",",m","15.0",",m,30,","39.9",",,m,09,","30.6",",m,27,","0.0","m","0.0",",m","192.1",",,,m","22.38",",m","27.45",",,,m","17.30",",,,m"
"MXN00014096","1984-10","20.5167","-104.7833","1229.9","MASCOTA SMN, MX","964.6","m","86.8",",m","4",",m","4",",m","0",",m","0",",m","0",",m","0",",m","31",",m","0",",m","12.8",",m,24,+","16.8",",,m,01,","30.0",",m,31,+","0.0","m","0.0",",m","38.4",",,,m","21.13",",m","27.12",",,,m","15.15",",,,m"
"MXN00014096","1984-11","20.5167","-104.7833","1229.9","MASCOTA SMN, MX","1008.2","m","43.6",",m","0",",m","0",",m","0",",m","0",",m","0",",m","0",",m","30",",m","0",",m","8.9",",m,27,","0.0",",,m,30,+","28.9",",m,13,","5.4","m","5.4",",m","0.0",",,,m","19.61",",m","25.88",",,,m","13.33",",,,m"
"MXN00014096","1984-12","20.5167","-104.7833","1229.9","MASCOTA SMN, MX","1039.2","m","31.0",",m","3",",m","3",",m","0",",m","0",",m","0",",m","0",",m","30",",m","0",",m","10.6",",m,20,","7.6",",,m,14,","27.8",",m,23,+","9.5","m","4.1",",m","15.7",",,,m","19.20",",m","25.07",",,,m","13.33",",,,m"
"MXN00014096","1985-01","20.5167","-104.7833","1229.9","MASCOTA SMN, MX","0.9","m","0.9",",m","5",",m","4",",m","0",",m","0",",m","0",",m","0",",m","28",",m","0",",m","6.7",",m,30,","11.4",",,m,16,","25.6",",m,25,","46.6","m","37.1",",m","28.6",",,,m","17.17",",m","23.44",",,,m","10.89",",,,m"
"MXN00014096","1985-02","20.5167","-104.7833","1229.9","MASCOTA SMN, MX","16.9","m","16.0",",m","1",",m","1",",m","0",",m","0",",m","0",",m","0",",m","24",",m","0",",m","5.6",",m,01,","4.3",",,m,27,","27.8",",m,28,","72.5","m","25.9",",m","4.3",",,,m","17.98",",m","25.01",",,,m","10.95",",,,m"
"MXN00014096","1985-03","20.5167","-104.7833","1229.9","MASCOTA SMN, MX","57.1","m","40.2",",m","0",",m","0",",m","0",",m","0",",m","0",",m","0",",m","31",",m","0",",m","10.0",",m,15,+","0.0",",,m,31,+","27.8",",m,20,+","73.3","m","0.8",",m","0.0",",,,m","19.60",",m","26.27",",,,m","12.94",",,,m"
"MXN00014096","1985-04","20.5167","-104.7833","1229.9","MASCOTA SMN, MX","97.7","m","40.6",",m","0",",m","0",",m","0",",m","0",",m","0",",m","0",",m","30",",m","0",",m","10.6",",m,01,","0.0",",,m,30,+","31.7",",m,30,","74.4","m","1.1",",m","0.0",",,,m","19.65",",m","25.89",",,,m","13.41",",,,m"
"MXN00014096","1985-05","20.5167","-104.7833","1229.9","MASCOTA SMN, MX","207.0","m","109.3",",m","2",",m","1",",m","0",",m","0",",m","0",",m","0",",m","31",",m","0",",m","13.9",",m,14,+","3.8",",,m,19,","31.7",",m,04,","74.4","m","0.0",",m","5.1",",,,m","21.86",",m","27.58",",,,m","16.14",",,,m"
"MXN00014096","1985-06","20.5167","-104.7833","1229.9","MASCOTA SMN, MX","326.3","m","119.3",",m","20",",m","16",",m","9",",m","0",",m","0",",m","0",",m","30",",m","0",",m","15.0",",m,05,","43.4",",,m,27,","28.9",",m,09,","74.4","m","0.0",",m","379.1",",,,m","22.31",",m","26.51",",,,m","18.11",",,,m"
"MXN00014096","1985-07","20.5167","-104.7833","1229.9","MASCOTA SMN, MX","423.7","m","97.4",",m","18",",m","15",",m","4",",m","0",",m","0",",m","0",",m","31",",m","0",",m","15.0",",m,10,","54.9",",,m,23,","27.8",",m,28,+","0.0","m","0.0",",m","304.2",",,,m","21.47",",m","25.31",",,,m","17.64",",,,m"
"MXN00014096","1985-08","20.5167","-104.7833","1229.9","MASCOTA SMN, MX","538.4","m","114.7",",m","17",",m","14",",m","0",",m","0",",m","0",",m","0",",m","31",",m","0",",m","15.6",",m,15,+","19.8",",,m,05,","28.9",",m,27,+","0.0","m","0.0",",m","148.8",",,,m","22.03",",m","26.26",",,,m","17.80",",,,m"
"MXN00014096","1985-09","20.5167","-104.7833","1229.9","MASCOTA SMN, MX","635.8","m","97.4",",m","16",",m","12",",m","3",",m","0",",m","0",",m","0",",m","30",",m","0",",m","15.0",",m,28,+","47.5",",,m,26,","28.9",",m,25,+","0.0","m","0.0",",m","229.5",",,,m","21.58",",m","26.34",",,,m","16.82",",,,m"
"MXN00014096","1985-10","20.5167","-104.7833","1229.9","MASCOTA SMN, MX","748.2","m","112.4",",m","9",",m","5",",m","0",",m","0",",m","0",",m","0",",m","31",",m","0",",m","13.9",",m,28,+","18.8",",,m,19,","28.9",",m,18,+","0.0","m","0.0",",m","50.9",",,,m","21.96",",m","27.48",",,,m","16.44",",,,m"
"MXN00014096","1985-11","20.5167","-104.7833","1229.9","MASCOTA SMN, MX","782.1","m","33.9",",m","2",",m","2",",m","0",",m","0",",m","0",",m","0",",m","30",",m","0",",m","8.9",",m,04,+","8.4",",,m,22,","28.9",",m,13,+","3.7","m","3.7",",m","13.2",",,,m","19.34",",m","26.58",",,,m","12.09",",,,m"
"MXN00014096","1985-12","20.5167","-104.7833","1229.9","MASCOTA SMN, MX","797.9","m","15.8",",m","3",",m","1",",m","0",",m","0",",m","0",",m","0",",m","31",",m","0",",m","6.7",",m,01,","2.8",",,m,11,","27.8",",m,30,+","15.2","m","11.5",",m","6.4",",,,m","18.47",",m","25.58",",,,m","11.36",",,,m"
"MXN00014096","1986-01","20.5167","-104.7833","1229.9","MASCOTA SMN, MX","19.9","m","19.9",",m","0",",m","0",",m","0",",m","0",",m","0",",m","0",",m","31",",m","0",",m","7.8",",m,17,+","0.0",",,m,31,+","30.0",",m,26,","29.7","m","14.5",",m","0.0",",,,m","18.51",",m","26.37",",,,m","10.65",",,,m"
"MXN00014096","1986-02","20.5167","-104.7833","1229.9","MASCOTA SMN, MX","51.1","m","31.2",",m","2",",m","2",",m","0",",m","0",",m","0",",m","0",",m","28",",m","0",",m","3.9",",m,06,","11.7",",,m,02,","30.0",",m,27,+","45.6","m","15.9",",m","15.0",",,,m","18.88",",m","27.49",",,,m","10.27",",,,m"
"MXN00014096","1986-03","20.5167","-104.7833","1229.9","MASCOTA SMN, MX","117.6","m","66.5",",m","0",",m","0",",m","0",",m","0",",m","0",",m","0",",m","31",",m","4",",m","6.7",",m,15,","0.0",",,m,31,+","32.8",",m,31,+","46.1","m","0.5",",m","0.0",",,,m","20.46",",m","30.04",",,,m","10.88",",,,m"
"MXN00014096","1986-04","20.5167","-104.7833","1229.9","MASCOTA SMN, MX","274.9","m","157.3",",m","0",",m","0",",m","0",",m","0",",m","0",",m","0",",m","30",",m","13",",m","10.6",",m,03,","0.0",",,m,30,+","33.9",",m,26,+","46.1","m","0.0",",m","0.0",",,,m","23.58",",m","32.00",",,,m","15.15",",,,m"
"MXN00014096","1986-05","20.5167","-104.7833","1229.9","MASCOTA SMN, MX","430.7","m","155.8",",m","0",",m","0",",m","0",",m","0",",m","0",",m","0",",m","31",",m","4",",m","13.9",",m,31,","0.0",",,m,31,+","32.8",",m,16,+","46.1","m","0.0",",m","0.0",",,,m","23.36",",m","30.01",",,,m","16.71",",,,m"
"MXN00014096","1986-06","20.5167","-104.7833","1229.9","MASCOTA SMN, MX","562.2","m","131.5",",m","13",",m","10",",m","1",",m","0",",m","0",",m","0",",m","30",",m","0",",m","10.0",",m,30,","45.0",",,m,18,","30.6",",m,07,+","46.1","m","0.0",",m","160.9",",,,m","22.72",",m","27.93",",,,m","17.50",",,,m"
"MXN00014096","1986-07","20.5167","-104.7833","1229.9","MASCOTA SMN, MX","695.9","m","133.7",",m","17",",m","15",",m","3",",m","0",",m","0",",m","0",",m","31",",m","0",",m","15.6",",m,21,","49.3",",,m,30,","30.0",",m,07,","0.0","m","0.0",",m","233.7",",,,m","22.65",",m","26.85",",,,m","18.44",",,,m"
"MXN00014096","1986-08","20.5167","-104.7833","1229.9","MASCOTA SMN, MX","830.0","m","134.1",",m","18",",m","16",",m","1",",m","0",",m","0",",m","0",",m","31",",m","0",",m","15.6",",m,24,+","47.5",",,m,24,","30.6",",m,21,+","0.0","m","0.0",",m","161.3",",,,m","22.66",",m","27.16",",,,m","18.15",",,,m"
"MXN00014096","1986-09","20.5167","-104.7833","1229.9","MASCOTA SMN, MX","956.7","m","126.7",",m","17",",m","13",",m","2",",m","0",",m","0",",m","0",",m","30",",m","0",",m","15.0",",m,22,","25.9",",,m,30,","30.0",",m,17,","0.0","m","0.0",",m","167.7",",,,m","22.56",",m","26.71",",,,m","18.40",",,,m"
"MXN00014096","1986-10","20.5167","-104.7833","1229.9","MASCOTA SMN, MX","1020.0","m","63.3",",m","10",",m","10",",m","3",",m","0",",m","0",",m","0",",m","30",",m","0",",m","10.6",",m,28,+","29.5",",,m,10,","27.8",",m,18,+","8.1","m","8.1",",m","186.7",",,,m","20.11",",m","25.02",",,,m","15.21",",,,m"
"MXN00014096","1986-11","20.5167","-104.7833","1229.9","MASCOTA SMN, MX","1064.7","m","44.7",",m","3",",m","2",",m","0",",m","0",",m","0",",m","0",",m","30",",m","0",",m","10.6",",m,29,","5.3",",,m,14,","27.8",",m,18,","9.7","m","1.6",",m","9.4",",,,m","19.77",",m","25.21",",,,m","14.33",",,,m"
"MXN00014096","1986-12","20.5167","-104.7833","1229.9","MASCOTA SMN, MX","1068.9","m","4.2",",m","0",",m","0",",m","0",",m","0",",m","6",",m","0",",m","30",",m","0",",m","-2.8",",m,28,","0.0",",,m,31,+","28.3",",m,19,+","91.5","m","81.8",",m","0.0",",,,m","15.83",",m","25.41",",,,m","6.25",",,,m"
"MXN00014096","1987-01","20.5167","-104.7833","1229.9","MASCOTA SMN, MX","0.0","m","0.0",",m","3",",m","1",",m","1",",m","0",",m","4",",m","0",",m","25",",m","0",",m","-3.3",",m,22,","44.2",",,m,11,","29.4",",m,05,","231.3","m","139.8",",m","46.5",",,,m","13.82",",m","23.71",",,,m","3.94",",,,m"
"MXN00014096","1987-02","20.5167","-104.7833","1229.9","MASCOTA SMN, MX","0.0","m","0.0",",m","4",",m","3",",m","2",",m","0",",m","4",",m","0",",m","27",",m","0",",m","-1.7",",m,18,+","69.6",",,m,25,","26.1",",m,24,+","348.1","m","116.8",",m","105.1",",,,m","14.16",",m","24.82",",,,m","3.50",",,,m"
"MXN00014096","1987-03","20.5167","-104.7833","1229.9","MASCOTA SMN, MX","29.2","m","29.2",",m","0",",m","0",",m","0",",m","0",",m","0",",m","0",",m","31",",m","0",",m","6.7",",m,03,","0.0",",,m,31,+","28.9",",m,31,+","360.1","m","12.0",",m","0.0",",,,m","18.89",",m","26.33",",,,m","11.44",",,,m"
"MXN00014096","1987-04","20.5167","-104.7833","1229.9","MASCOTA SMN, MX","120.9","m","91.7",",m","0",",m","0",",m","0",",m","0",",m","0",",m","0",",m","30",",m","1",",m","10.0",",m,06,+","0.0",",,m,30,+","32.8",",m,26,","360.1","m","0.0",",m","0.0",",,,m","21.39",",m","29.52",",,,m","13.26",",,,m"
"MXN00014096","1987-05","20.5167","-104.7833","1229.9","MASCOTA SMN, MX","264.5","m","143.6",",m","2",",m","2",",m","0",",m","0",",m","0",",m","0",",m","31",",m","1",",m","11.7",",m,03,","11.9",",,m,17,","32.8",",m,13,","360.1","m","0.0",",m","18.3",",,,m","22.97",",m","30.35",",,,m","15.58",",,,m"
"MXN00014096","1987-06","20.5167","-104.7833","1229.9","MASCOTA SMN, MX","466.6","m","202.1",",m","11",",m","8",",m","0",",m","0",",m","0",",m","0",",m","30",",m","6",",m","16.7",",m,05,+","21.8",",,m,26,","32.8",",m,23,+","360.1","m","0.0",",m","100.7",",,,m","25.07",",m","30.62",",,,m","19.52",",,,m"
"MXN00014096","1987-07","20.5167","-104.7833","1229.9","MASCOTA SMN, MX","639.3","m","172.7",",m","20",",m","16",",m","2",",m","0",",m","0",",m","0",",m","31",",m","2",",m","17.8",",m,17,+","30.0",",,m,09,","32.8",",m,20,+","0.0","m","0.0",",m","208.7",",,,m","23.90",",m","28.17",",,,m","19.64",",,,m"
"MXN00014096","1987-08","20.5167","-104.7833","1229.9","MASCOTA SMN, MX","797.0","m","157.7",",m","16",",m","13",",m","3",",m","0",",m","0",",m","0",",m","31",",m","0",",m","16.7",",m,16,","50.8",",,m,08,","30.0",",m,29,+","0.0","m","0.0",",m","228.5",",,,m","23.42",",m","28.05",",,,m","18.79",",,,m"
"MXN00014096","1987-09","20.5167","-104.7833","1229.9","MASCOTA SMN, MX","948.5","m","151.5",",m","15",",m","12",",m","2",",m","0",",m","0",",m","0",",m","30",",m","0",",m","16.7",",m,22,","35.3",",,m,26,","31.7",",m,09,+","0.0","m","0.0",",m","174.4",",,,m","23.38",",m","27.51",",,,m","19.26",",,,m"
"MXN00014096","1987-10","20.5167","-104.7833","1229.9","MASCOTA SMN, MX","1052.2","m","103.7",",m","3",",m","2",",m","0",",m","0",",m","0",",m","0",",m","31",",m","0",",m","13.9",",m,20,+","17.8",",,m,22,","30.0",",m,27,","0.0","m","0.0",",m","25.0",",,,m","21.68",",m","27.64",",,,m","15.72",",,,m"
"MXN00014096","1987-11","20.5167","-104.7833","1229.9","MASCOTA SMN, MX","1102.0","m","49.8",",m","0",",m","0",",m","0",",m","0",",m","0",",m","0",",m","30",",m","0",",m","10.0",",m,17,+","0.0",",,m,30,+","27.8",",m,05,+","4.1","m","4.1",",m","0.0",",,,m","19.86",",m","25.99",",,,m","13.72",",,,m"
"MXN00014096","1987-12","20.5167","-104.7833","1229.9","MASCOTA SMN, MX","1112.8","m","10.8",",m","2",",m","1",",m","0",",m","0",",m","0",",m","0",",m","28",",m","0",",m","8.9",",m,07,","2.8",",,m,12,","26.7",",m,22,+","17.7","m","13.6",",m","5.1",",,,m","18.24",",m","23.76",",,,m","12.73",",,,m"
"MXN00014096","1988-01","20.5167","-104.7833","1229.9","MASCOTA SMN, MX","6.9","m","6.9",",m","0",",m","0",",m","0",",m","0",",m","0",",m","0",",m","31",",m","0",",m","3.9",",m,22,+","0.0",",,m,31,+","26.7",",m,12,","55.9","m","38.2",",m","0.0",",,,m","17.32",",m","24.63",",,,m","10.02",",,,m"
"MXN00014096","1988-02","20.5167","-104.7833","1229.9","MASCOTA SMN, MX","50.6","m","43.7",",m","0",",m","0",",m","0",",m","0",",m","0",",m","0",",m","29",",m","0",",m","8.9",",m,20,","0.0",",,m,29,+","30.6",",m,28,","56.4","m","0.5",",m","0.0",",,,m","19.82",",m","27.63",",,,m","12.02",",,,m"
"MXN00014096","1988-03","20.5167","-104.7833","1229.9","MASCOTA SMN, MX","100.3","m","49.7",",m","1",",m","1",",m","0",",m","0",",m","0",",m","0",",m","28",",m","0",",m","7.8",",m,11,","3.8",",,m,07,","31.7",",m,24,","65.6","m","9.2",",m","3.8",",,,m","19.64",",m","26.80",",,,m","12.48",",,,m"
"MXN00014096","1988-04","20.5167","-104.7833","1229.9","MASCOTA SMN, MX","226.5","m","126.2",",m","0",",m","0",",m","0",",m","0",",m","0",",m","0",",m","30",",m","7",",m","12.8",",m,18,+","0.0",",,m,30,+","32.8",",m,30,+","65.6","m","0.0",",m","0.0",",,,m","22.54",",m","30.19",",,,m","14.89",",,,m"
"MXN00014096","1988-05","20.5167","-104.7833","1229.9","MASCOTA SMN, MX","400.9","m","174.4",",m","0",",m","0",",m","0",",m","0",",m","0",",m","0",",m","31",",m","19",",m","13.9",",m,18,+","0.0",",,m,31,+","33.9",",m,22,+","65.6","m","0.0",",m","0.0",",,,m","23.96",",m","32.23",",,,m","15.69",",,,m"
"MXN00014096","1988-06","20.5167","-104.7833","1229.9","MASCOTA SMN, MX","570.7","m","169.8",",m","16",",m","14",",m","6",",m","0",",m","0",",m","0",",m","30",",m","9",",m","15.0",",m,07,+","63.0",",,m,29,","33.9",",m,10,+","65.6","m","0.0",",m","392.9",",,,m","23.99",",m","29.82",",,,m","18.17",",,,m"
"MXN00014096","1988-07","20.5167","-104.7833","1229.9","MASCOTA SMN, MX","706.8","m","136.1","1,m","22",",m","20",",m","7",",m","0",",m","0",",m","0","1,m","30","1,m","0","1,m","17.8",",m,31,+","62.0",",,m,14,","30.0","1,m,13,+","0.0","m","0.0","1,m","380.4",",,,m","22.85","1,m","26.95","1,,,m","18.76",",,,m"
"MXN00014096","1988-08","20.5167","-104.7833","1229.9","MASCOTA SMN, MX","854.9","m","148.1",",m","15",",m","13",",m","1",",m","0",",m","0",",m","0",",m","31",",m","0",",m","17.8",",m,24,+","34.8",",,m,22,","28.9",",m,29,+","0.0","m","0.0",",m","152.6",",,,m","23.11",",m","27.00",",,,m","19.22",",,,m"
"MXN00014096","1988-09","20.5167","-104.7833","1229.9","MASCOTA SMN, MX","988.0","m","133.1",",m","16",",m","13",",m","1",",m","0",",m","0",",m","0",",m","30",",m","0",",m","16.7",",m,20,+","25.9",",,m,02,","30.0",",m,14,","0.0","m","0.0",",m","164.9",",,,m","22.77",",m","26.75",",,,m","18.79",",,,m"
"MXN00014096","1988-10","20.5167","-104.7833","1229.9","MASCOTA SMN, MX","1080.5","m","92.5",",m","3",",m","3",",m","0",",m","0",",m","0",",m","0",",m","31",",m","0",",m","12.8",",m,27,","5.8",",,m,10,+","27.8",",m,24,+","0.0","m","0.0",",m","14.4",",,,m","21.32",",m","26.48",",,,m","16.15",",,,m"
"MXN00014096","1988-11","20.5167","-104.7833","1229.9","MASCOTA SMN, MX","1115.6","m","35.1",",m","0",",m","0",",m","0",",m","0",",m","0",",m","0",",m","30",",m","0",",m","11.7",",m,29,+","0.0",",,m,30,+","26.7",",m,30,+","0.5","m","0.5",",m","0.0",",,,m","19.49",",m","25.62",",,,m","13.35",",,,m"
"MXN00014096","1988-12","20.5167","-104.7833","1229.9","MASCOTA SMN, MX","1128.8","m","13.2",",m","1",",m","1",",m","0",",m","0",",m","0",",m","0",",m","29",",m","0",",m","8.9",",m,10,","2.8",",,m,08,","26.7",",m,24,+","18.5","m","18.0",",m","2.8",",,,m","18.18",",m","24.27",",,,m","12.08",",,,m"
"MXN00014096","1989-01","20.5167","-104.7833","1229.9","MASCOTA SMN, MX","6.4","m","6.4",",m","0",",m","0",",m","0",",m","0",",m","0",",m","0",",m","31",",m","0",",m","8.9",",m,24,+","0.0",",,m,31,+","26.7",",m,30,","37.6","m","19.1",",m","0.0",",,,m","17.93",",m","24.66",",,,m","11.19",",,,m"
"MXN00014096","1989-02","20.5167","-104.7833","1229.9","MASCOTA SMN, MX","38.4","m","32.0",",m","0",",m","0",",m","0",",m","0",",m","0",",m","0",",m","28",",m","0",",m","10.0",",m,22,+","0.0",",,m,28,+","28.9",",m,28,+","41.1","m","3.5",",m","0.0",",,,m","19.35",",m","26.65",",,,m","12.05",",,,m"
"MXN00014096","1989-03","20.5167","-104.7833","1229.9","MASCOTA SMN, MX","38.4","m","0.0",",m","0",",m","0",",m","0",",m","0",",m","1",",m","0",",m","31",",m","1",",m","0.0",",m,18,","0.0",",,m,31,+","32.8",",m,17,","102.1","m","61.0",",m","0.0",",,,m","16.36",",m","28.63",",,,m","4.10",",,,m"
"MXN00014096","1989-04","20.5167","-104.7833","1229.9","MASCOTA SMN, MX","145.8","m","107.4",",m","1",",m","0",",m","0",",m","0",",m","0",",m","0",",m","30",",m","3",",m","11.7",",m,17,+","1.8",",,m,05,","33.9",",m,20,","102.1","m","0.0",",m","1.8",",,,m","21.91",",m","29.74",",,,m","14.09",",,,m"
"MXN00014096","1989-05","20.5167","-104.7833","1229.9","MASCOTA SMN, MX","272.0","m","126.2",",m","0",",m","0",",m","0",",m","0",",m","0",",m","0",",m","31",",m","27",",m","6.1",",m,21,","0.0",",,m,31,+","36.7",",m,16,","102.1","m","0.0",",m","0.0",",,,m","22.40",",m","33.95",",,,m","10.86",",,,m"
"MXN00014096","1989-06","20.5167","-104.7833","1229.9","MASCOTA SMN, MX","402.8","m","130.8","1,m","5",",m","1",",m","0",",m","0","1,m","0","1,m","0",",m","30",",m","18",",m","10.0","1,m,17,+","6.9",",,m,19,","35.6",",m,08,","102.1","m","0.0",",m","11.5",",,,m","22.87","1,m","32.62",",,,m","13.11","1,,,m"
"MXN00014096","1989-07","20.5167","-104.7833","1229.9","MASCOTA SMN, MX","514.7","m","111.9",",m","22",",m","19",",m","3",",m","0",",m","0",",m","0",",m","31",",m","1",",m","12.8",",m,20,","36.3",",,m,10,","32.2",",m,18,","0.0","m","0.0",",m","273.7",",,,m","21.94",",m","28.90",",,,m","14.98",",,,m"
"MXN00014096","1989-08","20.5167","-104.7833","1229.9","MASCOTA SMN, MX","590.1","m","75.4",",m","20",",m","15",",m","3",",m","0",",m","0",",m","0",",m","31",",m","0",",m","11.7",",m,23,","49.8",",,m,05,","28.9",",m,29,+","0.0","m","0.0",",m","249.3",",,,m","20.77",",m","26.78",",,,m","14.75",",,,m"
"MXN00014096","1989-09","20.5167","-104.7833","1229.9","MASCOTA SMN, MX","707.4","m","117.3",",m","17",",m","12",",m","2",",m","0",",m","0",",m","0",",m","30",",m","0",",m","11.1",",m,15,+","56.4",",,m,12,","31.7",",m,29,+","0.0","m","0.0",",m","201.8",",,,m","22.24",",m","29.52",",,,m","14.97",",,,m"
"MXN00014096","1989-10","20.5167","-104.7833","1229.9","MASCOTA SMN, MX","802.4","m","95.0","2,m","7","1,m","5","1,m","0","1,m","0","1,m","0","1,m","0","2,m","29","2,m","2","2,m","10.0","1,m,26,+","15.7","1,,m,04,","32.2","2,m,23,+","0.0","m","0.0","2,m","36.2","1,,,m","21.63","2,m","29.79","2,,,m","13.48","1,,,m"
"MXN00014096","1989-11","20.5167","-104.7833","1229.9","MASCOTA SMN, MX","821.8","m","19.4",",m","4",",m","3",",m","0",",m","0",",m","0",",m","0",",m","30",",m","4",",m","2.8",",m,17,","16.8",",,m,17,","33.3",",m,13,","24.7","m","24.7",",m","24.9",",,,m","18.16",",m","29.91",",,,m","6.40",",,,m"
"MXN00014096","1989-12","20.5167","-104.7833","1229.9","MASCOTA SMN, MX","825.1","m","3.3",",m","5",",m","5",",m","1",",m","0",",m","0",",m","0",",m","29",",m","0",",m","1.1",",m,21,","30.5",",,m,06,","31.7",",m,02,","95.2","m","70.5",",m","48.2",",,,m","16.17",",m","26.80",",,,m","5.54",",,,m"
"MXN00014096","1990-01","20.5167","-104.7833","1229.9","MASCOTA SMN, MX","0.0","m","0.0",",m","2",",m","1",",m","0",",m","0",",m","0",",m","0",",m","31",",m","0",",m","1.7",",m,09,","2.5",",,m,26,","26.1",",m,26,","218.5","m","123.3",",m","4.5",",,,m","14.35",",m","23.97",",,,m","4.74",",,,m"
"MXN00014096","1990-02","20.5167","-104.7833","1229.9","MASCOTA SMN, MX","0.0","m","0.0",",m","4",",m","3",",m","0",",m","0",",m","3",",m","0",",m","22",",m","0",",m","-0.6",",m,23,+","18.0",",,m,05,","27.8",",m,13,","333.7","m","115.2",",m","30.5",",,,m","14.22",",m","23.70",",,,m","4.74",",,,m"
"MXN00014096","1990-03","20.5167","-104.7833","1229.9","MASCOTA SMN, MX","0.0","m","0.0",",m","0",",m","0",",m","0",",m","0",",m","0",",m","0",",m","30",",m","0",",m","3.3",",m,14,+","0.0",",,m,31,+","28.3",",m,31,+","446.6","m","112.9",",m","0.0",",,,m","14.69",",m","24.69",",,,m","4.69",",,,m"
"MXN00014096","1990-04","20.5167","-104.7833","1229.9","MASCOTA SMN, MX","80.3","m","80.3",",m","0",",m","0",",m","0",",m","0",",m","0",",m","0",",m","30",",m","2",",m","5.0",",m,02,","0.0",",,m,30,+","32.2",",m,26,+","451.9","m","5.3",",m","0.0",",,,m","20.83",",m","30.51",",,,m","11.15",",,,m"
"MXN00014096","1990-05","20.5167","-104.7833","1229.9","MASCOTA SMN, MX","132.8","m","52.5",",m","4",",m","4",",m","0",",m","0",",m","0",",m","0",",m","31",",m","10",",m","5.6",",m,03,+","16.3",",,m,13,","32.8",",m,29,+","454.4","m","2.5",",m","39.0",",,,m","19.95",",m","31.32",",,,m","8.58",",,,m"
"MXN00014096","1990-06","20.5167","-104.7833","1229.9","MASCOTA SMN, MX","170.8","m","38.0",",m","14",",m","13",",m","2",",m","0",",m","0",",m","0",",m","30",",m","0",",m","9.4",",m,14,+","37.3",",,m,15,","30.0",",m,27,+","454.4","m","0.0",",m","187.1",",,,m","19.60",",m","28.85",",,,m","10.35",",,,m"
"MXN00014096","1990-07","20.5167","-104.7833","1229.9","MASCOTA SMN, MX","250.4","m","79.6",",m","21",",m","14",",m","3",",m","0",",m","0",",m","0",",m","31",",m","0",",m","12.8",",m,27,+","42.2",",,m,04,","29.4",",m,30,+","0.0","m","0.0",",m","192.1",",,,m","20.90",",m","27.78",",,,m","14.02",",,,m"
"MXN00014096","1990-08","20.5167","-104.7833","1229.9","MASCOTA SMN, MX","364.7","m","114.3",",m","23",",m","15",",m","0",",m","0",",m","0",",m","0",",m","31",",m","0",",m","12.8",",m,31,","19.6",",,m,22,","31.7",",m,21,+","0.0","m","0.0",",m","154.8",",,,m","22.02",",m","29.27",",,,m","14.77",",,,m"
"MXN00014096","1990-09","20.5167","-104.7833","1229.9","MASCOTA SMN, MX","409.4","m","44.7",",m","13",",m","11",",m","3",",m","0",",m","0",",m","0",",m","30",",m","0",",m","11.7",",m,15,","39.1",",,m,04,","28.3",",m,08,","0.5","m","0.5",",m","184.6",",,,m","19.81",",m","26.22",",,,m","13.39",",,,m"
"MXN00014096","1990-10","20.5167","-104.7833","1229.9","MASCOTA SMN, MX","441.1","m","31.7",",m","12",",m","9",",m","3",",m","0",",m","0",",m","0",",m","31",",m","0",",m","10.0",",m,05,+","32.3",",,m,08,","28.3",",m,30,","1.0","m","0.5",",m","145.2",",,,m","19.34",",m","26.28",",,,m","12.39",",,,m"
"MXN00014096","1990-11","20.5167","-104.7833","1229.9","MASCOTA SMN, MX","441.1","m","0.0",",m","0",",m","0",",m","0",",m","0",",m","0",",m","0",",m","30",",m","0",",m","3.9",",m,29,+","0.0",",,m,30,+","27.8",",m,27,+","63.4","m","62.4",",m","0.0",",,,m","16.25",",m","25.83",",,,m","6.68",",,,m"
"MXN00014096","1990-12","20.5167","-104.7833","1229.9","MASCOTA SMN, MX","441.1","m","0.0",",m","0",",m","0",",m","0",",m","0",",m","0",",m","0",",m","28",",m","0",",m","1.7",",m,17,","0.0",",,m,31,+","26.7",",m,07,","189.6","m","126.2",",m","0.0",",,,m","14.26",",m","23.91",",,,m","4.61",",,,m"
"MXN00014096","1991-01","20.5167","-104.7833","1229.9","MASCOTA SMN, MX","2.2","m","2.2",",m","0",",m","0",",m","0",",m","0",",m","0",",m","0",",m","31",",m","0",",m","5.6",",m,16,+","0.0",",,m,31,+","25.6",",m,31,+","214.7","m","25.1",",m","0.0",",,,m","17.59",",m","25.07",",,,m","10.12",",,,m"
"MXN00014096","1991-02","20.5167","-104.7833","1229.9","MASCOTA SMN, MX","17.5","m","15.3",",m","0",",m","0",",m","0",",m","0",",m","0",",m","0",",m","28",",m","0",",m","8.9",",m,22,+","0.0",",,m,28,+","26.7",",m,05,+","219.9","m","5.2",",m","0.0",",,,m","18.69",",m","25.59",",,,m","11.79",",,,m"
"MXN00014096","1991-03","20.5167","-104.7833","1229.9","MASCOTA SMN, MX","27.6","m","10.1",",m","0",",m","0",",m","0",",m","0",",m","3",",m","0",",m","31",",m","3",",m","-0.6",",m,04,+","0.0",",,m,31,+","33.9",",m,30,","261.0","m","41.1",",m","0.0",",,,m","17.33",",m","29.32",",,,m","5.35",",,,m"
"MXN00014096","1991-04","20.5167","-104.7833","1229.9","MASCOTA SMN, MX","157.0","m","129.4",",m","0",",m","0",",m","0",",m","0",",m","0",",m","0",",m","30",",m","8",",m","10.6",",m,08,","0.0",",,m,30,+","33.9",",m,23,+","261.0","m","0.0",",m","0.0",",,,m","22.65",",m","31.11",",,,m","14.18",",,,m"
"MXN00014096","1991-05","20.5167","-104.7833","1229.9","MASCOTA SMN, MX","330.1","m","173.1",",m","0",",m","0",",m","0",",m","0",",m","0",",m","0",",m","31",",m","27",",m","12.8",",m,25,+","0.0",",,m,31,+","33.9",",m,30,+","261.0","m","0.0",",m","0.0",",,,m","23.92",",m","32.80",",,,m","15.04",",,,m"
"MXN00014096","1991-06","20.5167","-104.7833","1229.9","MASCOTA SMN, MX","523.5","m","193.4",",m","12",",m","12",",m","1",",m","0",",m","0",",m","0",",m","30",",m","12",",m","15.0",",m,03,+","36.8",",,m,30,","35.0",",m,07,","261.0","m","0.0",",m","155.7",",,,m","24.78",",m","31.21",",,,m","18.35",",,,m"
"MXN00014096","1991-07","20.5167","-104.7833","1229.9","MASCOTA SMN, MX","625.3","m","101.8",",m","17",",m","13",",m","3",",m","0",",m","0",",m","0",",m","31",",m","0",",m","11.7",",m,19,","40.4",",,m,07,","31.7",",m,31,","0.0","m","0.0",",m","200.0",",,,m","21.62",",m","27.98",",,,m","15.25",",,,m"
"MXN00014096","1991-08","20.5167","-104.7833","1229.9","MASCOTA SMN, MX","768.6","m","143.3","1,m","16",",m","12",",m","4",",m","0",",m","0",",m","0","1,m","30","1,m","0","1,m","15.0",",m,13,","35.8",",,m,12,+","30.0","1,m,20,+","0.0","m","0.0","1,m","232.6",",,,m","23.11","1,m","28.13","1,,,m","18.08",",,,m"
"MXN00014096","1991-09","20.5167","-104.7833","1229.9","MASCOTA SMN, MX","872.0","m","103.4",",m","16",",m","15",",m","2",",m","0",",m","0",",m","0",",m","30",",m","0",",m","13.3",",m,17,+","45.0",",,m,08,","31.1",",m,15,","0.0","m","0.0",",m","204.3",",,,m","21.78",",m","28.65",",,,m","14.91",",,,m"
"MXN00014096","1991-10","20.5167","-104.7833","1229.9","MASCOTA SMN, MX","956.8","m","84.8","1,m","4","1,m","3","1,m","0","1,m","0","1,m","0","1,m","0","1,m","30","1,m","4","1,m","9.4","1,m,21,+","14.2","1,,m,20,","32.2","1,m,24,+","0.0","m","0.0","1,m","31.8","1,,,m","21.16","1,m","30.49","1,,,m","11.82","1,,,m"
"MXN00014096","1991-11","20.5167","-104.7833","1229.9","MASCOTA SMN, MX","980.8","m","24.0",",m","5",",m","4",",m","0",",m","0",",m","0",",m","0",",m","27",",m","0",",m","10.0",",m,23,+","20.8",",,m,13,","26.7",",m,15,+","14.4","m","14.4",",m","32.0",",,,m","18.65",",m","24.39",",,,m","12.91",",,,m"
"MXN00014096","1991-12","20.5167","-104.7833","1229.9","MASCOTA SMN, MX","988.3","m","7.5",",m","4",",m","1",",m","0",",m","0",",m","0",",m","0",",m","29",",m","0",",m","7.8",",m,29,+","16.8",",,m,20,","25.6",",m,05,+","31.7","m","17.3",",m","21.2",",,,m","18.02",",m","23.62",",,,m","12.42",",,,m"
"MXN00014096","1992-01","20.5167","-104.7833","1229.9","MASCOTA SMN, MX","0.0","m","0.0","4,m","10",",m","9",",m","6",",m","0","4,m","0","4,m","0","4,m","27","4,m","0","4,m","3.9","4,m,14,","63.5",",,m,24,","25.0","4,m,24,+","118.8","m","87.1","4,m","316.0",",,,m","15.11","4,m","23.36","4,,,m","6.85","4,,,m"
"MXN00014096","1992-02","20.5167","-104.7833","1229.9","MASCOTA SMN, MX","7.1","m","7.1","2,m","0",",m","0",",m","0",",m","0","1,m","0","1,m","0","2,m","26","2,m","0","2,m","3.9","1,m,11,","0.0",",,m,29,+","28.9","2,m,24,+","154.7","m","35.9","2,m","0.0",",,,m","17.26","2,m","25.48","2,,,m","9.05","1,,,m"
"MXN00014096","1992-03","20.5167","-104.7833","1229.9","MASCOTA SMN, MX","13.0","m","5.9",",m","0",",m","0",",m","0",",m","0",",m","0",",m","0",",m","31",",m","0",",m","0.6",",m,05,","0.0",",,m,31,+","31.7",",m,22,","186.5","m","31.8",",m","0.0",",,,m","17.50",",m","28.14",",,,m","6.85",",,,m"
"MXN00014096","1992-04","20.5167","-104.7833","1229.9","MASCOTA SMN, MX","48.1","m","35.1","1,m","0",",m","0",",m","0",",m","0","1,m","0","1,m","0","1,m","29","1,m","0","1,m","3.9","1,m,07,","0.0",",,m,30,+","31.1","1,m,26,","210.0","m","23.5","1,m","0.0",",,,m","18.73","1,m","28.03","1,,,m","9.43","1,,,m"
"MXN00014096","1992-05","20.5167","-104.7833","1229.9","MASCOTA SMN, MX","133.1","m","85.0",",m","3",",m","2",",m","0",",m","0",",m","0",",m","0",",m","31",",m","7",",m","7.8",",m,03,+","9.4",",,m,26,","32.8",",m,06,+","210.0","m","0.0",",m","13.3",",,,m","21.08",",m","31.06",",,,m","11.09",",,,m"
"MXN00014096","1992-06","20.5167","-104.7833","1229.9","MASCOTA SMN, MX","357.8","m","224.7",",m","7",",m","7",",m","0",",m","0",",m","0",",m","0",",m","30",",m","16",",m","17.8",",m,10,+","18.8",",,m,25,","33.9",",m,24,+","210.0","m","0.0",",m","77.7",",,,m","25.82",",m","31.89",",,,m","19.76",",,,m"
"MXN00014096","1992-07","20.5167","-104.7833","1229.9","MASCOTA SMN, MX","526.1","m","168.3",",m","15",",m","12",",m","1",",m","0",",m","0",",m","0",",m","31",",m","1",",m","16.7",",m,23,+","39.9",",,m,22,","32.8",",m,07,","0.0","m","0.0",",m","165.7",",,,m","23.76",",m","29.00",",,,m","18.53",",,,m"
"MXN00014096","1992-09","20.5167","-104.7833","1229.9","MASCOTA SMN, MX","","","121.2",",m","11",",m","9",",m","1",",m","0",",m","0",",m","0",",m","30",",m","0",",m","15.0",",m,29,","54.9",",,m,25,","30.0",",m,09,+","","","0.0",",m","118.1",",,,m","22.37",",m","27.04",",,,m","17.71",",,,m"
"MXN00014096","1992-10","20.5167","-104.7833","1229.9","MASCOTA SMN, MX","","","81.0",",m","14","1,m","10","1,m","1","1,m","0",",m","0",",m","0",",m","30",",m","0",",m","13.9",",m,29,+","73.9","1,,m,22,","27.8",",m,26,+","","","0.0",",m","157.4","1,,,m","20.95",",m","26.01",",,,m","15.88",",,,m"
"MXN00014096","1992-11","20.5167","-104.7833","1229.9","MASCOTA SMN, MX","","","15.5",",m","2",",m","0",",m","0",",m","0",",m","0",",m","0",",m","25",",m","0",",m","7.8",",m,25,+","1.8",",,m,21,","25.6",",m,13,","","","33.6",",m","2.6",",,,m","17.73",",m","23.14",",,,m","12.31",",,,m"
"MXN00014096","1992-12","20.5167","-104.7833","1229.9","MASCOTA SMN, MX","","","2.4",",m","3",",m","3",",m","2",",m","0",",m","0",",m","0",",m","29",",m","0",",m","10.6",",m,03,+","27.9",",,m,14,+","25.0",",m,31,+","","","16.7",",m","62.7",",,,m","17.87",",m","23.33",",,,m","12.41",",,,m"
"MXN00014096","1993-01","20.5167","-104.7833","1229.9","MASCOTA SMN, MX","0.0","m","0.0",",m","2",",m","1",",m","0",",m","0",",m","0",",m","0",",m","24",",m","0",",m","6.7",",m,19,+","4.8",",,m,28,","25.6",",m,18,","","","54.8",",m","6.6",",,,m","16.57",",m","22.70",",,,m","10.43",",,,m"
"MXN00014096","1993-03","20.5167","-104.7833","1229.9","MASCOTA SMN, MX","","","45.5",",m","0",",m","0",",m","0",",m","0",",m","0",",m","0",",m","29",",m","3",",m","3.9",",m,03,","0.0",",,m,31,+","35.6",",m,31,+","","","16.4",",m","0.0",",,,m","19.27",",m","28.30",",,,m","10.24",",,,m"
"MXN00014096","1993-04","20.5167","-104.7833","1229.9","MASCOTA SMN, MX","","","120.3",",m","0",",m","0",",m","0",",m","0",",m","0",",m","0",",m","30",",m","11",",m","10.0",",m,15,+","0.0",",,m,30,+","35.0",",m,20,","","","0.0",",m","0.0",",,,m","22.34",",m","31.57",",,,m","13.12",",,,m"
"MXN00014096","1993-05","20.5167","-104.7833","1229.9","MASCOTA SMN, MX","","","179.1",",m","0",",m","0",",m","0",",m","0",",m","0",",m","0",",m","31",",m","27",",m","11.7",",m,04,+","0.0",",,m,31,+","37.8",",m,25,","","","0.0",",m","0.0",",,,m","24.11",",m","33.19",",,,m","15.03",",,,m"
"MXN00014096","1993-06","20.5167","-104.7833","1229.9","MASCOTA SMN, MX","","","189.9","1,m","13",",m","10",",m","4",",m","0",",m","0",",m","0","1,m","29","1,m","20","1,m","11.7",",m,10,+","81.8",",,m,22,","35.6","1,m,14,","","","0.0","1,m","281.2",",,,m","24.91","1,m","31.60","1,,,m","18.22",",,,m"
"MXN00014096","1993-07","20.5167","-104.7833","1229.9","MASCOTA SMN, MX","","","128.4","4,m","19",",m","14",",m","3",",m","0","3,m","0","3,m","0","4,m","27","4,m","2","4,m","12.8","3,m,28,","33.8",",,m,03,+","35.6","4,m,17,","0.0","m","0.0","4,m","233.2",",,,m","23.07","4,m","28.66","4,,,m","17.48","3,,,m"
"MXN00014096","1993-08","20.5167","-104.7833","1229.9","MASCOTA SMN, MX","","","105.4","2,m","21",",m","17",",m","4",",m","0","1,m","0","1,m","0","2,m","28","2,m","0","2,m","12.8","1,m,03,","82.8",",,m,18,","30.0","2,m,09,+","0.0","m","0.0","2,m","369.6",",,,m","21.98","2,m","26.63","2,,,m","17.32","1,,,m"
"MXN00014096","1993-09","20.5167","-104.7833","1229.9","MASCOTA SMN, MX","","","140.2","3,m","","","","","","","0",",m","0",",m","0","3,m","27","3,m","6","3,m","8.9",",m,29,","","","38.9","3,m,14,","0.5","m","0.5","3,m","","","23.45","3,m","29.26","3,,,m","17.65",",,,m"
"MXN00014096","1993-10","20.5167","-104.7833","1229.9","MASCOTA SMN, MX","","","99.7",",m","6",",m","4",",m","0",",m","0",",m","0",",m","0",",m","31",",m","0",",m","10.6",",m,26,+","19.8",",,m,29,","30.0",",m,12,","0.5","m","0.0",",m","43.0",",,,m","21.55",",m","26.93",",,,m","16.17",",,,m"
"MXN00014096","1993-11","20.5167","-104.7833","1229.9","MASCOTA SMN, MX","","","25.7",",m","4",",m","4",",m","0",",m","0",",m","0",",m","0",",m","30",",m","1",",m","10.6",",m,28,+","8.4",",,m,04,","35.6",",m,24,","2.6","m","2.1",",m","18.8",",,,m","19.12",",m","25.47",",,,m","12.77",",,,m"
"MXN00014096","1993-12","20.5167","-104.7833","1229.9","MASCOTA SMN, MX","","","6.7",",m","0",",m","0",",m","0",",m","0",",m","0",",m","0",",m","30",",m","0",",m","8.9",",m,13,","0.0",",,m,31,+","27.8",",m,01,","25.1","m","22.5",",m","0.0",",,,m","17.83",",m","24.66",",,,m","10.99",",,,m"
"MXN00014096","1994-01","20.5167","-104.7833","1229.9","MASCOTA SMN, MX","3.5","m","3.5","3,m","0",",m","0",",m","0",",m","0","3,m","0","3,m","0","3,m","28","3,m","0","3,m","7.8","3,m,31,+","0.0",",,m,31,+","26.7","3,m,24,","53.3","m","28.2","3,m","0.0",",,,m","17.45","3,m","24.76","3,,,m","10.14","3,,,m"
"MXN00014096","1994-02","20.5167","-104.7833","1229.9","MASCOTA SMN, MX","16.4","m","12.9","5,m","0",",m","0",",m","0",",m","0","5,m","0","5,m","0","5,m","23","5,m","0","5,m","8.9","5,m,26,+","0.0",",,m,28,+","28.9","5,m,21,+","57.0","m","3.7","5,m","0.0",",,,m","18.73","5,m","26.82","5,,,m","10.65","5,,,m"
"MXN00014096","1994-03","20.5167","-104.7833","1229.9","MASCOTA SMN, MX","92.0","m","75.6","2,m","0",",m","0",",m","0",",m","0","2,m","0","2,m","0","2,m","29","2,m","2","2,m","10.0","2,m,18,+","0.0",",,m,31,+","32.8","2,m,30,+","57.0","m","0.0","2,m","0.0",",,,m","20.94","2,m","29.96","2,,,m","11.92","2,,,m"
"MXN00014096","1994-04","20.5167","-104.7833","1229.9","MASCOTA SMN, MX","218.7","m","126.7","3,m","0",",m","0",",m","0",",m","0","3,m","0","3,m","0","3,m","27","3,m","15","3,m","10.6","3,m,03,","0.0",",,m,30,+","33.9","3,m,30,+","57.0","m","0.0","3,m","0.0",",,,m","23.03","3,m","32.25","3,,,m","13.80","3,,,m"
"MXN00014096","1994-05","20.5167","-104.7833","1229.9","MASCOTA SMN, MX","408.9","m","190.2","2,m","1",",m","1",",m","0",",m","0","2,m","0","2,m","0","2,m","29","2,m","28","2,m","15.0","2,m,22,+","3.8",",,m,28,","35.0","2,m,30,+","57.0","m","0.0","2,m","3.8",",,,m","24.89","2,m","33.67","2,,,m","16.11","2,,,m"
"MXN00014096","1994-06","20.5167","-104.7833","1229.9","MASCOTA SMN, MX","586.6","m","177.7","2,m","17",",m","17",",m","1",",m","0","2,m","0","2,m","0","2,m","28","2,m","13","2,m","15.0","2,m,15,","31.0",",,m,13,","35.0","2,m,09,+","57.0","m","0.0","2,m","209.5",",,,m","24.68","2,m","31.34","2,,,m","18.01","2,,,m"
"MXN00014096","1994-07","20.5167","-104.7833","1229.9","MASCOTA SMN, MX","747.4","m","160.8","1,m","18",",m","16",",m","1",",m","0","1,m","0","1,m","0","1,m","30","1,m","0","1,m","15.6","1,m,20,","26.9",",,m,08,","30.6","1,m,27,+","0.0","m","0.0","1,m","162.0",",,,m","23.69","1,m","29.51","1,,,m","17.87","1,,,m"
"MXN00014096","1994-08","20.5167","-104.7833","1229.9","MASCOTA SMN, MX","860.4","m","113.0","2,m","17",",m","14",",m","1",",m","0","2,m","0","2,m","0","2,m","29","2,m","0","2,m","15.6","2,m,25,+","25.4",",,m,22,","30.0","2,m,31,+","0.0","m","0.0","2,m","142.4",",,,m","22.23","2,m","27.46","2,,,m","17.00","2,,,m"
"MXN00014096","1994-09","20.5167","-104.7833","1229.9","MASCOTA SMN, MX","962.3","m","101.9","2,m","16",",m","12",",m","4",",m","0","2,m","0","2,m","0","2,m","28","2,m","0","2,m","15.0","2,m,30,","35.8",",,m,19,","28.9","2,m,06,+","0.0","m","0.0","2,m","231.5",",,,m","21.97","2,m","26.72","2,,,m","17.23","2,,,m"
"MXN00014096","1994-10","20.5167","-104.7833","1229.9","MASCOTA SMN, MX","1021.9","m","59.6","3,m","9",",m","7",",m","2",",m","0","3,m","0","3,m","0","3,m","28","3,m","0","3,m","11.7","3,m,16,","47.0",",,m,06,","26.7","3,m,28,+","0.5","m","0.5","3,m","160.1",",,,m","20.44","3,m","25.05","3,,,m","15.84","3,,,m"
"MXN00014096","1994-11","20.5167","-104.7833","1229.9","MASCOTA SMN, MX","1045.0","m","23.1","5,m","1",",m","1",",m","0",",m","0","5,m","0","5,m","0","5,m","25","5,m","0","5,m","10.0","5,m,29,+","4.3",",,m,16,","26.7","5,m,10,+","4.3","m","3.8","5,m","4.3",",,,m","19.10","5,m","24.54","5,,,m","13.66","5,,,m"
"MXN00014096","1994-12","20.5167","-104.7833","1229.9","MASCOTA SMN, MX","1051.6","m","6.6","5,m","1",",m","0",",m","0",",m","0","5,m","0","5,m","0","5,m","26","5,m","0","5,m","5.6","5,m,28,","1.8",",,m,24,","25.6","5,m,06,","17.7","m","13.4","5,m","1.8",",,,m","18.07","5,m","23.92","5,,,m","12.22","5,,,m"
"MXN00014096","1995-01","20.5167","-104.7833","1229.9","MASCOTA SMN, MX","2.1","m","2.1",",m","0",",m","0",",m","0",",m","0",",m","0",",m","0",",m","31",",m","0",",m","5.6",",m,14,","0.0",",,m,31,+","25.6",",m,25,+","48.2","m","30.5",",m","0.0",",,,m","17.42",",m","24.22",",,,m","10.61",",,,m"
"MXN00014096","1995-02","20.5167","-104.7833","1229.9","MASCOTA SMN, MX","31.8","m","29.7",",m","1","1,m","1","1,m","0","1,m","0",",m","0",",m","0",",m","28",",m","0",",m","10.0",",m,17,","10.9","1,,m,03,","27.8",",m,28,+","49.5","m","1.3",",m","10.9","1,,,m","19.35",",m","25.96",",,,m","12.74",",,,m"
"MXN00014096","1995-03","20.5167","-104.7833","1229.9","MASCOTA SMN, MX","106.3","m","74.5",",m","0",",m","0",",m","0",",m","0",",m","0",",m","0",",m","31",",m","0",",m","10.0",",m,21,+","0.0",",,m,31,+","31.7",",m,29,+","49.5","m","0.0",",m","0.0",",,,m","20.74",",m","29.50",",,,m","11.97",",,,m"
"MXN00014096","1995-04","20.5167","-104.7833","1229.9","MASCOTA SMN, MX","237.0","m","130.7",",m","0",",m","0",",m","0",",m","0",",m","0",",m","0",",m","30",",m","15",",m","10.6",",m,11,+","0.0",",,m,30,+","33.9",",m,30,+","49.5","m","0.0",",m","0.0",",,,m","22.69",",m","31.88",",,,m","13.50",",,,m"
"MXN00014096","1995-05","20.5167","-104.7833","1229.9","MASCOTA SMN, MX","414.8","m","177.8","5,m","1",",m","0",",m","0",",m","0","5,m","0","5,m","0","5,m","26","5,m","26","5,m","13.9","5,m,10,+","1.8",",,m,25,","35.0","5,m,28,+","49.5","m","0.0","5,m","1.8",",,,m","25.17","5,m","34.07","5,,,m","16.28","5,,,m"
"MXN00014096","1995-06","20.5167","-104.7833","1229.9","MASCOTA SMN, MX","593.6","m","178.8","3,m","16",",m","15",",m","4",",m","0","3,m","0","3,m","0","3,m","27","3,m","9","3,m","15.6","3,m,09,+","40.9",",,m,29,","35.0","3,m,08,+","49.5","m","0.0","3,m","292.8",",,,m","24.95","3,m","31.33","3,,,m","18.58","3,,,m"
"MXN00014096","1995-07","20.5167","-104.7833","1229.9","MASCOTA SMN, MX","758.2","m","164.6",",m","17",",m","15",",m","0",",m","0",",m","0",",m","0",",m","31",",m","0",",m","15.6",",m,20,","19.3",",,m,16,","31.7",",m,01,","0.0","m","0.0",",m","157.1",",,,m","23.64",",m","28.74",",,,m","18.55",",,,m"
"MXN00014096","1995-08","20.5167","-104.7833","1229.9","MASCOTA SMN, MX","891.5","m","133.3",",m","20",",m","18",",m","6",",m","0",",m","0",",m","0",",m","31",",m","0",",m","15.0",",m,15,","47.0",",,m,27,","30.0",",m,31,+","0.0","m","0.0",",m","348.0",",,,m","22.63",",m","26.81",",,,m","18.45",",,,m"
"MXN00014096","1995-09","20.5167","-104.7833","1229.9","MASCOTA SMN, MX","1016.3","m","124.8",",m","17",",m","11",",m","2",",m","0",",m","0",",m","0",",m","30",",m","0",",m","15.6",",m,21,","49.8",",,m,22,","31.7",",m,06,","0.0","m","0.0",",m","182.4",",,,m","22.49",",m","26.89",",,,m","18.09",",,,m"
"MXN00014096","1995-10","20.5167","-104.7833","1229.9","MASCOTA SMN, MX","1107.0","m","90.7",",m","0",",m","0",",m","0",",m","0",",m","0",",m","0",",m","31",",m","0",",m","8.9",",m,30,","0.0",",,m,31,+","28.9",",m,24,+","2.1","m","2.1",",m","0.0",",,,m","21.19",",m","27.34",",,,m","15.05",",,,m"
"MXN00014096","1995-11","20.5167","-104.7833","1229.9","MASCOTA SMN, MX","1157.7","m","50.7",",m","1",",m","1",",m","0",",m","0",",m","0",",m","0",",m","30",",m","0",",m","8.9",",m,29,","10.9",",,m,09,","26.7",",m,15,+","6.8","m","4.7",",m","10.9",",,,m","19.87",",m","25.73",",,,m","14.01",",,,m"
"MXN00014096","1995-12","20.5167","-104.7833","1229.9","MASCOTA SMN, MX","1158.7","m","1.0",",m","4",",m","3",",m","0",",m","0",",m","0",",m","0",",m","22",",m","0",",m","8.9",",m,29,+","15.7",",,m,30,","26.7",",m,04,","58.5","m","51.7",",m","28.7",",,,m","16.70",",m","22.80",",,,m","10.60",",,,m"
"MXN00014096","1996-01","20.5167","-104.7833","1229.9","MASCOTA SMN, MX","0.0","m","0.0",",m","0",",m","0",",m","0",",m","0",",m","0",",m","0",",m","27",",m","0",",m","5.6",",m,02,","0.0",",,m,31,+","26.7",",m,27,","109.4","m","50.9",",m","0.0",",,,m","16.69",",m","24.21",",,,m","9.17",",,,m"
"MXN00014096","1996-02","20.5167","-104.7833","1229.9","MASCOTA SMN, MX","28.0","m","28.0",",m","0",",m","0",",m","0",",m","0",",m","0",",m","0",",m","29",",m","0",",m","8.9",",m,03,+","0.0",",,m,29,+","30.0",",m,21,+","113.2","m","3.8",",m","0.0",",,,m","19.17",",m","26.91",",,,m","11.43",",,,m"
"MXN00014096","1996-03","20.5167","-104.7833","1229.9","MASCOTA SMN, MX","74.8","m","46.8",",m","0",",m","0",",m","0",",m","0",",m","0",",m","0",",m","31",",m","0",",m","8.9",",m,17,+","0.0",",,m,31,+","30.6",",m,30,","113.2","m","0.0",",m","0.0",",,,m","19.84",",m","28.42",",,,m","11.26",",,,m"
"MXN00014096","1996-04","20.5167","-104.7833","1229.9","MASCOTA SMN, MX","195.3","m","120.5",",m","0",",m","0",",m","0",",m","0",",m","0",",m","0",",m","30",",m","9",",m","10.6",",m,12,+","0.0",",,m,30,+","32.8",",m,29,+","113.2","m","0.0",",m","0.0",",,,m","22.35",",m","31.41",",,,m","13.29",",,,m"
"MXN00014096","1996-05","20.5167","-104.7833","1229.9","MASCOTA SMN, MX","411.0","m","215.7",",m","1",",m","1",",m","0",",m","0",",m","0",",m","0",",m","31",",m","23",",m","15.0",",m,02,","4.3",",,m,30,","33.9",",m,27,+","113.2","m","0.0",",m","4.3",",,,m","25.29",",m","32.89",",,,m","17.69",",,,m"
"MXN00014096","1996-06","20.5167","-104.7833","1229.9","MASCOTA SMN, MX","587.1","m","176.1",",m","20",",m","16",",m","1",",m","0",",m","0",",m","0",",m","30",",m","2",",m","16.7",",m,12,+","43.9",",,m,18,","32.8",",m,13,+","113.2","m","0.0",",m","236.3",",,,m","24.20",",m","30.13",",,,m","18.28",",,,m"
"MXN00014096","1996-07","20.5167","-104.7833","1229.9","MASCOTA SMN, MX","742.9","m","155.8",",m","19",",m","13",",m","3",",m","0",",m","0",",m","0",",m","31",",m","0",",m","15.6",",m,13,+","42.9",",,m,08,","30.6",",m,30,+","0.0","m","0.0",",m","237.9",",,,m","23.36",",m","28.25",",,,m","18.47",",,,m"
"MXN00014096","1996-08","20.5167","-104.7833","1229.9","MASCOTA SMN, MX","866.6","m","123.7",",m","20",",m","14",",m","5",",m","0",",m","0",",m","0",",m","31",",m","0",",m","15.6",",m,19,+","61.0",",,m,23,","30.0",",m,09,","0.0","m","0.0",",m","292.0",",,,m","22.32",",m","26.92",",,,m","17.73",",,,m"
"MXN00014096","1996-09","20.5167","-104.7833","1229.9","MASCOTA SMN, MX","963.9","m","97.3",",m","13",",m","12",",m","1",",m","0",",m","0",",m","0",",m","30",",m","0",",m","15.6",",m,30,+","34.8",",,m,26,","27.8",",m,22,+","0.0","m","0.0",",m","148.4",",,,m","21.58",",m","26.12",",,,m","17.03",",,,m"
"MXN00014096","1996-10","20.5167","-104.7833","1229.9","MASCOTA SMN, MX","1036.4","m","72.5",",m","4",",m","4",",m","2",",m","0",",m","0",",m","0",",m","31",",m","0",",m","12.8",",m,23,","78.0",",,m,03,","27.8",",m,28,","0.0","m","0.0",",m","149.7",",,,m","20.67",",m","25.12",",,,m","16.23",",,,m"
"MXN00014096","1996-11","20.5167","-104.7833","1229.9","MASCOTA SMN, MX","1055.7","m","19.3",",m","3","1,m","3","1,m","0","1,m","0",",m","0",",m","0",",m","30",",m","0",",m","10.0",",m,25,+","18.8","1,,m,27,","26.7",",m,23,+","1.7","m","1.7",",m","25.9","1,,,m","18.92",",m","24.89",",,,m","12.95",",,,m"
"MXN00014096","1996-12","20.5167","-104.7833","1229.9","MASCOTA SMN, MX","1061.5","m","5.8",",m","0",",m","0",",m","0",",m","0",",m","0",",m","0",",m","30",",m","0",",m","7.8",",m,02,","0.0",",,m,31,+","25.6",",m,10,+","24.9","m","23.2",",m","0.0",",,,m","17.77",",m","24.14",",,,m","11.41",",,,m"
"MXN00014096","1997-01","20.5167","-104.7833","1229.9","MASCOTA SMN, MX","0.0","m","0.0",",m","4",",m","3",",m","1",",m","0",",m","0",",m","0",",m","20",",m","0",",m","3.9",",m,10,","51.8",",,m,18,","25.0",",m,28,+","115.3","m","90.4",",m","62.2",",,,m","15.42",",m","22.13",",,,m","8.71",",,,m"
"MXN00014096","1997-02","20.5167","-104.7833","1229.9","MASCOTA SMN, MX","4.0","m","4.0",",m","1",",m","1",",m","0",",m","0",",m","0",",m","0",",m","26",",m","0",",m","6.7",",m,21,+","7.9",",,m,01,","27.8",",m,25,+","138.8","m","23.5",",m","7.9",",,,m","17.64",",m","25.17",",,,m","10.11",",,,m"
"MXN00014096","1997-03","20.5167","-104.7833","1229.9","MASCOTA SMN, MX","69.9","m","65.9",",m","1",",m","1",",m","1",",m","0",",m","0",",m","0",",m","30",",m","0",",m","8.9",",m,23,","50.8",",,m,21,","30.6",",m,31,+","141.8","m","3.0",",m","50.8",",,,m","20.36",",m","27.98",",,,m","12.75",",,,m"
"MXN00014096","1997-04","20.5167","-104.7833","1229.9","MASCOTA SMN, MX","117.3","m","47.4","1,m","6",",m","6",",m","0",",m","0",",m","0",",m","0","1,m","28","1,m","0","1,m","10.6",",m,27,+","16.8",",,m,04,","30.0","1,m,30,+","143.4","m","1.6","1,m","51.1",",,,m","19.92","1,m","26.17","1,,,m","13.67",",,,m"
"MXN00014096","1997-05","20.5167","-104.7833","1229.9","MASCOTA SMN, MX","267.5","m","150.2",",m","6",",m","5",",m","1",",m","0",",m","0",",m","0",",m","31",",m","1",",m","12.8",",m,08,","35.8",",,m,30,","35.6",",m,09,","143.4","m","0.0",",m","71.3",",,,m","23.18",",m","30.69",",,,m","15.67",",,,m"
"MXN00014096","1997-06","20.5167","-104.7833","1229.9","MASCOTA SMN, MX","453.0","m","185.5",",m","12",",m","9",",m","0",",m","0",",m","0",",m","0",",m","30",",m","0",",m","16.7",",m,08,+","24.4",",,m,24,","31.7",",m,04,+","143.4","m","0.0",",m","113.4",",,,m","24.52",",m","30.07",",,,m","18.96",",,,m"
"MXN00014096","1997-07","20.5167","-104.7833","1229.9","MASCOTA SMN, MX","593.1","m","140.1",",m","22",",m","19",",m","2",",m","0",",m","0",",m","0",",m","31",",m","0",",m","16.7",",m,31,+","33.8",",,m,30,","30.0",",m,23,+","0.0","m","0.0",",m","254.4",",,,m","22.85",",m","27.91",",,,m","17.80",",,,m"
"MXN00014096","1997-08","20.5167","-104.7833","1229.9","MASCOTA SMN, MX","726.1","m","133.0",",m","19",",m","16",",m","2",",m","0",",m","0",",m","0",",m","31",",m","0",",m","15.6",",m,27,+","31.8",",,m,30,","30.0",",m,23,+","0.0","m","0.0",",m","180.4",",,,m","22.62",",m","27.73",",,,m","17.52",",,,m"
"MXN00014096","1997-09","20.5167","-104.7833","1229.9","MASCOTA SMN, MX","858.5","m","132.4",",m","17",",m","14",",m","3",",m","0",",m","0",",m","0",",m","30",",m","0",",m","16.7",",m,28,+","39.9",",,m,07,","28.9",",m,27,+","0.0","m","0.0",",m","242.5",",,,m","22.75",",m","27.32",",,,m","18.17",",,,m"
"MXN00014096","1997-10","20.5167","-104.7833","1229.9","MASCOTA SMN, MX","943.1","m","84.6",",m","5","1,m","5","1,m","0","1,m","0",",m","0",",m","0",",m","31",",m","0",",m","10.6",",m,18,+","14.0","1,,m,13,","28.9",",m,09,+","0.8","m","0.8",",m","52.6","1,,,m","21.04",",m","26.50",",,,m","15.58",",,,m"
"MXN00014096","1997-11","20.5167","-104.7833","1229.9","MASCOTA SMN, MX","972.0","m","28.9",",m","5",",m","4",",m","0",",m","0",",m","0",",m","0",",m","30",",m","0",",m","10.0",",m,30,+","18.8",",,m,11,","28.9",",m,03,","6.2","m","5.4",",m","33.5",",,,m","19.12",",m","25.67",",,,m","12.56",",,,m"
"MXN00014096","1997-12","20.5167","-104.7833","1229.9","MASCOTA SMN, MX","973.2","m","1.2",",m","0",",m","0",",m","0",",m","0",",m","0",",m","0",",m","28",",m","0",",m","5.0",",m,15,","0.0",",,m,31,+","25.6",",m,31,+","66.5","m","60.3",",m","0.0",",,,m","16.43",",m","23.64",",,,m","9.22",",,,m"
"MXN00014096","1998-01","20.5167","-104.7833","1229.9","MASCOTA SMN, MX","0.0","m","0.0",",m","0",",m","0",",m","0",",m","0",",m","0",",m","0",",m","31",",m","0",",m","6.7",",m,27,+","0.0",",,m,31,+","25.6",",m,27,+","123.7","m","57.2",",m","0.0",",,,m","16.49",",m","24.24",",,,m","8.74",",,,m"
"MXN00014096","1998-02","20.5167","-104.7833","1229.9","MASCOTA SMN, MX","2.4","m","2.4",",m","2",",m","2",",m","0",",m","0",",m","0",",m","0",",m","27",",m","0",",m","5.6",",m,19,+","4.8",",,m,01,","27.8",",m,24,+","176.8","m","53.1",",m","7.6",",,,m","16.52",",m","24.80",",,,m","8.24",",,,m"
"MXN00014096","1998-03","20.5167","-104.7833","1229.9","MASCOTA SMN, MX","46.5","m","44.1",",m","0",",m","0",",m","0",",m","0",",m","0",",m","0",",m","31",",m","0",",m","6.7",",m,08,","0.0",",,m,31,+","30.0",",m,31,+","180.5","m","3.7",",m","0.0",",,,m","19.64",",m","28.19",",,,m","11.08",",,,m"
"MXN00014096","1998-04","20.5167","-104.7833","1229.9","MASCOTA SMN, MX","172.2","m","125.7",",m","0",",m","0",",m","0",",m","0",",m","0",",m","0",",m","30",",m","5",",m","10.6",",m,30,","0.0",",,m,30,+","33.9",",m,16,","180.5","m","0.0",",m","0.0",",,,m","22.52",",m","31.21",",,,m","13.83",",,,m"
"MXN00014096","1998-05","20.5167","-104.7833","1229.9","MASCOTA SMN, MX","359.8","m","187.6",",m","0",",m","0",",m","0",",m","0",",m","0",",m","0",",m","31",",m","22",",m","11.7",",m,01,","0.0",",,m,31,+","33.9",",m,27,+","180.5","m","0.0",",m","0.0",",,,m","24.39",",m","32.73",",,,m","16.04",",,,m"
"MXN00014096","1998-06","20.5167","-104.7833","1229.9","MASCOTA SMN, MX","590.2","m","230.4",",m","12","1,m","10","1,m","1","1,m","0",",m","0",",m","0",",m","30",",m","12",",m","17.8",",m,12,","37.8","1,,m,12,","33.9",",m,23,+","180.5","m","0.0",",m","116.1","1,,,m","26.01",",m","31.84",",,,m","20.19",",,,m"
"MXN00014096","1998-07","20.5167","-104.7833","1229.9","MASCOTA SMN, MX","767.0","m","176.8",",m","19",",m","15",",m","3",",m","0",",m","0",",m","0",",m","31",",m","1",",m","17.8",",m,28,+","50.8",",,m,18,","32.8",",m,09,","0.0","m","0.0",",m","277.8",",,,m","24.04",",m","29.15",",,,m","18.92",",,,m"
"MXN00014096","1998-08","20.5167","-104.7833","1229.9","MASCOTA SMN, MX","904.9","m","137.9",",m","18",",m","16",",m","2",",m","0",",m","0",",m","0",",m","31",",m","0",",m","15.6",",m,11,","33.8",",,m,03,","30.0",",m,21,+","0.0","m","0.0",",m","217.7",",,,m","22.78",",m","27.41",",,,m","18.15",",,,m"
"MXN00014096","1998-09","20.5167","-104.7833","1229.9","MASCOTA SMN, MX","1031.1","m","126.2",",m","20",",m","17",",m","5",",m","0",",m","0",",m","0",",m","30",",m","0",",m","16.7",",m,03,","50.8",",,m,14,","27.8",",m,22,+","0.0","m","0.0",",m","327.3",",,,m","22.54",",m","26.18",",,,m","18.90",",,,m"
"MXN00014096","1998-10","20.5167","-104.7833","1229.9","MASCOTA SMN, MX","1146.8","m","115.7",",m","7",",m","6",",m","1",",m","0",",m","0",",m","0",",m","31",",m","0",",m","15.6",",m,09,","34.8",",,m,12,","27.8",",m,29,+","0.0","m","0.0",",m","82.8",",,,m","22.07",",m","26.12",",,,m","18.01",",,,m"
"MXN00014096","1998-11","20.5167","-104.7833","1229.9","MASCOTA SMN, MX","1198.2","m","51.4",",m","1","1,m","1","1,m","0","1,m","0",",m","0",",m","0",",m","29",",m","0",",m","10.0",",m,18,+","9.9","1,,m,11,","27.8",",m,24,+","1.4","m","1.4",",m","9.9","1,,,m","20.00",",m","25.91",",,,m","14.09",",,,m"
"MXN00014096","1998-12","20.5167","-104.7833","1229.9","MASCOTA SMN, MX","1214.4","m","16.2",",m","0",",m","0",",m","0",",m","0",",m","0",",m","0",",m","31",",m","0",",m","10.0",",m,12,","0.0",",,m,31,+","26.7",",m,02,+","4.4","m","3.0",",m","0.0",",,,m","18.76",",m","25.27",",,,m","12.25",",,,m"
"MXN00014096","1999-01","20.5167","-104.7833","1229.9","MASCOTA SMN, MX","5.7","m","5.7",",m","0",",m","0",",m","0",",m","0",",m","0",",m","0",",m","31",",m","0",",m","6.7",",m,23,+","0.0",",,m,31,+","28.9",",m,31,","34.2","m","29.8",",m","0.0",",,,m","17.56",",m","25.70",",,,m","9.41",",,,m"
"MXN00014096","1999-02","20.5167","-104.7833","1229.9","MASCOTA SMN, MX","43.0","m","37.3",",m","0",",m","0",",m","0",",m","0",",m","0",",m","0",",m","28",",m","0",",m","8.9",",m,19,+","0.0",",,m,28,+","28.9",",m,28,+","36.3","m","2.1",",m","0.0",",,,m","19.59",",m","27.25",",,,m","11.93",",,,m"
"MXN00014096","1999-03","20.5167","-104.7833","1229.9","MASCOTA SMN, MX","109.5","m","66.5",",m","0",",m","0",",m","0",",m","0",",m","0",",m","0",",m","31",",m","0",",m","10.0",",m,15,+","0.0",",,m,31,+","31.7",",m,25,+","36.3","m","0.0",",m","0.0",",,,m","20.48",",m","29.05",",,,m","11.91",",,,m"
"MXN00014096","1999-04","20.5167","-104.7833","1229.9","MASCOTA SMN, MX","243.8","m","134.3",",m","0",",m","0",",m","0",",m","0",",m","0",",m","0",",m","30",",m","3",",m","10.6",",m,02,","0.0",",,m,30,+","32.8",",m,24,+","36.3","m","0.0",",m","0.0",",,,m","22.81",",m","31.29",",,,m","14.33",",,,m"
"MXN00014096","1999-05","20.5167","-104.7833","1229.9","MASCOTA SMN, MX","436.9","m","193.1",",m","0",",m","0",",m","0",",m","0",",m","0",",m","0",",m","31",",m","25",",m","13.9",",m,02,+","0.0",",,m,31,+","35.0",",m,28,+","36.3","m","0.0",",m","0.0",",,,m","24.56",",m","33.05",",,,m","16.08",",,,m"
"MXN00014096","1999-06","20.5167","-104.7833","1229.9","MASCOTA SMN, MX","626.5","m","189.6",",m","11",",m","11",",m","3",",m","0",",m","0",",m","0",",m","30",",m","12",",m","16.7",",m,01,","54.9",",,m,22,","33.9",",m,13,+","36.3","m","0.0",",m","200.0",",,,m","24.65",",m","30.28",",,,m","19.03",",,,m"
"MXN00014096","1999-07","20.5167","-104.7833","1229.9","MASCOTA SMN, MX","751.5","m","125.0",",m","18",",m","15",",m","4",",m","0",",m","0",",m","0",",m","31",",m","0",",m","15.6",",m,30,","55.9",",,m,10,","28.9",",m,16,","0.0","m","0.0",",m","313.7",",,,m","22.36",",m","26.77",",,,m","17.96",",,,m"
"MXN00014096","1999-08","20.5167","-104.7833","1229.9","MASCOTA SMN, MX","872.9","m","121.4",",m","23",",m","17",",m","0",",m","0",",m","0",",m","0",",m","31",",m","0",",m","15.6",",m,15,","24.9",",,m,04,","27.8",",m,17,+","0.0","m","0.0",",m","181.5",",,,m","22.25",",m","26.38",",,,m","18.12",",,,m"
"MXN00014096","1999-09","20.5167","-104.7833","1229.9","MASCOTA SMN, MX","992.2","m","119.3",",m","11",",m","9",",m","1",",m","0",",m","0",",m","0",",m","30",",m","0",",m","16.7",",m,27,+","52.8",",,m,06,","27.8",",m,28,+","0.0","m","0.0",",m","102.1",",,,m","22.31",",m","26.49",",,,m","18.13",",,,m"
"MXN00014096","1999-10","20.5167","-104.7833","1229.9","MASCOTA SMN, MX","1089.7","m","97.5",",m","3",",m","3",",m","0",",m","0",",m","0",",m","0",",m","30",",m","0",",m","10.6",",m,25,","8.9",",,m,08,","27.8",",m,31,+","0.2","m","0.2",",m","24.7",",,,m","21.47",",m","26.55",",,,m","16.39",",,,m"
"MXN00014096","1999-12","20.5167","-104.7833","1229.9","MASCOTA SMN, MX","","","1.1",",m","0",",m","0",",m","0",",m","0",",m","0",",m","0",",m","8",",m","0",",m","5.6",",m,04,","0.0",",,m,31,+","25.0",",m,01,","","","96.7",",m","0.0",",,,m","15.25",",m","21.14",",,,m","9.36",",,,m"
"MXN00014096","2000-01","20.5167","-104.7833","1229.9","MASCOTA SMN, MX","3.9","m","3.9",",m","0",",m","0",",m","0",",m","0",",m","0",",m","0",",m","29",",m","0",",m","7.8",",m,30,","0.0",",,m,31,+","26.7",",m,31,+","","","22.9",",m","0.0",",,,m","17.72",",m","25.17",",,,m","10.27",",,,m"
"MXN00014096","2000-02","20.5167","-104.7833","1229.9","MASCOTA SMN, MX","64.9","m","61.0",",m","0",",m","0",",m","0",",m","0",",m","0",",m","0",",m","29",",m","0",",m","7.8",",m,03,","0.0",",,m,29,+","30.0",",m,29,+","","","2.7",",m","0.0",",,,m","20.34",",m","28.86",",,,m","11.82",",,,m"
"MXN00014096","2000-03","20.5167","-104.7833","1229.9","MASCOTA SMN, MX","144.8","m","79.9",",m","0",",m","0",",m","0",",m","0",",m","0",",m","0",",m","31",",m","0",",m","8.9",",m,16,","0.0",",,m,31,+","31.7",",m,27,+","","","0.0",",m","0.0",",,,m","20.91",",m","29.75",",,,m","12.06",",,,m"
"MXN00014096","2000-04","20.5167","-104.7833","1229.9","MASCOTA SMN, MX","283.9","m","139.1",",m","0",",m","0",",m","0",",m","0",",m","0",",m","0",",m","30",",m","4",",m","11.7",",m,14,","0.0",",,m,30,+","32.8",",m,28,+","","","0.0",",m","0.0",",,,m","22.97",",m","31.44",",,,m","14.50",",,,m"
"MXN00014096","2000-05","20.5167","-104.7833","1229.9","MASCOTA SMN, MX","464.0","m","180.1",",m","5",",m","4",",m","2",",m","0",",m","0",",m","0",",m","31",",m","9",",m","12.8",",m,01,","41.9",",,m,31,","33.9",",m,23,","","","0.0",",m","106.2",",,,m","24.14",",m","31.89",",,,m","16.39",",,,m"
"MXN00014096","2000-06","20.5167","-104.7833","1229.9","MASCOTA SMN, MX","634.1","m","170.1",",m","24",",m","19",",m","5",",m","0",",m","0",",m","0",",m","30",",m","0",",m","16.7",",m,30,+","61.0",",,m,29,","30.6",",m,10,","","","0.0",",m","357.2",",,,m","24.00",",m","29.65",",,,m","18.35",",,,m"
"MXN00014096","2000-07","20.5167","-104.7833","1229.9","MASCOTA SMN, MX","788.7","m","154.6","1,m","17",",m","16",",m","0",",m","0",",m","0",",m","0","1,m","30","1,m","0","1,m","15.0",",m,30,","16.8",",,m,20,+","30.0","1,m,30,+","0.0","m","0.0","1,m","131.6",",,,m","23.46","1,m","29.71","1,,,m","17.21",",,,m"
"MXN00014096","2000-08","20.5167","-104.7833","1229.9","MASCOTA SMN, MX","928.0","m","139.3",",m","15",",m","13",",m","2",",m","0",",m","0",",m","0",",m","31",",m","0",",m","15.0",",m,26,","30.0",",,m,19,","30.0",",m,20,+","0.0","m","0.0",",m","163.8",",,,m","22.83",",m","28.44",",,,m","17.21",",,,m"
"MXN00014096","2000-09","20.5167","-104.7833","1229.9","MASCOTA SMN, MX","1069.7","m","141.7",",m","11",",m","8",",m","1",",m","0",",m","0",",m","0",",m","30",",m","0",",m","15.6",",m,30,+","104.9",",,m,20,","30.0",",m,16,+","0.0","m","0.0",",m","191.1",",,,m","23.06",",m","28.42",",,,m","17.69",",,,m"
"MXN00014096","2000-10","20.5167","-104.7833","1229.9","MASCOTA SMN, MX","1182.4","m","112.7",",m","9",",m","7",",m","0",",m","0",",m","0",",m","0",",m","31",",m","0",",m","13.9",",m,27,","19.8",",,m,07,","28.9",",m,17,+","0.0","m","0.0",",m","59.0",",,,m","21.97",",m","27.55",",,,m","16.39",",,,m"
"MXN00014096","2000-11","20.5167","-104.7833","1229.9","MASCOTA SMN, MX","1236.5","m","54.1",",m","0","1,m","0","1,m","0","1,m","0",",m","0",",m","0",",m","30",",m","0",",m","6.7",",m,09,","0.0","1,,m,30,+","27.8",",m,21,+","3.2","m","3.2",",m","0.0","1,,,m","20.03",",m","26.85",",,,m","13.21",",,,m"
"MXN00014096","2000-12","20.5167","-104.7833","1229.9","MASCOTA SMN, MX","1255.0","m","18.5",",m","3",",m","2",",m","0",",m","0",",m","0",",m","0",",m","28",",m","0",",m","10.6",",m,31,+","13.0",",,m,27,","26.7",",m,11,+","13.4","m","10.2",",m","25.2",",,,m","18.60",",m","25.18",",,,m","12.02",",,,m"
"MXN00014096","2001-01","20.5167","-104.7833","1229.9","MASCOTA SMN, MX","0.6","m","0.6",",m","1",",m","0",",m","0",",m","0",",m","0",",m","0",",m","29",",m","0",",m","3.3",",m,21,+","0.5",",,m,28,","27.8",",m,04,","80.0","m","66.6",",m","0.5",",,,m","16.20",",m","25.00",",,,m","7.41",",,,m"
"MXN00014096","2001-02","20.5167","-104.7833","1229.9","MASCOTA SMN, MX","2.8","m","2.2",",m","0",",m","0",",m","0",",m","0",",m","0",",m","0",",m","28",",m","0",",m","5.6",",m,07,","0.0",",,m,28,+","30.0",",m,17,","104.2","m","24.2",",m","0.0",",,,m","17.55",",m","27.40",",,,m","7.70",",,,m"
"MXN00014096","2001-03","20.5167","-104.7833","1229.9","MASCOTA SMN, MX","3.6","m","0.8",",m","2",",m","1",",m","1",",m","0",",m","0",",m","0",",m","30",",m","0",",m","3.9",",m,31,+","58.4",",,m,02,","30.6",",m,13,","154.9","m","50.7",",m","60.7",",,,m","16.72",",m","27.26",",,,m","6.19",",,,m"
"MXN00014096","2001-04","20.5167","-104.7833","1229.9","MASCOTA SMN, MX","49.5","m","45.9",",m","0",",m","0",",m","0",",m","0",",m","0",",m","0",",m","30",",m","4",",m","5.0",",m,01,","0.0",",,m,30,+","32.8",",m,04,","155.7","m","0.8",",m","0.0",",,,m","19.84",",m","30.68",",,,m","9.00",",,,m"
"MXN00014096","2001-05","20.5167","-104.7833","1229.9","MASCOTA SMN, MX","150.9","m","101.4",",m","1",",m","1",",m","1",",m","0",",m","0",",m","0",",m","31",",m","5",",m","8.9",",m,08,","29.0",",,m,31,","32.8",",m,28,+","155.7","m","0.0",",m","29.0",",,,m","21.60",",m","30.39",",,,m","12.82",",,,m"
"MXN00014096","2001-06","20.5167","-104.7833","1229.9","MASCOTA SMN, MX","272.7","m","121.8",",m","15",",m","10",",m","3",",m","0",",m","0",",m","0",",m","30",",m","0",",m","15.0",",m,30,+","48.5",",,m,15,","30.0",",m,30,+","155.7","m","0.0",",m","200.8",",,,m","22.39",",m","28.39",",,,m","16.39",",,,m"
"MXN00014096","2001-07","20.5167","-104.7833","1229.9","MASCOTA SMN, MX","374.7","m","102.0",",m","27",",m","20",",m","2",",m","0",",m","0",",m","0",",m","31",",m","0",",m","15.0",",m,30,+","27.9",",,m,14,","30.0",",m,22,","0.0","m","0.0",",m","243.6",",,,m","21.62",",m","27.02",",,,m","16.22",",,,m"
"MXN00014096","2001-08","20.5167","-104.7833","1229.9","MASCOTA SMN, MX","495.4","m","120.7",",m","23",",m","17",",m","3",",m","0",",m","0",",m","0",",m","31",",m","0",",m","13.3",",m,04,","39.1",",,m,08,","31.7",",m,23,","0.0","m","0.0",",m","307.8",",,,m","22.23",",m","28.21",",,,m","16.25",",,,m"
"MXN00014096","2001-09","20.5167","-104.7833","1229.9","MASCOTA SMN, MX","616.5","m","121.1",",m","11",",m","5",",m","0",",m","0",",m","0",",m","0",",m","30",",m","0",",m","13.9",",m,30,+","18.8",",,m,02,","31.1",",m,22,","0.0","m","0.0",",m","60.4",",,,m","22.37",",m","27.77",",,,m","16.97",",,,m"
"MXN00014096","2001-10","20.5167","-104.7833","1229.9","MASCOTA SMN, MX","681.4","m","64.9",",m","6",",m","5",",m","0",",m","0",",m","0",",m","0",",m","31",",m","0",",m","7.2",",m,31,","23.6",",,m,03,","30.6",",m,18,+","0.8","m","0.8",",m","48.1",",,,m","20.40",",m","28.15",",,,m","12.65",",,,m"
"MXN00014096","2001-11","20.5167","-104.7833","1229.9","MASCOTA SMN, MX","695.6","m","14.2",",m","0",",m","0",",m","0",",m","0",",m","0",",m","0",",m","30",",m","0",",m","3.9",",m,30,+","0.0",",,m,30,+","30.6",",m,03,","28.9","m","28.1",",m","0.0",",,,m","17.87",",m","27.60",",,,m","8.14",",,,m"
"MXN00014096","2001-12","20.5167","-104.7833","1229.9","MASCOTA SMN, MX","700.8","m","5.2",",m","1",",m","0",",m","0",",m","0",",m","0",",m","0",",m","31",",m","0",",m","1.1",",m,25,","0.8",",,m,10,","29.4",",m,01,","78.3","m","49.4",",m","0.8",",,,m","16.90",",m","26.35",",,,m","7.46",",,,m"
"MXN00014096","2002-01","20.5167","-104.7833","1229.9","MASCOTA SMN, MX","1.7","m","1.7",",m","0",",m","0",",m","0",",m","0",",m","0",",m","0",",m","30",",m","0",",m","2.2",",m,15,+","0.0",",,m,31,+","31.7",",m,28,","153.6","m","75.3",",m","0.0",",,,m","15.96",",m","26.92",",,,m","5.00",",,,m"
"MXN00014096","2002-02","20.5167","-104.7833","1229.9","MASCOTA SMN, MX","10.0","m","8.3",",m","3",",m","3",",m","1",",m","0",",m","0",",m","0",",m","26",",m","1",",m","3.3",",m,24,","28.4",",,m,12,","32.2",",m,01,","182.4","m","28.8",",m","51.3",",,,m","17.60",",m","27.34",",,,m","7.87",",,,m"
"MXN00014096","2002-03","20.5167","-104.7833","1229.9","MASCOTA SMN, MX","40.3","m","30.3",",m","0",",m","0",",m","0",",m","0",",m","0",",m","0",",m","31",",m","4",",m","4.4",",m,02,","0.0",",,m,31,+","33.3",",m,26,","193.2","m","10.8",",m","0.0",",,,m","18.96",",m","30.15",",,,m","7.78",",,,m"
"MXN00014096","2002-04","20.5167","-104.7833","1229.9","MASCOTA SMN, MX","124.2","m","83.9",",m","0",",m","0",",m","0",",m","0",",m","0",",m","0",",m","30",",m","10",",m","7.2",",m,02,","0.0",",,m,30,+","35.0",",m,25,","193.5","m","0.3",",m","0.0",",,,m","21.12",",m","31.27",",,,m","10.97",",,,m"
"MXN00014096","2002-05","20.5167","-104.7833","1229.9","MASCOTA SMN, MX","263.5","m","139.3",",m","1",",m","0",",m","0",",m","0",",m","0",",m","0",",m","31",",m","16",",m","10.6",",m,18,","2.3",",,m,14,","35.0",",m,01,","193.5","m","0.0",",m","2.3",",,,m","22.83",",m","32.19",",,,m","13.46",",,,m"
"MXN00014096","2002-06","20.5167","-104.7833","1229.9","MASCOTA SMN, MX","398.4","m","134.9",",m","18",",m","12",",m","1",",m","0",",m","0",",m","0",",m","30",",m","0",",m","13.9",",m,19,+","36.8",",,m,22,","31.7",",m,21,","193.5","m","0.0",",m","168.4",",,,m","22.83",",m","29.10",",,,m","16.56",",,,m"
"MXN00014096","2002-07","20.5167","-104.7833","1229.9","MASCOTA SMN, MX","519.3","m","120.9",",m","26",",m","17",",m","3",",m","0",",m","0",",m","0",",m","31",",m","0",",m","15.0",",m,03,","43.4",",,m,11,","30.0",",m,02,","0.0","m","0.0",",m","237.3",",,,m","22.23",",m","27.65",",,,m","16.81",",,,m"
"MXN00014096","2002-08","20.5167","-104.7833","1229.9","MASCOTA SMN, MX","646.2","m","126.9",",m","16",",m","13",",m","2",",m","0",",m","0",",m","0",",m","31",",m","0",",m","15.0",",m,19,+","38.9",",,m,01,","30.6",",m,29,+","0.0","m","0.0",",m","187.0",",,,m","22.43",",m","28.29",",,,m","16.57",",,,m"
"MXN00014096","2002-09","20.5167","-104.7833","1229.9","MASCOTA SMN, MX","769.9","m","123.7",",m","18",",m","14",",m","3",",m","0",",m","0",",m","0",",m","30",",m","0",",m","13.9",",m,25,+","43.9",",,m,04,","30.6",",m,22,","0.0","m","0.0",",m","189.7",",,,m","22.46",",m","27.71",",,,m","17.20",",,,m"
"MXN00014096","2002-10","20.5167","-104.7833","1229.9","MASCOTA SMN, MX","852.8","m","82.9",",m","10",",m","6",",m","2",",m","0",",m","0",",m","0",",m","31",",m","0",",m","10.0",",m,31,+","32.8",",,m,24,","31.1",",m,13,","0.0","m","0.0",",m","86.7",",,,m","21.01",",m","27.48",",,,m","14.54",",,,m"
"MXN00014096","2002-11","20.5167","-104.7833","1229.9","MASCOTA SMN, MX","879.6","m","26.8",",m","5",",m","3",",m","0",",m","0",",m","0",",m","0",",m","29",",m","0",",m","5.0",",m,25,+","10.7",",,m,03,","30.0",",m,19,+","20.8","m","20.8",",m","22.5",",,,m","18.53",",m","26.27",",,,m","10.80",",,,m"
"MXN00014096","2002-12","20.5167","-104.7833","1229.9","MASCOTA SMN, MX","884.0","m","4.4",",m","0",",m","0",",m","0",",m","0",",m","0",",m","0",",m","29",",m","0",",m","1.7",",m,24,","0.0",",,m,31,+","30.0",",m,02,","118.3","m","97.5",",m","0.0",",,,m","15.33",",m","24.91",",,,m","5.76",",,,m"
"MXN00014096","2003-01","20.5167","-104.7833","1229.9","MASCOTA SMN, MX","6.5","m","6.5",",m","0",",m","0",",m","0",",m","0",",m","0",",m","0",",m","30",",m","0",",m","5.0",",m,24,+","0.0",",,m,31,+","30.0",",m,30,","154.5","m","36.2",",m","0.0",",,,m","17.38",",m","26.48",",,,m","8.27",",,,m"
"MXN00014096","2003-02","20.5167","-104.7833","1229.9","MASCOTA SMN, MX","10.2","m","3.7",",m","1",",m","1",",m","0",",m","0",",m","0",",m","0",",m","27",",m","0",",m","3.9",",m,25,+","4.3",",,m,01,","30.0",",m,11,+","189.7","m","35.2",",m","4.3",",,,m","17.21",",m","26.89",",,,m","7.52",",,,m"
"MXN00014096","2003-03","20.5167","-104.7833","1229.9","MASCOTA SMN, MX","24.3","m","14.1",",m","0",",m","0",",m","0",",m","0",",m","0",",m","0",",m","31",",m","0",",m","0.6",",m,21,+","0.0",",,m,31,+","31.7",",m,11,+","225.5","m","35.8",",m","0.0",",,,m","17.63",",m","29.06",",,,m","6.21",",,,m"
"MXN00014096","2003-04","20.5167","-104.7833","1229.9","MASCOTA SMN, MX","95.9","m","71.6",",m","0",",m","0",",m","0",",m","0",",m","0",",m","0",",m","30",",m","8",",m","5.0",",m,13,","0.0",",,m,30,+","33.9",",m,20,","226.6","m","1.1",",m","0.0",",,,m","20.69",",m","31.03",",,,m","10.34",",,,m"
"MXN00014096","2003-05","20.5167","-104.7833","1229.9","MASCOTA SMN, MX","217.1","m","121.2",",m","2",",m","1",",m","0",",m","0",",m","0",",m","0",",m","31",",m","13",",m","10.0",",m,07,+","4.8",",,m,24,","33.9",",m,28,+","226.6","m","0.0",",m","5.3",",,,m","22.24",",m","31.93",",,,m","12.56",",,,m"
"MXN00014096","2003-06","20.5167","-104.7833","1229.9","MASCOTA SMN, MX","350.1","m","133.0",",m","14",",m","13",",m","4",",m","0",",m","0",",m","0",",m","30",",m","1",",m","10.6",",m,08,+","71.1",",,m,09,","32.2",",m,07,","226.6","m","0.0",",m","257.1",",,,m","22.77",",m","29.05",",,,m","16.49",",,,m"
"MXN00014096","2003-07","20.5167","-104.7833","1229.9","MASCOTA SMN, MX","461.0","m","110.9",",m","18",",m","17",",m","2",",m","0",",m","0",",m","0",",m","31",",m","0",",m","15.0",",m,25,+","33.5",",,m,14,","30.6",",m,21,","0.0","m","0.0",",m","258.0",",,,m","21.91",",m","27.65",",,,m","16.16",",,,m"
"MXN00014096","2003-08","20.5167","-104.7833","1229.9","MASCOTA SMN, MX","567.1","m","106.1",",m","19",",m","13",",m","1",",m","0",",m","0",",m","0",",m","31",",m","0",",m","15.0",",m,25,+","33.8",",,m,07,","29.4",",m,30,+","0.0","m","0.0",",m","197.1",",,,m","21.76",",m","27.28",",,,m","16.24",",,,m"
"MXN00014096","2003-09","20.5167","-104.7833","1229.9","MASCOTA SMN, MX","692.6","m","125.5",",m","22",",m","14",",m","4",",m","0",",m","0",",m","0",",m","30",",m","0",",m","15.6",",m,05,+","67.6",",,m,17,","30.0",",m,28,","0.0","m","0.0",",m","325.2",",,,m","22.52",",m","27.45",",,,m","17.58",",,,m"
"MXN00014096","2003-10","20.5167","-104.7833","1229.9","MASCOTA SMN, MX","779.0","m","86.4",",m","15",",m","7",",m","0",",m","0",",m","0",",m","0",",m","31",",m","0",",m","5.6",",m,30,+","21.1",",,m,10,","30.6",",m,19,","8.0","m","8.0",",m","72.1",",,,m","20.86",",m","27.23",",,,m","14.50",",,,m"
"MXN00014096","2003-11","20.5167","-104.7833","1229.9","MASCOTA SMN, MX","822.2","m","43.2",",m","2",",m","1",",m","0",",m","0",",m","0",",m","0",",m","30",",m","0",",m","7.2",",m,24,","4.6",",,m,14,","31.7",",m,11,","11.3","m","3.3",",m","5.6",",,,m","19.66",",m","28.37",",,,m","10.95",",,,m"
"MXN00014096","2003-12","20.5167","-104.7833","1229.9","MASCOTA SMN, MX","822.2","m","0.0",",m","0",",m","0",",m","0",",m","0",",m","0",",m","0",",m","31",",m","0",",m","2.8",",m,21,","0.0",",,m,31,+","30.0",",m,01,","81.6","m","70.3",",m","0.0",",,,m","16.07",",m","26.39",",,,m","5.74",",,,m"
"MXN00014096","2004-01","20.5167","-104.7833","1229.9","MASCOTA SMN, MX","2.9","m","2.9",",m","6",",m","5",",m","2",",m","0",",m","0",",m","0",",m","20",",m","0",",m","1.7",",m,26,","35.6",",,m,15,","26.7",",m,09,+","179.0","m","97.4",",m","97.8",",,,m","15.28",",m","23.04",",,,m","7.53",",,,m"
"MXN00014096","2004-02","20.5167","-104.7833","1229.9","MASCOTA SMN, MX","2.9","m","0.0",",m","0",",m","0",",m","0",",m","0",",m","0",",m","0",",m","29",",m","0",",m","0.6",",m,25,+","0.0",",,m,29,+","29.4",",m,26,+","258.7","m","79.7",",m","0.0",",,,m","15.58",",m","26.33",",,,m","4.84",",,,m"
"MXN00014096","2004-03","20.5167","-104.7833","1229.9","MASCOTA SMN, MX","43.9","m","41.0",",m","2",",m","1",",m","0",",m","0",",m","0",",m","0",",m","31",",m","5",",m","3.3",",m,02,+","2.5",",,m,11,","33.9",",m,21,+","269.9","m","11.2",",m","4.8",",,,m","19.30",",m","30.05",",,,m","8.55",",,,m"
"MXN00014096","2004-04","20.5167","-104.7833","1229.9","MASCOTA SMN, MX","83.5","m","39.6",",m","2",",m","0",",m","0",",m","0",",m","0",",m","0",",m","30",",m","0",",m","6.7",",m,11,","1.0",",,m,29,","31.7",",m,27,+","275.7","m","5.8",",m","1.8",",,,m","19.46",",m","28.85",",,,m","10.07",",,,m"
"MXN00014096","2004-05","20.5167","-104.7833","1229.9","MASCOTA SMN, MX","192.0","m","108.5",",m","5",",m","2",",m","0",",m","0",",m","0",",m","0",",m","31",",m","7",",m","9.4",",m,15,","6.6",",,m,22,","33.9",",m,20,","275.7","m","0.0",",m","15.2",",,,m","21.83",",m","30.97",",,,m","12.69",",,,m"
"MXN00014096","2004-06","20.5167","-104.7833","1229.9","MASCOTA SMN, MX","319.1","m","127.1","1,m","24",",m","18",",m","3",",m","0","1,m","0","1,m","0",",m","30",",m","1",",m","15.0","1,m,24,+","51.1",",,m,06,","32.2",",m,01,","275.7","m","0.0",",m","298.5",",,,m","22.66","1,m","28.21",",,,m","17.11","1,,,m"
"MXN00014096","2004-07","20.5167","-104.7833","1229.9","MASCOTA SMN, MX","434.0","m","114.9",",m","16",",m","11",",m","0",",m","0",",m","0",",m","0",",m","31",",m","0",",m","15.0",",m,24,+","15.0",",,m,27,","30.6",",m,26,","0.0","m","0.0",",m","79.9",",,,m","22.04",",m","27.62",",,,m","16.46",",,,m"
"MXN00014096","2004-08","20.5167","-104.7833","1229.9","MASCOTA SMN, MX","561.2","m","127.2",",m","25",",m","17",",m","4",",m","0",",m","0",",m","0",",m","31",",m","0",",m","15.0",",m,04,","34.5",",,m,04,","30.6",",m,25,+","0.0","m","0.0",",m","247.6",",,,m","22.44",",m","28.30",",,,m","16.57",",,,m"
"MXN00014096","2004-09","20.5167","-104.7833","1229.9","MASCOTA SMN, MX","667.7","m","106.5",",m","23",",m","15",",m","4",",m","0",",m","0",",m","0",",m","30",",m","0",",m","15.6",",m,28,+","45.2",",,m,22,","30.0",",m,29,+","0.0","m","0.0",",m","256.6",",,,m","21.88",",m","27.12",",,,m","16.64",",,,m"
"MXN00014096","2004-10","20.5167","-104.7833","1229.9","MASCOTA SMN, MX","768.6","m","100.9",",m","5",",m","3",",m","0",",m","0",",m","0",",m","0",",m","31",",m","0",",m","10.0",",m,18,","6.1",",,m,07,","30.6",",m,23,+","0.0","m","0.0",",m","17.7",",,,m","21.59",",m","28.06",",,,m","15.11",",,,m"
"MXN00014096","2004-11","20.5167","-104.7833","1229.9","MASCOTA SMN, MX","789.1","m","20.5",",m","0",",m","0",",m","0",",m","0",",m","0",",m","0",",m","30",",m","0",",m","7.2",",m,07,","0.0",",,m,30,+","30.0",",m,08,+","10.0","m","10.0",",m","0.0",",,,m","18.69",",m","27.73",",,,m","9.64",",,,m"
"MXN00014096","2004-12","20.5167","-104.7833","1229.9","MASCOTA SMN, MX","792.4","m","3.3",",m","1",",m","0",",m","0",",m","0",",m","1",",m","0",",m","29",",m","0",",m","0.0",",m,26,","0.3",",,m,01,","29.4",",m,13,","66.3","m","56.3",",m","0.3",",,,m","16.63",",m","25.72",",,,m","7.53",",,,m"
"MXN00014096","2005-01","20.5167","-104.7833","1229.9","MASCOTA SMN, MX","2.6","m","2.6",",m","1",",m","1",",m","0",",m","0",",m","0",",m","0",",m","31",",m","0",",m","5.0",",m,29,+","3.8",",,m,23,","30.0",",m,29,","97.0","m","30.7",",m","3.8",",,,m","17.42",",m","26.77",",,,m","8.08",",,,m"
"MXN00014096","2005-02","20.5167","-104.7833","1229.9","MASCOTA SMN, MX","13.7","m","11.1",",m","5",",m","5",",m","0",",m","0",",m","0",",m","0",",m","23",",m","0",",m","3.9",",m,28,","18.3",",,m,04,","30.0",",m,09,","126.9","m","29.9",",m","49.2",",,,m","17.66",",m","25.67",",,,m","9.65",",,,m"
"MXN00014096","2005-03","20.5167","-104.7833","1229.9","MASCOTA SMN, MX","18.8","m","5.1",",m","2",",m","0",",m","0",",m","0",",m","0",",m","0",",m","31",",m","1",",m","1.7",",m,17,","2.0",",,m,15,","33.3",",m,27,","162.7","m","35.8",",m","2.5",",,,m","17.34",",m","27.90",",,,m","6.79",",,,m"
"MXN00014096","2005-04","20.5167","-104.7833","1229.9","MASCOTA SMN, MX","86.2","m","67.4",",m","0",",m","0",",m","0",",m","0",",m","0",",m","0",",m","30",",m","12",",m","5.6",",m,01,","0.0",",,m,30,+","33.9",",m,14,","162.7","m","0.0",",m","0.0",",,,m","20.58",",m","31.75",",,,m","9.40",",,,m"
"MXN00014096","2005-05","20.5167","-104.7833","1229.9","MASCOTA SMN, MX","159.9","m","73.7",",m","0",",m","0",",m","0",",m","0",",m","0",",m","0",",m","31",",m","14",",m","5.0",",m,19,","0.0",",,m,31,+","33.9",",m,10,","164.3","m","1.6",",m","0.0",",,,m","20.66",",m","31.64",",,,m","9.68",",,,m"
"MXN00014096","2005-06","20.5167","-104.7833","1229.9","MASCOTA SMN, MX","299.4","m","139.5",",m","6",",m","4",",m","0",",m","0",",m","0",",m","0",",m","30",",m","17",",m","6.7",",m,13,","8.9",",,m,29,","33.9",",m,27,+","164.3","m","0.0",",m","23.1",",,,m","22.98",",m","32.14",",,,m","13.83",",,,m"
"MXN00014096","2005-07","20.5167","-104.7833","1229.9","MASCOTA SMN, MX","453.0","m","153.6",",m","19",",m","14",",m","4",",m","0",",m","0",",m","0",",m","31",",m","0",",m","9.4",",m,04,","42.7",",,m,31,","31.7",",m,30,","0.0","m","0.0",",m","220.0",",,,m","23.29",",m","28.62",",,,m","17.95",",,,m"
"MXN00014096","2005-08","20.5167","-104.7833","1229.9","MASCOTA SMN, MX","582.3","m","129.3",",m","23",",m","12",",m","1",",m","0",",m","0",",m","0",",m","31",",m","0",",m","15.0",",m,05,+","30.5",",,m,15,","31.1",",m,20,+","0.3","m","0.3",",m","153.7",",,,m","22.50",",m","27.77",",,,m","17.22",",,,m"
"MXN00014096","2005-09","20.5167","-104.7833","1229.9","MASCOTA SMN, MX","713.9","m","131.6",",m","19",",m","17",",m","5",",m","0",",m","0",",m","0",",m","30",",m","0",",m","15.6",",m,22,+","46.5",",,m,30,","30.6",",m,27,+","0.3","m","0.0",",m","311.6",",,,m","22.72",",m","28.56",",,,m","16.88",",,,m"
"MXN00014096","2005-10","20.5167","-104.7833","1229.9","MASCOTA SMN, MX","802.9","m","89.0",",m","9",",m","6",",m","0",",m","0",",m","0",",m","0",",m","31",",m","0",",m","7.8",",m,26,","12.7",",,m,09,","30.6",",m,31,","2.5","m","2.2",",m","40.9",",,,m","21.13",",m","27.87",",,,m","14.39",",,,m"
"MXN00014096","2005-11","20.5167","-104.7833","1229.9","MASCOTA SMN, MX","831.8","m","28.9",",m","0",",m","0",",m","0",",m","0",",m","0",",m","0",",m","30",",m","0",",m","5.0",",m,30,+","0.0",",,m,30,+","31.7",",m,10,","22.2","m","19.7",",m","0.0",",,,m","18.64",",m","28.47",",,,m","8.81",",,,m"
"MXN00014096","2005-12","20.5167","-104.7833","1229.9","MASCOTA SMN, MX","834.6","m","2.8",",m","0",",m","0",",m","0",",m","0",",m","1",",m","0",",m","30",",m","0",",m","0.0",",m,26,","0.0",",,m,31,+","30.6",",m,14,+","68.4","m","46.2",",m","0.0",",,,m","16.94",",m","27.24",",,,m","6.64",",,,m"
"MXN00014096","2006-01","20.5167","-104.7833","1229.9","MASCOTA SMN, MX","3.8","m","3.8",",m","1",",m","0",",m","0",",m","0",",m","0",",m","0",",m","31",",m","0",",m","3.9",",m,08,","2.3",",,m,28,","29.4",",m,30,+","103.1","m","34.7",",m","2.3",",,,m","17.34",",m","27.77",",,,m","6.90",",,,m"
"MXN00014096","2006-02","20.5167","-104.7833","1229.9","MASCOTA SMN, MX","16.8","m","13.0",",m","0",",m","0",",m","0",",m","0",",m","0",",m","0",",m","28",",m","3",",m","1.1",",m,03,","0.0",",,m,28,+","32.2",",m,26,+","115.9","m","12.8",",m","0.0",",,,m","18.34",",m","29.46",",,,m","7.22",",,,m"
"MXN00014096","2006-03","20.5167","-104.7833","1229.9","MASCOTA SMN, MX","34.3","m","17.5",",m","0",",m","0",",m","0",",m","0",",m","0",",m","0",",m","31",",m","2",",m","5.0",",m,30,+","0.0",",,m,31,+","32.8",",m,14,","126.2","m","10.3",",m","0.0",",,,m","18.57",",m","29.63",",,,m","7.51",",,,m"
"MXN00014096","2006-04","20.5167","-104.7833","1229.9","MASCOTA SMN, MX","102.3","m","68.0",",m","0",",m","0",",m","0",",m","0",",m","0",",m","0",",m","30",",m","12",",m","5.6",",m,02,","0.0",",,m,30,+","33.9",",m,04,+","126.2","m","0.0",",m","0.0",",,,m","20.60",",m","31.43",",,,m","9.77",",,,m"
"MXN00014096","2006-05","20.5167","-104.7833","1229.9","MASCOTA SMN, MX","199.5","m","97.2",",m","1",",m","1",",m","0",",m","0",",m","0",",m","0",",m","31",",m","8",",m","8.9",",m,07,","2.8",",,m,02,","33.3",",m,12,","126.2","m","0.0",",m","2.8",",,,m","21.47",",m","30.99",",,,m","11.94",",,,m"
"MXN00014096","2006-06","20.5167","-104.7833","1229.9","MASCOTA SMN, MX","349.4","m","149.9",",m","17",",m","11",",m","1",",m","0",",m","0",",m","0",",m","30",",m","3",",m","12.2",",m,01,","30.7",",,m,18,","33.9",",m,14,","126.2","m","0.0",",m","141.2",",,,m","23.33",",m","30.17",",,,m","16.49",",,,m"
"MXN00014096","2006-07","20.5167","-104.7833","1229.9","MASCOTA SMN, MX","468.9","m","119.5","1,m","22",",m","15",",m","1",",m","0",",m","0",",m","0","1,m","30","1,m","1","1,m","12.8",",m,04,","32.3",",,m,26,","32.8","1,m,03,","0.0","m","0.0","1,m","163.3",",,,m","22.34","1,m","28.13","1,,,m","16.55",",,,m"
"MXN00014096","2006-08","20.5167","-104.7833","1229.9","MASCOTA SMN, MX","594.7","m","125.8",",m","25",",m","20",",m","5",",m","0",",m","0",",m","0",",m","31",",m","0",",m","15.6",",m,18,","37.8",",,m,23,+","30.6",",m,30,+","0.0","m","0.0",",m","303.5",",,,m","22.39",",m","27.82",",,,m","16.96",",,,m"
"MXN00014096","2006-09","20.5167","-104.7833","1229.9","MASCOTA SMN, MX","705.2","m","110.5",",m","19",",m","10",",m","2",",m","0",",m","0",",m","0",",m","29",",m","0",",m","14.4",",m,19,+","41.1",",,m,22,","30.6",",m,19,","0.0","m","0.0",",m","146.1",",,,m","22.02",",m","27.50",",,,m","16.53",",,,m"
"MXN00014096","2006-10","20.5167","-104.7833","1229.9","MASCOTA SMN, MX","799.7","m","94.5",",m","13",",m","10",",m","2",",m","0",",m","0",",m","0",",m","30",",m","0",",m","10.6",",m,25,","32.5",",,m,02,","30.6",",m,06,+","1.6","m","1.6",",m","137.1",",,,m","21.33",",m","27.71",",,,m","14.95",",,,m"
"MXN00014096","2006-11","20.5167","-104.7833","1229.9","MASCOTA SMN, MX","833.1","m","33.4",",m","1",",m","0",",m","0",",m","0",",m","0",",m","0",",m","30",",m","0",",m","5.6",",m,23,","0.3",",,m,08,","30.0",",m,07,+","21.5","m","19.9",",m","0.3",",,,m","18.78",",m","27.21",",,,m","10.35",",,,m"
"MXN00014096","2006-12","20.5167","-104.7833","1229.9","MASCOTA SMN, MX","837.0","m","3.9",",m","1",",m","1",",m","0",",m","0",",m","0",",m","0",",m","31",",m","0",",m","2.2",",m,26,+","11.2",",,m,08,","30.0",",m,06,+","91.6","m","70.1",",m","11.2",",,,m","16.20",",m","25.82",",,,m","6.58",",,,m"
"MXN00014096","2007-01","20.5167","-104.7833","1229.9","MASCOTA SMN, MX","3.1","m","3.1",",m","6",",m","2",",m","0",",m","0",",m","0",",m","0",",m","28",",m","0",",m","4.4",",m,03,+","11.4",",,m,23,","30.0",",m,09,","149.3","m","57.7",",m","19.8",",,,m","16.57",",m","25.13",",,,m","8.01",",,,m"
"MXN00014096","2007-02","20.5167","-104.7833","1229.9","MASCOTA SMN, MX","4.8","m","1.7",",m","0",",m","0",",m","0",",m","0",",m","0",",m","0",",m","28",",m","0",",m","2.2",",m,15,","0.0",",,m,28,+","30.6",",m,22,","198.9","m","49.6",",m","0.0",",,,m","16.62",",m","27.35",",,,m","5.89",",,,m"
"MXN00014096","2007-03","20.5167","-104.7833","1229.9","MASCOTA SMN, MX","40.5","m","35.7",",m","0",",m","0",",m","0",",m","0",",m","0",",m","0",",m","31",",m","3",",m","5.6",",m,10,+","0.0",",,m,31,+","33.9",",m,16,","203.5","m","4.6",",m","0.0",",,,m","19.34",",m","30.58",",,,m","8.09",",,,m"
"MXN00014096","2007-04","20.5167","-104.7833","1229.9","MASCOTA SMN, MX","86.7","m","46.2",",m","0",",m","0",",m","0",",m","0",",m","0",",m","0",",m","30",",m","3",",m","6.1",",m,15,+","0.0",",,m,30,+","34.4",",m,23,","208.8","m","5.3",",m","0.0",",,,m","19.70",",m","30.35",",,,m","9.04",",,,m"
"MXN00014096","2007-05","20.5167","-104.7833","1229.9","MASCOTA SMN, MX","179.1","m","92.4",",m","0",",m","0",",m","0",",m","0",",m","0",",m","0",",m","31",",m","13",",m","8.9",",m,11,+","0.0",",,m,31,+","35.0",",m,12,","208.8","m","0.0",",m","0.0",",,,m","21.31",",m","31.84",",,,m","10.79",",,,m"
"MXN00014096","2007-06","20.5167","-104.7833","1229.9","MASCOTA SMN, MX","304.1","m","125.0",",m","11",",m","8",",m","1",",m","0",",m","0",",m","0",",m","30",",m","1",",m","12.2",",m,03,","68.1",",,m,25,","32.2",",m,25,","208.8","m","0.0",",m","146.3",",,,m","22.50",",m","29.17",",,,m","15.83",",,,m"
"MXN00014096","2007-07","20.5167","-104.7833","1229.9","MASCOTA SMN, MX","415.4","m","111.3",",m","22",",m","16",",m","3",",m","0",",m","0",",m","0",",m","30",",m","0",",m","11.7",",m,20,","64.3",",,m,29,","30.0",",m,15,+","1.9","m","1.9",",m","236.8",",,,m","21.86",",m","27.44",",,,m","16.29",",,,m"
"MXN00014096","2007-08","20.5167","-104.7833","1229.9","MASCOTA SMN, MX","547.7","m","132.3",",m","25",",m","17",",m","1",",m","0",",m","0",",m","0",",m","31",",m","0",",m","8.9",",m,26,","27.2",",,m,23,","31.7",",m,11,","1.9","m","0.0",",m","219.3",",,,m","22.60",",m","28.32",",,,m","16.88",",,,m"
"MXN00014096","2007-09","20.5167","-104.7833","1229.9","MASCOTA SMN, MX","660.8","m","113.1",",m","18",",m","16",",m","0",",m","0",",m","0",",m","0",",m","30",",m","0",",m","14.4",",m,05,","24.9",",,m,18,","28.9",",m,25,+","1.9","m","0.0",",m","191.1",",,,m","22.10",",m","27.09",",,,m","17.11",",,,m"
"MXN00014096","2007-10","20.5167","-104.7833","1229.9","MASCOTA SMN, MX","756.4","m","95.6",",m","4",",m","1",",m","0",",m","0",",m","0",",m","0",",m","31",",m","0",",m","7.8",",m,31,","3.6",",,m,20,","30.6",",m,11,+","1.9","m","0.0",",m","5.9",",,,m","21.42",",m","27.75",",,,m","15.08",",,,m"
"MXN00014096","2007-11","20.5167","-104.7833","1229.9","MASCOTA SMN, MX","775.0","m","18.6",",m","3",",m","3",",m","0",",m","0",",m","0",",m","0",",m","30",",m","0",",m","6.7",",m,06,","12.7",",,m,18,","30.6",",m,05,","7.7","m","5.8",",m","20.5",",,,m","18.76",",m","27.97",",,,m","9.55",",,,m"
"MXN00014096","2007-12","20.5167","-104.7833","1229.9","MASCOTA SMN, MX","780.3","m","5.3",",m","2",",m","2",",m","0",",m","0",",m","0",",m","0",",m","31",",m","0",",m","5.0",",m,09,","14.2",",,m,05,","30.0",",m,03,","42.3","m","34.6",",m","17.0",",,,m","17.39",",m","26.75",",,,m","8.03",",,,m"
"MXN00014096","2008-02","20.5167","-104.7833","1229.9","MASCOTA SMN, MX","","","0.8",",m","0",",m","0",",m","0",",m","0",",m","0",",m","0",",m","29",",m","0",",m","3.9",",m,20,","0.0",",,m,29,+","31.7",",m,24,","","","29.8",",m","0.0",",,,m","17.33",",m","28.67",",,,m","6.00",",,,m"
"MXN00014096","2008-03","20.5167","-104.7833","1229.9","MASCOTA SMN, MX","","","6.0",",m","0",",m","0",",m","0",",m","0",",m","0",",m","0",",m","31",",m","2",",m","1.7",",m,07,","0.0",",,m,31,+","32.2",",m,31,+","","","35.1",",m","0.0",",,,m","17.39",",m","29.14",",,,m","5.65",",,,m"
"MXN00014096","2008-04","20.5167","-104.7833","1229.9","MASCOTA SMN, MX","","","54.6",",m","0",",m","0",",m","0",",m","0",",m","0",",m","0",",m","30",",m","11",",m","6.7",",m,11,+","0.0",",,m,30,+","33.3",",m,24,+","","","0.0",",m","0.0",",,,m","20.15",",m","31.49",",,,m","8.81",",,,m"
"MXN00014096","2008-05","20.5167","-104.7833","1229.9","MASCOTA SMN, MX","","","90.4",",m","2",",m","0",",m","0",",m","0",",m","0",",m","0",",m","31",",m","5",",m","7.8",",m,03,+","0.5",",,m,19,","32.8",",m,13,+","","","0.0",",m","0.8",",,,m","21.25",",m","30.27",",,,m","12.23",",,,m"
"MXN00014096","2008-06","20.5167","-104.7833","1229.9","MASCOTA SMN, MX","","","132.1",",m","15",",m","10",",m","2",",m","0",",m","0",",m","0",",m","30",",m","2",",m","14.4",",m,14,+","54.6",",,m,30,","33.9",",m,02,","","","0.0",",m","184.9",",,,m","22.74",",m","28.82",",,,m","16.65",",,,m"
"MXN00014096","2008-07","20.5167","-104.7833","1229.9","MASCOTA SMN, MX","","","116.6",",m","24",",m","19",",m","4",",m","0",",m","0",",m","0",",m","31",",m","0",",m","15.0",",m,28,","52.1",",,m,08,","30.0",",m,21,","0.0","m","0.0",",m","275.1",",,,m","22.09",",m","26.87",",,,m","17.32",",,,m"
"MXN00014096","2008-08","20.5167","-104.7833","1229.9","MASCOTA SMN, MX","","","121.2",",m","21",",m","16",",m","2",",m","0",",m","0",",m","0",",m","31",",m","0",",m","15.0",",m,10,+","40.9",",,m,22,","28.9",",m,14,+","0.0","m","0.0",",m","214.0",",,,m","22.24",",m","27.23",",,,m","17.26",",,,m"
"MXN00014096","2008-09","20.5167","-104.7833","1229.9","MASCOTA SMN, MX","","","121.1",",m","20",",m","15",",m","3",",m","0",",m","0",",m","0",",m","30",",m","0",",m","14.4",",m,02,","95.3",",,m,19,","30.6",",m,29,+","0.0","m","0.0",",m","308.8",",,,m","22.37",",m","27.60",",,,m","17.14",",,,m"
"MXN00014096","2008-10","20.5167","-104.7833","1229.9","MASCOTA SMN, MX","","","86.8",",m","9",",m","6",",m","1",",m","0",",m","0",",m","0",",m","31",",m","0",",m","8.9",",m,03,","34.0",",,m,09,","30.6",",m,17,","0.0","m","0.0",",m","83.1",",,,m","21.13",",m","27.84",",,,m","14.43",",,,m"
"MXN00014096","2008-11","20.5167","-104.7833","1229.9","MASCOTA SMN, MX","","","20.3",",m","0",",m","0",",m","0",",m","0",",m","0",",m","0",",m","30",",m","0",",m","5.0",",m,14,+","0.0",",,m,30,+","30.0",",m,26,+","24.3","m","24.3",",m","0.0",",,,m","18.20",",m","27.27",",,,m","9.13",",,,m"
"MXN00014096","2008-12","20.5167","-104.7833","1229.9","MASCOTA SMN, MX","","","0.0",",m","0",",m","0",",m","0",",m","0",",m","0",",m","0",",m","31",",m","0",",m","3.9",",m,12,","0.0",",,m,31,+","28.9",",m,29,","76.5","m","52.2",",m","0.0",",,,m","16.65",",m","26.89",",,,m","6.41",",,,m"
"MXN00014096","2009-01","20.5167","-104.7833","1229.9","MASCOTA SMN, MX","4.7","m","4.7",",m","2",",m","1",",m","0",",m","0",",m","0",",m","0",",m","31",",m","0",",m","5.0",",m,12,+","8.1",",,m,15,","30.0",",m,25,","110.8","m","34.3",",m","10.4",",,,m","17.38",",m","26.96",",,,m","7.80",",,,m"
"MXN00014096","2009-02","20.5167","-104.7833","1229.9","MASCOTA SMN, MX","19.6","m","14.9",",m","0",",m","0",",m","0",",m","0",",m","0",",m","0",",m","28",",m","4",",m","5.0",",m,12,+","0.0",",,m,28,+","32.8",",m,28,+","121.9","m","11.1",",m","0.0",",,,m","18.47",",m","29.35",",,,m","7.58",",,,m"
"MXN00014096","2009-03","20.5167","-104.7833","1229.9","MASCOTA SMN, MX","44.2","m","24.6",",m","0",",m","0",",m","0",",m","0",",m","0",",m","0",",m","31",",m","2",",m","5.6",",m,29,+","0.0",",,m,31,+","34.4",",m,01,","127.2","m","5.3",",m","0.0",",,,m","18.96",",m","29.78",",,,m","8.13",",,,m"
"MXN00014096","2009-04","20.5167","-104.7833","1229.9","MASCOTA SMN, MX","92.9","m","48.7",",m","0",",m","0",",m","0",",m","0",",m","0",",m","0",",m","30",",m","6",",m","7.2",",m,25,+","0.0",",,m,30,+","32.8",",m,21,+","127.2","m","0.0",",m","0.0",",,,m","19.96",",m","31.09",",,,m","8.83",",,,m"
"MXN00014096","2009-05","20.5167","-104.7833","1229.9","MASCOTA SMN, MX","200.7","m","107.8",",m","4",",m","4",",m","0",",m","0",",m","0",",m","0",",m","31",",m","2",",m","8.9",",m,04,+","21.8",",,m,18,","33.3",",m,29,","127.2","m","0.0",",m","40.1",",,,m","21.81",",m","30.48",",,,m","13.14",",,,m"
"MXN00014096","2009-06","20.5167","-104.7833","1229.9","MASCOTA SMN, MX","342.1","m","141.4",",m","14",",m","8",",m","3",",m","0",",m","0",",m","0",",m","30",",m","4",",m","10.6",",m,02,","35.6",",,m,26,","33.9",",m,11,","127.2","m","0.0",",m","166.2",",,,m","23.05",",m","29.64",",,,m","16.45",",,,m"
"MXN00014096","2009-07","20.5167","-104.7833","1229.9","MASCOTA SMN, MX","479.4","m","137.3",",m","19",",m","13",",m","2",",m","0",",m","0",",m","0",",m","31",",m","0",",m","15.0",",m,25,+","62.0",",,m,06,","31.1",",m,18,","0.0","m","0.0",",m","222.3",",,,m","22.76",",m","28.89",",,,m","16.64",",,,m"
"MXN00014096","2009-08","20.5167","-104.7833","1229.9","MASCOTA SMN, MX","619.7","m","140.3",",m","22",",m","15",",m","2",",m","0",",m","0",",m","0",",m","31",",m","0",",m","15.0",",m,20,+","44.5",",,m,17,","30.0",",m,28,+","0.0","m","0.0",",m","170.7",",,,m","22.86",",m","28.23",",,,m","17.49",",,,m"
"MXN00014096","2009-09","20.5167","-104.7833","1229.9","MASCOTA SMN, MX","765.6","m","145.9",",m","18",",m","11",",m","2",",m","0",",m","0",",m","0",",m","30",",m","0",",m","15.0",",m,09,+","31.5",",,m,27,","30.6",",m,20,+","0.0","m","0.0",",m","147.3",",,,m","23.20",",m","28.72",",,,m","17.67",",,,m"
"MXN00014096","2009-10","20.5167","-104.7833","1229.9","MASCOTA SMN, MX","860.0","m","94.4",",m","11",",m","7",",m","1",",m","0",",m","0",",m","0",",m","31",",m","0",",m","10.0",",m,30,","26.4",",,m,26,","30.6",",m,16,+","0.0","m","0.0",",m","86.8",",,,m","21.38",",m","27.05",",,,m","15.71",",,,m"
"MXN00014096","2009-11","20.5167","-104.7833","1229.9","MASCOTA SMN, MX","872.5","m","12.5",",m","1",",m","1",",m","0",",m","0",",m","0",",m","0",",m","30",",m","0",",m","3.9",",m,23,","16.8",",,m,30,","30.0",",m,16,","19.0","m","19.0",",m","16.8",",,,m","18.12",",m","26.91",",,,m","9.32",",,,m"
"MXN00014096","2009-12","20.5167","-104.7833","1229.9","MASCOTA SMN, MX","879.4","m","6.9","1,m","6",",m","3",",m","0",",m","0","1,m","0","1,m","0","1,m","29","1,m","0","1,m","2.8","1,m,03,","5.3",",,m,06,","28.9","1,m,11,","78.4","m","59.4","1,m","13.8",",,,m","16.59","1,m","25.21","1,,,m","7.96","1,,,m"
"MXN00014096","2010-01","20.5167","-104.7833","1229.9","MASCOTA SMN, MX","2.2","m","2.2",",m","5",",m","4",",m","0",",m","0",",m","0",",m","0",",m","29",",m","0",",m","0.6",",m,23,","21.6",",,m,31,","27.8",",m,25,+","166.7","m","88.3",",m","38.9",",,,m","15.56",",m","24.50",",,,m","6.61",",,,m"
"MXN00014096","2010-02","20.5167","-104.7833","1229.9","MASCOTA SMN, MX","2.5","m","0.3",",m","7",",m","4",",m","1",",m","0",",m","0",",m","0",",m","23",",m","0",",m","3.3",",m,24,+","110.7",",,m,02,","29.4",",m,27,","234.5","m","67.8",",m","153.0",",,,m","15.92",",m","23.72",",,,m","8.12",",,,m"
"MXN00014096","2010-03","20.5167","-104.7833","1229.9","MASCOTA SMN, MX","11.3","m","8.8",",m","0",",m","0",",m","0",",m","0",",m","0",",m","0",",m","31",",m","0",",m","3.9",",m,13,","0.0",",,m,31,+","30.6",",m,29,+","269.3","m","34.8",",m","0.0",",,,m","17.49",",m","27.67",",,,m","7.31",",,,m"
"MXN00014096","2010-04","20.5167","-104.7833","1229.9","MASCOTA SMN, MX","43.4","m","32.1",",m","0",",m","0",",m","0",",m","0",",m","0",",m","0",",m","30",",m","0",",m","6.7",",m,27,+","0.0",",,m,30,+","31.7",",m,05,","272.7","m","3.4",",m","0.0",",,,m","19.29",",m","29.57",",,,m","9.01",",,,m"
"MXN00014096","2010-05","20.5167","-104.7833","1229.9","MASCOTA SMN, MX","143.0","m","99.6",",m","0",",m","0",",m","0",",m","0",",m","0",",m","0",",m","31",",m","18",",m","6.7",",m,01,","0.0",",,m,31,+","33.3",",m,26,+","276.9","m","4.2",",m","0.0",",,,m","21.41",",m","31.53",",,,m","11.30",",,,m"
"MXN00014096","2010-06","20.5167","-104.7833","1229.9","MASCOTA SMN, MX","277.7","m","134.7",",m","10",",m","10",",m","2",",m","0",",m","0",",m","0",",m","30",",m","7",",m","7.8",",m,04,","54.9",",,m,30,","33.3",",m,08,","276.9","m","0.0",",m","178.2",",,,m","22.82",",m","30.45",",,,m","15.20",",,,m"
"MXN00014096","2010-07","20.5167","-104.7833","1229.9","MASCOTA SMN, MX","410.4","m","132.7",",m","23",",m","19",",m","2",",m","0",",m","0",",m","0",",m","31",",m","0",",m","16.7",",m,31,+","59.2",",,m,23,","30.0",",m,14,","0.0","m","0.0",",m","302.1",",,,m","22.61",",m","26.85",",,,m","18.38",",,,m"
"MXN00014096","2010-08","20.5167","-104.7833","1229.9","MASCOTA SMN, MX","561.7","m","151.3",",m","22",",m","19",",m","5",",m","0",",m","0",",m","0",",m","31",",m","0",",m","15.6",",m,16,","36.3",",,m,13,","31.1",",m,24,","0.0","m","0.0",",m","294.3",",,,m","23.21",",m","28.62",",,,m","17.81",",,,m"
"MXN00014096","2010-09","20.5167","-104.7833","1229.9","MASCOTA SMN, MX","697.7","m","136.0",",m","20",",m","16",",m","3",",m","0",",m","0",",m","0",",m","30",",m","0",",m","15.6",",m,28,","48.8",",,m,26,","30.6",",m,29,+","0.0","m","0.0",",m","249.3",",,,m","22.87",",m","27.71",",,,m","18.03",",,,m"
"MXN00014096","2010-10","20.5167","-104.7833","1229.9","MASCOTA SMN, MX","765.2","m","67.5",",m","2",",m","1",",m","0",",m","0",",m","0",",m","0",",m","31",",m","0",",m","6.7",",m,27,+","4.8",",,m,13,","31.7",",m,31,+","1.1","m","1.1",",m","6.8",",,,m","20.48",",m","28.95",",,,m","12.01",",,,m"
"MXN00014096","2010-11","20.5167","-104.7833","1229.9","MASCOTA SMN, MX","772.9","m","7.7",",m","0",",m","0",",m","0",",m","0",",m","0",",m","0",",m","30",",m","0",",m","3.9",",m,07,","0.0",",,m,30,+","29.4",",m,30,+","34.9","m","33.8",",m","0.0",",,,m","17.46",",m","27.39",",,,m","7.53",",,,m"
"MXN00014096","2010-12","20.5167","-104.7833","1229.9","MASCOTA SMN, MX","772.9","m","0.0",",m","0",",m","0",",m","0",",m","0",",m","0",",m","0",",m","31",",m","0",",m","1.1",",m,31,+","0.0",",,m,31,+","30.0",",m,12,","116.0","m","81.1",",m","0.0",",,,m","15.72",",m","26.76",",,,m","4.67",",,,m"
"MXN00014096","2011-01","20.5167","-104.7833","1229.9","MASCOTA SMN, MX","0.0","m","0.0",",m","0",",m","0",",m","0",",m","0",",m","2",",m","0",",m","31",",m","0",",m","0.0",",m,17,+","0.0",",,m,31,+","28.9",",m,20,+","192.6","m","76.6",",m","0.0",",,,m","15.86",",m","27.34",",,,m","4.39",",,,m"
"MXN00014096","2011-02","20.5167","-104.7833","1229.9","MASCOTA SMN, MX","1.1","m","1.1",",m","0",",m","0",",m","0",",m","0",",m","0",",m","0",",m","28",",m","1",",m","5.0",",m,28,","0.0",",,m,28,+","32.2",",m,15,","214.4","m","21.8",",m","0.0",",,,m","17.59",",m","28.53",",,,m","6.66",",,,m"
"MXN00014096","2011-03","20.5167","-104.7833","1229.9","MASCOTA SMN, MX","16.9","m","15.8",",m","0",",m","0",",m","0",",m","0",",m","0",",m","0",",m","31",",m","1",",m","5.0",",m,31,","0.0",",,m,31,+","32.2",",m,18,","218.8","m","4.4",",m","0.0",",,,m","18.70",",m","30.24",",,,m","7.16",",,,m"
"MXN00014096","2011-04","20.5167","-104.7833","1229.9","MASCOTA SMN, MX","86.7","m","69.8",",m","0",",m","0",",m","0",",m","0",",m","0",",m","0",",m","30",",m","15",",m","5.6",",m,03,","0.0",",,m,30,+","35.0",",m,30,+","218.8","m","0.0",",m","0.0",",,,m","20.66",",m","32.06",",,,m","9.26",",,,m"
"MXN00014096","2011-05","20.5167","-104.7833","1229.9","MASCOTA SMN, MX","202.1","m","115.4",",m","1",",m","1",",m","0",",m","0",",m","0",",m","0",",m","31",",m","24",",m","8.3",",m,21,","9.9",",,m,04,","35.6",",m,19,","218.8","m","0.0",",m","9.9",",,,m","22.05",",m","32.65",",,,m","11.45",",,,m"
"MXN00014096","2011-06","20.5167","-104.7833","1229.9","MASCOTA SMN, MX","376.8","m","174.7",",m","13",",m","10",",m","1",",m","0",",m","0",",m","0",",m","30",",m","7",",m","13.3",",m,04,+","34.5",",,m,22,","35.0",",m,01,","218.8","m","0.0",",m","142.2",",,,m","24.16",",m","30.54",",,,m","17.77",",,,m"
"MXN00014096","2011-07","20.5167","-104.7833","1229.9","MASCOTA SMN, MX","512.2","m","135.4",",m","25",",m","19",",m","4",",m","0",",m","0",",m","0",",m","31",",m","0",",m","15.6",",m,27,","31.8",",,m,10,","30.6",",m,22,","0.0","m","0.0",",m","256.9",",,,m","22.70",",m","27.57",",,,m","17.83",",,,m"
"MXN00014096","2011-08","20.5167","-104.7833","1229.9","MASCOTA SMN, MX","664.7","m","152.5",",m","24",",m","20",",m","5",",m","0",",m","0",",m","0",",m","31",",m","0",",m","15.6",",m,15,","38.1",",,m,09,","31.7",",m,22,","0.0","m","0.0",",m","271.3",",,,m","23.25",",m","28.66",",,,m","17.85",",,,m"
"MXN00014096","2011-09","20.5167","-104.7833","1229.9","MASCOTA SMN, MX","805.1","m","140.4",",m","15",",m","9",",m","2",",m","0",",m","0",",m","0",",m","30",",m","0",",m","12.8",",m,09,","49.0",",,m,16,","31.1",",m,30,","0.0","m","0.0",",m","163.7",",,,m","23.01",",m","28.82",",,,m","17.21",",,,m"
"MXN00014096","2011-10","20.5167","-104.7833","1229.9","MASCOTA SMN, MX","893.0","m","87.9",",m","8",",m","6",",m","3",",m","0",",m","0",",m","0",",m","29",",m","0",",m","10.0",",m,31,","64.3",",,m,12,","31.1",",m,31,+","0.0","m","0.0",",m","160.1",",,,m","21.17",",m","27.60",",,,m","14.74",",,,m"
"MXN00014096","2011-11","20.5167","-104.7833","1229.9","MASCOTA SMN, MX","915.9","m","22.9",",m","1",",m","1",",m","0",",m","0",",m","0",",m","0",",m","30",",m","0",",m","3.3",",m,28,","7.1",",,m,03,","30.0",",m,23,+","11.7","m","11.7",",m","7.1",",,,m","18.71",",m","27.61",",,,m","9.80",",,,m"
"MXN00014096","2011-12","20.5167","-104.7833","1229.9","MASCOTA SMN, MX","917.8","m","1.9",",m","0",",m","0",",m","0",",m","0",",m","0",",m","0",",m","31",",m","0",",m","5.6",",m,14,+","0.0",",,m,31,+","28.9",",m,28,+","49.9","m","38.2",",m","0.0",",,,m","17.16",",m","26.98",",,,m","7.35",",,,m"
"MXN00014096","2012-01","20.5167","-104.7833","1229.9","MASCOTA SMN, MX","2.5","","2.5",",m","0",",m","0",",m","0",",m","0",",m","0",",m","0",",m","31",",m","0",",m","4.4",",m,26,","0.0",",,m,31,+","30.0",",m,26,","101.1","","51.2",",m","0.0",",,,m","16.76",",m","26.70",",,,m","6.82",",,,m"
