"STATION","DATE","LATITUDE","LONGITUDE","ELEVATION","NAME","DP01","DP01_ATTRIBUTES","DP10","DP10_ATTRIBUTES","DP1X","DP1X_ATTRIBUTES","DSND","DSND_ATTRIBUTES","DX32","DX32_ATTRIBUTES","DX70","DX70_ATTRIBUTES","DX90","DX90_ATTRIBUTES","EMSD","EMSD_ATTRIBUTES","EMXP","EMXP_ATTRIBUTES","EMXT","EMXT_ATTRIBUTES","PRCP","PRCP_ATTRIBUTES","TMAX","TMAX_ATTRIBUTES"
"RSM00029625","1936-01","55.1","80.967","140.0","CULYM, RS","13",",I","0",",I","0",",I","","","","","","","","","","","1.5",",,I,25,","","","9.5",",,,I","",""
"RSM00029625","1936-02","55.1","80.967","140.0","CULYM, RS","5",",I","2",",I","0",",I","","","","","","","","","","","7.0",",,I,01,","","","13.7",",,,I","",""
"RSM00029625","1936-03","55.1","80.967","140.0","CULYM, RS","9","1,I","2","1,I","0","1,I","","","","","","","","","","","6.7","1,,I,23,","","","17.0","1,,,I","",""
"RSM00029625","1936-04","55.1","80.967","140.0","CULYM, RS","8",",I","2",",I","0",",I","","","","","","","","","","","8.1",",,I,14,","","","17.8",",,,I","",""
"RSM00029625","1936-05","55.1","80.967","140.0","CULYM, RS","11",",I","5",",I","0",",I","","","","","","","","","","","6.2",",,I,18,","","","26.4",",,,I","",""
"RSM00029625","1936-06","55.1","80.967","140.0","CULYM, RS","7",",I","3",",I","0",",I","","","","","","","","","","","4.5",",,I,06,","","","16.1",",,,I","",""
"RSM00029625","1936-07","55.1","80.967","140.0","CULYM, RS","8",",I","6",",I","1",",I","","","","","","","","","","","44.1",",,I,04,","","","102.7",",,,I","",""
"RSM00029625","1936-08","55.1","80.967","140.0","CULYM, RS","16",",I","10",",I","0",",I","","","","","","","","","","","15.4",",,I,14,","","","65.1",",,,I","",""
"RSM00029625","1936-09","55.1","80.967","140.0","CULYM, RS","9",",I","3",",I","0",",I","","","","","","","","","","","8.8",",,I,09,","","","30.6",",,,I","",""
"RSM00029625","1936-10","55.1","80.967","140.0","CULYM, RS","3",",I","1",",I","0",",I","","","","","","","","","","","2.6",",,I,28,","","","5.5",",,,I","",""
"RSM00029625","1936-11","55.1","80.967","140.0","CULYM, RS","17","1,I","6","1,I","0","1,I","","","","","","","","","","","5.2","1,,I,22,","","","37.7","1,,,I","",""
"RSM00029625","1936-12","55.1","80.967","140.0","CULYM, RS","9",",I","1",",I","0",",I","","","","","","","","","","","3.7",",,I,28,","","","11.4",",,,I","",""
"RSM00029625","1937-01","55.1","80.967","140.0","CULYM, RS","8",",I","1",",I","0",",I","","","","","","","","","","","2.5",",,I,07,","","","8.9",",,,I","",""
"RSM00029625","1937-02","55.1","80.967","140.0","CULYM, RS","6",",I","1",",I","0",",I","","","","","","","","","","","6.7",",,I,14,","","","11.4",",,,I","",""
"RSM00029625","1937-03","55.1","80.967","140.0","CULYM, RS","9",",I","0",",I","0",",I","","","","","","","","","","","2.3",",,I,18,+","","","12.3",",,,I","",""
"RSM00029625","1937-04","55.1","80.967","140.0","CULYM, RS","12",",I","4",",I","0",",I","","","","","","","","","","","6.4",",,I,30,","","","25.3",",,,I","",""
"RSM00029625","1937-05","55.1","80.967","140.0","CULYM, RS","8",",I","3",",I","0",",I","","","","","","","","","","","5.1",",,I,17,","","","18.0",",,,I","",""
"RSM00029625","1937-06","55.1","80.967","140.0","CULYM, RS","9",",I","6",",I","0",",I","","","","","","","","","","","16.0",",,I,20,","","","63.6",",,,I","",""
"RSM00029625","1937-07","55.1","80.967","140.0","CULYM, RS","9",",I","3",",I","1",",I","","","","","","","","","","","27.7",",,I,03,","","","41.2",",,,I","",""
"RSM00029625","1937-08","55.1","80.967","140.0","CULYM, RS","13",",I","5",",I","0",",I","","","","","","","","","","","21.1",",,I,11,","","","49.9",",,,I","",""
"RSM00029625","1937-09","55.1","80.967","140.0","CULYM, RS","10",",I","7",",I","0",",I","","","","","","","","","","","4.7",",,I,16,","","","29.2",",,,I","",""
"RSM00029625","1937-10","55.1","80.967","140.0","CULYM, RS","11",",I","6",",I","0",",I","","","","","","","","","","","9.3",",,I,10,","","","36.6",",,,I","",""
"RSM00029625","1937-11","55.1","80.967","140.0","CULYM, RS","13",",I","4",",I","0",",I","","","","","","","","","","","2.9",",,I,08,","","","18.1",",,,I","",""
"RSM00029625","1937-12","55.1","80.967","140.0","CULYM, RS","12",",I","2",",I","0",",I","","","","","","","","","","","6.5",",,I,11,","","","18.9",",,,I","",""
"RSM00029625","1938-01","55.1","80.967","140.0","CULYM, RS","8",",I","2",",I","0",",I","","","","","","","","","","","5.0",",,I,13,","","","12.0",",,,I","",""
"RSM00029625","1938-02","55.1","80.967","140.0","CULYM, RS","18",",I","3",",I","0",",I","","","","","","","","","","","9.0",",,I,19,","","","30.8",",,,I","",""
"RSM00029625","1938-03","55.1","80.967","140.0","CULYM, RS","10",",I","3",",I","0",",I","","","","","","","","","","","9.7",",,I,16,","","","23.1",",,,I","",""
"RSM00029625","1938-04","55.1","80.967","140.0","CULYM, RS","6",",I","0",",I","0",",I","","","","","","","","","","","1.2",",,I,16,+","","","5.0",",,,I","",""
"RSM00029625","1938-05","55.1","80.967","140.0","CULYM, RS","19",",I","9",",I","0",",I","","","","","","","","","","","11.0",",,I,20,","","","66.4",",,,I","",""
"RSM00029625","1938-06","55.1","80.967","140.0","CULYM, RS","18",",I","10",",I","1",",I","","","","","","","","","","","28.6",",,I,30,","","","112.3",",,,I","",""
"RSM00029625","1938-07","55.1","80.967","140.0","CULYM, RS","14",",I","10",",I","0",",I","","","","","","","","","","","14.5",",,I,01,","","","70.7",",,,I","",""
"RSM00029625","1938-08","55.1","80.967","140.0","CULYM, RS","9",",I","4",",I","0",",I","","","","","","","","","","","15.4",",,I,31,","","","32.9",",,,I","",""
"RSM00029625","1938-09","55.1","80.967","140.0","CULYM, RS","12",",I","7",",I","0",",I","","","","","","","","","","","11.1",",,I,08,","","","48.2",",,,I","",""
"RSM00029625","1938-10","55.1","80.967","140.0","CULYM, RS","17",",I","7",",I","0",",I","","","","","","","","","","","8.5",",,I,04,","","","43.8",",,,I","",""
"RSM00029625","1938-11","55.1","80.967","140.0","CULYM, RS","9",",I","4",",I","0",",I","","","","","","","","","","","4.3",",,I,23,","","","20.3",",,,I","",""
"RSM00029625","1938-12","55.1","80.967","140.0","CULYM, RS","13",",I","1",",I","0",",I","","","","","","","","","","","3.2",",,I,06,","","","13.1",",,,I","",""
"RSM00029625","1939-01","55.1","80.967","140.0","CULYM, RS","10",",I","0",",I","0",",I","","","","","","","","","","","2.1",",,I,08,","","","8.1",",,,I","",""
"RSM00029625","1939-02","55.1","80.967","140.0","CULYM, RS","6",",I","1",",I","0",",I","","","","","","","","","","","2.9",",,I,04,","","","7.6",",,,I","",""
"RSM00029625","1939-03","55.1","80.967","140.0","CULYM, RS","5",",I","0",",I","0",",I","","","","","","","","","","","1.0",",,I,24,","","","3.0",",,,I","",""
"RSM00029625","1939-04","55.1","80.967","140.0","CULYM, RS","7",",I","2",",I","0",",I","","","","","","","","","","","4.0",",,I,14,","","","15.3",",,,I","",""
"RSM00029625","1939-05","55.1","80.967","140.0","CULYM, RS","11",",I","3",",I","0",",I","","","","","","","","","","","8.1",",,I,11,","","","32.0",",,,I","",""
"RSM00029625","1939-06","55.1","80.967","140.0","CULYM, RS","13",",I","9",",I","1",",I","","","","","","","","","","","25.4",",,I,15,","","","82.9",",,,I","",""
"RSM00029625","1939-07","55.1","80.967","140.0","CULYM, RS","12",",I","5",",I","0",",I","","","","","","","","","","","13.8",",,I,26,","","","52.2",",,,I","",""
"RSM00029625","1939-08","55.1","80.967","140.0","CULYM, RS","17",",I","7",",I","0",",I","","","","","","","","","","","14.5",",,I,21,","","","64.8",",,,I","",""
"RSM00029625","1939-09","55.1","80.967","140.0","CULYM, RS","6",",I","3",",I","0",",I","","","","","","","","","","","5.2",",,I,10,","","","15.2",",,,I","",""
"RSM00029625","1939-10","55.1","80.967","140.0","CULYM, RS","12",",I","4",",I","0",",I","","","","","","","","","","","4.8",",,I,24,","","","20.8",",,,I","",""
"RSM00029625","1939-11","55.1","80.967","140.0","CULYM, RS","14",",I","4",",I","0",",I","","","","","","","","","","","8.0",",,I,16,","","","27.0",",,,I","",""
"RSM00029625","1939-12","55.1","80.967","140.0","CULYM, RS","11",",I","3",",I","0",",I","","","","","","","","","","","3.5",",,I,28,","","","15.5",",,,I","",""
"RSM00029625","1940-01","55.1","80.967","140.0","CULYM, RS","6",",I","0",",I","0",",I","","","","","","","","","","","0.8",",,I,04,","","","3.1",",,,I","",""
"RSM00029625","1940-02","55.1","80.967","140.0","CULYM, RS","5",",I","0",",I","0",",I","","","","","","","","","","","1.1",",,I,03,","","","3.3",",,,I","",""
"RSM00029625","1940-03","55.1","80.967","140.0","CULYM, RS","4",",I","1",",I","0",",I","","","","","","","","","","","5.6",",,I,12,","","","9.5",",,,I","",""
"RSM00029625","1940-04","55.1","80.967","140.0","CULYM, RS","5",",I","2",",I","0",",I","","","","","","","","","","","3.6",",,I,11,","","","11.2",",,,I","",""
"RSM00029625","1940-05","55.1","80.967","140.0","CULYM, RS","12",",I","6",",I","0",",I","","","","","","","","","","","11.1",",,I,15,","","","38.1",",,,I","",""
"RSM00029625","1940-06","55.1","80.967","140.0","CULYM, RS","9",",I","1",",I","0",",I","","","","","","","","","","","8.8",",,I,28,","","","18.4",",,,I","",""
"RSM00029625","1940-07","55.1","80.967","140.0","CULYM, RS","11",",I","6",",I","0",",I","","","","","","","","","","","19.5",",,I,10,","","","54.6",",,,I","",""
"RSM00029625","1940-08","55.1","80.967","140.0","CULYM, RS","13",",I","9",",I","1",",I","","","","","","","","","","","35.8",",,I,07,","","","92.7",",,,I","",""
"RSM00029625","1940-09","55.1","80.967","140.0","CULYM, RS","8",",I","4",",I","0",",I","","","","","","","","","","","7.2",",,I,13,","","","23.8",",,,I","",""
"RSM00029625","1940-10","55.1","80.967","140.0","CULYM, RS","21",",I","7",",I","0",",I","","","","","","","","","","","22.7",",,I,29,","","","63.0",",,,I","",""
"RSM00029625","1940-11","55.1","80.967","140.0","CULYM, RS","11",",I","2",",I","0",",I","","","","","","","","","","","5.8",",,I,18,","","","16.6",",,,I","",""
"RSM00029625","1940-12","55.1","80.967","140.0","CULYM, RS","13",",I","2",",I","0",",I","","","","","","","","","","","6.0",",,I,31,","","","22.6",",,,I","",""
"RSM00029625","1941-01","55.1","80.967","140.0","CULYM, RS","11",",I","2",",I","0",",I","","","","","","","","","","","10.9",",,I,15,","","","22.1",",,,I","",""
"RSM00029625","1941-02","55.1","80.967","140.0","CULYM, RS","8",",I","0",",I","0",",I","","","","","","","","","","","2.4",",,I,14,","","","10.4",",,,I","",""
"RSM00029625","1941-03","55.1","80.967","140.0","CULYM, RS","9",",I","1",",I","0",",I","","","","","","","","","","","3.0",",,I,17,","","","9.2",",,,I","",""
"RSM00029625","1941-04","55.1","80.967","140.0","CULYM, RS","14",",I","4",",I","0",",I","","","","","","","","","","","5.3",",,I,21,","","","31.6",",,,I","",""
"RSM00029625","1941-05","55.1","80.967","140.0","CULYM, RS","10",",I","4",",I","0",",I","","","","","","","","","","","14.9",",,I,04,","","","42.8",",,,I","",""
"RSM00029625","1941-06","55.1","80.967","140.0","CULYM, RS","11",",I","5",",I","0",",I","","","","","","","","","","","23.2",",,I,28,","","","70.6",",,,I","",""
"RSM00029625","1941-07","55.1","80.967","140.0","CULYM, RS","17",",I","11",",I","1",",I","","","","","","","","","","","55.0",",,I,27,","","","147.0",",,,I","",""
"RSM00029625","1941-08","55.1","80.967","140.0","CULYM, RS","17",",I","8",",I","1",",I","","","","","","","","","","","36.0",",,I,14,","","","106.5",",,,I","",""
"RSM00029625","1941-09","55.1","80.967","140.0","CULYM, RS","8",",I","4",",I","0",",I","","","","","","","","","","","7.6",",,I,22,","","","24.8",",,,I","",""
"RSM00029625","1941-10","55.1","80.967","140.0","CULYM, RS","11",",I","4",",I","0",",I","","","","","","","","","","","11.9",",,I,06,","","","36.2",",,,I","",""
"RSM00029625","1941-11","55.1","80.967","140.0","CULYM, RS","9",",I","3",",I","0",",I","","","","","","","","","","","7.7",",,I,06,","","","26.5",",,,I","",""
"RSM00029625","1941-12","55.1","80.967","140.0","CULYM, RS","10",",I","0",",I","0",",I","","","","","","","","","","","2.4",",,I,17,","","","10.4",",,,I","",""
"RSM00029625","1942-01","55.1","80.967","140.0","CULYM, RS","2",",I","0",",I","0",",I","","","","","","","","","","","1.9",",,I,26,","","","2.7",",,,I","",""
"RSM00029625","1942-02","55.1","80.967","140.0","CULYM, RS","3",",I","0",",I","0",",I","","","","","","","","","","","2.0",",,I,23,","","","4.1",",,,I","",""
"RSM00029625","1942-03","55.1","80.967","140.0","CULYM, RS","8",",I","0",",I","0",",I","","","","","","","","","","","1.0",",,I,20,","","","4.1",",,,I","",""
"RSM00029625","1942-04","55.1","80.967","140.0","CULYM, RS","9",",I","2",",I","0",",I","","","","","","","","","","","5.9",",,I,09,","","","16.4",",,,I","",""
"RSM00029625","1942-05","55.1","80.967","140.0","CULYM, RS","8",",I","3",",I","0",",I","","","","","","","","","","","14.7",",,I,12,","","","28.4",",,,I","",""
"RSM00029625","1942-06","55.1","80.967","140.0","CULYM, RS","15",",I","10",",I","0",",I","","","","","","","","","","","19.6",",,I,29,","","","58.2",",,,I","",""
"RSM00029625","1942-07","55.1","80.967","140.0","CULYM, RS","14",",I","10",",I","1",",I","","","","","","","","","","","42.2",",,I,24,","","","152.6",",,,I","",""
"RSM00029625","1942-08","55.1","80.967","140.0","CULYM, RS","17",",I","8",",I","0",",I","","","","","","","","","","","22.0",",,I,12,","","","70.8",",,,I","",""
"RSM00029625","1942-09","55.1","80.967","140.0","CULYM, RS","10",",I","8",",I","0",",I","","","","","","","","","","","14.6",",,I,29,","","","59.0",",,,I","",""
"RSM00029625","1942-10","55.1","80.967","140.0","CULYM, RS","12",",I","2",",I","0",",I","","","","","","","","","","","2.7",",,I,12,+","","","15.3",",,,I","",""
"RSM00029625","1942-11","55.1","80.967","140.0","CULYM, RS","10",",I","4",",I","0",",I","","","","","","","","","","","5.3",",,I,09,","","","20.2",",,,I","",""
"RSM00029625","1942-12","55.1","80.967","140.0","CULYM, RS","11",",I","0",",I","0",",I","","","","","","","","","","","1.7",",,I,30,","","","8.5",",,,I","",""
"RSM00029625","1943-01","55.1","80.967","140.0","CULYM, RS","10",",I","1",",I","0",",I","","","","","","","","","","","2.6",",,I,10,","","","9.6",",,,I","",""
"RSM00029625","1943-02","55.1","80.967","140.0","CULYM, RS","6",",I","0",",I","0",",I","","","","","","","","","","","0.8",",,I,11,","","","3.7",",,,I","",""
"RSM00029625","1943-03","55.1","80.967","140.0","CULYM, RS","7",",I","0",",I","0",",I","","","","","","","","","","","1.3",",,I,19,","","","4.3",",,,I","",""
"RSM00029625","1943-04","55.1","80.967","140.0","CULYM, RS","6",",I","2",",I","0",",I","","","","","","","","","","","6.3",",,I,26,","","","16.0",",,,I","",""
"RSM00029625","1943-05","55.1","80.967","140.0","CULYM, RS","11",",I","5",",I","0",",I","","","","","","","","","","","11.3",",,I,17,","","","42.2",",,,I","",""
"RSM00029625","1943-06","55.1","80.967","140.0","CULYM, RS","11",",I","8",",I","0",",I","","","","","","","","","","","14.5",",,I,19,","","","59.4",",,,I","",""
"RSM00029625","1943-07","55.1","80.967","140.0","CULYM, RS","14",",I","9",",I","0",",I","","","","","","","","","","","9.6",",,I,22,","","","53.5",",,,I","",""
"RSM00029625","1943-08","55.1","80.967","140.0","CULYM, RS","8",",I","5",",I","0",",I","","","","","","","","","","","15.7",",,I,29,","","","46.1",",,,I","",""
"RSM00029625","1943-09","55.1","80.967","140.0","CULYM, RS","9",",I","2",",I","0",",I","","","","","","","","","","","10.2",",,I,02,","","","21.4",",,,I","",""
"RSM00029625","1943-10","55.1","80.967","140.0","CULYM, RS","13",",I","2",",I","0",",I","","","","","","","","","","","11.0",",,I,06,","","","27.6",",,,I","",""
"RSM00029625","1943-11","55.1","80.967","140.0","CULYM, RS","14",",I","2",",I","0",",I","","","","","","","","","","","3.0",",,I,04,","","","14.4",",,,I","",""
"RSM00029625","1943-12","55.1","80.967","140.0","CULYM, RS","16",",I","1",",I","0",",I","","","","","","","","","","","3.0",",,I,11,","","","16.4",",,,I","",""
"RSM00029625","1944-01","55.1","80.967","140.0","CULYM, RS","9",",I","0",",I","0",",I","","","","","","","","","","","0.9",",,I,17,","","","6.0",",,,I","",""
"RSM00029625","1944-02","55.1","80.967","140.0","CULYM, RS","4",",I","0",",I","0",",I","","","","","","","","","","","1.7",",,I,08,","","","3.1",",,,I","",""
"RSM00029625","1944-03","55.1","80.967","140.0","CULYM, RS","9",",I","2",",I","0",",I","","","","","","","","","","","3.1",",,I,24,","","","11.2",",,,I","",""
"RSM00029625","1944-04","55.1","80.967","140.0","CULYM, RS","7",",I","2",",I","0",",I","","","","","","","","","","","3.5",",,I,23,","","","9.8",",,,I","",""
"RSM00029625","1944-05","55.1","80.967","140.0","CULYM, RS","7",",I","4",",I","0",",I","","","","","","","","","","","5.4",",,I,19,","","","21.0",",,,I","",""
"RSM00029625","1944-06","55.1","80.967","140.0","CULYM, RS","11",",I","8",",I","0",",I","","","","","","","","","","","16.0",",,I,09,","","","73.2",",,,I","",""
"RSM00029625","1944-07","55.1","80.967","140.0","CULYM, RS","12",",I","5",",I","3",",I","","","","","","","","","","","31.0",",,I,16,","","","114.5",",,,I","",""
"RSM00029625","1944-08","55.1","80.967","140.0","CULYM, RS","11",",I","6",",I","0",",I","","","","","","","","","","","23.0",",,I,19,","","","72.7",",,,I","",""
"RSM00029625","1944-09","55.1","80.967","140.0","CULYM, RS","14",",I","10",",I","0",",I","","","","","","","","","","","5.9",",,I,10,","","","46.6",",,,I","",""
"RSM00029625","1944-10","55.1","80.967","140.0","CULYM, RS","9",",I","2",",I","0",",I","","","","","","","","","","","10.5",",,I,13,","","","27.7",",,,I","",""
"RSM00029625","1944-11","55.1","80.967","140.0","CULYM, RS","7",",I","2",",I","0",",I","","","","","","","","","","","10.3",",,I,20,","","","19.2",",,,I","",""
"RSM00029625","1944-12","55.1","80.967","140.0","CULYM, RS","17",",I","1",",I","0",",I","","","","","","","","","","","4.9",",,I,15,","","","18.3",",,,I","",""
"RSM00029625","1945-01","55.1","80.967","140.0","CULYM, RS","5",",I","1",",I","0",",I","","","","","","","","","","","2.6",",,I,10,","","","7.3",",,,I","",""
"RSM00029625","1945-02","55.1","80.967","140.0","CULYM, RS","8",",I","0",",I","0",",I","","","","","","","","","","","0.9",",,I,13,","","","4.0",",,,I","",""
"RSM00029625","1945-03","55.1","80.967","140.0","CULYM, RS","11",",I","2",",I","0",",I","","","","","","","","","","","3.1",",,I,29,","","","13.4",",,,I","",""
"RSM00029625","1945-04","55.1","80.967","140.0","CULYM, RS","5",",I","1",",I","0",",I","","","","","","","","","","","4.4",",,I,25,","","","7.5",",,,I","",""
"RSM00029625","1945-05","55.1","80.967","140.0","CULYM, RS","14",",I","4",",I","0",",I","","","","","","","","","","","14.0",",,I,06,","","","42.9",",,,I","",""
"RSM00029625","1945-06","55.1","80.967","140.0","CULYM, RS","10",",I","2",",I","0",",I","","","","","","","","","","","13.4",",,I,24,","","","27.7",",,,I","",""
"RSM00029625","1945-07","55.1","80.967","140.0","CULYM, RS","12",",I","7",",I","0",",I","","","","","","","","","","","18.7",",,I,26,","","","44.2",",,,I","",""
"RSM00029625","1945-08","55.1","80.967","140.0","CULYM, RS","3",",I","1",",I","0",",I","","","","","","","","","","","10.0",",,I,07,","","","12.6",",,,I","",""
"RSM00029625","1945-09","55.1","80.967","140.0","CULYM, RS","15",",I","8",",I","0",",I","","","","","","","","","","","10.1",",,I,25,","","","49.0",",,,I","",""
"RSM00029625","1945-10","55.1","80.967","140.0","CULYM, RS","6",",I","1",",I","0",",I","","","","","","","","","","","16.7",",,I,11,","","","21.4",",,,I","",""
"RSM00029625","1945-11","55.1","80.967","140.0","CULYM, RS","19",",I","3",",I","0",",I","","","","","","","","","","","5.1",",,I,14,","","","28.4",",,,I","",""
"RSM00029625","1945-12","55.1","80.967","140.0","CULYM, RS","9",",I","1",",I","0",",I","","","","","","","","","","","3.0",",,I,26,","","","8.1",",,,I","",""
"RSM00029625","1946-01","55.1","80.967","140.0","CULYM, RS","20",",I","3",",I","0",",I","","","","","","","","","","","3.8",",,I,06,","","","26.2",",,,I","",""
"RSM00029625","1946-02","55.1","80.967","140.0","CULYM, RS","3",",I","0",",I","0",",I","","","","","","","","","","","2.0",",,I,04,","","","4.7",",,,I","",""
"RSM00029625","1946-03","55.1","80.967","140.0","CULYM, RS","8",",I","1",",I","0",",I","","","","","","","","","","","3.1",",,I,24,","","","8.4",",,,I","",""
"RSM00029625","1946-04","55.1","80.967","140.0","CULYM, RS","11",",I","6",",I","0",",I","","","","","","","","","","","6.2",",,I,03,","","","29.6",",,,I","",""
"RSM00029625","1946-05","55.1","80.967","140.0","CULYM, RS","7",",I","3",",I","0",",I","","","","","","","","","","","12.1",",,I,24,","","","28.1",",,,I","",""
"RSM00029625","1946-06","55.1","80.967","140.0","CULYM, RS","18",",I","11",",I","1",",I","","","","","","","","","","","32.0",",,I,10,","","","117.4",",,,I","",""
"RSM00029625","1946-07","55.1","80.967","140.0","CULYM, RS","11",",I","8",",I","0",",I","","","","","","","","","","","23.4",",,I,21,","","","78.1",",,,I","",""
"RSM00029625","1946-08","55.1","80.967","140.0","CULYM, RS","22",",I","16",",I","2",",I","","","","","","","","","","","27.7",",,I,22,","","","150.8",",,,I","",""
"RSM00029625","1946-09","55.1","80.967","140.0","CULYM, RS","14",",I","8",",I","0",",I","","","","","","","","","","","19.5",",,I,21,","","","88.2",",,,I","",""
"RSM00029625","1946-10","55.1","80.967","140.0","CULYM, RS","7",",I","3",",I","0",",I","","","","","","","","","","","5.4",",,I,26,","","","19.3",",,,I","",""
"RSM00029625","1946-11","55.1","80.967","140.0","CULYM, RS","17",",I","4",",I","0",",I","","","","","","","","","","","10.3",",,I,23,","","","33.5",",,,I","",""
"RSM00029625","1946-12","55.1","80.967","140.0","CULYM, RS","12",",I","3",",I","0",",I","","","","","","","","","","","4.7",",,I,04,","","","22.1",",,,I","",""
"RSM00029625","1947-01","55.1","80.967","140.0","CULYM, RS","12",",I","0",",I","0",",I","","","","","","","","","","","1.7",",,I,28,","","","8.6",",,,I","",""
"RSM00029625","1947-02","55.1","80.967","140.0","CULYM, RS","6",",I","1",",I","0",",I","","","","","","","","","","","2.8",",,I,02,","","","7.6",",,,I","",""
"RSM00029625","1947-03","55.1","80.967","140.0","CULYM, RS","7",",I","1",",I","0",",I","","","","","","","","","","","4.3",",,I,28,","","","9.2",",,,I","",""
"RSM00029625","1947-04","55.1","80.967","140.0","CULYM, RS","7",",I","2",",I","0",",I","","","","","","","","","","","14.3",",,I,19,","","","25.4",",,,I","",""
"RSM00029625","1947-05","55.1","80.967","140.0","CULYM, RS","11",",I","5",",I","0",",I","","","","","","","","","","","7.5",",,I,24,","","","33.9",",,,I","",""
"RSM00029625","1947-06","55.1","80.967","140.0","CULYM, RS","14",",I","8",",I","0",",I","","","","","","","","","","","16.9",",,I,13,","","","68.1",",,,I","",""
"RSM00029625","1947-07","55.1","80.967","140.0","CULYM, RS","16",",I","11",",I","0",",I","","","","","","","","","","","22.6",",,I,10,","","","85.0",",,,I","",""
"RSM00029625","1947-08","55.1","80.967","140.0","CULYM, RS","14",",I","8",",I","0",",I","","","","","","","","","","","11.0",",,I,26,","","","58.2",",,,I","",""
"RSM00029625","1947-09","55.1","80.967","140.0","CULYM, RS","9",",I","5",",I","0",",I","","","","","","","","","","","14.5",",,I,22,","","","44.7",",,,I","",""
"RSM00029625","1947-10","55.1","80.967","140.0","CULYM, RS","7",",I","4",",I","0",",I","","","","","","","","","","","5.7",",,I,16,","","","17.2",",,,I","",""
"RSM00029625","1947-11","55.1","80.967","140.0","CULYM, RS","12",",I","3",",I","0",",I","","","","","","","","","","","6.4",",,I,01,","","","25.8",",,,I","",""
"RSM00029625","1947-12","55.1","80.967","140.0","CULYM, RS","10",",I","0",",I","0",",I","","","","","","","","","","","2.3",",,I,01,","","","10.6",",,,I","",""
"RSM00029625","1948-01","55.1","80.967","140.0","CULYM, RS","13",",I","3",",I","0",",I","","","","","","","","","","","4.1",",,I,17,","","","18.9",",,,I","",""
"RSM00029625","1948-02","55.1","80.967","140.0","CULYM, RS","7",",I","0",",I","0",",I","","","","","","","","","","","1.3",",,I,15,","","","4.7",",,,I","",""
"RSM00029625","1948-03","55.1","80.967","140.0","CULYM, RS","11",",I","2",",I","0",",I","","","","","","","","","","","6.4",",,I,01,","","","17.6",",,,I","",""
"RSM00029625","1948-04","55.1","80.967","140.0","CULYM, RS","12",",I","3",",I","0",",I","","","","","","","","","","","20.1",",,I,01,","","","37.1",",,,I","",""
"RSM00029625","1948-05","55.1","80.967","140.0","CULYM, RS","10",",I","2",",I","0",",I","","","","","","","","","","","5.6",",,I,29,","","","18.6",",,,I","",""
"RSM00029625","1948-06","55.1","80.967","140.0","CULYM, RS","7",",I","5",",I","0",",I","","","","","","","","","","","17.2",",,I,19,","","","34.0",",,,I","",""
"RSM00029625","1948-07","55.1","80.967","140.0","CULYM, RS","15",",I","10",",I","0",",I","","","","","","","","","","","24.0",",,I,03,","","","125.9",",,,I","",""
"RSM00029625","1948-08","55.1","80.967","140.0","CULYM, RS","10",",I","6",",I","0",",I","","","","","","","","","","","13.8",",,I,22,","","","39.7",",,,I","",""
"RSM00029625","1948-09","55.1","80.967","140.0","CULYM, RS","11",",I","6",",I","0",",I","","","","","","","","","","","8.8",",,I,05,","","","32.8",",,,I","",""
"RSM00029625","1948-10","55.1","80.967","140.0","CULYM, RS","13",",I","3",",I","0",",I","","","","","","","","","","","9.7",",,I,07,","","","30.8",",,,I","",""
"RSM00029625","1948-11","55.1","80.967","140.0","CULYM, RS","16",",I","2",",I","0",",I","","","","","","","","","","","3.9",",,I,17,","","","16.2",",,,I","",""
"RSM00029625","1948-12","55.1","80.967","140.0","CULYM, RS","19",",I","3",",I","0",",I","","","","","","","","","","","7.0",",,I,08,","","","32.1",",,,I","",""
"RSM00029625","1949-01","55.1","80.967","140.0","CULYM, RS","21",",I","3",",I","0",",I","","","","","","","","","","","5.4",",,I,20,","","","24.5",",,,I","",""
"RSM00029625","1949-02","55.1","80.967","140.0","CULYM, RS","11",",I","0",",I","0",",I","","","","","","","","","","","1.7",",,I,21,","","","8.7",",,,I","",""
"RSM00029625","1949-03","55.1","80.967","140.0","CULYM, RS","4",",I","0",",I","0",",I","","","","","","","","","","","0.7",",,I,01,","","","2.3",",,,I","",""
"RSM00029625","1949-04","55.1","80.967","140.0","CULYM, RS","6",",I","1",",I","0",",I","","","","","","","","","","","17.6",",,I,22,","","","22.2",",,,I","",""
"RSM00029625","1949-05","55.1","80.967","140.0","CULYM, RS","12",",I","7",",I","0",",I","","","","","","","","","","","9.2",",,I,16,","","","43.5",",,,I","",""
"RSM00029625","1949-06","55.1","80.967","140.0","CULYM, RS","11",",I","6",",I","0",",I","","","","","","","","","","","10.8",",,I,15,","","","37.6",",,,I","",""
"RSM00029625","1949-07","55.1","80.967","140.0","CULYM, RS","15",",I","14",",I","0",",I","","","","","","","","","","","18.1",",,I,08,","","","121.9",",,,I","",""
"RSM00029625","1949-08","55.1","80.967","140.0","CULYM, RS","7",",I","4",",I","0",",I","","","","","","","","","","","16.7",",,I,31,","","","39.8",",,,I","",""
"RSM00029625","1949-09","55.1","80.967","140.0","CULYM, RS","12",",I","8",",I","0",",I","","","","","","","","","","","17.2",",,I,20,","","","65.3",",,,I","",""
"RSM00029625","1949-10","55.1","80.967","140.0","CULYM, RS","10",",I","1",",I","0",",I","","","","","","","","","","","5.9",",,I,23,","","","15.9",",,,I","",""
"RSM00029625","1949-11","55.1","80.967","140.0","CULYM, RS","14",",I","0",",I","0",",I","","","","","","","","","","","2.1",",,I,18,","","","13.8",",,,I","",""
"RSM00029625","1949-12","55.1","80.967","140.0","CULYM, RS","11",",I","0",",I","0",",I","","","","","","","","","","","2.4",",,I,26,","","","10.8",",,,I","",""
"RSM00029625","1950-01","55.1","80.967","140.0","CULYM, RS","9",",I","1",",I","0",",I","","","","","","","","","","","3.2",",,I,04,","","","8.5",",,,I","",""
"RSM00029625","1950-02","55.1","80.967","140.0","CULYM, RS","7",",I","0",",I","0",",I","","","","","","","","","","","2.0",",,I,02,","","","6.4",",,,I","",""
"RSM00029625","1950-03","55.1","80.967","140.0","CULYM, RS","5",",I","2",",I","0",",I","","","","","","","","","","","3.4",",,I,03,","","","9.3",",,,I","",""
"RSM00029625","1950-04","55.1","80.967","140.0","CULYM, RS","7",",I","3",",I","0",",I","","","","","","","","","","","3.7",",,I,24,","","","15.8",",,,I","",""
"RSM00029625","1950-05","55.1","80.967","140.0","CULYM, RS","8",",I","3",",I","0",",I","","","","","","","","","","","18.4",",,I,30,","","","33.5",",,,I","",""
"RSM00029625","1950-06","55.1","80.967","140.0","CULYM, RS","12",",I","6",",I","0",",I","","","","","","","","","","","12.0",",,I,17,","","","49.5",",,,I","",""
"RSM00029625","1950-07","55.1","80.967","140.0","CULYM, RS","14",",I","8",",I","0",",I","","","","","","","","","","","10.8",",,I,30,","","","58.5",",,,I","",""
"RSM00029625","1950-08","55.1","80.967","140.0","CULYM, RS","16",",I","6",",I","0",",I","","","","","","","","","","","9.4",",,I,09,","","","41.5",",,,I","",""
"RSM00029625","1950-09","55.1","80.967","140.0","CULYM, RS","13",",I","6",",I","0",",I","","","","","","","","","","","9.2",",,I,02,","","","48.0",",,,I","",""
"RSM00029625","1950-10","55.1","80.967","140.0","CULYM, RS","12",",I","2",",I","0",",I","","","","","","","","","","","7.1",",,I,28,","","","21.7",",,,I","",""
"RSM00029625","1950-11","55.1","80.967","140.0","CULYM, RS","11",",I","0",",I","0",",I","","","","","","","","","","","2.4",",,I,17,","","","9.0",",,,I","",""
"RSM00029625","1950-12","55.1","80.967","140.0","CULYM, RS","14",",I","0",",I","0",",I","","","","","","","","","","","1.1",",,I,13,","","","8.8",",,,I","",""
"RSM00029625","1951-01","55.1","80.967","140.0","CULYM, RS","8",",I","0",",I","0",",I","","","","","","","","","","","1.5",",,I,13,","","","7.0",",,,I","",""
"RSM00029625","1951-02","55.1","80.967","140.0","CULYM, RS","6",",I","0",",I","0",",I","","","","","","","","","","","2.3",",,I,05,","","","5.5",",,,I","",""
"RSM00029625","1951-05","55.1","80.967","140.0","CULYM, RS","3",",I","3",",I","0",",I","","","","","","","","","","","8.3",",,I,11,","","","20.4",",,,I","",""
"RSM00029625","1951-06","55.1","80.967","140.0","CULYM, RS","10",",I","3",",I","0",",I","","","","","","","","","","","8.3",",,I,13,","","","27.5",",,,I","",""
"RSM00029625","1951-07","55.1","80.967","140.0","CULYM, RS","7",",I","3",",I","0",",I","","","","","","","","","","","4.2",",,I,29,","","","14.4",",,,I","",""
"RSM00029625","1951-08","55.1","80.967","140.0","CULYM, RS","13",",I","6",",I","1",",I","","","","","","","","","","","35.0",",,I,04,","","","63.1",",,,I","",""
"RSM00029625","1951-09","55.1","80.967","140.0","CULYM, RS","4",",I","2",",I","0",",I","","","","","","","","","","","16.5",",,I,06,","","","26.0",",,,I","",""
"RSM00029625","1951-10","55.1","80.967","140.0","CULYM, RS","12",",I","1",",I","0",",I","","","","","","","","","","","9.3",",,I,01,","","","19.8",",,,I","",""
"RSM00029625","1951-11","55.1","80.967","140.0","CULYM, RS","8",",I","1",",I","0",",I","","","","","","","","","","","5.2",",,I,17,","","","12.9",",,,I","",""
"RSM00029625","1951-12","55.1","80.967","140.0","CULYM, RS","14",",I","1",",I","0",",I","","","","","","","","","","","3.9",",,I,22,","","","16.1",",,,I","",""
"RSM00029625","1952-01","55.1","80.967","140.0","CULYM, RS","5",",I","0",",I","0",",I","","","","","","","","","","","0.9",",,I,01,","","","3.6",",,,I","",""
"RSM00029625","1952-02","55.1","80.967","140.0","CULYM, RS","1",",I","0",",I","0",",I","","","","","","","","","","","0.3",",,I,09,","","","0.6",",,,I","",""
"RSM00029625","1952-03","55.1","80.967","140.0","CULYM, RS","5",",I","1",",I","0",",I","","","","","","","","","","","4.6",",,I,31,","","","7.1",",,,I","",""
"RSM00029625","1952-04","55.1","80.967","140.0","CULYM, RS","12",",I","6",",I","0",",I","","","","","","","","","","","5.8",",,I,21,","","","33.1",",,,I","",""
"RSM00029625","1952-05","55.1","80.967","140.0","CULYM, RS","0",",I","0",",I","0",",I","","","","","","","","","","","0.2",",,I,01,","","","0.2",",,,I","",""
"RSM00029625","1952-06","55.1","80.967","140.0","CULYM, RS","7",",I","4",",I","0",",I","","","","","","","","","","","9.7",",,I,30,","","","30.2",",,,I","",""
"RSM00029625","1952-07","55.1","80.967","140.0","CULYM, RS","11",",I","5",",I","0",",I","","","","","","","","","","","12.2",",,I,12,","","","51.7",",,,I","",""
"RSM00029625","1952-08","55.1","80.967","140.0","CULYM, RS","9",",I","6",",I","0",",I","","","","","","","","","","","9.0",",,I,06,","","","38.5",",,,I","",""
"RSM00029625","1952-09","55.1","80.967","140.0","CULYM, RS","9",",I","4",",I","0",",I","","","","","","","","","","","8.8",",,I,20,","","","25.0",",,,I","",""
"RSM00029625","1952-10","55.1","80.967","140.0","CULYM, RS","13",",I","7",",I","0",",I","","","","","","","","","","","22.9",",,I,03,","","","69.6",",,,I","",""
"RSM00029625","1952-11","55.1","80.967","140.0","CULYM, RS","12",",I","0",",I","0",",I","","","","","","","","","","","2.2",",,I,08,","","","10.7",",,,I","",""
"RSM00029625","1952-12","55.1","80.967","140.0","CULYM, RS","15",",I","0",",I","0",",I","","","","","","","","","","","2.0",",,I,30,","","","10.8",",,,I","",""
"RSM00029625","1953-01","55.1","80.967","140.0","CULYM, RS","10",",I","1",",I","0",",I","","","","","","","","","","","2.6",",,I,06,","","","13.0",",,,I","",""
"RSM00029625","1953-02","55.1","80.967","140.0","CULYM, RS","5",",I","1",",I","0",",I","","","","","","","","","","","4.7",",,I,21,","","","8.4",",,,I","",""
"RSM00029625","1953-03","55.1","80.967","140.0","CULYM, RS","12",",I","3",",I","0",",I","","","","","","","","","","","4.9",",,I,19,","","","15.9",",,,I","",""
"RSM00029625","1953-04","55.1","80.967","140.0","CULYM, RS","4",",I","0",",I","0",",I","","","","","","","","","","","1.4",",,I,16,","","","3.7",",,,I","",""
"RSM00029625","1953-05","55.1","80.967","140.0","CULYM, RS","6",",I","2",",I","0",",I","","","","","","","","","","","5.8",",,I,04,","","","13.6",",,,I","",""
"RSM00029625","1953-06","55.1","80.967","140.0","CULYM, RS","10",",I","6",",I","0",",I","","","","","","","","","","","24.9",",,I,17,","","","69.1",",,,I","",""
"RSM00029625","1953-07","55.1","80.967","140.0","CULYM, RS","6",",I","5",",I","0",",I","","","","","","","","","","","22.7",",,I,12,","","","39.5",",,,I","",""
"RSM00029625","1953-08","55.1","80.967","140.0","CULYM, RS","12",",I","10",",I","1",",I","","","","","","","","","","","27.8",",,I,05,","","","100.2",",,,I","",""
"RSM00029625","1953-09","55.1","80.967","140.0","CULYM, RS","6",",I","2",",I","0",",I","","","","","","","","","","","8.6",",,I,23,","","","17.2",",,,I","",""
"RSM00029625","1953-10","55.1","80.967","140.0","CULYM, RS","16",",I","7",",I","0",",I","","","","","","","","","","","8.6",",,I,25,","","","46.2",",,,I","",""
"RSM00029625","1953-11","55.1","80.967","140.0","CULYM, RS","14",",I","2",",I","0",",I","","","","","","","","","","","4.8",",,I,22,","","","19.2",",,,I","",""
"RSM00029625","1953-12","55.1","80.967","140.0","CULYM, RS","14",",I","1",",I","0",",I","","","","","","","","","","","3.5",",,I,15,","","","18.7",",,,I","",""
"RSM00029625","1954-01","55.1","80.967","140.0","CULYM, RS","4",",I","0",",I","0",",I","","","","","","","","","","","1.2",",,I,11,","","","3.1",",,,I","",""
"RSM00029625","1954-02","55.1","80.967","140.0","CULYM, RS","6",",I","1",",I","0",",I","","","","","","","","","","","5.0",",,I,20,","","","9.1",",,,I","",""
"RSM00029625","1954-03","55.1","80.967","140.0","CULYM, RS","8",",I","2",",I","0",",I","","","","","","","","","","","8.9",",,I,20,","","","18.6",",,,I","",""
"RSM00029625","1954-04","55.1","80.967","140.0","CULYM, RS","1",",I","0",",I","0",",I","","","","","","","","","","","1.5",",,I,01,","","","2.0",",,,I","",""
"RSM00029625","1954-05","55.1","80.967","140.0","CULYM, RS","10",",I","4",",I","0",",I","","","","","","","","","","","20.7",",,I,31,","","","41.1",",,,I","",""
"RSM00029625","1954-06","55.1","80.967","140.0","CULYM, RS","13",",I","6",",I","0",",I","","","","","","","","","","","14.5",",,I,16,","","","57.6",",,,I","",""
"RSM00029625","1954-07","55.1","80.967","140.0","CULYM, RS","12",",I","6",",I","1",",I","","","","","","","","","","","32.6",",,I,03,","","","57.7",",,,I","",""
"RSM00029625","1954-08","55.1","80.967","140.0","CULYM, RS","12",",I","7",",I","0",",I","","","","","","","","","","","10.6",",,I,18,","","","43.9",",,,I","",""
"RSM00029625","1954-09","55.1","80.967","140.0","CULYM, RS","13",",I","8",",I","0",",I","","","","","","","","","","","7.3",",,I,12,","","","45.5",",,,I","",""
"RSM00029625","1954-10","55.1","80.967","140.0","CULYM, RS","9",",I","2",",I","0",",I","","","","","","","","","","","9.7",",,I,17,","","","23.0",",,,I","",""
"RSM00029625","1954-11","55.1","80.967","140.0","CULYM, RS","13",",I","8",",I","0",",I","","","","","","","","","","","8.4",",,I,15,","","","49.0",",,,I","",""
"RSM00029625","1954-12","55.1","80.967","140.0","CULYM, RS","4",",I","0",",I","0",",I","","","","","","","","","","","1.3",",,I,28,","","","3.5",",,,I","",""
"RSM00029625","1955-01","55.1","80.967","140.0","CULYM, RS","9",",I","2",",I","0",",I","","","","","","","","","","","3.6",",,I,29,","","","15.1",",,,I","",""
"RSM00029625","1955-02","55.1","80.967","140.0","CULYM, RS","11",",I","5",",I","0",",I","","","","","","","","","","","8.8",",,I,14,","","","28.5",",,,I","",""
"RSM00029625","1955-03","55.1","80.967","140.0","CULYM, RS","7",",I","2",",I","0",",I","","","","","","","","","","","3.3",",,I,01,","","","10.5",",,,I","",""
"RSM00029625","1955-04","55.1","80.967","140.0","CULYM, RS","6",",I","2",",I","0",",I","","","","","","","","","","","3.7",",,I,08,","","","12.2",",,,I","",""
"RSM00029625","1955-05","55.1","80.967","140.0","CULYM, RS","5",",I","1",",I","0",",I","","","","","","","","","","","3.9",",,I,03,","","","7.4",",,,I","",""
"RSM00029625","1955-06","55.1","80.967","140.0","CULYM, RS","3",",I","2",",I","0",",I","","","","","","","","","","","4.6",",,I,19,","","","9.1",",,,I","",""
"RSM00029625","1955-07","55.1","80.967","140.0","CULYM, RS","10",",I","5",",I","1",",I","","","","","","","","","","","30.0",",,I,08,","","","63.7",",,,I","",""
"RSM00029625","1955-08","55.1","80.967","140.0","CULYM, RS","13",",I","9",",I","1",",I","","","","","","","","","","","26.1",",,I,09,","","","85.9",",,,I","",""
"RSM00029625","1955-09","55.1","80.967","140.0","CULYM, RS","14",",I","7",",I","0",",I","","","","","","","","","","","18.3",",,I,25,","","","51.3",",,,I","",""
"RSM00029625","1955-10","55.1","80.967","140.0","CULYM, RS","6",",I","3",",I","0",",I","","","","","","","","","","","8.8",",,I,12,","","","19.3",",,,I","",""
"RSM00029625","1955-11","55.1","80.967","140.0","CULYM, RS","12",",I","3",",I","0",",I","","","","","","","","","","","3.8",",,I,18,","","","18.4",",,,I","",""
"RSM00029625","1955-12","55.1","80.967","140.0","CULYM, RS","15",",I","7",",I","0",",I","","","","","","","","","","","11.7",",,I,01,","","","47.0",",,,I","",""
"RSM00029625","1956-01","55.1","80.967","140.0","CULYM, RS","9",",I","4",",I","0",",I","","","","","","","","","","","3.0",",,I,27,+","","","15.4",",,,I","",""
"RSM00029625","1956-02","55.1","80.967","140.0","CULYM, RS","6",",I","0",",I","0",",I","","","","","","","","","","","1.6",",,I,04,","","","4.4",",,,I","",""
"RSM00029625","1956-03","55.1","80.967","140.0","CULYM, RS","7",",I","1",",I","0",",I","","","","","","","","","","","2.7",",,I,12,","","","8.8",",,,I","",""
"RSM00029625","1956-04","55.1","80.967","140.0","CULYM, RS","7",",I","5",",I","0",",I","","","","","","","","","","","9.7",",,I,13,","","","37.9",",,,I","",""
"RSM00029625","1956-05","55.1","80.967","140.0","CULYM, RS","9",",I","4",",I","0",",I","","","","","","","","","","","7.7",",,I,01,","","","25.1",",,,I","",""
"RSM00029625","1956-06","55.1","80.967","140.0","CULYM, RS","12",",I","7",",I","0",",I","","","","","","","","","","","14.3",",,I,11,","","","54.3",",,,I","",""
"RSM00029625","1956-07","55.1","80.967","140.0","CULYM, RS","9",",I","6",",I","0",",I","","","","","","","","","","","6.6",",,I,22,","","","30.0",",,,I","",""
"RSM00029625","1956-08","55.1","80.967","140.0","CULYM, RS","13",",I","8",",I","1",",I","","","","","","","","","","","35.0",",,I,02,","","","108.5",",,,I","",""
"RSM00029625","1956-09","55.1","80.967","140.0","CULYM, RS","13",",I","6",",I","0",",I","","","","","","","","","","","7.6",",,I,29,","","","30.2",",,,I","",""
"RSM00029625","1956-10","55.1","80.967","140.0","CULYM, RS","14",",I","6",",I","0",",I","","","","","","","","","","","5.3",",,I,27,","","","33.0",",,,I","",""
"RSM00029625","1956-11","55.1","80.967","140.0","CULYM, RS","5",",I","1",",I","0",",I","","","","","","","","","","","3.2",",,I,05,","","","5.8",",,,I","",""
"RSM00029625","1956-12","55.1","80.967","140.0","CULYM, RS","10",",I","3",",I","0",",I","","","","","","","","","","","4.0",",,I,22,","","","21.1",",,,I","",""
"RSM00029625","1957-01","55.1","80.967","140.0","CULYM, RS","15",",I","2",",I","0",",I","","","","","","","","","","","8.1",",,I,23,","","","24.9",",,,I","",""
"RSM00029625","1957-02","55.1","80.967","140.0","CULYM, RS","13",",I","2",",I","0",",I","","","","","","","","","","","4.4",",,I,27,","","","17.6",",,,I","",""
"RSM00029625","1957-03","55.1","80.967","140.0","CULYM, RS","9",",I","2",",I","0",",I","","","","","","","","","","","3.5",",,I,31,","","","12.7",",,,I","",""
"RSM00029625","1957-04","55.1","80.967","140.0","CULYM, RS","15",",I","4",",I","0",",I","","","","","","","","","","","6.7",",,I,05,","","","32.7",",,,I","",""
"RSM00029625","1957-05","55.1","80.967","140.0","CULYM, RS","17",",I","6",",I","0",",I","","","","","","","","","","","16.9",",,I,18,","","","66.1",",,,I","",""
"RSM00029625","1957-06","55.1","80.967","140.0","CULYM, RS","10",",I","6",",I","0",",I","","","","","","","","","","","20.5",",,I,28,","","","70.4",",,,I","",""
"RSM00029625","1957-07","55.1","80.967","140.0","CULYM, RS","12",",I","9",",I","1",",I","","","","","","","","","","","27.5",",,I,23,","","","79.6",",,,I","",""
"RSM00029625","1957-08","55.1","80.967","140.0","CULYM, RS","14",",I","6",",I","0",",I","","","","","","","","","","","23.0",",,I,17,","","","90.8",",,,I","",""
"RSM00029625","1957-09","55.1","80.967","140.0","CULYM, RS","2",",I","2",",I","0",",I","","","","","","","","","","","3.2",",,I,17,","","","6.4",",,,I","",""
"RSM00029625","1957-10","55.1","80.967","140.0","CULYM, RS","11",",I","4",",I","0",",I","","","","","","","","","","","13.4",",,I,23,","","","35.4",",,,I","",""
"RSM00029625","1957-11","55.1","80.967","140.0","CULYM, RS","18",",I","5",",I","0",",I","","","","","","","","","","","8.6",",,I,08,","","","36.7",",,,I","",""
"RSM00029625","1957-12","55.1","80.967","140.0","CULYM, RS","19",",I","5",",I","0",",I","","","","","","","","","","","20.4",",,I,24,","","","65.5",",,,I","",""
"RSM00029625","1958-01","55.1","80.967","140.0","CULYM, RS","5",",I","1",",I","0",",I","","","","","","","","","","","2.8",",,I,06,","","","7.3",",,,I","",""
"RSM00029625","1958-02","55.1","80.967","140.0","CULYM, RS","11",",I","4",",I","0",",I","","","","","","","","","","","7.1",",,I,12,","","","28.6",",,,I","",""
"RSM00029625","1958-03","55.1","80.967","140.0","CULYM, RS","9",",I","3",",I","0",",I","","","","","","","","","","","3.2",",,I,27,","","","11.8",",,,I","",""
"RSM00029625","1958-04","55.1","80.967","140.0","CULYM, RS","9",",I","2",",I","0",",I","","","","","","","","","","","10.2",",,I,25,","","","24.9",",,,I","",""
"RSM00029625","1958-05","55.1","80.967","140.0","CULYM, RS","8",",I","5",",I","0",",I","","","","","","","","","","","12.8",",,I,16,","","","36.6",",,,I","",""
"RSM00029625","1958-06","55.1","80.967","140.0","CULYM, RS","13",",I","6",",I","0",",I","","","","","","","","","","","10.5",",,I,01,","","","42.4",",,,I","",""
"RSM00029625","1958-07","55.1","80.967","140.0","CULYM, RS","12",",I","6",",I","1",",I","","","","","","","","","","","38.9",",,I,13,","","","81.3",",,,I","",""
"RSM00029625","1958-08","55.1","80.967","140.0","CULYM, RS","7",",I","4",",I","0",",I","","","","","","","","","","","12.4",",,I,08,","","","41.7",",,,I","",""
"RSM00029625","1958-09","55.1","80.967","140.0","CULYM, RS","16",",I","7",",I","0",",I","","","","","","","","","","","15.3",",,I,16,","","","60.3",",,,I","",""
"RSM00029625","1958-10","55.1","80.967","140.0","CULYM, RS","15",",I","4",",I","0",",I","","","","","","","","","","","7.5",",,I,06,","","","34.3",",,,I","",""
"RSM00029625","1958-11","55.1","80.967","140.0","CULYM, RS","19",",I","4",",I","0",",I","","","","","","","","","","","4.3",",,I,06,","","","27.3",",,,I","",""
"RSM00029625","1958-12","55.1","80.967","140.0","CULYM, RS","17",",I","5",",I","0",",I","","","","","","","","","","","4.0",",,I,21,","","","27.2",",,,I","",""
"RSM00029625","1959-01","55.1","80.967","140.0","CULYM, RS","8",",I","0",",I","0",",I","","","","","","","","","","","2.2",",,I,25,","","","9.4",",,,I","",""
"RSM00029625","1959-02","55.1","80.967","140.0","CULYM, RS","14",",I","0",",I","0",",I","","","","","","","","","","","1.8",",,I,05,","","","11.3",",,,I","",""
"RSM00029625","1959-03","55.1","80.967","140.0","CULYM, RS","14",",I","0",",I","0",",I","","","","","","","","","","","2.4",",,I,28,","","","13.2",",,,I","",""
"RSM00029625","1959-04","55.1","80.967","140.0","CULYM, RS","18",",I","5",",I","0",",I","","","","","","","","","","","6.9",",,I,30,","","","37.6",",,,I","",""
"RSM00029625","1959-05","55.1","80.967","140.0","CULYM, RS","10",",I","3",",I","0",",I","","","","","","","","","","","7.5",",,I,20,","","","22.9",",,,I","",""
"RSM00029625","1959-06","55.1","80.967","140.0","CULYM, RS","9",",I","8",",I","0",",I","","","","","","","","","","","11.8",",,I,18,","","","53.5",",,,I","",""
"RSM00029625","1959-07","55.1","80.967","140.0","CULYM, RS","16",",I","6",",I","0",",I","","","","","","","","","","","10.5",",,I,02,","","","53.1",",,,I","",""
"RSM00029625","1959-08","55.1","80.967","140.0","CULYM, RS","15",",I","9",",I","0",",I","","","","","","","","","","","15.4",",,I,08,","","","84.1",",,,I","",""
"RSM00029625","1959-09","55.1","80.967","140.0","CULYM, RS","9",",I","2",",I","0",",I","","","","","","","","","","","11.9",",,I,11,","","","23.7",",,,I","",""
"RSM00029625","1959-10","55.1","80.967","140.0","CULYM, RS","20",",I","9",",I","0",",I","","","","","","","","","","","17.2",",,I,11,","","","72.6",",,,I","",""
"RSM00029625","1959-11","55.1","80.967","140.0","CULYM, RS","18",",I","3",",I","0",",I","","","","","","","","","","","8.1",",,I,01,","","","32.2",",,,I","",""
"RSM00029625","1959-12","55.1","80.967","140.0","CULYM, RS","15",",I","2",",I","0",",I","","","","","","","","","","","5.8",",,I,05,","","","25.0",",,,I","",""
"RSM00029625","1960-01","55.1","80.967","140.0","CULYM, RS","12",",I","3",",I","0",",I","","","","","","","","","","","4.2",",,I,14,","","","23.0",",,,I","",""
"RSM00029625","1960-02","55.1","80.967","140.0","CULYM, RS","9",",I","2",",I","0",",I","","","","","","","","","","","6.0",",,I,22,","","","19.0",",,,I","",""
"RSM00029625","1960-03","55.1","80.967","140.0","CULYM, RS","8",",I","1",",I","0",",I","","","","","","","","","","","2.9",",,I,22,","","","11.7",",,,I","",""
"RSM00029625","1960-04","55.1","80.967","140.0","CULYM, RS","5",",I","1",",I","0",",I","","","","","","","","","","","2.9",",,I,26,","","","7.5",",,,I","",""
"RSM00029625","1960-05","55.1","80.967","140.0","CULYM, RS","9",",I","6",",I","0",",I","","","","","","","","","","","5.1",",,I,10,","","","27.4",",,,I","",""
"RSM00029625","1960-06","55.1","80.967","140.0","CULYM, RS","16",",I","13",",I","0",",I","","","","","","","","","","","12.7",",,I,16,","","","96.1",",,,I","",""
"RSM00029625","1960-07","55.1","80.967","140.0","CULYM, RS","12",",I","6",",I","0",",I","","","","","","","","","","","12.8",",,I,24,","","","41.9",",,,I","",""
"RSM00029625","1960-08","55.1","80.967","140.0","CULYM, RS","15",",I","7",",I","1",",I","","","","","","","","","","","56.3",",,I,03,","","","95.1",",,,I","",""
"RSM00029625","1960-09","55.1","80.967","140.0","CULYM, RS","8",",I","5",",I","0",",I","","","","","","","","","","","6.3",",,I,15,","","","23.1",",,,I","",""
"RSM00029625","1960-10","55.1","80.967","140.0","CULYM, RS","13",",I","4",",I","0",",I","","","","","","","","","","","4.0",",,I,31,+","","","24.0",",,,I","",""
"RSM00029625","1960-11","55.1","80.967","140.0","CULYM, RS","12",",I","4",",I","0",",I","","","","","","","","","","","7.3",",,I,09,","","","30.9",",,,I","",""
"RSM00029625","1960-12","55.1","80.967","140.0","CULYM, RS","15",",I","6",",I","0",",I","","","","","","","","","","","5.2",",,I,09,","","","30.7",",,,I","",""
"RSM00029625","1961-01","55.1","80.967","140.0","CULYM, RS","19",",I","1",",I","0",",I","","","","","","","","","","","3.0",",,I,18,","","","20.1",",,,I","",""
"RSM00029625","1961-02","55.1","80.967","140.0","CULYM, RS","11",",I","2",",I","0",",I","","","","","","","","","","","3.7",",,I,22,","","","14.0",",,,I","",""
"RSM00029625","1961-03","55.1","80.967","140.0","CULYM, RS","7",",I","3",",I","0",",I","","","","","","","","","","","5.5",",,I,31,","","","16.4",",,,I","",""
"RSM00029625","1961-04","55.1","80.967","140.0","CULYM, RS","11",",I","3",",I","0",",I","","","","","","","","","","","8.0",",,I,20,","","","22.2",",,,I","",""
"RSM00029625","1961-05","55.1","80.967","140.0","CULYM, RS","7",",I","3",",I","0",",I","","","","","","","","","","","6.9",",,I,16,","","","20.5",",,,I","",""
"RSM00029625","1961-06","55.1","80.967","140.0","CULYM, RS","9",",I","5",",I","1",",I","","","","","","","","","","","27.1",",,I,29,","","","73.9",",,,I","",""
"RSM00029625","1961-07","55.1","80.967","140.0","CULYM, RS","8",",I","5",",I","0",",I","","","0","1,S","29","1,S","0","1,S","","","20.2",",,I,01,","27.8","1,S,24,+","39.1",",,,I","24.54","1,,,S"
"RSM00029625","1961-08","55.1","80.967","140.0","CULYM, RS","14",",I","5",",I","0",",I","","","","","","","","","","","13.5",",,I,03,","","","40.1",",,,I","",""
"RSM00029625","1961-09","55.1","80.967","140.0","CULYM, RS","10",",I","4",",I","0",",I","","","","","","","","","","","23.8",",,I,14,","","","43.6",",,,I","",""
"RSM00029625","1961-10","55.1","80.967","140.0","CULYM, RS","16",",I","9",",I","0",",I","","","","","","","","","","","7.8",",,I,06,","","","47.7",",,,I","",""
"RSM00029625","1961-11","55.1","80.967","140.0","CULYM, RS","15",",I","2",",I","0",",I","","","","","","","","","","","3.2",",,I,11,","","","19.7",",,,I","",""
"RSM00029625","1961-12","55.1","80.967","140.0","CULYM, RS","11",",I","2",",I","0",",I","","","","","","","","","","","4.5",",,I,05,","","","16.5",",,,I","",""
"RSM00029625","1962-01","55.1","80.967","140.0","CULYM, RS","9",",I","2",",I","0",",I","","","","","","","","","","","3.5",",,I,10,","","","12.5",",,,I","",""
"RSM00029625","1962-02","55.1","80.967","140.0","CULYM, RS","2",",I","0",",I","0",",I","","","","","","","","","","","0.7",",,I,15,","","","2.0",",,,I","",""
"RSM00029625","1962-03","55.1","80.967","140.0","CULYM, RS","5",",I","1",",I","0",",I","","","","","","","","","","","2.6",",,I,16,","","","6.7",",,,I","",""
"RSM00029625","1962-04","55.1","80.967","140.0","CULYM, RS","5",",I","2",",I","0",",I","","","","","","","","","","","5.7",",,I,18,","","","11.6",",,,I","",""
"RSM00029625","1962-05","55.1","80.967","140.0","CULYM, RS","7",",I","4",",I","0",",I","","","","","","","","","","","12.6",",,I,19,","","","31.9",",,,I","",""
"RSM00029625","1962-06","55.1","80.967","140.0","CULYM, RS","13",",I","6",",I","0",",I","","","","","","","","","","","12.9",",,I,22,","","","49.3",",,,I","",""
"RSM00029625","1962-07","55.1","80.967","140.0","CULYM, RS","11",",I","5",",I","0",",I","","","","","","","","","","","21.2",",,I,26,","","","58.1",",,,I","",""
"RSM00029625","1962-08","55.1","80.967","140.0","CULYM, RS","12",",I","5",",I","0",",I","","","","","","","","","","","16.4",",,I,03,","","","51.6",",,,I","",""
"RSM00029625","1962-09","55.1","80.967","140.0","CULYM, RS","8",",I","3",",I","0",",I","","","","","","","","","","","5.3",",,I,09,","","","17.6",",,,I","",""
"RSM00029625","1962-10","55.1","80.967","140.0","CULYM, RS","12",",I","5",",I","0",",I","","","","","","","","","","","8.9",",,I,25,","","","32.5",",,,I","",""
"RSM00029625","1962-11","55.1","80.967","140.0","CULYM, RS","12",",I","1",",I","0",",I","","","","","","","","","","","6.7",",,I,08,","","","15.2",",,,I","",""
"RSM00029625","1962-12","55.1","80.967","140.0","CULYM, RS","18",",I","2",",I","0",",I","","","","","","","","","","","3.4",",,I,22,","","","21.5",",,,I","",""
"RSM00029625","1963-01","55.1","80.967","140.0","CULYM, RS","6",",I","2",",I","0",",I","","","","","","","","","","","5.9",",,I,06,","","","15.2",",,,I","",""
"RSM00029625","1963-02","55.1","80.967","140.0","CULYM, RS","8",",I","4",",I","0",",I","","","","","","","","","","","3.6",",,I,28,+","","","18.0",",,,I","",""
"RSM00029625","1963-03","55.1","80.967","140.0","CULYM, RS","9",",I","1",",I","0",",I","","","","","","","","","","","3.9",",,I,31,","","","13.9",",,,I","",""
"RSM00029625","1963-04","55.1","80.967","140.0","CULYM, RS","3",",I","1",",I","0",",I","","","","","","","","","","","6.2",",,I,13,","","","8.2",",,,I","",""
"RSM00029625","1963-05","55.1","80.967","140.0","CULYM, RS","5",",I","2",",I","0",",I","","","","","","","","","","","7.5",",,I,27,","","","13.5",",,,I","",""
"RSM00029625","1963-06","55.1","80.967","140.0","CULYM, RS","4",",I","1",",I","0",",I","","","","","","","","","","","3.8",",,I,06,","","","9.3",",,,I","",""
"RSM00029625","1963-07","55.1","80.967","140.0","CULYM, RS","6",",I","3",",I","0",",I","","","","","","","","","","","13.9",",,I,10,","","","28.2",",,,I","",""
"RSM00029625","1963-08","55.1","80.967","140.0","CULYM, RS","15",",I","8",",I","0",",I","","","","","","","","","","","21.1",",,I,27,","","","90.7",",,,I","",""
"RSM00029625","1963-09","55.1","80.967","140.0","CULYM, RS","12",",I","3",",I","0",",I","","","","","","","","","","","6.5",",,I,02,","","","23.5",",,,I","",""
"RSM00029625","1963-10","55.1","80.967","140.0","CULYM, RS","16",",I","3",",I","0",",I","","","","","","","","","","","7.7",",,I,11,","","","33.9",",,,I","",""
"RSM00029625","1963-11","55.1","80.967","140.0","CULYM, RS","20",",I","8",",I","0",",I","","","","","","","","","","","7.8",",,I,16,","","","46.8",",,,I","",""
"RSM00029625","1963-12","55.1","80.967","140.0","CULYM, RS","14",",I","3",",I","0",",I","","","","","","","","","","","11.7",",,I,20,","","","25.3",",,,I","",""
"RSM00029625","1964-01","55.1","80.967","140.0","CULYM, RS","18",",I","0",",I","0",",I","","","","","","","","","","","2.4",",,I,11,","","","22.6",",,,I","",""
"RSM00029625","1964-02","55.1","80.967","140.0","CULYM, RS","4",",I","0",",I","0",",I","","","","","","","","","","","0.6",",,I,02,","","","2.0",",,,I","",""
"RSM00029625","1964-03","55.1","80.967","140.0","CULYM, RS","8",",I","1",",I","0",",I","","","","","","","","","","","2.8",",,I,27,","","","6.1",",,,I","",""
"RSM00029625","1964-05","55.1","80.967","140.0","CULYM, RS","10",",I","4",",I","0",",I","","","","","","","","","","","9.4",",,I,10,","","","29.3",",,,I","",""
"RSM00029625","1964-06","55.1","80.967","140.0","CULYM, RS","10",",I","8",",I","0",",I","","","","","","","","","","","19.0",",,I,14,","","","77.0",",,,I","",""
"RSM00029625","1964-07","55.1","80.967","140.0","CULYM, RS","6",",I","3",",I","0",",I","","","","","","","","","","","20.3",",,I,27,","","","35.8",",,,I","",""
"RSM00029625","1964-08","55.1","80.967","140.0","CULYM, RS","11",",I","8",",I","0",",I","","","","","","","","","","","20.4",",,I,22,","","","78.1",",,,I","",""
"RSM00029625","1964-09","55.1","80.967","140.0","CULYM, RS","11",",I","7",",I","0",",I","","","","","","","","","","","8.2",",,I,11,","","","43.8",",,,I","",""
"RSM00029625","1964-10","55.1","80.967","140.0","CULYM, RS","14",",I","5",",I","0",",I","","","","","","","","","","","11.5",",,I,16,","","","33.4",",,,I","",""
"RSM00029625","1964-11","55.1","80.967","140.0","CULYM, RS","13",",I","1",",I","0",",I","","","","","","","","","","","3.5",",,I,23,","","","20.7",",,,I","",""
"RSM00029625","1964-12","55.1","80.967","140.0","CULYM, RS","16","1,I","3","1,I","0","1,I","","","","","","","","","","","7.9","1,,I,25,","","","27.0","1,,,I","",""
"RSM00029625","1965-01","55.1","80.967","140.0","CULYM, RS","9",",I","0",",I","0",",I","","","","","","","","","","","2.0",",,I,16,","","","8.4",",,,I","",""
"RSM00029625","1965-02","55.1","80.967","140.0","CULYM, RS","7",",I","0",",I","0",",I","","","","","","","","","","","1.6",",,I,16,","","","6.0",",,,I","",""
"RSM00029625","1965-03","55.1","80.967","140.0","CULYM, RS","5",",I","2",",I","0",",I","","","","","","","","","","","4.5",",,I,14,","","","9.9",",,,I","",""
"RSM00029625","1965-04","55.1","80.967","140.0","CULYM, RS","4",",I","2",",I","0",",I","","","","","","","","","","","9.1",",,I,30,","","","18.4",",,,I","",""
"RSM00029625","1965-05","55.1","80.967","140.0","CULYM, RS","5",",I","2",",I","0",",I","","","","","","","","","","","8.2",",,I,01,","","","14.2",",,,I","",""
"RSM00029625","1965-06","55.1","80.967","140.0","CULYM, RS","7",",I","2",",I","0",",I","","","","","","","","","","","3.7",",,I,09,","","","11.0",",,,I","",""
"RSM00029625","1965-07","55.1","80.967","140.0","CULYM, RS","8",",I","4",",I","0",",I","","","","","","","","","","","8.2",",,I,12,","","","21.5",",,,I","",""
"RSM00029625","1965-08","55.1","80.967","140.0","CULYM, RS","16",",I","9",",I","0",",I","","","","","","","","","","","19.2",",,I,27,","","","64.3",",,,I","",""
"RSM00029625","1965-09","55.1","80.967","140.0","CULYM, RS","9",",I","6",",I","0",",I","","","","","","","","","","","16.2",",,I,21,","","","52.2",",,,I","",""
"RSM00029625","1965-10","55.1","80.967","140.0","CULYM, RS","12",",I","2",",I","0",",I","","","","","","","","","","","3.1",",,I,25,","","","18.2",",,,I","",""
"RSM00029625","1965-11","55.1","80.967","140.0","CULYM, RS","14",",I","4",",I","0",",I","","","","","","","","","","","4.6",",,I,15,","","","24.2",",,,I","",""
"RSM00029625","1965-12","55.1","80.967","140.0","CULYM, RS","9",",I","0",",I","0",",I","","","","","","","","","","","2.0",",,I,08,","","","11.9",",,,I","",""
"RSM00029625","1966-01","55.1","80.967","140.0","CULYM, RS","13","1,I","2","1,I","0","1,I","","","","","","","","","","","4.8","1,,I,31,","","","18.3","1,,,I","",""
"RSM00029625","1966-02","55.1","80.967","140.0","CULYM, RS","15",",I","3",",I","0",",I","","","","","","","","","","","6.0",",,I,25,","","","20.8",",,,I","",""
"RSM00029625","1966-03","55.1","80.967","140.0","CULYM, RS","13",",I","2",",I","0",",I","","","","","","","","","","","7.3",",,I,10,","","","19.9",",,,I","",""
"RSM00029625","1966-04","55.1","80.967","140.0","CULYM, RS","7",",I","4",",I","0",",I","","","","","","","","","","","4.8",",,I,30,","","","16.3",",,,I","",""
"RSM00029625","1966-05","55.1","80.967","140.0","CULYM, RS","18",",I","5",",I","0",",I","","","","","","","","","","","12.9",",,I,13,","","","45.8",",,,I","",""
"RSM00029625","1966-06","55.1","80.967","140.0","CULYM, RS","14",",I","7",",I","0",",I","","","","","","","","","","","15.1",",,I,29,","","","68.1",",,,I","",""
"RSM00029625","1966-07","55.1","80.967","140.0","CULYM, RS","6",",I","2",",I","0",",I","","","","","","","","","","","3.7",",,I,23,","","","8.8",",,,I","",""
"RSM00029625","1966-08","55.1","80.967","140.0","CULYM, RS","5",",I","3",",I","0",",I","","","","","","","","","","","19.8",",,I,08,","","","41.3",",,,I","",""
"RSM00029625","1966-09","55.1","80.967","140.0","CULYM, RS","5",",I","1",",I","0",",I","","","","","","","","","","","4.8",",,I,02,","","","10.6",",,,I","",""
"RSM00029625","1966-10","55.1","80.967","140.0","CULYM, RS","19","1,I","3","1,I","0","1,I","","","","","","","","","","","7.0","1,,I,02,","","","31.8","1,,,I","",""
"RSM00029625","1966-11","55.1","80.967","140.0","CULYM, RS","19",",I","3",",I","0",",I","","","","","","","","","","","16.8",",,I,09,","","","45.5",",,,I","",""
"RSM00029625","1966-12","55.1","80.967","140.0","CULYM, RS","9",",I","1",",I","0",",I","","","","","","","","","","","2.6",",,I,08,","","","9.3",",,,I","",""
"RSM00029625","1967-01","55.1","80.967","140.0","CULYM, RS","7",",I","1",",I","0",",I","","","","","","","","","","","2.6",",,I,17,","","","8.5",",,,I","",""
"RSM00029625","1967-02","55.1","80.967","140.0","CULYM, RS","14",",I","1",",I","0",",I","","","","","","","","","","","2.9",",,I,01,","","","14.3",",,,I","",""
"RSM00029625","1967-03","55.1","80.967","140.0","CULYM, RS","6",",I","1",",I","0",",I","","","","","","","","","","","3.5",",,I,11,","","","9.2",",,,I","",""
"RSM00029625","1967-04","55.1","80.967","140.0","CULYM, RS","5",",I","1",",I","0",",I","","","","","","","","","","","4.2",",,I,05,","","","10.3",",,,I","",""
"RSM00029625","1967-05","55.1","80.967","140.0","CULYM, RS","9",",I","3",",I","0",",I","","","","","","","","","","","7.5",",,I,19,","","","19.7",",,,I","",""
"RSM00029625","1967-06","55.1","80.967","140.0","CULYM, RS","13",",I","6",",I","0",",I","","","","","","","","","","","22.8",",,I,30,","","","56.2",",,,I","",""
"RSM00029625","1967-07","55.1","80.967","140.0","CULYM, RS","10",",I","7",",I","0",",I","","","","","","","","","","","11.8",",,I,22,","","","36.6",",,,I","",""
"RSM00029625","1967-08","55.1","80.967","140.0","CULYM, RS","11",",I","8",",I","0",",I","","","","","","","","","","","16.0",",,I,17,","","","68.5",",,,I","",""
"RSM00029625","1967-09","55.1","80.967","140.0","CULYM, RS","10",",I","4",",I","0",",I","","","","","","","","","","","12.5",",,I,02,","","","42.1",",,,I","",""
"RSM00029625","1967-10","55.1","80.967","140.0","CULYM, RS","9","4,I","1","4,I","0","4,I","","","","","","","","","","","3.8","4,,I,25,","","","11.4","4,,,I","",""
"RSM00029625","1967-11","55.1","80.967","140.0","CULYM, RS","4","1,I","0","1,I","0","1,I","","","","","","","","","","","1.6","1,,I,08,","","","3.5","1,,,I","",""
"RSM00029625","1967-12","55.1","80.967","140.0","CULYM, RS","8","2,I","1","2,I","0","2,I","","","","","","","","","","","2.8","2,,I,15,","","","6.3","2,,,I","",""
"RSM00029625","1968-01","55.1","80.967","140.0","CULYM, RS","6",",I","0",",I","0",",I","","","","","","","","","","","1.4",",,I,04,","","","5.3",",,,I","",""
"RSM00029625","1968-02","55.1","80.967","140.0","CULYM, RS","9",",I","0",",I","0",",I","","","","","","","","","","","1.8",",,I,08,+","","","9.5",",,,I","",""
"RSM00029625","1968-03","55.1","80.967","140.0","CULYM, RS","9",",I","2",",I","0",",I","","","","","","","","","","","7.2",",,I,30,","","","22.7",",,,I","",""
"RSM00029625","1968-04","55.1","80.967","140.0","CULYM, RS","11",",I","3",",I","0",",I","","","","","","","","","","","3.6",",,I,01,","","","21.0",",,,I","",""
"RSM00029625","1968-05","55.1","80.967","140.0","CULYM, RS","7",",I","3",",I","0",",I","","","","","","","","","","","12.2",",,I,31,","","","25.6",",,,I","",""
"RSM00029625","1968-06","55.1","80.967","140.0","CULYM, RS","12",",I","3",",I","0",",I","","","","","","","","","","","9.1",",,I,08,","","","24.4",",,,I","",""
"RSM00029625","1968-07","55.1","80.967","140.0","CULYM, RS","16",",I","6",",I","2",",I","","","","","","","","","","","42.3",",,I,08,","","","116.8",",,,I","",""
"RSM00029625","1968-08","55.1","80.967","140.0","CULYM, RS","8","2,I","4","2,I","0","2,I","","","","","","","","","","","14.3","2,,I,28,","","","29.6","2,,,I","",""
"RSM00029625","1968-09","55.1","80.967","140.0","CULYM, RS","12",",I","3",",I","0",",I","","","","","","","","","","","10.8",",,I,16,","","","33.9",",,,I","",""
"RSM00029625","1968-10","55.1","80.967","140.0","CULYM, RS","9",",I","5",",I","0",",I","","","","","","","","","","","6.0",",,I,22,","","","27.0",",,,I","",""
"RSM00029625","1968-11","55.1","80.967","140.0","CULYM, RS","24",",I","6",",I","0",",I","","","","","","","","","","","10.2",",,I,29,","","","45.9",",,,I","",""
"RSM00029625","1968-12","55.1","80.967","140.0","CULYM, RS","16","5,I","5","5,I","0","5,I","","","","","","","","","","","6.6","5,,I,07,","","","26.0","5,,,I","",""
"RSM00029625","1969-01","55.1","80.967","140.0","CULYM, RS","6",",I","1",",I","0",",I","","","","","","","","","","","2.5",",,I,06,","","","6.7",",,,I","",""
"RSM00029625","1969-02","55.1","80.967","140.0","CULYM, RS","10",",I","2",",I","0",",I","","","","","","","","","","","4.6",",,I,06,","","","15.8",",,,I","",""
"RSM00029625","1969-03","55.1","80.967","140.0","CULYM, RS","9",",I","0",",I","0",",I","","","","","","","","","","","2.1",",,I,21,","","","9.7",",,,I","",""
"RSM00029625","1969-04","55.1","80.967","140.0","CULYM, RS","8","3,I","1","3,I","0","3,I","","","","","","","","","","","4.2","3,,I,29,","","","11.7","3,,,I","",""
"RSM00029625","1969-05","55.1","80.967","140.0","CULYM, RS","17",",I","9",",I","0",",I","","","","","","","","","","","8.8",",,I,11,","","","55.1",",,,I","",""
"RSM00029625","1969-06","55.1","80.967","140.0","CULYM, RS","6",",I","4",",I","0",",I","","","","","","","","","","","7.7",",,I,10,","","","24.3",",,,I","",""
"RSM00029625","1969-07","55.1","80.967","140.0","CULYM, RS","13",",I","5",",I","0",",I","","","","","","","","","","","14.5",",,I,16,","","","54.8",",,,I","",""
"RSM00029625","1969-08","55.1","80.967","140.0","CULYM, RS","13",",I","8",",I","1",",I","","","","","","","","","","","27.7",",,I,01,","","","81.1",",,,I","",""
"RSM00029625","1969-09","55.1","80.967","140.0","CULYM, RS","11",",I","5",",I","0",",I","","","","","","","","","","","8.8",",,I,14,","","","34.3",",,,I","",""
"RSM00029625","1969-10","55.1","80.967","140.0","CULYM, RS","23",",I","13",",I","0",",I","","","","","","","","","","","11.2",",,I,25,","","","72.8",",,,I","",""
"RSM00029625","1969-11","55.1","80.967","140.0","CULYM, RS","8",",I","2",",I","0",",I","","","","","","","","","","","7.9",",,I,10,","","","18.7",",,,I","",""
"RSM00029625","1969-12","55.1","80.967","140.0","CULYM, RS","7",",I","2",",I","0",",I","","","","","","","","","","","3.8",",,I,29,","","","10.5",",,,I","",""
"RSM00029625","1970-01","55.1","80.967","140.0","CULYM, RS","15",",I","1",",I","0",",I","","","","","","","","","","","2.9",",,I,24,","","","16.3",",,,I","",""
"RSM00029625","1970-02","55.1","80.967","140.0","CULYM, RS","11",",I","1",",I","0",",I","","","","","","","","","","","7.9",",,I,12,","","","15.2",",,,I","",""
"RSM00029625","1970-03","55.1","80.967","140.0","CULYM, RS","8",",I","2",",I","0",",I","","","","","","","","","","","3.7",",,I,30,","","","10.1",",,,I","",""
"RSM00029625","1970-04","55.1","80.967","140.0","CULYM, RS","12",",I","4",",I","0",",I","","","","","","","","","","","5.3",",,I,01,","","","24.2",",,,I","",""
"RSM00029625","1970-05","55.1","80.967","140.0","CULYM, RS","11",",I","4",",I","0",",I","","","","","","","","","","","6.5",",,I,10,","","","22.7",",,,I","",""
"RSM00029625","1970-06","55.1","80.967","140.0","CULYM, RS","9",",I","6",",I","0",",I","","","","","","","","","","","16.9",",,I,26,","","","53.4",",,,I","",""
"RSM00029625","1970-07","55.1","80.967","140.0","CULYM, RS","18",",I","12",",I","0",",I","","","","","","","","","","","25.0",",,I,17,","","","110.4",",,,I","",""
"RSM00029625","1970-08","55.1","80.967","140.0","CULYM, RS","15",",I","8",",I","0",",I","","","0","4,S","8","4,S","0","4,S","","","16.5",",,I,15,","31.1","4,S,29,","68.9",",,,I","19.87","4,,,S"
"RSM00029625","1970-09","55.1","80.967","140.0","CULYM, RS","5",",I","3",",I","0",",I","","","","","","","","","","","9.6",",,I,20,","","","20.1",",,,I","",""
"RSM00029625","1970-10","55.1","80.967","140.0","CULYM, RS","13",",I","5",",I","0",",I","","","","","","","","","","","9.2",",,I,07,","","","32.6",",,,I","",""
"RSM00029625","1970-11","55.1","80.967","140.0","CULYM, RS","17",",I","2",",I","0",",I","","","","","","","","","","","3.8",",,I,29,","","","21.0",",,,I","",""
"RSM00029625","1970-12","55.1","80.967","140.0","CULYM, RS","9",",I","1",",I","0",",I","","","","","","","","","","","3.3",",,I,13,","","","13.2",",,,I","",""
"RSM00029625","1971-01","55.1","80.967","140.0","CULYM, RS","18",",I","4",",I","0",",I","","","","","","","","","","","17.8",",,I,12,","","","43.8",",,,I","",""
"RSM00029625","1971-02","55.1","80.967","140.0","CULYM, RS","9",",I","0",",I","0",",I","","","25","3,S","0","3,S","0","3,S","","","2.2",",,I,05,","-3.9","3,S,09,","5.5",",,,I","-17.91","3,,,S"
"RSM00029625","1971-03","55.1","80.967","140.0","CULYM, RS","7",",I","0",",I","0",",I","","","24","4,S","0","4,S","0","4,S","","","2.3",",,I,15,","2.8","4,S,25,+","5.6",",,,I","-8.17","4,,,S"
"RSM00029625","1971-04","55.1","80.967","140.0","CULYM, RS","6",",I","3",",I","0",",I","","","4","2,S","0","2,S","0","2,S","","","6.5",",,I,26,","17.2","2,S,25,+","20.4",",,,I","6.37","2,,,S"
"RSM00029625","1971-05","55.1","80.967","140.0","CULYM, RS","15",",I","7",",I","0",",I","","","0","2,S","5","2,S","0","2,S","","","8.4",",,I,10,","27.8","2,S,26,","50.8",",,,I","15.19","2,,,S"
"RSM00029625","1971-06","55.1","80.967","140.0","CULYM, RS","9","1,I","2","1,I","0","1,I","","","","","","","","","","","11.9","1,,I,30,","","","29.0","1,,,I","",""
"RSM00029625","1971-07","55.1","80.967","140.0","CULYM, RS","12",",I","6",",I","0",",I","","","","","","","","","","","14.2",",,I,01,","","","52.4",",,,I","",""
"RSM00029625","1971-08","55.1","80.967","140.0","CULYM, RS","14",",I","9",",I","0",",I","","","","","","","","","","","19.7",",,I,08,","","","63.9",",,,I","",""
"RSM00029625","1971-09","55.1","80.967","140.0","CULYM, RS","2",",I","0",",I","0",",I","","","","","","","","","","","1.2",",,I,21,","","","2.2",",,,I","",""
"RSM00029625","1971-10","55.1","80.967","140.0","CULYM, RS","11",",I","0",",I","0",",I","","","","","","","","","","","2.1",",,I,17,","","","12.3",",,,I","",""
"RSM00029625","1971-11","55.1","80.967","140.0","CULYM, RS","12","1,I","4","1,I","0","1,I","","","","","","","","","","","4.7","1,,I,08,","","","24.5","1,,,I","",""
"RSM00029625","1971-12","55.1","80.967","140.0","CULYM, RS","11","1,I","0","1,I","0","1,I","","","","","","","","","","","1.4","1,,I,30,","","","7.6","1,,,I","",""
"RSM00029625","1972-01","55.1","80.967","140.0","CULYM, RS","14",",I","1",",I","0",",I","","","","","","","","","","","2.6",",,I,15,","","","16.6",",,,I","",""
"RSM00029625","1972-02","55.1","80.967","140.0","CULYM, RS","19",",I","3",",I","0",",I","","","","","","","","","","","4.8",",,I,27,","","","26.8",",,,I","",""
"RSM00029625","1972-03","55.1","80.967","140.0","CULYM, RS","15",",I","1",",I","0",",I","","","","","","","","","","","4.2",",,I,31,","","","16.9",",,,I","",""
"RSM00029625","1972-04","55.1","80.967","140.0","CULYM, RS","8",",I","1",",I","0",",I","","","","","","","","","","","2.7",",,I,17,","","","10.7",",,,I","",""
"RSM00029625","1972-05","55.1","80.967","140.0","CULYM, RS","14","1,I","1","1,I","0","1,I","","","","","","","","","","","8.5","1,,I,25,","","","24.8","1,,,I","",""
"RSM00029625","1972-06","55.1","80.967","140.0","CULYM, RS","14","1,I","9","1,I","1","1,I","","","","","","","","","","","26.2","1,,I,30,","","","92.6","1,,,I","",""
"RSM00029625","1972-07","55.1","80.967","140.0","CULYM, RS","15",",I","7",",I","3",",I","","","","","","","","","","","39.6",",,I,06,","","","147.5",",,,I","",""
"RSM00029625","1972-08","55.1","80.967","140.0","CULYM, RS","10",",I","4",",I","1",",I","","","","","","","","","","","28.8",",,I,08,","","","47.4",",,,I","",""
"RSM00029625","1972-09","55.1","80.967","140.0","CULYM, RS","12",",I","5",",I","0",",I","","","","","","","","","","","7.5",",,I,11,","","","33.8",",,,I","",""
"RSM00029625","1972-10","55.1","80.967","140.0","CULYM, RS","10","1,I","2","1,I","0","1,I","","","","","","","","","","","4.1","1,,I,27,","","","17.2","1,,,I","",""
"RSM00029625","1972-11","55.1","80.967","140.0","CULYM, RS","13",",I","3",",I","0",",I","","","","","","","","","","","3.7",",,I,05,","","","17.9",",,,I","",""
"RSM00029625","1972-12","55.1","80.967","140.0","CULYM, RS","20","2,I","4","2,I","0","2,I","","","","","","","","","","","4.8","2,,I,20,","","","31.5","2,,,I","",""
"RSM00029625","1973-01","55.1","80.967","140.0","CULYM, RS","15",",I","3",",I","0",",I","","","","","","","","","","","3.6",",,I,09,","","","20.3",",,,I","",""
"RSM00029625","1973-02","55.1","80.967","140.0","CULYM, RS","14","1,I","0","1,I","0","1,I","","","","","","","","","","","1.5","1,,I,18,","","","11.9","1,,,I","",""
"RSM00029625","1973-03","55.1","80.967","140.0","CULYM, RS","6","2,I","0","2,I","0","2,I","","","","","","","","","","","1.1","2,,I,09,","","","5.8","2,,,I","",""
"RSM00029625","1973-04","55.1","80.967","140.0","CULYM, RS","3",",I","2",",I","0",",I","","","","","","","","","","","2.6",",,I,25,","","","5.7",",,,I","",""
"RSM00029625","1973-05","55.1","80.967","140.0","CULYM, RS","9",",I","4",",I","0",",I","","","","","","","","","","","7.2",",,I,10,","","","20.7",",,,I","",""
"RSM00029625","1973-06","55.1","80.967","140.0","CULYM, RS","13",",I","6",",I","0",",I","","","","","","","","","","","19.8",",,I,30,","","","47.6",",,,I","",""
"RSM00029625","1973-07","55.1","80.967","140.0","CULYM, RS","15",",I","10",",I","0",",I","","","","","","","","","","","13.0",",,I,17,","","","67.1",",,,I","",""
"RSM00029625","1973-08","55.1","80.967","140.0","CULYM, RS","5",",I","2",",I","0",",I","","","","","","","","","","","8.8",",,I,02,","","","19.0",",,,I","",""
"RSM00029625","1973-09","55.1","80.967","140.0","CULYM, RS","6",",I","2",",I","0",",I","","","","","","","","","","","3.2",",,I,20,","","","8.2",",,,I","",""
"RSM00029625","1973-10","55.1","80.967","140.0","CULYM, RS","11",",I","5",",I","0",",I","","","","","","","","","","","11.8",",,I,31,","","","34.4",",,,I","",""
"RSM00029625","1973-11","55.1","80.967","140.0","CULYM, RS","14",",I","5",",I","0",",I","","","","","","","","","","","11.9",",,I,05,","","","37.5",",,,I","",""
"RSM00029625","1973-12","55.1","80.967","140.0","CULYM, RS","11","1,I","0","1,I","0","1,I","","","","","","","","","","","2.1","1,,I,05,","","","9.5","1,,,I","",""
"RSM00029625","1974-01","55.1","80.967","140.0","CULYM, RS","11",",I","1",",I","0",",I","","","","","","","","","","","2.8",",,I,04,","","","14.0",",,,I","",""
"RSM00029625","1974-02","55.1","80.967","140.0","CULYM, RS","11",",I","0",",I","0",",I","","","24","4,S","0","4,S","0","4,S","","","2.2",",,I,15,","-7.0","4,S,13,","10.1",",,,I","-17.50","4,,,S"
"RSM00029625","1974-03","55.1","80.967","140.0","CULYM, RS","14",",I","1",",I","0",",I","","","","","","","","","","","3.3",",,I,22,","","","16.1",",,,I","",""
"RSM00029625","1974-04","55.1","80.967","140.0","CULYM, RS","11",",I","1",",I","0",",I","","","","","","","","","","","4.4",",,I,05,","","","13.4",",,,I","",""
"RSM00029625","1974-05","55.1","80.967","140.0","CULYM, RS","7","1,I","3","1,I","0","1,I","","","","","","","","","","","14.7","1,,I,19,","","","29.1","1,,,I","",""
"RSM00029625","1974-06","55.1","80.967","140.0","CULYM, RS","13",",I","8",",I","2",",I","","","","","","","","","","","31.0",",,I,11,","","","105.1",",,,I","",""
"RSM00029625","1974-07","55.1","80.967","140.0","CULYM, RS","6","2,I","2","2,I","0","2,I","","","","","","","","","","","8.7","2,,I,27,","","","15.8","2,,,I","",""
"RSM00029625","1974-08","55.1","80.967","140.0","CULYM, RS","14",",I","7",",I","1",",I","","","","","","","","","","","40.8",",,I,09,","","","79.0",",,,I","",""
"RSM00029625","1974-09","55.1","80.967","140.0","CULYM, RS","12",",I","7",",I","1",",I","","","","","","","","","","","34.8",",,I,13,","","","79.6",",,,I","",""
"RSM00029625","1974-10","55.1","80.967","140.0","CULYM, RS","5",",I","3",",I","0",",I","","","","","","","","","","","8.5",",,I,18,","","","19.8",",,,I","",""
"RSM00029625","1974-11","55.1","80.967","140.0","CULYM, RS","18",",I","1",",I","0",",I","","","","","","","","","","","11.1",",,I,03,","","","28.3",",,,I","",""
"RSM00029625","1974-12","55.1","80.967","140.0","CULYM, RS","3",",I","0",",I","0",",I","","","","","","","","","","","1.0",",,I,22,","","","2.5",",,,I","",""
"RSM00029625","1975-01","55.1","80.967","140.0","CULYM, RS","21","1,I","2","1,I","0","1,I","","","","","","","","","","","2.7","1,,I,10,+","","","21.5","1,,,I","",""
"RSM00029625","1975-02","55.1","80.967","140.0","CULYM, RS","10",",I","0",",I","0",",I","","","","","","","","","","","2.4",",,I,16,","","","10.5",",,,I","",""
"RSM00029625","1975-03","55.1","80.967","140.0","CULYM, RS","12",",I","1",",I","0",",I","","","","","","","","","","","2.6",",,I,25,","","","13.0",",,,I","",""
"RSM00029625","1975-04","55.1","80.967","140.0","CULYM, RS","13",",I","2",",I","0",",I","","","","","","","","","","","6.5",",,I,09,","","","20.6",",,,I","",""
"RSM00029625","1975-05","55.1","80.967","140.0","CULYM, RS","18",",I","12",",I","0",",I","","","","","","","","","","","24.2",",,I,19,","","","88.5",",,,I","",""
"RSM00029625","1975-06","55.1","80.967","140.0","CULYM, RS","7",",I","4",",I","0",",I","","","","","","","","","","","3.8",",,I,26,+","","","16.1",",,,I","",""
"RSM00029625","1975-07","55.1","80.967","140.0","CULYM, RS","8",",I","4",",I","0",",I","","","","","","","","","","","17.3",",,I,22,","","","47.1",",,,I","",""
"RSM00029625","1975-08","55.1","80.967","140.0","CULYM, RS","11",",I","4",",I","1",",I","","","","","","","","","","","31.8",",,I,10,","","","63.4",",,,I","",""
"RSM00029625","1975-09","55.1","80.967","140.0","CULYM, RS","14","1,I","3","1,I","0","1,I","","","","","","","","","","","3.6","1,,I,28,","","","23.0","1,,,I","",""
"RSM00029625","1975-10","55.1","80.967","140.0","CULYM, RS","14","1,I","5","1,I","0","1,I","","","","","","","","","","","8.0","1,,I,23,","","","30.2","1,,,I","",""
"RSM00029625","1975-11","55.1","80.967","140.0","CULYM, RS","14","2,I","4","2,I","0","2,I","","","","","","","","","","","3.6","2,,I,15,","","","20.5","2,,,I","",""
"RSM00029625","1975-12","55.1","80.967","140.0","CULYM, RS","8","1,I","0","1,I","0","1,I","","","","","","","","","","","2.0","1,,I,23,","","","7.4","1,,,I","",""
"RSM00029625","1976-01","55.1","80.967","140.0","CULYM, RS","7","1,I","2","1,I","0","1,I","","","","","","","","","","","2.6","1,,I,29,","","","13.2","1,,,I","",""
"RSM00029625","1976-02","55.1","80.967","140.0","CULYM, RS","8",",I","1",",I","0",",I","","","","","","","","","","","3.9",",,I,03,","","","13.0",",,,I","",""
"RSM00029625","1976-03","55.1","80.967","140.0","CULYM, RS","7",",I","1",",I","0",",I","","","","","","","","","","","3.3",",,I,12,","","","11.5",",,,I","",""
"RSM00029625","1976-04","55.1","80.967","140.0","CULYM, RS","6",",I","0",",I","0",",I","","","","","","","","","","","2.3",",,I,06,","","","9.1",",,,I","",""
"RSM00029625","1976-05","55.1","80.967","140.0","CULYM, RS","10",",I","0",",I","0",",I","","","","","","","","","","","1.8",",,I,24,","","","10.8",",,,I","",""
"RSM00029625","1976-06","55.1","80.967","140.0","CULYM, RS","9",",I","4",",I","0",",I","","","","","","","","","","","12.3",",,I,19,","","","25.4",",,,I","",""
"RSM00029625","1976-07","55.1","80.967","140.0","CULYM, RS","16",",I","9",",I","0",",I","","","","","","","","","","","15.2",",,I,08,","","","66.6",",,,I","",""
"RSM00029625","1976-08","55.1","80.967","140.0","CULYM, RS","8",",I","3",",I","0",",I","","","","","","","","","","","16.7",",,I,14,","","","33.4",",,,I","",""
"RSM00029625","1976-09","55.1","80.967","140.0","CULYM, RS","13",",I","7",",I","0",",I","","","","","","","","","","","14.5",",,I,15,","","","55.2",",,,I","",""
"RSM00029625","1976-10","55.1","80.967","140.0","CULYM, RS","18",",I","6",",I","0",",I","","","","","","","","","","","12.6",",,I,05,","","","67.2",",,,I","",""
"RSM00029625","1976-11","55.1","80.967","140.0","CULYM, RS","11","1,I","1","1,I","0","1,I","","","","","","","","","","","7.0","1,,I,04,","","","16.1","1,,,I","",""
"RSM00029625","1976-12","55.1","80.967","140.0","CULYM, RS","12",",I","1",",I","0",",I","","","","","","","","","","","2.7",",,I,18,","","","11.3",",,,I","",""
"RSM00029625","1977-01","55.1","80.967","140.0","CULYM, RS","6",",I","0",",I","0",",I","","","","","","","","","","","1.5",",,I,31,","","","6.5",",,,I","",""
"RSM00029625","1977-02","55.1","80.967","140.0","CULYM, RS","12",",I","4",",I","0",",I","","","","","","","","","","","6.1",",,I,15,","","","23.4",",,,I","",""
"RSM00029625","1977-03","55.1","80.967","140.0","CULYM, RS","12",",I","3",",I","0",",I","","","","","","","","","","","2.7",",,I,13,","","","19.7",",,,I","",""
"RSM00029625","1977-04","55.1","80.967","140.0","CULYM, RS","8",",I","3",",I","0",",I","","","","","","","","","","","10.5",",,I,12,","","","25.8",",,,I","",""
"RSM00029625","1977-05","55.1","80.967","140.0","CULYM, RS","11",",I","5",",I","0",",I","","","","","","","","","","","8.2",",,I,04,","","","30.6",",,,I","",""
"RSM00029625","1977-06","55.1","80.967","140.0","CULYM, RS","8",",I","3",",I","0",",I","","","","","","","","","","","7.9",",,I,25,","","","21.5",",,,I","",""
"RSM00029625","1977-07","55.1","80.967","140.0","CULYM, RS","6",",I","3",",I","0",",I","","","","","","","","","","","11.5",",,I,01,","","","26.4",",,,I","",""
"RSM00029625","1977-08","55.1","80.967","140.0","CULYM, RS","17",",I","11",",I","0",",I","","","","","","","","","","","16.0",",,I,25,","","","81.8",",,,I","",""
"RSM00029625","1977-09","55.1","80.967","140.0","CULYM, RS","13",",I","5",",I","1",",I","","","","","","","","","","","28.9",",,I,04,","","","64.4",",,,I","",""
"RSM00029625","1977-10","55.1","80.967","140.0","CULYM, RS","18",",I","3",",I","0",",I","","","","","","","","","","","4.6",",,I,22,","","","25.6",",,,I","",""
"RSM00029625","1977-11","55.1","80.967","140.0","CULYM, RS","11",",I","2",",I","0",",I","","","","","","","","","","","3.8",",,I,14,","","","17.7",",,,I","",""
"RSM00029625","1977-12","55.1","80.967","140.0","CULYM, RS","15",",I","2",",I","0",",I","","","","","","","","","","","4.4",",,I,25,","","","20.3",",,,I","",""
"RSM00029625","1978-01","55.1","80.967","140.0","CULYM, RS","10",",I","2",",I","0",",I","","","","","","","","","","","5.0",",,I,08,","","","14.7",",,,I","",""
"RSM00029625","1978-02","55.1","80.967","140.0","CULYM, RS","7",",I","1",",I","0",",I","","","","","","","","","","","2.9",",,I,27,","","","6.5",",,,I","",""
"RSM00029625","1978-03","55.1","80.967","140.0","CULYM, RS","5",",I","0",",I","0",",I","","","","","","","","","","","2.1",",,I,29,","","","7.1",",,,I","",""
"RSM00029625","1978-04","55.1","80.967","140.0","CULYM, RS","14",",I","5",",I","0",",I","","","","","","","","","","","15.8",",,I,11,","","","49.2",",,,I","",""
"RSM00029625","1978-05","55.1","80.967","140.0","CULYM, RS","9",",I","2",",I","0",",I","","","","","","","","","","","11.9",",,I,27,","","","28.8",",,,I","",""
"RSM00029625","1978-06","55.1","80.967","140.0","CULYM, RS","7",",I","3",",I","0",",I","","","","","","","","","","","16.3",",,I,28,","","","30.8",",,,I","",""
"RSM00029625","1978-07","55.1","80.967","140.0","CULYM, RS","8",",I","2",",I","0",",I","","","","","","","","","","","6.9",",,I,23,","","","15.6",",,,I","",""
"RSM00029625","1978-08","55.1","80.967","140.0","CULYM, RS","13",",I","6",",I","0",",I","","","","","","","","","","","10.6",",,I,11,","","","48.3",",,,I","",""
"RSM00029625","1978-09","55.1","80.967","140.0","CULYM, RS","10",",I","6",",I","1",",I","","","","","","","","","","","27.2",",,I,28,","","","52.7",",,,I","",""
"RSM00029625","1978-10","55.1","80.967","140.0","CULYM, RS","13",",I","2",",I","0",",I","","","","","","","","","","","3.9",",,I,01,","","","20.6",",,,I","",""
"RSM00029625","1978-11","55.1","80.967","140.0","CULYM, RS","19",",I","6",",I","0",",I","","","","","","","","","","","14.5",",,I,02,","","","45.9",",,,I","",""
"RSM00029625","1978-12","55.1","80.967","140.0","CULYM, RS","13",",I","3",",I","0",",I","","","","","","","","","","","4.2",",,I,31,","","","18.5",",,,I","",""
"RSM00029625","1979-01","55.1","80.967","140.0","CULYM, RS","17",",I","3",",I","0",",I","","","","","","","","","","","6.7",",,I,21,","","","30.8",",,,I","",""
"RSM00029625","1979-02","55.1","80.967","140.0","CULYM, RS","12",",I","1",",I","0",",I","","","","","","","","","","","2.8",",,I,10,","","","13.5",",,,I","",""
"RSM00029625","1979-03","55.1","80.967","140.0","CULYM, RS","9",",I","1",",I","0",",I","","","","","","","","","","","4.3",",,I,18,","","","10.8",",,,I","",""
"RSM00029625","1979-04","55.1","80.967","140.0","CULYM, RS","8",",I","4",",I","0",",I","","","","","","","","","","","12.9",",,I,25,","","","27.2",",,,I","",""
"RSM00029625","1979-05","55.1","80.967","140.0","CULYM, RS","9",",I","6",",I","0",",I","","","","","","","","","","","6.2",",,I,05,","","","24.9",",,,I","",""
"RSM00029625","1979-06","55.1","80.967","140.0","CULYM, RS","13",",I","6",",I","0",",I","","","","","","","","","","","8.4",",,I,03,","","","42.8",",,,I","",""
"RSM00029625","1979-07","55.1","80.967","140.0","CULYM, RS","6",",I","4",",I","0",",I","","","","","","","","","","","12.9",",,I,07,","","","36.5",",,,I","",""
"RSM00029625","1979-08","55.1","80.967","140.0","CULYM, RS","8",",I","4",",I","0",",I","","","","","","","","","","","14.1",",,I,23,","","","41.5",",,,I","",""
"RSM00029625","1979-09","55.1","80.967","140.0","CULYM, RS","5",",I","1",",I","0",",I","","","","","","","","","","","4.6",",,I,25,","","","9.8",",,,I","",""
"RSM00029625","1979-10","55.1","80.967","140.0","CULYM, RS","18",",I","7",",I","0",",I","","","","","","","","","","","4.9",",,I,09,","","","38.3",",,,I","",""
"RSM00029625","1979-11","55.1","80.967","140.0","CULYM, RS","13",",I","2",",I","0",",I","","","","","","","","","","","16.5",",,I,04,","","","31.4",",,,I","",""
"RSM00029625","1979-12","55.1","80.967","140.0","CULYM, RS","12",",I","3",",I","0",",I","","","","","","","","","","","5.2",",,I,15,","","","20.4",",,,I","",""
"RSM00029625","1980-01","55.1","80.967","140.0","CULYM, RS","9",",I","0",",I","0",",I","","","","","","","","","","","2.1",",,I,23,","","","8.7",",,,I","",""
"RSM00029625","1980-02","55.1","80.967","140.0","CULYM, RS","6",",I","0",",I","0",",I","","","","","","","","","","","1.4",",,I,25,","","","4.4",",,,I","",""
"RSM00029625","1980-03","55.1","80.967","140.0","CULYM, RS","2",",I","0",",I","0",",I","","","","","","","","","","","0.3",",,I,28,+","","","0.6",",,,I","",""
"RSM00029625","1980-04","55.1","80.967","140.0","CULYM, RS","6",",I","1",",I","0",",I","","","","","","","","","","","2.9",",,I,29,","","","7.4",",,,I","",""
"RSM00029625","1980-05","55.1","80.967","140.0","CULYM, RS","4",",I","1",",I","0",",I","","","","","","","","","","","12.0",",,I,09,","","","14.6",",,,I","",""
"RSM00029625","1980-06","55.1","80.967","140.0","CULYM, RS","14",",I","6",",I","1",",I","","","","","","","","","","","27.8",",,I,27,","","","70.2",",,,I","",""
"RSM00029625","1980-07","55.1","80.967","140.0","CULYM, RS","10",",I","7",",I","0",",I","","","","","","","","","","","21.8",",,I,19,","","","80.6",",,,I","",""
"RSM00029625","1980-08","55.1","80.967","140.0","CULYM, RS","7",",I","6",",I","0",",I","","","","","","","","","","","14.6",",,I,23,","","","53.3",",,,I","",""
"RSM00029625","1980-09","55.1","80.967","140.0","CULYM, RS","4",",I","1",",I","0",",I","","","","","","","","","","","2.7",",,I,01,","","","7.3",",,,I","",""
"RSM00029625","1980-10","55.1","80.967","140.0","CULYM, RS","7",",I","2",",I","0",",I","","","","","","","","","","","3.5",",,I,01,","","","13.1",",,,I","",""
"RSM00029625","1980-11","55.1","80.967","140.0","CULYM, RS","16",",I","3",",I","0",",I","","","","","","","","","","","8.5",",,I,29,","","","32.7",",,,I","",""
"RSM00029625","1980-12","55.1","80.967","140.0","CULYM, RS","9",",I","1",",I","0",",I","","","","","","","","","","","8.1",",,I,01,","","","15.3",",,,I","",""
"RSM00029625","1981-01","55.1","80.967","140.0","CULYM, RS","9",",I","1",",I","0",",I","","","","","","","","","","","2.8",",,I,12,","","","10.8",",,,I","",""
"RSM00029625","1981-02","55.1","80.967","140.0","CULYM, RS","4",",I","0",",I","0",",I","","","","","","","","","","","2.2",",,I,06,","","","5.3",",,,I","",""
"RSM00029625","1981-03","55.1","80.967","140.0","CULYM, RS","11",",I","2",",I","0",",I","","","","","","","","","","","6.7",",,I,11,","","","16.7",",,,I","",""
"RSM00029625","1981-04","55.1","80.967","140.0","CULYM, RS","7",",I","3",",I","0",",I","","","","","","","","","","","4.6",",,I,11,","","","15.2",",,,I","",""
"RSM00029625","1981-05","55.1","80.967","140.0","CULYM, RS","6",",I","2",",I","0",",I","","","","","","","","","","","8.2",",,I,11,","","","18.5",",,,I","",""
"RSM00029625","1981-06","55.1","80.967","140.0","CULYM, RS","4",",I","1",",I","0",",I","","","","","","","","","","","2.5",",,I,05,","","","5.5",",,,I","",""
"RSM00029625","1981-07","55.1","80.967","140.0","CULYM, RS","9",",I","3",",I","0",",I","","","","","","","","","","","18.2",",,I,14,","","","35.0",",,,I","",""
"RSM00029625","1981-08","55.1","80.967","140.0","CULYM, RS","6",",I","4",",I","0",",I","","","","","","","","","","","9.6",",,I,29,","","","21.0",",,,I","",""
"RSM00029625","1981-09","55.1","80.967","140.0","CULYM, RS","10",",I","2",",I","0",",I","","","","","","","","","","","18.3",",,I,10,","","","31.8",",,,I","",""
"RSM00029625","1981-10","55.1","80.967","140.0","CULYM, RS","8",",I","4",",I","0",",I","","","","","","","","","","","7.2",",,I,03,","","","24.5",",,,I","",""
"RSM00029625","1981-11","55.1","80.967","140.0","CULYM, RS","12",",I","1",",I","0",",I","","","","","","","","","","","2.9",",,I,11,","","","14.5",",,,I","",""
"RSM00029625","1981-12","55.1","80.967","140.0","CULYM, RS","4",",I","0",",I","0",",I","","","","","","","","","","","1.7",",,I,09,","","","4.6",",,,I","",""
"RSM00029625","1982-01","55.1","80.967","140.0","CULYM, RS","12",",I","2",",I","0",",I","","","","","","","","","","","6.3",",,I,11,","","","18.5",",,,I","",""
"RSM00029625","1982-02","55.1","80.967","140.0","CULYM, RS","9",",I","0",",I","0",",I","","","","","","","","","","","1.4",",,I,18,","","","6.0",",,,I","",""
"RSM00029625","1982-03","55.1","80.967","140.0","CULYM, RS","6",",I","2",",I","0",",I","","","","","","","","","","","6.5",",,I,26,","","","12.1",",,,I","",""
"RSM00029625","1982-04","55.1","80.967","140.0","CULYM, RS","11",",I","4",",I","0",",I","","","0","5,S","4","5,S","0","5,S","","","7.8",",,I,22,","27.4","5,S,29,","25.0",",,,I","12.09","5,,,S"
"RSM00029625","1982-05","55.1","80.967","140.0","CULYM, RS","4",",I","3",",I","0",",I","","","","","","","","","","","9.1",",,I,06,","","","18.2",",,,I","",""
"RSM00029625","1982-06","55.1","80.967","140.0","CULYM, RS","2",",I","2",",I","0",",I","","","","","","","","","","","8.5",",,I,08,","","","16.5",",,,I","",""
"RSM00029625","1982-07","55.1","80.967","140.0","CULYM, RS","8",",I","4",",I","1",",I","","","","","","","","","","","30.4",",,I,24,","","","64.6",",,,I","",""
"RSM00029625","1982-08","55.1","80.967","140.0","CULYM, RS","7",",I","5",",I","0",",I","","","","","","","","","","","16.0",",,I,01,","","","39.8",",,,I","",""
"RSM00029625","1982-09","55.1","80.967","140.0","CULYM, RS","9",",I","4",",I","0",",I","","","","","","","","","","","6.8",",,I,22,","","","22.3",",,,I","",""
"RSM00029625","1982-10","55.1","80.967","140.0","CULYM, RS","20",",I","7",",I","0",",I","","","","","","","","","","","8.9",",,I,04,","","","46.1",",,,I","",""
"RSM00029625","1982-11","55.1","80.967","140.0","CULYM, RS","20",",I","4",",I","0",",I","","","","","","","","","","","7.4",",,I,10,","","","39.6",",,,I","",""
"RSM00029625","1982-12","55.1","80.967","140.0","CULYM, RS","13",",I","3",",I","0",",I","","","","","","","","","","","6.4",",,I,01,","","","23.8",",,,I","",""
"RSM00029625","1983-01","55.1","80.967","140.0","CULYM, RS","19",",I","5",",I","0",",I","","","","","","","","","","","7.1",",,I,25,","","","35.8",",,,I","",""
"RSM00029625","1983-02","55.1","80.967","140.0","CULYM, RS","13",",I","2",",I","0",",I","","","","","","","","","","","4.7",",,I,13,","","","16.4",",,,I","",""
"RSM00029625","1983-03","55.1","80.967","140.0","CULYM, RS","10",",I","2",",I","0",",I","","","","","","","","","","","3.5",",,I,29,","","","13.4",",,,I","",""
"RSM00029625","1983-04","55.1","80.967","140.0","CULYM, RS","10","1,I","4","1,I","0","1,I","","","","","","","","","","","4.0","1,,I,05,","","","18.6","1,,,I","",""
"RSM00029625","1983-05","55.1","80.967","140.0","CULYM, RS","9",",I","4",",I","0",",I","","","","","","","","","","","11.6",",,I,24,","","","26.3",",,,I","",""
"RSM00029625","1983-06","55.1","80.967","140.0","CULYM, RS","7",",I","1",",I","0",",I","","","","","","","","","","","2.8",",,I,04,","","","9.3",",,,I","",""
"RSM00029625","1983-07","55.1","80.967","140.0","CULYM, RS","8",",I","2",",I","0",",I","","","","","","","","","","","10.2",",,I,12,","","","21.9",",,,I","",""
"RSM00029625","1983-08","55.1","80.967","140.0","CULYM, RS","7",",I","2",",I","0",",I","","","","","","","","","","","5.8",",,I,26,","","","16.3",",,,I","",""
"RSM00029625","1983-09","55.1","80.967","140.0","CULYM, RS","19",",I","9",",I","0",",I","","","","","","","","","","","6.4",",,I,01,","","","51.9",",,,I","",""
"RSM00029625","1983-10","55.1","80.967","140.0","CULYM, RS","7",",I","2",",I","0",",I","","","","","","","","","","","11.7",",,I,19,","","","23.1",",,,I","",""
"RSM00029625","1983-11","55.1","80.967","140.0","CULYM, RS","14",",I","7",",I","0",",I","","","","","","","","","","","10.6",",,I,12,","","","51.4",",,,I","",""
"RSM00029625","1983-12","55.1","80.967","140.0","CULYM, RS","13",",I","1",",I","0",",I","","","","","","","","","","","3.0",",,I,25,","","","14.5",",,,I","",""
"RSM00029625","1984-01","55.1","80.967","140.0","CULYM, RS","12",",I","0",",I","0",",I","","","","","","","","","","","1.9",",,I,06,","","","10.7",",,,I","",""
"RSM00029625","1984-02","55.1","80.967","140.0","CULYM, RS","12",",I","0",",I","0",",I","","","","","","","","","","","2.3",",,I,21,","","","9.2",",,,I","",""
"RSM00029625","1984-03","55.1","80.967","140.0","CULYM, RS","7",",I","2",",I","0",",I","","","","","","","","","","","3.3",",,I,28,","","","9.6",",,,I","",""
"RSM00029625","1984-04","55.1","80.967","140.0","CULYM, RS","18",",I","4",",I","0",",I","","","","","","","","","","","7.5",",,I,17,","","","33.1",",,,I","",""
"RSM00029625","1984-05","55.1","80.967","140.0","CULYM, RS","13",",I","6",",I","0",",I","","","","","","","","","","","15.7",",,I,17,","","","60.7",",,,I","",""
"RSM00029625","1984-06","55.1","80.967","140.0","CULYM, RS","9",",I","5",",I","1",",I","","","","","","","","","","","34.4",",,I,26,","","","79.1",",,,I","",""
"RSM00029625","1984-07","55.1","80.967","140.0","CULYM, RS","17",",I","10",",I","0",",I","","","","","","","","","","","15.8",",,I,26,","","","64.8",",,,I","",""
"RSM00029625","1984-08","55.1","80.967","140.0","CULYM, RS","5",",I","3",",I","0",",I","","","","","","","","","","","6.0",",,I,19,","","","16.7",",,,I","",""
"RSM00029625","1984-09","55.1","80.967","140.0","CULYM, RS","12",",I","4",",I","0",",I","","","","","","","","","","","5.8",",,I,16,","","","24.2",",,,I","",""
"RSM00029625","1984-10","55.1","80.967","140.0","CULYM, RS","16",",I","7",",I","0",",I","","","","","","","","","","","9.1",",,I,12,","","","47.9",",,,I","",""
"RSM00029625","1984-11","55.1","80.967","140.0","CULYM, RS","20",",I","5",",I","0",",I","","","","","","","","","","","7.8",",,I,30,","","","41.8",",,,I","",""
"RSM00029625","1984-12","55.1","80.967","140.0","CULYM, RS","15",",I","1",",I","0",",I","","","","","","","","","","","4.8",",,I,17,","","","20.5",",,,I","",""
"RSM00029625","1985-01","55.1","80.967","140.0","CULYM, RS","13",",I","0",",I","0",",I","","","","","","","","","","","1.1",",,I,17,","","","7.3",",,,I","",""
"RSM00029625","1985-02","55.1","80.967","140.0","CULYM, RS","5",",I","1",",I","0",",I","","","","","","","","","","","2.7",",,I,09,","","","6.5",",,,I","",""
"RSM00029625","1985-03","55.1","80.967","140.0","CULYM, RS","9",",I","0",",I","0",",I","","","","","","","","","","","1.9",",,I,30,","","","7.5",",,,I","",""
"RSM00029625","1985-04","55.1","80.967","140.0","CULYM, RS","14",",I","7",",I","0",",I","","","","","","","","","","","8.8",",,I,17,","","","43.0",",,,I","",""
"RSM00029625","1985-05","55.1","80.967","140.0","CULYM, RS","13",",I","6",",I","0",",I","","","1","2,S","2","2,S","0","2,S","","","16.5",",,I,30,","23.3","2,S,17,","54.6",",,,I","13.00","2,,,S"
"RSM00029625","1985-06","55.1","80.967","140.0","CULYM, RS","14",",I","7",",I","0",",I","","","","","","","","","","","10.9",",,I,12,","","","56.5",",,,I","",""
"RSM00029625","1985-07","55.1","80.967","140.0","CULYM, RS","12",",I","6",",I","1",",I","","","","","","","","","","","26.1",",,I,18,","","","69.2",",,,I","",""
"RSM00029625","1985-08","55.1","80.967","140.0","CULYM, RS","13",",I","11",",I","0",",I","","","","","","","","","","","19.5",",,I,24,","","","103.9",",,,I","",""
"RSM00029625","1985-09","55.1","80.967","140.0","CULYM, RS","6",",I","5",",I","0",",I","","","0","4,S","7","4,S","0","4,S","","","8.3",",,I,07,","25.6","4,S,25,","28.5",",,,I","17.21","4,,,S"
"RSM00029625","1985-10","55.1","80.967","140.0","CULYM, RS","20",",I","8",",I","0",",I","","","2","4,S","0","4,S","0","4,S","","","11.2",",,I,05,","11.2","4,S,19,","68.0",",,,I","4.52","4,,,S"
"RSM00029625","1985-11","55.1","80.967","140.0","CULYM, RS","21",",I","5",",I","0",",I","","","","","","","","","","","16.2",",,I,03,","","","49.2",",,,I","",""
"RSM00029625","1985-12","55.1","80.967","140.0","CULYM, RS","13",",I","1",",I","0",",I","","","","","","","","","","","5.0",",,I,26,","","","19.3",",,,I","",""
"RSM00029625","1986-01","55.1","80.967","140.0","CULYM, RS","15",",I","1",",I","0",",I","26","5,","","","","","","","439","5,,S,31,+","6.8",",,I,16,","","","21.1",",,,I","",""
"RSM00029625","1986-02","55.1","80.967","140.0","CULYM, RS","5",",I","0",",I","0",",I","","","","","","","","","","","2.0",",,I,21,","","","5.7",",,,I","",""
"RSM00029625","1986-03","55.1","80.967","140.0","CULYM, RS","7",",I","1",",I","0",",I","","","","","","","","","","","8.9",",,I,03,","","","18.1",",,,I","",""
"RSM00029625","1986-04","55.1","80.967","140.0","CULYM, RS","9",",I","4",",I","0",",I","","","2","3,S","1","3,S","0","3,S","","","13.0",",,I,20,","22.4","3,S,30,","30.1",",,,I","5.01","3,,,S"
"RSM00029625","1986-05","55.1","80.967","140.0","CULYM, RS","11",",I","6",",I","1",",I","","","0","5,S","5","5,S","0","5,S","","","35.2",",,I,06,","25.4","5,S,29,","64.4",",,,I","14.29","5,,,S"
"RSM00029625","1986-06","55.1","80.967","140.0","CULYM, RS","10",",I","5",",I","1",",I","","","","","","","","","","","27.1",",,I,15,","","","58.5",",,,I","",""
"RSM00029625","1986-07","55.1","80.967","140.0","CULYM, RS","14",",I","10",",I","0",",I","","","0","5,S","21","5,S","0","5,S","","","17.3",",,I,10,","31.1","5,S,02,","73.6",",,,I","24.33","5,,,S"
"RSM00029625","1986-08","55.1","80.967","140.0","CULYM, RS","14",",I","8",",I","0",",I","","","0","5,S","11","5,S","0","5,S","","","17.7",",,I,05,","24.0","5,S,08,","54.9",",,,I","19.85","5,,,S"
"RSM00029625","1986-09","55.1","80.967","140.0","CULYM, RS","9",",I","3",",I","0",",I","","","0","2,S","5","2,S","0","2,S","","","3.8",",,I,07,","24.4","2,S,26,","17.3",",,,I","15.50","2,,,S"
"RSM00029625","1986-10","55.1","80.967","140.0","CULYM, RS","19",",I","5",",I","0",",I","","","4","5,S","0","5,S","0","5,S","","","5.2",",,I,04,","16.6","5,S,07,","31.3",",,,I","5.24","5,,,S"
"RSM00029625","1986-11","55.1","80.967","140.0","CULYM, RS","8",",I","2",",I","0",",I","","","","","","","","","","","5.6",",,I,03,","","","13.6",",,,I","",""
"RSM00029625","1986-12","55.1","80.967","140.0","CULYM, RS","14",",I","2",",I","0",",I","27","4,","","","","","","","191","4,,S,12,+","4.5",",,I,09,","","","21.9",",,,I","",""
"RSM00029625","1987-01","55.1","80.967","140.0","CULYM, RS","16",",I","2",",I","0",",I","28","3,","","","","","","","239","3,,S,31,+","4.9",",,I,06,","","","21.2",",,,I","",""
"RSM00029625","1987-02","55.1","80.967","140.0","CULYM, RS","8",",I","1",",I","0",",I","","","","","","","","","","","4.0",",,I,08,","","","9.7",",,,I","",""
"RSM00029625","1987-03","55.1","80.967","140.0","CULYM, RS","4",",I","0",",I","0",",I","27","4,","","","","","","","330","4,,S,05,","1.8",",,I,04,","","","4.7",",,,I","",""
"RSM00029625","1987-04","55.1","80.967","140.0","CULYM, RS","10",",I","3",",I","0",",I","","","5","3,S","0","3,S","0","3,S","","","5.4",",,I,26,","15.0","3,S,25,","19.4",",,,I","3.58","3,,,S"
"RSM00029625","1987-05","55.1","80.967","140.0","CULYM, RS","12",",I","7",",I","0",",I","","","0","4,S","9","4,S","0","4,S","","","13.6",",,I,03,","28.4","4,S,11,","59.3",",,,I","18.51","4,,,S"
"RSM00029625","1987-06","55.1","80.967","140.0","CULYM, RS","15",",I","6",",I","0",",I","","","","","","","","","","","8.9",",,I,27,","","","37.8",",,,I","",""
"RSM00029625","1987-07","55.1","80.967","140.0","CULYM, RS","5",",I","3",",I","0",",I","","","","","","","","","","","21.1",",,I,26,","","","40.8",",,,I","",""
"RSM00029625","1987-08","55.1","80.967","140.0","CULYM, RS","12",",I","4",",I","0",",I","","","","","","","","","","","6.5",",,I,23,","","","25.7",",,,I","",""
"RSM00029625","1987-09","55.1","80.967","140.0","CULYM, RS","21",",I","11",",I","0",",I","","","0","5,S","0","5,S","0","5,S","","","8.0",",,I,16,","21.0","5,S,05,","62.7",",,,I","14.86","5,,,S"
"RSM00029625","1987-10","55.1","80.967","140.0","CULYM, RS","17",",I","4",",I","0",",I","","","","","","","","","","","12.3",",,I,03,","","","36.9",",,,I","",""
"RSM00029625","1987-11","55.1","80.967","140.0","CULYM, RS","15",",I","2",",I","0",",I","","","","","","","","","","","14.3",",,I,08,","","","37.4",",,,I","",""
"RSM00029625","1987-12","55.1","80.967","140.0","CULYM, RS","19",",I","3",",I","0",",I","","","","","","","","","","","13.8",",,I,24,","","","40.5",",,,I","",""
"RSM00029625","1988-01","55.1","80.967","140.0","CULYM, RS","10",",I","1",",I","0",",I","","","","","","","","","","","2.9",",,I,10,","","","10.9",",,,I","",""
"RSM00029625","1988-02","55.1","80.967","140.0","CULYM, RS","9",",I","0",",I","0",",I","24","5,","25","4,S","0","4,S","0","4,S","480","5,,S,28,","1.4",",,I,22,","-8.2","4,S,19,+","8.9",",,,I","-16.00","4,,,S"
"RSM00029625","1988-03","55.1","80.967","140.0","CULYM, RS","4",",I","0",",I","0",",I","26","5,","16","5,S","0","5,S","0","5,S","500","5,,S,02,","1.6",",,I,10,","4.0","5,S,20,","2.7",",,,I","-1.62","5,,,S"
"RSM00029625","1988-04","55.1","80.967","140.0","CULYM, RS","7",",I","2",",I","0",",I","","","3","5,S","0","5,S","0","5,S","","","4.5",",,I,22,","20.0","5,S,27,","10.2",",,,I","7.49","5,,,S"
"RSM00029625","1988-05","55.1","80.967","140.0","CULYM, RS","12",",I","5",",I","0",",I","","","","","","","","","","","15.1",",,I,26,","","","52.5",",,,I","",""
"RSM00029625","1988-06","55.1","80.967","140.0","CULYM, RS","9",",I","1",",I","0",",I","","","","","","","","","","","10.9",",,I,27,","","","18.9",",,,I","",""
"RSM00029625","1988-07","55.1","80.967","140.0","CULYM, RS","7",",I","6",",I","0",",I","","","","","","","","","","","10.4",",,I,21,","","","28.0",",,,I","",""
"RSM00029625","1988-08","55.1","80.967","140.0","CULYM, RS","14",",I","5",",I","0",",I","","","0","5,S","13","5,S","0","5,S","","","16.1",",,I,03,","28.9","5,S,01,","35.8",",,,I","21.83","5,,,S"
"RSM00029625","1988-09","55.1","80.967","140.0","CULYM, RS","5",",I","1",",I","0",",I","","","0","2,S","6","2,S","0","2,S","","","2.8",",,I,14,","29.9","2,S,02,","7.2",",,,I","17.59","2,,,S"
"RSM00029625","1988-10","55.1","80.967","140.0","CULYM, RS","14",",I","6",",I","0",",I","","","","","","","","","","","9.1",",,I,22,","","","47.7",",,,I","",""
"RSM00029625","1988-11","55.1","80.967","140.0","CULYM, RS","9",",I","1",",I","0",",I","","","","","","","","","","","5.0",",,I,05,","","","10.7",",,,I","",""
"RSM00029625","1988-12","55.1","80.967","140.0","CULYM, RS","11",",I","0",",I","0",",I","","","","","","","","","","","1.5",",,I,10,+","","","8.9",",,,I","",""
"RSM00029625","1989-02","55.1","80.967","140.0","CULYM, RS","11",",I","2",",I","0",",I","24","4,","","","","","","","191","4,,S,28,","3.9",",,I,27,","","","15.4",",,,I","",""
"RSM00029625","1989-03","55.1","80.967","140.0","CULYM, RS","","","","","","","","","14","5,S","0","5,S","0","5,S","","","","","8.9","5,S,31,","","","-0.88","5,,,S"
"RSM00029625","1989-04","55.1","80.967","140.0","CULYM, RS","10","1,S","3","1,S","0","1,S","","","2","5,S","0","5,S","0","5,S","","","5.1","1,,S,26,+","10.7","5,S,21,","19.3","1,,,S","5.65","5,,,S"
"RSM00029625","1989-05","55.1","80.967","140.0","CULYM, RS","","","","","","","","","0","5,S","12","5,S","0","5,S","","","","","30.4","5,S,18,","","","17.67","5,,,S"
"RSM00029625","1989-06","55.1","80.967","140.0","CULYM, RS","9","1,S","5","1,S","0","1,S","","","0","3,S","14","3,S","0","3,S","","","9.9","1,,S,01,","31.2","3,S,14,","33.2","1,,,S","21.77","3,,,S"
"RSM00029625","1989-07","55.1","80.967","140.0","CULYM, RS","5",",I","3",",I","0",",I","","","0","5,S","23","5,S","5","5,S","","","6.5",",,I,05,","34.7","5,S,26,","13.7",",,,I","26.92","5,,,S"
"RSM00029625","1989-08","55.1","80.967","140.0","CULYM, RS","5","3,S","2","3,S","0","3,S","","","0","3,S","18","3,S","0","3,S","","","6.1","3,,S,22,","28.8","3,S,06,","11.7","3,,,S","22.56","3,,,S"
"RSM00029625","1989-09","55.1","80.967","140.0","CULYM, RS","8","4,S","1","4,S","0","4,S","","","0","4,S","2","4,S","0","4,S","","","7.1","4,,S,26,","24.2","4,S,07,","12.2","4,,,S","13.74","4,,,S"
"RSM00029625","1989-10","55.1","80.967","140.0","CULYM, RS","11","2,S","5","2,S","0","2,S","","","","","","","","","","","7.1","2,,S,25,","","","32.9","2,,,S","",""
"RSM00029625","1989-11","55.1","80.967","140.0","CULYM, RS","12",",I","2",",I","0",",I","","","","","","","","","","","3.8",",,I,14,","","","15.6",",,,I","",""
"RSM00029625","1989-12","55.1","80.967","140.0","CULYM, RS","17","2,S","2","2,S","0","2,S","","","","","","","","","","","7.9","2,,S,02,","","","21.3","2,,,S","",""
"RSM00029625","1990-01","55.1","80.967","140.0","CULYM, RS","18",",I","0",",I","0",",I","","","","","","","","","","","1.3",",,I,05,+","","","13.2",",,,I","",""
"RSM00029625","1990-02","55.1","80.967","140.0","CULYM, RS","18",",I","0",",I","0",",I","","","","","","","","","","","2.2",",,I,08,","","","19.0",",,,I","",""
"RSM00029625","1990-03","55.1","80.967","140.0","CULYM, RS","15",",I","3",",I","0",",I","","","","","","","","","","","6.0",",,I,16,","","","20.7",",,,I","",""
"RSM00029625","1990-04","55.1","80.967","140.0","CULYM, RS","3",",I","3",",I","0",",I","","","2","4,S","0","4,S","0","4,S","","","4.2",",,I,27,","18.0","4,S,30,","9.8",",,,I","8.84","4,,,S"
"RSM00029625","1990-05","55.1","80.967","140.0","CULYM, RS","11",",I","4",",I","0",",I","","","","","","","","","","","9.2",",,I,29,","","","30.8",",,,I","",""
"RSM00029625","1990-06","55.1","80.967","140.0","CULYM, RS","7",",I","3",",I","0",",I","","","","","","","","","","","12.2",",,I,18,","","","26.0",",,,I","",""
"RSM00029625","1990-07","55.1","80.967","140.0","CULYM, RS","14",",I","7",",I","1",",I","","","","","","","","","","","34.5",",,I,21,","","","75.9",",,,I","",""
"RSM00029625","1990-08","55.1","80.967","140.0","CULYM, RS","11",",I","6",",I","1",",I","","","","","","","","","","","30.8",",,I,22,","","","80.5",",,,I","",""
"RSM00029625","1990-09","55.1","80.967","140.0","CULYM, RS","8",",I","5",",I","0",",I","","","","","","","","","","","8.5",",,I,04,","","","35.9",",,,I","",""
"RSM00029625","1990-10","55.1","80.967","140.0","CULYM, RS","15",",I","6",",I","0",",I","","","","","","","","","","","10.0",",,I,16,","","","44.0",",,,I","",""
"RSM00029625","1990-11","55.1","80.967","140.0","CULYM, RS","9",",I","1",",I","0",",I","13","5,","","","","","","","140","5,,S,24,","3.5",",,I,07,","","","14.0",",,,I","",""
"RSM00029625","1990-12","55.1","80.967","140.0","CULYM, RS","10",",I","1",",I","0",",I","","","","","","","","","","","5.0",",,I,18,","","","13.2",",,,I","",""
"RSM00029625","1991-01","55.1","80.967","140.0","CULYM, RS","19",",I","3",",I","0",",I","","","","","","","","","","","4.4",",,I,16,","","","24.6",",,,I","",""
"RSM00029625","1991-02","55.1","80.967","140.0","CULYM, RS","10",",I","1",",I","0",",I","","","24","4,S","0","4,S","0","4,S","","","2.5",",,I,23,","-1.5","4,S,28,","8.2",",,,I","-12.41","4,,,S"
"RSM00029625","1991-03","55.1","80.967","140.0","CULYM, RS","4",",I","1",",I","0",",I","","","","","","","","","","","3.3",",,I,16,","","","5.1",",,,I","",""
"RSM00029625","1991-04","55.1","80.967","140.0","CULYM, RS","2",",I","0",",I","0",",I","","","1","1,S","1","1,S","0","1,S","","","0.8",",,I,06,","21.4","1,S,30,","1.4",",,,I","11.06","1,,,S"
"RSM00029625","1991-05","55.1","80.967","140.0","CULYM, RS","12",",I","4",",I","0",",I","","","0","4,S","12","4,S","0","4,S","","","13.2",",,I,21,","32.0","4,S,13,","26.4",",,,I","18.75","4,,,S"
"RSM00029625","1991-06","55.1","80.967","140.0","CULYM, RS","10",",I","6",",I","0",",I","","","0","3,S","21","3,S","1","3,S","","","14.4",",,I,07,","32.2","3,S,16,","60.9",",,,I","24.51","3,,,S"
"RSM00029625","1991-07","55.1","80.967","140.0","CULYM, RS","9",",I","2",",I","0",",I","","","","","","","","","","","4.1",",,I,12,","","","13.4",",,,I","",""
"RSM00029625","1991-08","55.1","80.967","140.0","CULYM, RS","13",",I","5",",I","1",",I","","","0","4,S","10","4,S","0","4,S","","","27.5",",,I,14,","31.2","4,S,10,","58.0",",,,I","20.32","4,,,S"
"RSM00029625","1991-09","55.1","80.967","140.0","CULYM, RS","9",",I","5",",I","0",",I","","","","","","","","","","","20.9",",,I,05,","","","54.2",",,,I","",""
"RSM00029625","1991-10","55.1","80.967","140.0","CULYM, RS","10",",I","3",",I","0",",I","","","","","","","","","","","10.9",",,I,23,","","","20.9",",,,I","",""
"RSM00029625","1991-11","55.1","80.967","140.0","CULYM, RS","10",",I","4",",I","0",",I","","","","","","","","","","","4.6",",,I,02,","","","21.3",",,,I","",""
"RSM00029625","1991-12","55.1","80.967","140.0","CULYM, RS","10",",I","3",",I","0",",I","","","","","","","","","","","4.2",",,I,12,","","","19.6",",,,I","",""
"RSM00029625","1992-01","55.1","80.967","140.0","CULYM, RS","14",",I","0",",I","0",",I","","","","","","","","","","","1.9",",,I,23,+","","","13.3",",,,I","",""
"RSM00029625","1992-02","55.1","80.967","140.0","CULYM, RS","5",",I","1",",I","0",",I","25","4,","","","","","","","391","4,,S,26,","3.1",",,I,26,","","","6.5",",,,I","",""
"RSM00029625","1992-03","55.1","80.967","140.0","CULYM, RS","9",",I","2",",I","0",",I","","","","","","","","","","","3.3",",,I,11,","","","10.1",",,,I","",""
"RSM00029625","1992-04","55.1","80.967","140.0","CULYM, RS","15",",I","5",",I","0",",I","","","","","","","","","","","10.9",",,I,02,","","","40.0",",,,I","",""
"RSM00029625","1992-05","55.1","80.967","140.0","CULYM, RS","7",",I","2",",I","0",",I","","","","","","","","","","","3.3",",,I,10,","","","10.3",",,,I","",""
"RSM00029625","1992-06","55.1","80.967","140.0","CULYM, RS","9",",I","4",",I","0",",I","","","0","5,S","10","5,S","1","5,S","","","21.9",",,I,01,","32.6","5,S,25,","52.0",",,,I","19.21","5,,,S"
"RSM00029625","1992-07","55.1","80.967","140.0","CULYM, RS","8",",I","6",",I","1",",I","","","0","2,S","24","2,S","1","2,S","","","25.7",",,I,22,","33.6","2,S,14,","61.6",",,,I","25.14","2,,,S"
"RSM00029625","1992-08","55.1","80.967","140.0","CULYM, RS","16",",I","11",",I","1",",I","","","0","2,S","13","2,S","0","2,S","","","25.4",",,I,14,","30.0","2,S,11,","83.8",",,,I","20.78","2,,,S"
"RSM00029625","1992-09","55.1","80.967","140.0","CULYM, RS","18",",I","7",",I","0",",I","","","0","1,S","2","1,S","0","1,S","","","16.0",",,I,25,","22.5","1,S,05,","61.1",",,,I","9.87","1,,,S"
"RSM00029625","1992-10","55.1","80.967","140.0","CULYM, RS","8",",I","5",",I","0",",I","","","1","2,S","0","2,S","0","2,S","","","7.1",",,I,29,","18.4","2,S,12,","28.8",",,,I","8.95","2,,,S"
"RSM00029625","1992-11","55.1","80.967","140.0","CULYM, RS","11",",I","5",",I","0",",I","21","2,","","","","","","","201","2,,S,22,","7.5",",,I,02,","","","30.4",",,,I","",""
"RSM00029625","1992-12","55.1","80.967","140.0","CULYM, RS","20",",I","2",",I","0",",I","31",",","","","","","","","249",",,S,16,","3.2",",,I,24,","","","20.1",",,,I","",""
"RSM00029625","1993-01","55.1","80.967","140.0","CULYM, RS","13","2,S","1","2,S","0","2,S","29","2,","","","","","","","290","2,,S,27,+","6.1","2,,S,28,","","","13.4","2,,,S","",""
"RSM00029625","1993-02","55.1","80.967","140.0","CULYM, RS","11","4,S","1","4,S","0","4,S","26","2,","23","4,S","0","4,S","0","4,S","351","2,,S,28,+","4.1","4,,S,01,","0.2","4,S,07,","9.1","4,,,S","-9.58","4,,,S"
"RSM00029625","1993-03","55.1","80.967","140.0","CULYM, RS","","","","","","","30","1,","16","4,S","0","4,S","0","4,S","340","1,,S,02,+","","","3.5","4,S,23,","","","-3.46","4,,,S"
"RSM00029625","1993-04","55.1","80.967","140.0","CULYM, RS","10","3,S","2","3,S","0","3,S","","","5","1,S","0","1,S","0","1,S","","","7.9","3,,S,18,","17.6","1,S,14,","19.6","3,,,S","6.18","1,,,S"
"RSM00029625","1993-05","55.1","80.967","140.0","CULYM, RS","13","3,S","2","3,S","0","3,S","","","0","2,S","5","2,S","0","2,S","","","7.9","3,,S,09,","27.6","2,S,31,","23.4","3,,,S","13.67","2,,,S"
"RSM00029625","1993-06","55.1","80.967","140.0","CULYM, RS","8","3,S","4","3,S","0","3,S","","","0","3,S","20","3,S","0","3,S","","","17.0","3,,S,02,","28.2","3,S,29,","40.9","3,,,S","22.82","3,,,S"
"RSM00029625","1993-07","55.1","80.967","140.0","CULYM, RS","6","5,S","3","5,S","0","5,S","","","","","","","","","","","9.9","5,,S,30,","","","21.3","5,,,S","",""
"RSM00029625","1993-08","55.1","80.967","140.0","CULYM, RS","","","","","","","","","0","2,S","22","2,S","0","2,S","","","","","28.3","2,S,29,","","","22.99","2,,,S"
"RSM00029625","1993-09","55.1","80.967","140.0","CULYM, RS","9","4,S","7","4,S","0","4,S","","","0","3,S","0","3,S","0","3,S","","","13.0","4,,S,22,","20.2","3,S,10,","45.8","4,,,S","12.87","3,,,S"
"RSM00029625","1993-10","55.1","80.967","140.0","CULYM, RS","11","3,S","3","3,S","0","3,S","","","","","","","","","","","5.1","3,,S,25,+","","","21.9","3,,,S","",""
"RSM00029625","1993-11","55.1","80.967","140.0","CULYM, RS","9","3,S","2","3,S","0","3,S","27","2,","","","","","","","180","2,,S,30,","5.1","3,,S,09,","","","13.9","3,,,S","",""
"RSM00029625","1993-12","55.1","80.967","140.0","CULYM, RS","16",",S","3",",S","0",",S","29","2,","","","","","","","221","2,,S,22,","9.9",",,S,11,","","","26.6",",,,S","",""
"RSM00029625","1994-01","55.1","80.967","140.0","CULYM, RS","15",",I","1",",I","0",",I","28","3,","","","","","","","239","3,,S,31,+","2.5",",,I,16,","","","14.2",",,,I","",""
"RSM00029625","1994-02","55.1","80.967","140.0","CULYM, RS","8",",I","2",",I","0",",I","26","2,","","","","","","","300","2,,S,11,","3.0",",,I,14,","","","9.6",",,,I","",""
"RSM00029625","1994-03","55.1","80.967","140.0","CULYM, RS","8",",I","1",",I","0",",I","31",",","13","3,S","0","3,S","0","3,S","279",",,S,26,+","13.8",",,I,25,","6.0","3,S,29,","19.1",",,,I","-3.16","3,,,S"
"RSM00029625","1994-04","55.1","80.967","140.0","CULYM, RS","4",",I","1",",I","0",",I","","","7","5,S","1","5,S","0","5,S","","","13.3",",,I,01,","21.3","5,S,22,","17.0",",,,I","5.12","5,,,S"
"RSM00029625","1994-05","55.1","80.967","140.0","CULYM, RS","8",",I","3",",I","0",",I","","","0","4,S","12","4,S","0","4,S","","","14.7",",,I,21,","28.5","4,S,25,","27.7",",,,I","18.13","4,,,S"
"RSM00029625","1994-06","55.1","80.967","140.0","CULYM, RS","4",",I","4",",I","1",",I","","","","","","","","","","","31.4",",,I,11,","","","56.2",",,,I","",""
"RSM00029625","1994-07","55.1","80.967","140.0","CULYM, RS","19",",I","10",",I","1",",I","","","","","","","","","","","56.4",",,I,17,","","","133.1",",,,I","",""
"RSM00029625","1994-08","55.1","80.967","140.0","CULYM, RS","12",",I","5",",I","0",",I","","","","","","","","","","","15.4",",,I,03,","","","69.4",",,,I","",""
"RSM00029625","1994-09","55.1","80.967","140.0","CULYM, RS","11",",I","6",",I","0",",I","","","","","","","","","","","7.4",",,I,25,","","","31.2",",,,I","",""
"RSM00029625","1994-10","55.1","80.967","140.0","CULYM, RS","7",",I","3",",I","0",",I","","","2","2,S","1","2,S","0","2,S","","","4.2",",,I,11,","21.5","2,S,04,","12.9",",,,I","9.11","2,,,S"
"RSM00029625","1994-11","55.1","80.967","140.0","CULYM, RS","18",",I","5",",I","0",",I","","","","","","","","","","","20.0",",,I,04,","","","61.8",",,,I","",""
"RSM00029625","1994-12","55.1","80.967","140.0","CULYM, RS","14",",I","2",",I","0",",I","27","4,","","","","","","","160","4,,S,23,+","3.7",",,I,16,","","","18.3",",,,I","",""
"RSM00029625","1995-01","55.1","80.967","140.0","CULYM, RS","14",",I","0",",I","0",",I","","","","","","","","","","","2.2",",,I,04,","","","10.9",",,,I","",""
"RSM00029625","1995-02","55.1","80.967","140.0","CULYM, RS","9",",I","0",",I","0",",I","","","","","","","","","","","1.5",",,I,15,","","","8.0",",,,I","",""
"RSM00029625","1995-03","55.1","80.967","140.0","CULYM, RS","6",",I","1",",I","0",",I","","","","","","","","","","","3.3",",,I,05,","","","8.4",",,,I","",""
"RSM00029625","1995-04","55.1","80.967","140.0","CULYM, RS","4",",I","2",",I","0",",I","","","0","4,S","3","4,S","0","4,S","","","6.6",",,I,25,","21.6","4,S,24,","14.0",",,,I","12.52","4,,,S"
"RSM00029625","1995-05","55.1","80.967","140.0","CULYM, RS","8",",I","2",",I","0",",I","","","0",",S","9",",S","0",",S","","","7.7",",,I,13,","26.4",",S,03,","21.3",",,,I","17.69",",,,S"
"RSM00029625","1995-06","55.1","80.967","140.0","CULYM, RS","13",",I","6",",I","0",",I","","","0","2,S","10","2,S","0","2,S","","","12.2",",,I,24,","27.8","2,S,27,","37.9",",,,I","19.04","2,,,S"
"RSM00029625","1995-07","55.1","80.967","140.0","CULYM, RS","13",",I","10",",I","1",",I","","","0","3,S","25","3,S","0","3,S","","","27.1",",,I,18,","31.1","3,S,04,","121.5",",,,I","25.40","3,,,S"
"RSM00029625","1995-08","55.1","80.967","140.0","CULYM, RS","13",",I","6",",I","0",",I","","","0","2,S","17","2,S","0","2,S","","","22.3",",,I,04,","29.6","2,S,11,","55.5",",,,I","22.30","2,,,S"
"RSM00029625","1995-09","55.1","80.967","140.0","CULYM, RS","10",",I","5",",I","0",",I","","","0","4,S","5","4,S","0","4,S","","","12.2",",,I,16,","27.3","4,S,14,","39.6",",,,I","14.56","4,,,S"
"RSM00029625","1995-10","55.1","80.967","140.0","CULYM, RS","18",",I","10",",I","0",",I","","","","","","","","","","","18.8",",,I,25,","","","85.9",",,,I","",""
"RSM00029625","1995-11","55.1","80.967","140.0","CULYM, RS","10",",I","3",",I","0",",I","","","","","","","","","","","9.0",",,I,28,","","","26.3",",,,I","",""
"RSM00029625","1995-12","55.1","80.967","140.0","CULYM, RS","13",",I","0",",I","0",",I","","","","","","","","","","","2.1",",,I,18,","","","15.5",",,,I","",""
"RSM00029625","1996-01","55.1","80.967","140.0","CULYM, RS","10",",I","2",",I","0",",I","","","","","","","","","","","5.5",",,I,08,","","","17.7",",,,I","",""
"RSM00029625","1996-02","55.1","80.967","140.0","CULYM, RS","4",",I","0",",I","0",",I","","","","","","","","","","","1.9",",,I,05,","","","5.6",",,,I","",""
"RSM00029625","1996-03","55.1","80.967","140.0","CULYM, RS","4",",I","0",",I","0",",I","","","25","2,S","0","2,S","0","2,S","","","1.9",",,I,17,","5.8","2,S,31,","4.3",",,,I","-3.58","2,,,S"
"RSM00029625","1996-04","55.1","80.967","140.0","CULYM, RS","9",",I","3",",I","0",",I","","","","","","","","","","","6.3",",,I,26,","","","22.0",",,,I","",""
"RSM00029625","1996-05","55.1","80.967","140.0","CULYM, RS","8",",I","5",",I","0",",I","","","0","2,S","10","2,S","0","2,S","","","8.7",",,I,24,","30.0","2,S,19,","30.8",",,,I","17.41","2,,,S"
"RSM00029625","1996-06","55.1","80.967","140.0","CULYM, RS","13",",I","11",",I","0",",I","","","0","3,S","16","3,S","0","3,S","","","12.5",",,I,13,","29.6","3,S,10,","84.3",",,,I","22.30","3,,,S"
"RSM00029625","1996-07","55.1","80.967","140.0","CULYM, RS","14",",I","8",",I","1",",I","","","0","2,S","29","2,S","0","2,S","","","30.0",",,I,13,","29.5","2,S,19,+","106.2",",,,I","26.24","2,,,S"
"RSM00029625","1996-08","55.1","80.967","140.0","CULYM, RS","15",",I","8",",I","0",",I","","","0","2,S","8","2,S","0","2,S","","","17.3",",,I,09,","26.2","2,S,04,","55.1",",,,I","18.44","2,,,S"
"RSM00029625","1996-09","55.1","80.967","140.0","CULYM, RS","18",",I","8",",I","0",",I","","","","","","","","","","","12.5",",,I,30,","","","59.9",",,,I","",""
"RSM00029625","1996-10","55.1","80.967","140.0","CULYM, RS","12",",I","4",",I","0",",I","","","9","1,S","0","1,S","0","1,S","","","16.9",",,I,01,","16.6","1,S,09,","44.2",",,,I","4.68","1,,,S"
"RSM00029625","1996-11","55.1","80.967","140.0","CULYM, RS","10",",I","1",",I","0",",I","","","","","","","","","","","2.9",",,I,23,","","","11.5",",,,I","",""
"RSM00029625","1996-12","55.1","80.967","140.0","CULYM, RS","18",",I","2",",I","0",",I","","","","","","","","","","","11.5",",,I,24,","","","30.8",",,,I","",""
"RSM00029625","1997-03","55.1","80.967","140.0","CULYM, RS","","","","","","","","","11","3,S","0","3,S","0","3,S","","","","","10.5","3,S,28,","","","1.76","3,,,S"
"RSM00029625","1997-04","55.1","80.967","140.0","CULYM, RS","","","","","","","","","0","2,S","3","2,S","0","2,S","","","","","23.7","2,S,21,","","","13.41","2,,,S"
"RSM00029625","1997-05","55.1","80.967","140.0","CULYM, RS","","","","","","","","","0","1,S","11","1,S","0","1,S","","","","","30.3","1,S,27,","","","18.47","1,,,S"
"RSM00029625","1997-06","55.1","80.967","140.0","CULYM, RS","","","","","","","","","0","1,S","13","1,S","0","1,S","","","","","30.5","1,S,08,","","","20.48","1,,,S"
"RSM00029625","1997-07","55.1","80.967","140.0","CULYM, RS","","","","","","","","","0","2,S","19","2,S","0","2,S","","","","","32.1","2,S,12,","","","22.86","2,,,S"
"RSM00029625","1997-08","55.1","80.967","140.0","CULYM, RS","","","","","","","","","0","2,S","14","2,S","1","2,S","","","","","33.2","2,S,16,","","","21.56","2,,,S"
"RSM00029625","1997-10","55.1","80.967","140.0","CULYM, RS","","","","","","","","","1","4,S","2","4,S","0","4,S","","","","","25.5","4,S,06,","","","12.59","4,,,S"
"RSM00029625","1998-03","55.1","80.967","140.0","CULYM, RS","","","","","","","","","23",",S","0",",S","0",",S","","","","","2.3",",S,31,","","","-2.91",",,,S"
"RSM00029625","1998-04","55.1","80.967","140.0","CULYM, RS","","","","","","","","","5","3,S","0","3,S","0","3,S","","","","","15.0","3,S,30,","","","3.69","3,,,S"
"RSM00029625","1998-05","55.1","80.967","140.0","CULYM, RS","","","","","","","","","0","2,S","10","2,S","0","2,S","","","","","28.0","2,S,27,","","","15.22","2,,,S"
"RSM00029625","1998-06","55.1","80.967","140.0","CULYM, RS","","","","","","","","","0",",S","19",",S","0",",S","","","","","32.0",",S,02,","","","22.84",",,,S"
"RSM00029625","1999-03","55.1","80.967","140.0","CULYM, RS","9","3,S","2","3,S","0","3,S","","","26","4,S","0","4,S","0","4,S","","","4.6","3,,S,03,","0.5","4,S,29,","13.6","3,,,S","-10.77","4,,,S"
"RSM00029625","1999-04","55.1","80.967","140.0","CULYM, RS","16","3,S","3","3,S","0","3,S","","","","","","","","","","","3.8","3,,S,06,","","","21.4","3,,,S","",""
"RSM00029625","1999-05","55.1","80.967","140.0","CULYM, RS","5","4,S","0","4,S","0","4,S","","","0","2,S","18","2,S","0","2,S","","","1.0","4,,S,27,","32.0","2,S,22,","4.2","4,,,S","23.17","2,,,S"
"RSM00029625","1999-06","55.1","80.967","140.0","CULYM, RS","14","4,S","8","4,S","0","4,S","","","0","2,S","11","2,S","0","2,S","","","22.1","4,,S,10,","29.4","2,S,01,","62.5","4,,,S","19.10","2,,,S"
"RSM00029625","1999-07","55.1","80.967","140.0","CULYM, RS","8","2,S","3","2,S","1","2,S","","","0",",S","30",",S","3",",S","","","38.1","2,,S,13,","33.0",",S,12,","79.4","2,,,S","27.40",",,,S"
"RSM00029625","1999-08","55.1","80.967","140.0","CULYM, RS","12","1,S","1","1,S","0","1,S","","","0","1,S","14","1,S","1","1,S","","","2.8","1,,S,06,","33.4","1,S,18,","14.3","1,,,S","22.59","1,,,S"
"RSM00029625","1999-09","55.1","80.967","140.0","CULYM, RS","","","","","","","","","0","5,S","2","5,S","0","5,S","","","","","24.6","5,S,03,","","","13.60","5,,,S"
"RSM00029625","1999-10","55.1","80.967","140.0","CULYM, RS","","","","","","","","","1","4,S","0","4,S","0","4,S","","","","","16.6","4,S,15,+","","","8.46","4,,,S"
"RSM00029625","2000-02","55.1","80.967","140.0","CULYM, RS","","","","","","","29",",","25","4,S","0","4,S","0","4,S","399",",,S,23,+","","","-1.2","4,S,14,","","","-7.82","4,,,S"
"RSM00029625","2000-03","55.1","80.967","140.0","CULYM, RS","","","","","","","30","1,","16","3,S","0","3,S","0","3,S","439","1,,S,07,+","","","6.0","3,S,13,","","","-1.13","3,,,S"
"RSM00029625","2000-05","55.1","80.967","140.0","CULYM, RS","","","","","","","","","0",",S","6",",S","0",",S","","","","","26.0",",S,27,+","","","16.59",",,,S"
"RSM00029625","2000-06","55.1","80.967","140.0","CULYM, RS","","","","","","","","","0",",S","20",",S","0",",S","","","","","30.2",",S,20,","","","23.21",",,,S"
"RSM00029625","2000-07","55.1","80.967","140.0","CULYM, RS","","","","","","","","","0",",S","21",",S","0",",S","","","","","32.0",",S,06,","","","23.53",",,,S"
"RSM00029625","2000-08","55.1","80.967","140.0","CULYM, RS","","","","","","","","","0",",S","24",",S","0",",S","","","","","28.5",",S,26,+","","","23.02",",,,S"
"RSM00029625","2000-09","55.1","80.967","140.0","CULYM, RS","","","","","","","","","0",",S","7",",S","0",",S","","","","","28.2",",S,09,","","","15.27",",,,S"
"RSM00029625","2000-10","55.1","80.967","140.0","CULYM, RS","","","","","","","","","4","3,S","0","3,S","0","3,S","","","","","7.1","3,S,11,","","","2.31","3,,,S"
"RSM00029625","2000-11","55.1","80.967","140.0","CULYM, RS","","","","","","","29",",","","","","","","","130",",,S,23,+","","","","","","","",""
"RSM00029625","2000-12","55.1","80.967","140.0","CULYM, RS","","","","","","","28","3,","","","","","","","409","3,,S,31,+","","","","","","","",""
"RSM00029625","2001-01","55.1","80.967","140.0","CULYM, RS","","","","","","","28","3,","","","","","","","551","3,,S,19,","","","","","","","",""
"RSM00029625","2001-02","55.1","80.967","140.0","CULYM, RS","","","","","","","28",",","22","5,S","0","5,S","0","5,S","579",",,S,16,+","","","0.3","5,S,22,","","","-12.06","5,,,S"
"RSM00029625","2001-03","55.1","80.967","140.0","CULYM, RS","","","","","","","30",",","11","5,S","0","5,S","0","5,S","569",",,S,05,","","","8.5","5,S,26,","","","-0.48","5,,,S"
"RSM00029625","2001-04","55.1","80.967","140.0","CULYM, RS","","","","","","","","","2",",S","0",",S","0",",S","","","","","19.9",",S,24,","","","7.84",",,,S"
"RSM00029625","2001-05","55.1","80.967","140.0","CULYM, RS","","","","","","","","","0","1,S","21","1,S","1","1,S","","","","","33.6","1,S,27,","","","23.50","1,,,S"
"RSM00029625","2001-06","55.1","80.967","140.0","CULYM, RS","","","","","","","","","0",",S","17",",S","0",",S","","","","","28.7",",S,25,","","","22.20",",,,S"
"RSM00029625","2001-07","55.1","80.967","140.0","CULYM, RS","","","","","","","","","0",",S","19",",S","0",",S","","","","","28.6",",S,06,","","","22.35",",,,S"
"RSM00029625","2001-08","55.1","80.967","140.0","CULYM, RS","","","","","","","","","0","1,S","19","1,S","0","1,S","","","","","30.9","1,S,06,","","","23.00","1,,,S"
"RSM00029625","2001-09","55.1","80.967","140.0","CULYM, RS","","","","","","","","","0",",S","2",",S","0",",S","","","","","21.6",",S,26,","","","15.85",",,,S"
"RSM00029625","2001-10","55.1","80.967","140.0","CULYM, RS","","","","","","","","","6","4,S","0","4,S","0","4,S","","","","","19.6","4,S,02,","","","5.05","4,,,S"
"RSM00029625","2001-12","55.1","80.967","140.0","CULYM, RS","","","","","","","30","1,","","","","","","","191","1,,S,30,","","","","","","","",""
"RSM00029625","2002-01","55.1","80.967","140.0","CULYM, RS","","","","","","","31",",","","","","","","","170",",,S,27,+","","","","","","","",""
"RSM00029625","2002-02","55.1","80.967","140.0","CULYM, RS","","","","","","","28",",","","","","","","","269",",,S,23,+","","","","","","","",""
"RSM00029625","2002-04","55.1","80.967","140.0","CULYM, RS","","","","","","","","","7",",S","0",",S","0",",S","","","","","16.2",",S,24,","","","5.40",",,,S"
"RSM00029625","2002-05","55.1","80.967","140.0","CULYM, RS","","","","","","","","","0",",S","12",",S","0",",S","","","","","29.4",",S,27,","","","19.19",",,,S"
"RSM00029625","2002-06","55.1","80.967","140.0","CULYM, RS","","","","","","","","","0","2,S","17","2,S","0","2,S","","","","","26.4","2,S,22,","","","21.73","2,,,S"
"RSM00029625","2002-07","55.1","80.967","140.0","CULYM, RS","","","","","","","","","0",",S","20",",S","0",",S","","","","","27.1",",S,29,+","","","22.12",",,,S"
"RSM00029625","2002-08","55.1","80.967","140.0","CULYM, RS","","","","","","","","","0","1,S","13","1,S","0","1,S","","","","","30.1","1,S,10,","","","21.03","1,,,S"
"RSM00029625","2002-09","55.1","80.967","140.0","CULYM, RS","","","","","","","","","0","1,S","10","1,S","0","1,S","","","","","28.2","1,S,21,","","","17.33","1,,,S"
"RSM00029625","2002-10","55.1","80.967","140.0","CULYM, RS","","","","","","","","","3","2,S","0","2,S","0","2,S","","","","","16.8","2,S,04,","","","5.74","2,,,S"
"RSM00029625","2002-11","55.1","80.967","140.0","CULYM, RS","","","","","","","","","15","5,S","0","5,S","0","5,S","","","","","9.2","5,S,01,","","","-2.01","5,,,S"
"RSM00029625","2002-12","55.1","80.967","140.0","CULYM, RS","","","","","","","27","4,","","","","","","","330","4,,S,28,+","","","","","","","",""
"RSM00029625","2003-01","55.1","80.967","140.0","CULYM, RS","","","","","","","31",",","","","","","","","429",",,S,19,","","","","","","","",""
"RSM00029625","2003-02","55.1","80.967","140.0","CULYM, RS","","","","","","","27","1,","25","3,S","0","3,S","0","3,S","409","1,,S,18,","","","-2.4","3,S,02,","","","-11.10","3,,,S"
"RSM00029625","2003-03","55.1","80.967","140.0","CULYM, RS","","","","","","","31",",","18","2,S","0","2,S","0","2,S","340",",,S,06,","","","5.2","2,S,25,","","","-3.87","2,,,S"
"RSM00029625","2003-04","55.1","80.967","140.0","CULYM, RS","","","","","","","","","3","2,S","0","2,S","0","2,S","","","","","17.5","2,S,28,","","","5.29","2,,,S"
"RSM00029625","2003-05","55.1","80.967","140.0","CULYM, RS","","","","","","","","","0","1,S","13","1,S","0","1,S","","","","","27.0","1,S,15,","","","20.12","1,,,S"
"RSM00029625","2003-06","55.1","80.967","140.0","CULYM, RS","","","","","","","","","0",",S","28",",S","0",",S","","","","","29.9",",S,26,","","","25.15",",,,S"
"RSM00029625","2003-07","55.1","80.967","140.0","CULYM, RS","","","","","","","","","0","1,S","18","1,S","0","1,S","","","","","32.0","1,S,08,","","","23.63","1,,,S"
"RSM00029625","2003-08","55.1","80.967","140.0","CULYM, RS","","","","","","","","","0",",S","29",",S","0",",S","","","","","28.5",",S,24,","","","24.61",",,,S"
"RSM00029625","2003-09","55.1","80.967","140.0","CULYM, RS","","","","","","","","","0",",S","9",",S","0",",S","","","","","29.5",",S,02,","","","16.53",",,,S"
"RSM00029625","2003-10","55.1","80.967","140.0","CULYM, RS","","","","","","","","","1","3,S","0","3,S","0","3,S","","","","","19.5","3,S,04,","","","9.13","3,,,S"
"RSM00029625","2003-11","55.1","80.967","140.0","CULYM, RS","","","","","","","29",",","","","","","","","269",",,S,30,+","","","","","","","",""
"RSM00029625","2003-12","55.1","80.967","140.0","CULYM, RS","","","","","","","30","1,","","","","","","","300","1,,S,08,+","","","","","","","",""
"RSM00029625","2004-01","55.1","80.967","140.0","CULYM, RS","","","","","","","29","2,","28","3,S","0","3,S","0","3,S","259","2,,S,31,+","","","-4.0","3,S,12,","","","-15.18","3,,,S"
"RSM00029625","2004-02","55.1","80.967","140.0","CULYM, RS","","","","","","","24","5,","","","","","","","371","5,,S,22,+","","","","","","","",""
"RSM00029625","2004-03","55.1","80.967","140.0","CULYM, RS","","","","","","","27","4,","22","4,S","0","4,S","0","4,S","330","4,,S,04,+","","","4.4","4,S,31,","","","-5.31","4,,,S"
"RSM00029625","2004-04","55.1","80.967","140.0","CULYM, RS","","","","","","","","","4","1,S","0","1,S","0","1,S","","","","","13.4","1,S,23,","","","4.33","1,,,S"
"RSM00029625","2004-05","55.1","80.967","140.0","CULYM, RS","","","","","","","","","0",",S","18",",S","4",",S","","","","","35.4",",S,19,+","","","22.25",",,,S"
"RSM00029625","2004-06","55.1","80.967","140.0","CULYM, RS","","","","","","","","","0","3,S","20","3,S","1","3,S","","","","","32.3","3,S,04,","","","24.59","3,,,S"
"RSM00029625","2004-07","55.1","80.967","140.0","CULYM, RS","","","","","","","","","0","1,S","24","1,S","0","1,S","","","","","28.1","1,S,17,","","","23.24","1,,,S"
"RSM00029625","2004-08","55.1","80.967","140.0","CULYM, RS","","","","","","","","","0","1,S","17","1,S","0","1,S","","","","","29.3","1,S,14,","","","21.14","1,,,S"
"RSM00029625","2004-09","55.1","80.967","140.0","CULYM, RS","","","","","","","","","0","1,S","4","1,S","0","1,S","","","","","26.8","1,S,05,","","","15.03","1,,,S"
"RSM00029625","2004-11","55.1","80.967","140.0","CULYM, RS","","","","","","","26",",","","","","","","","140",",,S,11,","","","","","","","",""
"RSM00029625","2004-12","55.1","80.967","140.0","CULYM, RS","","","","","","","31",",","","","","","","","399",",,S,29,+","","","","","","","",""
"RSM00029625","2005-01","55.1","80.967","140.0","CULYM, RS","","","","","","","31",",","","","","","","","361",",,S,08,+","","","","","","","",""
"RSM00029625","2005-02","55.1","80.967","140.0","CULYM, RS","","","","","","","28",",","26","2,S","0","2,S","0","2,S","361",",,S,24,+","","","-7.1","2,S,28,","","","-16.09","2,,,S"
"RSM00029625","2005-03","55.1","80.967","140.0","CULYM, RS","","","","","","","29","2,","13","3,S","0","3,S","0","3,S","361","2,,S,14,+","","","5.7","3,S,21,","","","-0.77","3,,,S"
"RSM00029625","2005-04","55.1","80.967","140.0","CULYM, RS","","","","","","","","","5","1,S","3","1,S","0","1,S","","","","","24.3","1,S,25,","","","8.74","1,,,S"
"RSM00029625","2005-05","55.1","80.967","140.0","CULYM, RS","","","","","","","","","0",",S","9",",S","0",",S","","","","","28.0",",S,18,","","","17.46",",,,S"
"RSM00029625","2005-06","55.1","80.967","140.0","CULYM, RS","","","","","","","","","0",",S","23",",S","0",",S","","","","","31.7",",S,23,","","","24.11",",,,S"
"RSM00029625","2005-07","55.1","80.967","140.0","CULYM, RS","","","","","","","","","0",",S","28",",S","1",",S","","","","","32.7",",S,08,","","","25.38",",,,S"
"RSM00029625","2005-08","55.1","80.967","140.0","CULYM, RS","","","","","","","","","0",",S","17",",S","1",",S","","","","","32.7",",S,21,","","","23.24",",,,S"
"RSM00029625","2005-09","55.1","80.967","140.0","CULYM, RS","","","","","","","","","0",",S","5",",S","0",",S","","","","","26.1",",S,04,","","","16.49",",,,S"
"RSM00029625","2005-10","55.1","80.967","140.0","CULYM, RS","","","","","","","","","1","1,S","0","1,S","0","1,S","","","","","20.7","1,S,01,","","","9.18","1,,,S"
"RSM00029625","2005-11","55.1","80.967","140.0","CULYM, RS","","","","","","","27","1,","","","","","","","170","1,,S,30,+","","","","","","","",""
"RSM00029625","2005-12","55.1","80.967","140.0","CULYM, RS","","","","","","","29","2,","26","5,S","0","5,S","0","5,S","249","2,,S,30,+","","","-2.4","5,S,16,","","","-13.64","5,,,S"
"RSM00029625","2006-01","55.1","80.967","140.0","CULYM, RS","","","","","","","31",",","","","","","","","419",",,S,25,+","","","","","","","",""
"RSM00029625","2006-02","55.1","80.967","140.0","CULYM, RS","","","","","","","28",",","24","3,S","0","3,S","0","3,S","460",",,S,07,","","","0.1","3,S,10,","","","-12.08","3,,,S"
"RSM00029625","2006-03","55.1","80.967","140.0","CULYM, RS","","","","","","","31",",","16","2,S","0","2,S","0","2,S","470",",,S,08,+","","","5.6","2,S,26,","","","-1.31","2,,,S"
"RSM00029625","2006-04","55.1","80.967","140.0","CULYM, RS","","","","","","","","","10","1,S","0","1,S","0","1,S","","","","","16.4","1,S,25,","","","3.56","1,,,S"
"RSM00029625","2006-05","55.1","80.967","140.0","CULYM, RS","","","","","","","","","0",",S","10",",S","0",",S","","","","","29.9",",S,24,","","","16.92",",,,S"
"RSM00029625","2006-06","55.1","80.967","140.0","CULYM, RS","","","","","","","","","0",",S","27",",S","0",",S","","","","","31.7",",S,23,","","","27.33",",,,S"
"RSM00029625","2006-08","55.1","80.967","140.0","CULYM, RS","","","","","","","","","0","2,S","8","2,S","0","2,S","","","","","25.6","2,S,12,","","","19.78","2,,,S"
"RSM00029625","2006-09","55.1","80.967","140.0","CULYM, RS","","","","","","","","","0",",S","10",",S","0",",S","","","","","30.4",",S,09,","","","17.54",",,,S"
"RSM00029625","2006-10","55.1","80.967","140.0","CULYM, RS","","","","","","","","","3","2,S","1","2,S","0","2,S","","","","","21.4","2,S,03,","","","5.94","2,,,S"
"RSM00029625","2006-12","55.1","80.967","140.0","CULYM, RS","","","","","","","31",",","","","","","","","231",",,S,29,+","","","","","","","",""
"RSM00029625","2007-01","55.1","80.967","140.0","CULYM, RS","","","","","","","31",",","","","","","","","310",",,S,27,","","","","","","","",""
"RSM00029625","2007-02","55.1","80.967","140.0","CULYM, RS","","","","","","","28",",","24","4,S","0","4,S","0","4,S","450",",,S,28,+","","","-0.5","4,S,02,","","","-10.35","4,,,S"
"RSM00029625","2007-03","55.1","80.967","140.0","CULYM, RS","","","","","","","29","2,","21","3,S","0","3,S","0","3,S","460","2,,S,10,+","","","5.3","3,S,27,","","","-4.80","3,,,S"
"RSM00029625","2007-04","55.1","80.967","140.0","CULYM, RS","","","","","","","","","0","1,S","4","1,S","0","1,S","","","","","24.7","1,S,25,","","","12.80","1,,,S"
"RSM00029625","2007-06","55.1","80.967","140.0","CULYM, RS","","","","","","","","","0",",S","12",",S","1",",S","","","","","32.7",",S,23,","","","20.10",",,,S"
"RSM00029625","2007-07","55.1","80.967","140.0","CULYM, RS","","","","","","","","","0",",S","31",",S","0",",S","","","","","30.0",",S,20,+","","","26.05",",,,S"
"RSM00029625","2007-08","55.1","80.967","140.0","CULYM, RS","","","","","","","","","0","1,S","16","1,S","0","1,S","","","","","28.4","1,S,29,","","","21.19","1,,,S"
"RSM00029625","2007-09","55.1","80.967","140.0","CULYM, RS","","","","","","","","","0",",S","8",",S","0",",S","","","","","31.4",",S,12,","","","17.59",",,,S"
"RSM00029625","2007-10","55.1","80.967","140.0","CULYM, RS","","","","","","","","","2","2,S","0","2,S","0","2,S","","","","","16.9","2,S,18,","","","6.76","2,,,S"
"RSM00029625","2007-11","55.1","80.967","140.0","CULYM, RS","","","","","","","27","1,","18","3,S","0","3,S","0","3,S","130","1,,S,24,","","","7.4","3,S,05,","","","-2.65","3,,,S"
"RSM00029625","2007-12","55.1","80.967","140.0","CULYM, RS","","","","","","","31",",","","","","","","","191",",,S,24,+","","","","","","","",""
"RSM00029625","2008-01","55.1","80.967","140.0","CULYM, RS","","","","","","","31",",","","","","","","","290",",,S,21,","","","","","","","",""
"RSM00029625","2008-02","55.1","80.967","140.0","CULYM, RS","","","","","","","28","1,","23","5,S","0","5,S","0","5,S","300","1,,S,22,+","","","0.7","5,S,27,","","","-10.11","5,,,S"
"RSM00029625","2008-03","55.1","80.967","140.0","CULYM, RS","","","","","","","25","4,","14","1,S","0","1,S","0","1,S","259","4,,S,21,+","","","10.4","1,S,28,","","","0.92","1,,,S"
"RSM00029625","2008-04","55.1","80.967","140.0","CULYM, RS","","","","","","","","","6","1,S","3","1,S","0","1,S","","","","","22.9","1,S,23,","","","9.12","1,,,S"
"RSM00029625","2008-05","55.1","80.967","140.0","CULYM, RS","","","","","","","","","0",",S","14",",S","0",",S","","","","","30.2",",S,31,","","","18.36",",,,S"
"RSM00029625","2008-06","55.1","80.967","140.0","CULYM, RS","","","","","","","","","0","1,S","19","1,S","0","1,S","","","","","29.0","1,S,27,","","","22.63","1,,,S"
"RSM00029625","2008-07","55.1","80.967","140.0","CULYM, RS","","","","","","","","","0",",S","27",",S","0",",S","","","","","30.5",",S,27,","","","25.74",",,,S"
"RSM00029625","2008-08","55.1","80.967","140.0","CULYM, RS","","","","","","","","","0",",S","17",",S","0",",S","","","","","30.9",",S,09,","","","21.49",",,,S"
"RSM00029625","2008-09","55.1","80.967","140.0","CULYM, RS","","","","","","","","","0","1,S","2","1,S","0","1,S","","","","","25.4","1,S,01,","","","12.25","1,,,S"
"RSM00029625","2008-10","55.1","80.967","140.0","CULYM, RS","","","","","","","","","2","1,S","1","1,S","0","1,S","","","","","21.2","1,S,11,","","","9.62","1,,,S"
"RSM00029625","2008-12","55.1","80.967","140.0","CULYM, RS","","","","","","","31",",","","","","","","","221",",,S,30,","","","","","","","",""
"RSM00029625","2009-01","55.1","80.967","140.0","CULYM, RS","","","","","","","31",",","","","","","","","310",",,S,26,","","","","","","","",""
"RSM00029625","2009-02","55.1","80.967","140.0","CULYM, RS","","","","","","","28",",","","","","","","","320",",,S,28,+","","","","","","","",""
"RSM00029625","2009-03","55.1","80.967","140.0","CULYM, RS","","","","","","","30","1,","18","1,S","0","1,S","0","1,S","320","1,,S,21,+","","","11.6","1,S,28,","","","-1.54","1,,,S"
"RSM00029625","2009-04","55.1","80.967","140.0","CULYM, RS","","","","","","","","","0","1,S","0","1,S","0","1,S","","","","","17.6","1,S,24,","","","9.42","1,,,S"
"RSM00029625","2009-05","55.1","80.967","140.0","CULYM, RS","","","","","","","","","0",",S","11",",S","0",",S","","","","","27.4",",S,11,","","","17.99",",,,S"
"RSM00029625","2009-06","55.1","80.967","140.0","CULYM, RS","","","","","","","","","0",",S","9",",S","0",",S","","","","","30.4",",S,10,","","","18.45",",,,S"
"RSM00029625","2009-07","55.1","80.967","140.0","CULYM, RS","","","","","","","","","0",",S","24",",S","0",",S","","","","","29.0",",S,07,","","","23.34",",,,S"
"RSM00029625","2009-08","55.1","80.967","140.0","CULYM, RS","","","","","","","","","0",",S","20",",S","0",",S","","","","","27.8",",S,08,","","","21.78",",,,S"
"RSM00029625","2009-09","55.1","80.967","140.0","CULYM, RS","","","","","","","","","0",",S","2",",S","0",",S","","","","","22.1",",S,11,","","","16.20",",,,S"
"RSM00029625","2009-10","55.1","80.967","140.0","CULYM, RS","","","","","","","","","7","5,S","1","5,S","0","5,S","","","","","22.9","5,S,02,","","","8.44","5,,,S"
"RSM00029625","2009-11","55.1","80.967","140.0","CULYM, RS","","","","","","","29","1,","21","5,S","0","5,S","0","5,S","180","1,,S,30,","","","3.1","5,S,01,","","","-5.44","5,,,S"
"RSM00029625","2009-12","55.1","80.967","140.0","CULYM, RS","","","","","","","31",",","","","","","","","330",",,S,31,","","","","","","","",""
"RSM00029625","2010-01","55.1","80.967","140.0","CULYM, RS","","","","","","","31",",","27","4,S","0","4,S","0","4,S","371",",,S,14,+","","","-9.7","4,S,11,","","","-23.27","4,,,S"
"RSM00029625","2010-02","55.1","80.967","140.0","CULYM, RS","","","","","","","28",",","","","","","","","361",",,S,16,+","","","","","","","",""
"RSM00029625","2010-03","55.1","80.967","140.0","CULYM, RS","","","","","","","31",",","21","5,S","0","5,S","0","5,S","490",",,S,24,+","","","4.0","5,S,24,","","","-4.55","5,,,S"
"RSM00029625","2010-04","55.1","80.967","140.0","CULYM, RS","","","","","","","","","6",",S","3",",S","0",",S","","","","","28.0",",S,27,","","","8.05",",,,S"
"RSM00029625","2010-05","55.1","80.967","140.0","CULYM, RS","","","","","","","","","0",",S","5",",S","0",",S","","","","","28.0",",S,27,","","","13.92",",,,S"
"RSM00029625","2010-06","55.1","80.967","140.0","CULYM, RS","","","","","","","","","0",",S","18",",S","1",",S","","","","","33.5",",S,20,","","","22.87",",,,S"
"RSM00029625","2010-07","55.1","80.967","140.0","CULYM, RS","","","","","","","","","0",",S","17",",S","0",",S","","","","","30.1",",S,16,","","","22.05",",,,S"
"RSM00029625","2010-08","55.1","80.967","140.0","CULYM, RS","","","","","","","","","0",",S","21",",S","2",",S","","","","","34.0",",S,22,","","","23.67",",,,S"
"RSM00029625","2010-09","55.1","80.967","140.0","CULYM, RS","","","","","","","","","0","1,S","9","1,S","2","1,S","","","","","34.1","1,S,01,","","","17.14","1,,,S"
"RSM00029625","2010-10","55.1","80.967","140.0","CULYM, RS","","","","","","","","","0","1,S","1","1,S","0","1,S","","","","","24.5","1,S,01,","","","9.67","1,,,S"
"RSM00029625","2010-12","55.1","80.967","140.0","CULYM, RS","","","","","","","31",",","","","","","","","419",",,S,31,+","","","","","","","",""
"RSM00029625","2011-01","55.1","80.967","140.0","CULYM, RS","","","","","","","31",",","26","5,S","0","5,S","0","5,S","429",",,S,30,+","","","-3.6","5,S,30,","","","-19.23","5,,,S"
"RSM00029625","2011-02","55.1","80.967","140.0","CULYM, RS","","","","","","","28",",","","","","","","","450",",,S,11,+","","","","","","","",""
"RSM00029625","2011-03","55.1","80.967","140.0","CULYM, RS","","","","","","","31",",","16","3,S","0","3,S","0","3,S","419",",,S,23,+","","","5.9","3,S,25,","","","-2.71","3,,,S"
"RSM00029625","2011-04","55.1","80.967","140.0","CULYM, RS","","","","","","","","","1","2,S","4","2,S","0","2,S","","","","","26.1","2,S,22,","","","12.69","2,,,S"
"RSM00029625","2011-05","55.1","80.967","140.0","CULYM, RS","","","","","","","","","0",",S","10",",S","0",",S","","","","","30.0",",S,30,","","","17.56",",,,S"
"RSM00029625","2011-06","55.1","80.967","140.0","CULYM, RS","","","","","","","","","0",",S","28",",S","0",",S","","","","","31.1",",S,19,","","","25.86",",,,S"
"RSM00029625","2011-07","55.1","80.967","140.0","CULYM, RS","","","","","","","","","0","1,S","18","1,S","0","1,S","","","","","28.0","1,S,11,","","","22.31","1,,,S"
"RSM00029625","2011-08","55.1","80.967","140.0","CULYM, RS","","","","","","","","","0",",S","10",",S","0",",S","","","","","29.1",",S,16,","","","20.51",",,,S"
"RSM00029625","2011-09","55.1","80.967","140.0","CULYM, RS","","","","","","","","","0",",S","9",",S","0",",S","","","","","26.0",",S,20,","","","18.49",",,,S"
"RSM00029625","2011-10","55.1","80.967","140.0","CULYM, RS","","","","","","","","","2","1,S","3","1,S","0","1,S","","","","","24.2","1,S,13,","","","11.66","1,,,S"
"RSM00029625","2011-11","55.1","80.967","140.0","CULYM, RS","","","","","","","24","3,","","","","","","","160","3,,S,02,","","","","","","","",""
"RSM00029625","2011-12","55.1","80.967","140.0","CULYM, RS","","","","","","","31",",","","","","","","","239",",,S,30,+","","","","","","","",""
"RSM00029625","2012-01","55.1","80.967","140.0","CULYM, RS","","","","","","","31",",","","","","","","","269",",,S,31,+","","","","","","","",""
"RSM00029625","2012-02","55.1","80.967","140.0","CULYM, RS","","","","","","","29",",","29",",S","0",",S","0",",S","269",",,S,12,+","","","-4.2",",S,29,","","","-12.59",",,,S"
"RSM00029625","2012-03","55.1","80.967","140.0","CULYM, RS","","","","","","","29","2,","13","2,S","0","2,S","0","2,S","259","2,,S,05,+","","","6.0","2,S,29,","","","-0.17","2,,,S"
"RSM00029625","2012-04","55.1","80.967","140.0","CULYM, RS","","","","","","","","","0",",S","3",",S","0",",S","","","","","23.8",",S,24,","","","12.44",",,,S"
"RSM00029625","2012-05","55.1","80.967","140.0","CULYM, RS","","","","","","","","","0",",S","9",",S","0",",S","","","","","28.8",",S,31,","","","17.03",",,,S"
"RSM00029625","2012-06","55.1","80.967","140.0","CULYM, RS","","","","","","","","","0",",S","30",",S","0",",S","","","","","32.1",",S,10,","","","27.29",",,,S"
"RSM00029625","2012-07","55.1","80.967","140.0","CULYM, RS","","","","","","","","","0",",S","31",",S","3",",S","","","","","33.5",",S,20,","","","28.01",",,,S"
"RSM00029625","2012-08","55.1","80.967","140.0","CULYM, RS","","","","","","","","","0",",S","18",",S","1",",S","","","","","34.1",",S,12,","","","22.27",",,,S"
"RSM00029625","2012-09","55.1","80.967","140.0","CULYM, RS","","","","","","","","","0",",S","10",",S","0",",S","","","","","28.5",",S,12,","","","17.70",",,,S"
"RSM00029625","2012-10","55.1","80.967","140.0","CULYM, RS","","","","","","","","","4","3,S","0","3,S","0","3,S","","","","","19.3","3,S,03,","","","6.74","3,,,S"
"RSM00029625","2012-11","55.1","80.967","140.0","CULYM, RS","23",",S","7",",S","0",",S","24","5,","","","","","","","310","5,,S,30,","6.1",",,S,12,","","","50.3",",,,S","",""
"RSM00029625","2012-12","55.1","80.967","140.0","CULYM, RS","11",",S","1",",S","0",",S","31",",","","","","","","","371",",,S,31,+","5.1",",,S,05,","","","11.3",",,,S","",""
"RSM00029625","2013-01","55.1","80.967","140.0","CULYM, RS","16","1,S","3","1,S","0","1,S","31",",","","","","","","","399",",,S,14,+","3.6","1,,S,26,","","","24.6","1,,,S","",""
"RSM00029625","2013-02","55.1","80.967","140.0","CULYM, RS","11","1,S","1","1,S","0","1,S","28",",","","","","","","","511",",,S,26,+","4.3","1,,S,11,","","","11.1","1,,,S","",""
"RSM00029625","2013-03","55.1","80.967","140.0","CULYM, RS","14","1,S","5","1,S","0","1,S","31",",","16","5,S","0","5,S","0","5,S","559",",,S,08,","6.1","1,,S,15,","5.5","5,S,30,","29.4","1,,,S","-3.39","5,,,S"
"RSM00029625","2013-04","55.1","80.967","140.0","CULYM, RS","10",",S","2",",S","0",",S","","","2","2,S","1","2,S","0","2,S","","","9.1",",,S,30,","21.7","2,S,24,","20.2",",,,S","8.50","2,,,S"
"RSM00029625","2015-03","55.1","80.967","140.0","CULYM, RS","","","","","","","31",",","","","","","","","340",",,S,17,+","","","","","","","",""
"RSM00029625","2015-04","55.1","80.967","140.0","CULYM, RS","6",",S","2",",S","0",",S","","","0","1,S","1","1,S","0","1,S","","","9.9",",,S,19,","22.8","1,S,21,","20.7",",,,S","10.92","1,,,S"
"RSM00029625","2015-05","55.1","80.967","140.0","CULYM, RS","14","2,S","9","2,S","0","2,S","","","0","1,S","8","1,S","0","1,S","","","11.9","2,,S,30,","24.3","1,S,09,","69.3","2,,,S","17.98","1,,,S"
"RSM00029625","2015-06","55.1","80.967","140.0","CULYM, RS","6","1,S","3","1,S","0","1,S","","","0","2,S","25","2,S","0","2,S","","","8.9","1,,S,15,","29.2","2,S,24,","23.4","1,,,S","24.96","2,,,S"
"RSM00029625","2015-07","55.1","80.967","140.0","CULYM, RS","12","3,S","4","3,S","0","3,S","","","0","3,S","20","3,S","0","3,S","","","16.0","3,,S,28,","31.6","3,S,02,","47.3","3,,,S","23.71","3,,,S"
"RSM00029625","2015-08","55.1","80.967","140.0","CULYM, RS","16","1,S","10","1,S","0","1,S","","","0","1,S","16","1,S","0","1,S","","","13.0","1,,S,13,","31.7","1,S,19,","68.2","1,,,S","21.72","1,,,S"
"RSM00029625","2015-09","55.1","80.967","140.0","CULYM, RS","13","2,S","4","2,S","0","2,S","","","0","1,S","6","1,S","0","1,S","","","23.1","2,,S,13,","29.8","1,S,11,","62.7","2,,,S","14.30","1,,,S"
"RSM00029625","2015-10","55.1","80.967","140.0","CULYM, RS","17","2,S","10","2,S","0","2,S","","","2","4,S","2","4,S","0","4,S","","","11.9","2,,S,04,","22.6","4,S,09,","64.0","2,,,S","6.67","4,,,S"
"RSM00029625","2015-11","55.1","80.967","140.0","CULYM, RS","10","3,S","4","3,S","0","3,S","22","5,","","","","","","","180","5,,S,30,","8.4","3,,S,25,","","","29.2","3,,,S","",""
"RSM00029625","2015-12","55.1","80.967","140.0","CULYM, RS","19","2,S","5","2,S","0","2,S","31",",","","","","","","","231",",,S,31,+","5.1","2,,S,24,","","","28.4","2,,,S","",""
"RSM00029625","2016-01","55.1","80.967","140.0","CULYM, RS","4",",S","0",",S","0",",S","31",",","28","3,S","0","3,S","0","3,S","310",",,S,30,+","1.0",",,S,14,","-3.4","3,S,13,","2.3",",,,S","-16.76","3,,,S"
"RSM00029625","2016-02","55.1","80.967","140.0","CULYM, RS","8",",S","1",",S","0",",S","29",",","21","2,S","0","2,S","0","2,S","320",",,S,20,+","3.3",",,S,06,","2.6","2,S,26,","7.7",",,,S","-5.00","2,,,S"
"RSM00029625","2016-03","55.1","80.967","140.0","CULYM, RS","9","1,S","2","1,S","0","1,S","30","1,","10","2,S","0","2,S","0","2,S","371","1,,S,09,+","5.3","1,,S,29,","9.8","2,S,31,","18.0","1,,,S","0.80","2,,,S"
"RSM00029625","2016-04","55.1","80.967","140.0","CULYM, RS","10",",S","6",",S","0",",S","","","0",",S","4",",S","0",",S","","","17.0",",,S,07,","25.2",",S,21,","49.9",",,,S","12.73",",,,S"
"RSM00029625","2016-05","55.1","80.967","140.0","CULYM, RS","10",",S","6",",S","0",",S","","","0","1,S","10","1,S","0","1,S","","","6.1",",,S,29,+","27.6","1,S,23,","30.9",",,,S","17.01","1,,,S"
"RSM00029625","2016-06","55.1","80.967","140.0","CULYM, RS","11","1,S","7","1,S","0","1,S","","","0","4,S","25","4,S","0","4,S","","","18.0","1,,S,25,","29.5","4,S,12,","60.7","1,,,S","25.24","4,,,S"
"RSM00029625","2016-07","55.1","80.967","140.0","CULYM, RS","12","2,S","8","2,S","0","2,S","","","0","2,S","25","2,S","0","2,S","","","14.0","2,,S,18,","30.0","2,S,13,","71.5","2,,,S","24.39","2,,,S"
"RSM00029625","2016-08","55.1","80.967","140.0","CULYM, RS","7","3,S","2","3,S","0","3,S","","","","","","","","","","","4.1","3,,S,19,+","","","16.7","3,,,S","",""
"RSM00029625","2016-09","55.1","80.967","140.0","CULYM, RS","3","1,S","2","1,S","0","1,S","","","0","3,S","13","3,S","0","3,S","","","7.9","1,,S,10,","27.4","3,S,08,","13.7","1,,,S","20.07","3,,,S"
"RSM00029625","2016-10","55.1","80.967","140.0","CULYM, RS","17",",S","6",",S","0",",S","","","11","3,S","0","3,S","0","3,S","","","5.1",",,S,25,+","9.5","3,S,01,","35.4",",,,S","1.11","3,,,S"
"RSM00029625","2016-11","55.1","80.967","140.0","CULYM, RS","19","2,S","3","2,S","0","2,S","28","2,","","","","","","","330","2,,S,26,","6.4","2,,S,24,","","","30.8","2,,,S","",""
"RSM00029625","2016-12","55.1","80.967","140.0","CULYM, RS","19",",S","8",",S","0",",S","29","2,","","","","","","","340","2,,S,31,+","7.1",",,S,06,+","","","46.2",",,,S","",""
"RSM00029625","2017-01","55.1","80.967","140.0","CULYM, RS","18",",S","1",",S","0",",S","31",",","","","","","","","419",",,S,22,+","3.0",",,S,01,","","","20.2",",,,S","",""
"RSM00029625","2017-02","55.1","80.967","140.0","CULYM, RS","11",",S","2",",S","0",",S","28",",","21","5,S","0","5,S","0","5,S","429",",,S,04,","3.0",",,S,17,","2.7","5,S,27,","11.2",",,,S","-9.26","5,,,S"
"RSM00029625","2017-03","55.1","80.967","140.0","CULYM, RS","6",",S","2",",S","0",",S","31",",","16","2,S","0","2,S","0","2,S","381",",,S,19,+","7.9",",,S,30,","6.0","2,S,23,","13.0",",,,S","-0.25","2,,,S"
"RSM00029625","2017-04","55.1","80.967","140.0","CULYM, RS","13",",S","3",",S","0",",S","","","4","2,S","2","2,S","0","2,S","","","7.1",",,S,16,","29.1","2,S,27,","24.6",",,,S","9.88","2,,,S"
"RSM00029625","2017-05","55.1","80.967","140.0","CULYM, RS","8",",S","4",",S","0",",S","","","0","1,S","11","1,S","0","1,S","","","15.0",",,S,17,","30.6","1,S,23,","40.9",",,,S","18.25","1,,,S"
"RSM00029625","2017-06","55.1","80.967","140.0","CULYM, RS","10",",S","6",",S","0",",S","","","0","4,S","20","4,S","0","4,S","","","19.1",",,S,11,","31.6","4,S,18,","56.3",",,,S","23.84","4,,,S"
"RSM00029625","2017-07","55.1","80.967","140.0","CULYM, RS","17",",S","7",",S","1",",S","","","0","3,S","24","3,S","0","3,S","","","30.0",",,S,05,","28.2","3,S,26,","76.5",",,,S","23.59","3,,,S"
"RSM00029625","2017-08","55.1","80.967","140.0","CULYM, RS","10","2,S","7","2,S","0","2,S","","","","","","","","","","","10.9","2,,S,12,+","","","50.0","2,,,S","",""
"RSM00029625","2017-09","55.1","80.967","140.0","CULYM, RS","9",",S","4",",S","0",",S","","","0","1,S","3","1,S","0","1,S","","","11.9",",,S,12,","22.9","1,S,03,","35.8",",,,S","13.15","1,,,S"
"RSM00029625","2017-10","55.1","80.967","140.0","CULYM, RS","10",",S","3",",S","0",",S","","","3","1,S","0","1,S","0","1,S","","","6.1",",,S,19,","12.1","1,S,10,","18.3",",,,S","5.73","1,,,S"
"RSM00029625","2017-11","55.1","80.967","140.0","CULYM, RS","18",",S","3",",S","0",",S","20","5,","","","","","","","89","5,,S,30,+","6.1",",,S,10,","","","24.6",",,,S","",""
"RSM00029625","2017-12","55.1","80.967","140.0","CULYM, RS","17",",S","5",",S","0",",S","31",",","","","","","","","249",",,S,31,","7.9",",,S,26,","","","33.0",",,,S","",""
"RSM00029625","2018-01","55.1","80.967","140.0","CULYM, RS","9","2,S","2","2,S","0","2,S","30","1,","","","","","","","290","1,,S,11,","3.3","2,,S,11,+","","","13.9","2,,,S","",""
"RSM00029625","2018-02","55.1","80.967","140.0","CULYM, RS","5",",S","0",",S","0",",S","28",",","25","3,S","0","3,S","0","3,S","191",",,S,28,+","1.8",",,S,19,","-2.3","3,S,21,","5.4",",,,S","-10.48","3,,,S"
"RSM00029625","2018-03","55.1","80.967","140.0","CULYM, RS","7",",S","2",",S","0",",S","31",",","19","5,S","0","5,S","0","5,S","221",",,S,11,+","4.1",",,S,21,","4.4","5,S,23,","11.7",",,,S","-3.73","5,,,S"
"RSM00029625","2018-04","55.1","80.967","140.0","CULYM, RS","7","1,S","3","1,S","0","1,S","","","3","1,S","1","1,S","0","1,S","","","13.2","1,,S,23,","22.0","1,S,30,","25.4","1,,,S","8.26","1,,,S"
"RSM00029625","2018-05","55.1","80.967","140.0","CULYM, RS","17",",S","7",",S","1",",S","","","0",",S","1",",S","0",",S","","","45.0",",,S,31,","24.9",",S,21,","112.9",",,,S","11.33",",,,S"
"RSM00029625","2018-06","55.1","80.967","140.0","CULYM, RS","17",",S","9",",S","0",",S","","","0","3,S","20","3,S","0","3,S","","","15.0",",,S,10,","29.9","3,S,08,","77.2",",,,S","23.54","3,,,S"
