"STATION","DATE","LATITUDE","LONGITUDE","ELEVATION","NAME","DP01","DP01_ATTRIBUTES","DP10","DP10_ATTRIBUTES","DP1X","DP1X_ATTRIBUTES","DSND","DSND_ATTRIBUTES","EMSD","EMSD_ATTRIBUTES","EMXP","EMXP_ATTRIBUTES","PRCP","PRCP_ATTRIBUTES"
"SWE00138348","1945-01","58.06","14.6","285.0","HOGEMALEN, SW","21",",E","9",",E","0",",E","28",",","280",",,E,31,+","9.3",",,E,03,","61.3",",,,E"
"SWE00138348","1945-02","58.06","14.6","285.0","HOGEMALEN, SW","15",",E","6",",E","0",",E","28",",","470",",,E,15,","9.8",",,E,02,+","46.1",",,,E"
"SWE00138348","1945-03","58.06","14.6","285.0","HOGEMALEN, SW","8",",E","3",",E","0",",E","3","5,","80","5,,E,07,","12.2",",,E,16,","23.9",",,,E"
"SWE00138348","1945-04","58.06","14.6","285.0","HOGEMALEN, SW","14",",E","3",",E","0",",E","2",",","160",",,E,29,","14.0",",,E,28,","33.5",",,,E"
"SWE00138348","1945-05","58.06","14.6","285.0","HOGEMALEN, SW","16",",E","5",",E","1",",E","","","","","41.3",",,E,03,","91.3",",,,E"
"SWE00138348","1945-06","58.06","14.6","285.0","HOGEMALEN, SW","16",",E","10",",E","0",",E","","","","","10.4",",,E,24,","67.6",",,,E"
"SWE00138348","1945-07","58.06","14.6","285.0","HOGEMALEN, SW","17",",E","9",",E","0",",E","","","","","13.3",",,E,27,","100.1",",,,E"
"SWE00138348","1945-08","58.06","14.6","285.0","HOGEMALEN, SW","16",",E","10",",E","1",",E","","","","","64.4",",,E,17,","166.4",",,,E"
"SWE00138348","1945-09","58.06","14.6","285.0","HOGEMALEN, SW","15",",E","6",",E","0",",E","","","","","4.8",",,E,24,+","33.4",",,,E"
"SWE00138348","1945-10","58.06","14.6","285.0","HOGEMALEN, SW","11",",E","8",",E","0",",E","","","","","12.1",",,E,30,","60.2",",,,E"
"SWE00138348","1945-11","58.06","14.6","285.0","HOGEMALEN, SW","11",",E","3",",E","0",",E","0","3,","20","3,,E,12,+","10.9",",,E,08,","32.2",",,,E"
"SWE00138348","1945-12","58.06","14.6","285.0","HOGEMALEN, SW","18",",E","7",",E","0",",E","13","2,","140","2,,E,29,","6.7",",,E,26,","42.8",",,,E"
"SWE00138348","1946-01","58.06","14.6","285.0","HOGEMALEN, SW","8",",E","5",",E","0",",E","25","1,","230","1,,E,31,","13.1",",,E,12,","39.2",",,,E"
"SWE00138348","1946-02","58.06","14.6","285.0","HOGEMALEN, SW","17",",E","9",",E","0",",E","28",",","290",",,E,28,+","18.2",",,E,04,","72.6",",,,E"
"SWE00138348","1946-03","58.06","14.6","285.0","HOGEMALEN, SW","10",",E","1",",E","0",",E","20","3,","370","3,,E,13,","4.6",",,E,07,","13.5",",,,E"
"SWE00138348","1946-04","58.06","14.6","285.0","HOGEMALEN, SW","10",",E","3",",E","0",",E","0",",","0",",,E,30,+","8.8",",,E,28,","26.5",",,,E"
"SWE00138348","1946-05","58.06","14.6","285.0","HOGEMALEN, SW","9",",E","3",",E","0",",E","","","","","7.7",",,E,18,","20.0",",,,E"
"SWE00138348","1946-06","58.06","14.6","285.0","HOGEMALEN, SW","19",",E","10",",E","1",",E","","","","","47.2",",,E,27,","144.6",",,,E"
"SWE00138348","1946-07","58.06","14.6","285.0","HOGEMALEN, SW","11",",E","8",",E","1",",E","","","","","31.2",",,E,16,","85.2",",,,E"
"SWE00138348","1946-08","58.06","14.6","285.0","HOGEMALEN, SW","14",",E","9",",E","0",",E","","","","","24.0",",,E,31,","98.3",",,,E"
"SWE00138348","1946-09","58.06","14.6","285.0","HOGEMALEN, SW","24",",E","13",",E","0",",E","","","","","24.8",",,E,01,","145.2",",,,E"
"SWE00138348","1946-10","58.06","14.6","285.0","HOGEMALEN, SW","5",",E","3",",E","0",",E","","","","","7.5",",,E,04,","25.3",",,,E"
"SWE00138348","1946-11","58.06","14.6","285.0","HOGEMALEN, SW","15",",E","3",",E","0",",E","0","3,","20","3,,E,17,+","9.2",",,E,13,","36.5",",,,E"
"SWE00138348","1946-12","58.06","14.6","285.0","HOGEMALEN, SW","13",",E","5",",E","0",",E","3","5,","60","5,,E,29,","6.5",",,E,06,","34.2",",,,E"
"SWE00138348","1947-01","58.06","14.6","285.0","HOGEMALEN, SW","12",",E","2",",E","0",",E","17",",","220",",,E,15,","5.6",",,E,14,","21.1",",,,E"
"SWE00138348","1947-02","58.06","14.6","285.0","HOGEMALEN, SW","5",",E","1",",E","0",",E","28",",","110",",,E,28,+","2.8",",,E,24,","4.6",",,,E"
"SWE00138348","1947-03","58.06","14.6","285.0","HOGEMALEN, SW","15",",E","11",",E","0",",E","31",",","400",",,E,22,+","8.9",",,E,29,","61.2",",,,E"
"SWE00138348","1947-04","58.06","14.6","285.0","HOGEMALEN, SW","17",",E","4",",E","0",",E","","","","","7.6",",,E,07,","28.7",",,,E"
"SWE00138348","1947-05","58.06","14.6","285.0","HOGEMALEN, SW","3",",E","1",",E","0",",E","","","","","19.6",",,E,27,","22.3",",,,E"
"SWE00138348","1947-06","58.06","14.6","285.0","HOGEMALEN, SW","12",",E","4",",E","0",",E","","","","","9.0",",,E,20,","34.1",",,,E"
"SWE00138348","1947-07","58.06","14.6","285.0","HOGEMALEN, SW","16",",E","9",",E","0",",E","","","","","12.4",",,E,29,","61.8",",,,E"
"SWE00138348","1947-08","58.06","14.6","285.0","HOGEMALEN, SW","3",",E","2",",E","0",",E","","","","","11.1",",,E,07,","19.8",",,,E"
"SWE00138348","1947-09","58.06","14.6","285.0","HOGEMALEN, SW","8",",E","4",",E","0",",E","","","","","7.4",",,E,09,","20.5",",,,E"
"SWE00138348","1947-10","58.06","14.6","285.0","HOGEMALEN, SW","7",",E","2",",E","0",",E","","","","","8.9",",,E,01,","19.5",",,,E"
"SWE00138348","1947-11","58.06","14.6","285.0","HOGEMALEN, SW","18",",E","9",",E","0",",E","8",",","190",",,E,30,","22.3",",,E,21,","109.2",",,,E"
"SWE00138348","1947-12","58.06","14.6","285.0","HOGEMALEN, SW","20",",E","8",",E","0",",E","31",",","290",",,E,04,","10.0",",,E,03,","51.5",",,,E"
"SWE00138348","1948-01","58.06","14.6","285.0","HOGEMALEN, SW","20",",E","9",",E","0",",E","31",",","430",",,E,14,","16.1",",,E,05,","71.4",",,,E"
"SWE00138348","1948-02","58.06","14.6","285.0","HOGEMALEN, SW","7",",E","3",",E","0",",E","27","1,","170","1,,E,01,","12.6",",,E,03,","22.6",",,,E"
"SWE00138348","1948-03","58.06","14.6","285.0","HOGEMALEN, SW","10",",E","3",",E","0",",E","8","1,","50","1,,E,01,","11.9",",,E,16,","28.2",",,,E"
"SWE00138348","1948-04","58.06","14.6","285.0","HOGEMALEN, SW","11",",E","6",",E","0",",E","1",",","70",",,E,29,","18.7",",,E,28,","47.6",",,,E"
"SWE00138348","1948-05","58.06","14.6","285.0","HOGEMALEN, SW","13",",E","6",",E","0",",E","","","","","20.4",",,E,03,","69.3",",,,E"
"SWE00138348","1948-06","58.06","14.6","285.0","HOGEMALEN, SW","12",",E","4",",E","0",",E","","","","","13.2",",,E,29,","36.5",",,,E"
"SWE00138348","1948-07","58.06","14.6","285.0","HOGEMALEN, SW","12",",E","9",",E","0",",E","","","","","13.0",",,E,07,","63.0",",,,E"
"SWE00138348","1948-08","58.06","14.6","285.0","HOGEMALEN, SW","17",",E","8",",E","0",",E","","","","","19.6",",,E,08,","78.6",",,,E"
"SWE00138348","1948-09","58.06","14.6","285.0","HOGEMALEN, SW","19",",E","6",",E","0",",E","","","","","10.9",",,E,16,","46.0",",,,E"
"SWE00138348","1948-10","58.06","14.6","285.0","HOGEMALEN, SW","16",",E","5",",E","0",",E","0",",","0",",,E,31,+","4.8",",,E,25,","29.6",",,,E"
"SWE00138348","1948-11","58.06","14.6","285.0","HOGEMALEN, SW","10",",E","3",",E","0",",E","1","1,","30","1,,E,12,","5.8",",,E,05,","19.5",",,,E"
"SWE00138348","1948-12","58.06","14.6","285.0","HOGEMALEN, SW","8",",E","1",",E","0",",E","0",",","0",",,E,31,+","7.2",",,E,14,","14.1",",,,E"
"SWE00138348","1949-01","58.06","14.6","285.0","HOGEMALEN, SW","15",",E","2",",E","0",",E","2",",","50",",,E,19,+","10.4",",,E,07,","32.2",",,,E"
"SWE00138348","1949-02","58.06","14.6","285.0","HOGEMALEN, SW","6",",E","2",",E","0",",E","2",",","30",",,E,13,+","4.1",",,E,08,","11.2",",,,E"
"SWE00138348","1949-03","58.06","14.6","285.0","HOGEMALEN, SW","6",",E","1",",E","0",",E","9","1,","80","1,,E,09,","3.1",",,E,06,","10.9",",,,E"
"SWE00138348","1949-04","58.06","14.6","285.0","HOGEMALEN, SW","13",",E","6",",E","0",",E","4",",","150",",,E,10,+","13.7",",,E,11,","59.7",",,,E"
"SWE00138348","1949-05","58.06","14.6","285.0","HOGEMALEN, SW","11",",E","3",",E","0",",E","","","","","17.3",",,E,29,","32.1",",,,E"
"SWE00138348","1949-06","58.06","14.6","285.0","HOGEMALEN, SW","14",",E","4",",E","0",",E","","","","","11.3",",,E,26,","36.9",",,,E"
"SWE00138348","1949-07","58.06","14.6","285.0","HOGEMALEN, SW","14",",E","5",",E","0",",E","","","","","11.5",",,E,18,","42.2",",,,E"
"SWE00138348","1949-08","58.06","14.6","285.0","HOGEMALEN, SW","15",",E","6",",E","0",",E","","","","","15.6",",,E,02,","59.8",",,,E"
"SWE00138348","1949-09","58.06","14.6","285.0","HOGEMALEN, SW","8",",E","6",",E","0",",E","","","","","16.0",",,E,03,","45.1",",,,E"
"SWE00138348","1949-10","58.06","14.6","285.0","HOGEMALEN, SW","11",",E","9",",E","0",",E","2","1,","40","1,,E,28,","15.2",",,E,27,","86.5",",,,E"
"SWE00138348","1949-11","58.06","14.6","285.0","HOGEMALEN, SW","20",",E","7",",E","0",",E","2",",","40",",,E,30,","14.9",",,E,07,","54.7",",,,E"
"SWE00138348","1949-12","58.06","14.6","285.0","HOGEMALEN, SW","19",",E","7",",E","0",",E","3","2,","150","2,,E,18,","14.2",",,E,17,","53.8",",,,E"
"SWE00138348","1950-01","58.06","14.6","285.0","HOGEMALEN, SW","16",",E","4",",E","0",",E","","","","","8.0",",,E,12,","33.0",",,,E"
"SWE00138348","1950-02","58.06","14.6","285.0","HOGEMALEN, SW","14",",E","11",",E","0",",E","19","2,","490","2,,E,16,","12.5",",,E,11,","87.4",",,,E"
"SWE00138348","1950-03","58.06","14.6","285.0","HOGEMALEN, SW","9",",E","4",",E","0",",E","8","2,","70","2,,E,03,+","13.8",",,E,24,","29.2",",,,E"
"SWE00138348","1950-04","58.06","14.6","285.0","HOGEMALEN, SW","15",",E","9",",E","0",",E","0",",","0",",,E,30,+","20.9",",,E,18,","63.2",",,,E"
"SWE00138348","1950-05","58.06","14.6","285.0","HOGEMALEN, SW","13",",E","6",",E","0",",E","","","","","9.8",",,E,30,","36.9",",,,E"
"SWE00138348","1950-06","58.06","14.6","285.0","HOGEMALEN, SW","12",",E","6",",E","0",",E","","","","","16.7",",,E,24,","58.0",",,,E"
"SWE00138348","1950-07","58.06","14.6","285.0","HOGEMALEN, SW","14",",E","6",",E","1",",E","","","","","27.4",",,E,11,","100.5",",,,E"
"SWE00138348","1950-08","58.06","14.6","285.0","HOGEMALEN, SW","14",",E","6",",E","0",",E","","","","","12.1",",,E,18,+","66.1",",,,E"
"SWE00138348","1950-09","58.06","14.6","285.0","HOGEMALEN, SW","13",",E","6",",E","0",",E","","","","","14.2",",,E,25,","51.0",",,,E"
"SWE00138348","1950-10","58.06","14.6","285.0","HOGEMALEN, SW","18",",E","7",",E","0",",E","","","","","12.1",",,E,03,","59.0",",,,E"
"SWE00138348","1950-11","58.06","14.6","285.0","HOGEMALEN, SW","18",",E","9",",E","0",",E","4","1,","40","1,,E,22,+","20.4",",,E,28,","70.5",",,,E"
"SWE00138348","1950-12","58.06","14.6","285.0","HOGEMALEN, SW","19",",E","12",",E","0",",E","27",",","280",",,E,31,","9.3",",,E,24,","82.1",",,,E"
"SWE00138348","1951-01","58.06","14.6","285.0","HOGEMALEN, SW","20",",E","9",",E","0",",E","31",",","430",",,E,12,","11.7",",,E,03,","66.0",",,,E"
"SWE00138348","1951-02","58.06","14.6","285.0","HOGEMALEN, SW","13",",E","5",",E","0",",E","28",",","400",",,E,07,","5.3",",,E,06,","25.6",",,,E"
"SWE00138348","1951-03","58.06","14.6","285.0","HOGEMALEN, SW","13",",E","11",",E","0",",E","31",",","720",",,E,29,","12.0",",,E,14,","71.9",",,,E"
"SWE00138348","1951-04","58.06","14.6","285.0","HOGEMALEN, SW","16",",E","4",",E","0",",E","14","2,","670","2,,E,01,","13.2",",,E,13,","38.0",",,,E"
"SWE00138348","1951-05","58.06","14.6","285.0","HOGEMALEN, SW","6",",E","1",",E","0",",E","","","","","9.5",",,E,23,","18.2",",,,E"
"SWE00138348","1951-06","58.06","14.6","285.0","HOGEMALEN, SW","9",",E","5",",E","0",",E","","","","","14.0",",,E,13,","39.5",",,,E"
"SWE00138348","1951-07","58.06","14.6","285.0","HOGEMALEN, SW","8",",E","7",",E","0",",E","","","","","20.8",",,E,11,","69.7",",,,E"
"SWE00138348","1951-08","58.06","14.6","285.0","HOGEMALEN, SW","18",",E","10",",E","0",",E","","","","","19.1",",,E,31,","105.9",",,,E"
"SWE00138348","1951-09","58.06","14.6","285.0","HOGEMALEN, SW","11",",E","6",",E","0",",E","","","","","13.4",",,E,01,","42.6",",,,E"
"SWE00138348","1951-10","58.06","14.6","285.0","HOGEMALEN, SW","4",",E","1",",E","0",",E","","","","","4.2",",,E,31,","8.7",",,,E"
"SWE00138348","1951-11","58.06","14.6","285.0","HOGEMALEN, SW","19",",E","8",",E","0",",E","2","3,","50","3,,E,26,","13.8",",,E,09,","63.5",",,,E"
"SWE00138348","1951-12","58.06","14.6","285.0","HOGEMALEN, SW","14",",E","4",",E","0",",E","0","2,","10","2,,E,11,+","10.6",",,E,09,","34.8",",,,E"
"SWE00138348","1952-01","58.06","14.6","285.0","HOGEMALEN, SW","14",",E","6",",E","0",",E","17","3,","180","3,,E,31,+","6.8",",,E,12,","31.7",",,,E"
"SWE00138348","1952-02","58.06","14.6","285.0","HOGEMALEN, SW","12",",E","3",",E","0",",E","28","1,","250","1,,E,19,+","5.0",",,E,08,","20.6",",,,E"
"SWE00138348","1952-03","58.06","14.6","285.0","HOGEMALEN, SW","7",",E","3",",E","0",",E","21","5,","80","5,,E,25,+","3.8",",,E,03,","14.1",",,,E"
"SWE00138348","1952-04","58.06","14.6","285.0","HOGEMALEN, SW","13",",E","5",",E","0",",E","3","1,","50","1,,E,02,+","9.9",",,E,22,","38.6",",,,E"
"SWE00138348","1952-05","58.06","14.6","285.0","HOGEMALEN, SW","13",",E","6",",E","1",",E","","","","","38.5",",,E,05,","79.2",",,,E"
"SWE00138348","1952-06","58.06","14.6","285.0","HOGEMALEN, SW","13",",E","6",",E","0",",E","","","","","17.0",",,E,18,","57.9",",,,E"
"SWE00138348","1952-07","58.06","14.6","285.0","HOGEMALEN, SW","17",",E","9",",E","0",",E","","","","","11.7",",,E,20,","67.0",",,,E"
"SWE00138348","1952-08","58.06","14.6","285.0","HOGEMALEN, SW","12",",E","8",",E","0",",E","","","","","22.3",",,E,10,","66.2",",,,E"
"SWE00138348","1952-09","58.06","14.6","285.0","HOGEMALEN, SW","15",",E","6",",E","0",",E","","","","","22.5",",,E,06,","64.1",",,,E"
"SWE00138348","1952-10","58.06","14.6","285.0","HOGEMALEN, SW","24",",E","11",",E","0",",E","","","","","18.0",",,E,02,","100.6",",,,E"
"SWE00138348","1952-11","58.06","14.6","285.0","HOGEMALEN, SW","20",",E","8",",E","0",",E","17","1,","200","1,,E,28,","10.4",",,E,26,","62.7",",,,E"
"SWE00138348","1952-12","58.06","14.6","285.0","HOGEMALEN, SW","18",",E","8",",E","0",",E","31",",","190",",,E,04,","4.4",",,E,02,","34.7",",,,E"
"SWE00138348","1953-01","58.06","14.6","285.0","HOGEMALEN, SW","7",",E","3",",E","0",",E","","","","","8.5",",,E,31,","20.5",",,,E"
"SWE00138348","1953-02","58.06","14.6","285.0","HOGEMALEN, SW","15",",E","4",",E","0",",E","21","4,","190","4,,E,16,+","16.5",",,E,23,","44.9",",,,E"
"SWE00138348","1953-03","58.06","14.6","285.0","HOGEMALEN, SW","7",",E","2",",E","0",",E","1","1,","200","1,,E,31,","20.5",",,E,30,","35.0",",,,E"
"SWE00138348","1953-04","58.06","14.6","285.0","HOGEMALEN, SW","11",",E","6",",E","0",",E","2","1,","220","1,,E,01,","8.6",",,E,25,","42.1",",,,E"
"SWE00138348","1953-05","58.06","14.6","285.0","HOGEMALEN, SW","17",",E","10",",E","0",",E","","","","","11.9",",,E,26,","56.9",",,,E"
"SWE00138348","1953-06","58.06","14.6","285.0","HOGEMALEN, SW","12",",E","8",",E","1",",E","","","","","32.0",",,E,02,","98.6",",,,E"
"SWE00138348","1953-07","58.06","14.6","285.0","HOGEMALEN, SW","19",",E","8",",E","0",",E","","","","","8.2",",,E,14,","49.3",",,,E"
"SWE00138348","1953-08","58.06","14.6","285.0","HOGEMALEN, SW","18",",E","12",",E","0",",E","","","","","13.0",",,E,31,","82.1",",,,E"
"SWE00138348","1953-09","58.06","14.6","285.0","HOGEMALEN, SW","16",",E","12",",E","0",",E","","","","","17.0",",,E,09,","79.1",",,,E"
"SWE00138348","1953-10","58.06","14.6","285.0","HOGEMALEN, SW","12",",E","3",",E","0",",E","","","","","10.0",",,E,17,","28.1",",,,E"
"SWE00138348","1953-11","58.06","14.6","285.0","HOGEMALEN, SW","13",",E","6",",E","0",",E","","","","","6.8",",,E,09,","33.5",",,,E"
"SWE00138348","1953-12","58.06","14.6","285.0","HOGEMALEN, SW","14",",E","3",",E","0",",E","15",",","160",",,E,20,","8.2",",,E,19,","30.9",",,,E"
"SWE00138348","1954-01","58.06","14.6","285.0","HOGEMALEN, SW","17",",E","7",",E","0",",E","20","4,","110","4,,E,31,+","8.3",",,E,15,","46.3",",,,E"
"SWE00138348","1954-02","58.06","14.6","285.0","HOGEMALEN, SW","11",",E","2",",E","0",",E","28",",","230",",,E,27,","6.8",",,E,26,","17.6",",,,E"
"SWE00138348","1954-03","58.06","14.6","285.0","HOGEMALEN, SW","15",",E","7",",E","0",",E","26","3,","380","3,,E,08,","12.5",",,E,05,","52.1",",,,E"
"SWE00138348","1954-04","58.06","14.6","285.0","HOGEMALEN, SW","9",",E","4",",E","0",",E","4","3,","70","3,,E,01,","8.0",",,E,29,","26.1",",,,E"
"SWE00138348","1954-05","58.06","14.6","285.0","HOGEMALEN, SW","11",",E","2",",E","0",",E","","","","","15.4",",,E,23,","33.1",",,,E"
"SWE00138348","1954-06","58.06","14.6","285.0","HOGEMALEN, SW","17",",E","7",",E","0",",E","","","","","23.6",",,E,20,","90.2",",,,E"
"SWE00138348","1954-07","58.06","14.6","285.0","HOGEMALEN, SW","20",",E","13",",E","0",",E","","","","","24.3",",,E,12,","95.2",",,,E"
"SWE00138348","1954-08","58.06","14.6","285.0","HOGEMALEN, SW","16",",E","7",",E","0",",E","","","","","22.5",",,E,15,","62.7",",,,E"
"SWE00138348","1954-09","58.06","14.6","285.0","HOGEMALEN, SW","20",",E","12",",E","0",",E","","","","","11.5",",,E,16,","69.5",",,,E"
"SWE00138348","1954-10","58.06","14.6","285.0","HOGEMALEN, SW","21",",E","9",",E","0",",E","","","","","16.4",",,E,19,","86.1",",,,E"
"SWE00138348","1954-11","58.06","14.6","285.0","HOGEMALEN, SW","17",",E","8",",E","0",",E","13",",","100",",,E,25,+","14.5",",,E,14,","63.6",",,,E"
"SWE00138348","1954-12","58.06","14.6","285.0","HOGEMALEN, SW","17",",E","9",",E","0",",E","11","1,","180","1,,E,27,","17.5",",,E,05,","74.8",",,,E"
"SWE00138348","1955-01","58.06","14.6","285.0","HOGEMALEN, SW","8",",E","0",",E","0",",E","25","4,","190","4,,E,24,+","2.0",",,E,10,","7.7",",,,E"
"SWE00138348","1955-02","58.06","14.6","285.0","HOGEMALEN, SW","15",",E","3",",E","0",",E","23",",","180",",,E,19,","3.3",",,E,18,","21.4",",,,E"
"SWE00138348","1955-03","58.06","14.6","285.0","HOGEMALEN, SW","14",",E","3",",E","0",",E","31",",","260",",,E,29,+","8.1",",,E,19,","29.8",",,,E"
"SWE00138348","1955-04","58.06","14.6","285.0","HOGEMALEN, SW","10",",E","5",",E","0",",E","14","2,","250","2,,E,08,","14.3",",,E,07,","43.6",",,,E"
"SWE00138348","1955-05","58.06","14.6","285.0","HOGEMALEN, SW","19",",E","9",",E","0",",E","","","","","8.0",",,E,02,","56.4",",,,E"
"SWE00138348","1955-06","58.06","14.6","285.0","HOGEMALEN, SW","9",",E","3",",E","0",",E","","","","","14.1",",,E,13,","31.7",",,,E"
"SWE00138348","1955-07","58.06","14.6","285.0","HOGEMALEN, SW","5",",E","3",",E","0",",E","","","","","16.7",",,E,01,","41.4",",,,E"
"SWE00138348","1955-08","58.06","14.6","285.0","HOGEMALEN, SW","4",",E","2",",E","0",",E","","","","","8.7",",,E,18,","14.7",",,,E"
"SWE00138348","1955-09","58.06","14.6","285.0","HOGEMALEN, SW","18",",E","7",",E","0",",E","","","","","11.1",",,E,15,","51.5",",,,E"
"SWE00138348","1955-10","58.06","14.6","285.0","HOGEMALEN, SW","16",",E","10",",E","0",",E","","","","","16.2",",,E,05,","77.9",",,,E"
"SWE00138348","1955-11","58.06","14.6","285.0","HOGEMALEN, SW","10",",E","2",",E","0",",E","1",",","30",",,E,01,","6.6",",,E,05,","17.5",",,,E"
"SWE00138348","1955-12","58.06","14.6","285.0","HOGEMALEN, SW","20",",E","9",",E","0",",E","14","4,","370","4,,E,24,+","10.4",",,E,15,","79.5",",,,E"
"SWE00138348","1956-01","58.06","14.6","285.0","HOGEMALEN, SW","15",",E","5",",E","0",",E","24",",","220",",,E,27,","10.9",",,E,13,","43.6",",,,E"
"SWE00138348","1956-02","58.06","14.6","285.0","HOGEMALEN, SW","15",",E","2",",E","0",",E","29",",","380",",,E,23,+","3.5",",,E,19,","21.8",",,,E"
"SWE00138348","1956-03","58.06","14.6","285.0","HOGEMALEN, SW","3",",E","1",",E","0",",E","31",",","270",",,E,18,","3.3",",,E,16,","6.1",",,,E"
"SWE00138348","1956-04","58.06","14.6","285.0","HOGEMALEN, SW","9",",E","4",",E","0",",E","5","4,","60","4,,E,11,","10.3",",,E,10,","27.6",",,,E"
"SWE00138348","1956-05","58.06","14.6","285.0","HOGEMALEN, SW","9",",E","3",",E","0",",E","","","","","7.3",",,E,10,","20.2",",,,E"
"SWE00138348","1956-06","58.06","14.6","285.0","HOGEMALEN, SW","16",",E","9",",E","0",",E","","","","","8.0",",,E,08,","49.3",",,,E"
"SWE00138348","1956-07","58.06","14.6","285.0","HOGEMALEN, SW","10",",E","6",",E","0",",E","","","","","12.6",",,E,05,","54.6",",,,E"
"SWE00138348","1956-08","58.06","14.6","285.0","HOGEMALEN, SW","20",",E","14",",E","0",",E","","","","","11.5",",,E,27,","90.2",",,,E"
"SWE00138348","1956-09","58.06","14.6","285.0","HOGEMALEN, SW","11",",E","5",",E","0",",E","","","","","11.6",",,E,11,","36.9",",,,E"
"SWE00138348","1956-10","58.06","14.6","285.0","HOGEMALEN, SW","10",",E","2",",E","0",",E","","","","","3.8",",,E,25,","15.4",",,,E"
"SWE00138348","1956-11","58.06","14.6","285.0","HOGEMALEN, SW","12",",E","5",",E","0",",E","4",",","120",",,E,30,+","11.6",",,E,26,","28.7",",,,E"
"SWE00138348","1956-12","58.06","14.6","285.0","HOGEMALEN, SW","16",",E","5",",E","0",",E","8","4,","110","4,,E,01,","5.9",",,E,09,","30.9",",,,E"
"SWE00138348","1957-01","58.06","14.6","285.0","HOGEMALEN, SW","14",",E","7",",E","0",",E","14",",","130",",,E,17,+","7.7",",,E,12,","43.4",",,,E"
"SWE00138348","1957-02","58.06","14.6","285.0","HOGEMALEN, SW","18",",E","8",",E","0",",E","20",",","220",",,E,28,","14.2",",,E,08,","72.1",",,,E"
"SWE00138348","1957-03","58.06","14.6","285.0","HOGEMALEN, SW","9",",E","4",",E","0",",E","22","2,","220","2,,E,02,+","12.9",",,E,20,","36.8",",,,E"
"SWE00138348","1957-04","58.06","14.6","285.0","HOGEMALEN, SW","10",",E","5",",E","0",",E","6","3,","110","3,,E,11,","12.4",",,E,10,","37.6",",,,E"
"SWE00138348","1957-05","58.06","14.6","285.0","HOGEMALEN, SW","12",",E","7",",E","0",",E","2",",","80",",,E,05,","16.9",",,E,04,","70.6",",,,E"
"SWE00138348","1957-06","58.06","14.6","285.0","HOGEMALEN, SW","12",",E","7",",E","0",",E","","","","","12.5",",,E,04,","49.9",",,,E"
"SWE00138348","1957-07","58.06","14.6","285.0","HOGEMALEN, SW","16",",E","9",",E","2",",E","","","","","33.5",",,E,17,","132.2",",,,E"
"SWE00138348","1957-08","58.06","14.6","285.0","HOGEMALEN, SW","16",",E","9",",E","1",",E","","","","","37.4",",,E,18,","102.3",",,,E"
"SWE00138348","1957-09","58.06","14.6","285.0","HOGEMALEN, SW","20",",E","12",",E","2",",E","","","","","40.5",",,E,01,","152.2",",,,E"
"SWE00138348","1957-10","58.06","14.6","285.0","HOGEMALEN, SW","16",",E","8",",E","0",",E","","","","","13.0",",,E,28,","66.3",",,,E"
"SWE00138348","1957-11","58.06","14.6","285.0","HOGEMALEN, SW","13",",E","4",",E","0",",E","0",",","0",",,E,30,+","12.0",",,E,10,","34.7",",,,E"
"SWE00138348","1957-12","58.06","14.6","285.0","HOGEMALEN, SW","9",",E","4",",E","0",",E","15",",","60",",,E,31,+","7.8",",,E,29,","26.3",",,,E"
"SWE00138348","1958-01","58.06","14.6","285.0","HOGEMALEN, SW","15",",E","5",",E","0",",E","28","1,","200","1,,E,11,","5.5",",,E,09,","29.7",",,,E"
"SWE00138348","1958-02","58.06","14.6","285.0","HOGEMALEN, SW","21",",E","14",",E","0",",E","26",",","360",",,E,28,+","16.3",",,E,16,","88.0",",,,E"
"SWE00138348","1958-03","58.06","14.6","285.0","HOGEMALEN, SW","13",",E","6",",E","0",",E","31",",","490",",,E,23,+","12.0",",,E,10,","42.9",",,,E"
"SWE00138348","1958-04","58.06","14.6","285.0","HOGEMALEN, SW","10",",E","3",",E","0",",E","18",",","460",",,E,05,","7.1",",,E,27,","24.3",",,,E"
"SWE00138348","1958-05","58.06","14.6","285.0","HOGEMALEN, SW","11",",E","8",",E","0",",E","0",",","0",",,E,31,+","22.5",",,E,17,","74.3",",,,E"
"SWE00138348","1958-06","58.06","14.6","285.0","HOGEMALEN, SW","13",",E","8",",E","0",",E","","","","","12.6",",,E,19,","48.5",",,,E"
"SWE00138348","1958-07","58.06","14.6","285.0","HOGEMALEN, SW","18",",E","11",",E","1",",E","","","","","34.3",",,E,17,","110.4",",,,E"
"SWE00138348","1958-08","58.06","14.6","285.0","HOGEMALEN, SW","14",",E","10",",E","0",",E","","","","","17.4",",,E,24,","79.8",",,,E"
"SWE00138348","1958-09","58.06","14.6","285.0","HOGEMALEN, SW","11",",E","7",",E","0",",E","","","","","9.6",",,E,25,","37.7",",,,E"
"SWE00138348","1958-10","58.06","14.6","285.0","HOGEMALEN, SW","12",",E","7",",E","0",",E","","","","","11.0",",,E,15,","49.4",",,,E"
"SWE00138348","1958-11","58.06","14.6","285.0","HOGEMALEN, SW","15",",E","3",",E","0",",E","","","","","12.0",",,E,03,","40.7",",,,E"
"SWE00138348","1958-12","58.06","14.6","285.0","HOGEMALEN, SW","20",",E","11",",E","0",",E","19",",","190",",,E,29,+","9.2",",,E,25,","71.9",",,,E"
"SWE00138348","1959-01","58.06","14.6","285.0","HOGEMALEN, SW","20",",E","10",",E","0",",E","28",",","400",",,E,21,","21.4",",,E,19,","100.3",",,,E"
"SWE00138348","1959-02","58.06","14.6","285.0","HOGEMALEN, SW","4",",E","0",",E","0",",E","23","2,","200","2,,E,03,+","2.0",",,E,20,","3.6",",,,E"
"SWE00138348","1959-03","58.06","14.6","285.0","HOGEMALEN, SW","7",",E","5",",E","0",",E","0",",","0",",,E,31,+","20.1",",,E,06,","42.3",",,,E"
"SWE00138348","1959-04","58.06","14.6","285.0","HOGEMALEN, SW","12",",E","6",",E","0",",E","3",",","150",",,E,12,","14.5",",,E,10,","51.3",",,,E"
"SWE00138348","1959-05","58.06","14.6","285.0","HOGEMALEN, SW","8",",E","4",",E","0",",E","","","","","10.2",",,E,31,","29.1",",,,E"
"SWE00138348","1959-06","58.06","14.6","285.0","HOGEMALEN, SW","10",",E","7",",E","0",",E","","","","","22.9",",,E,29,","62.2",",,,E"
"SWE00138348","1959-07","58.06","14.6","285.0","HOGEMALEN, SW","10",",E","3",",E","0",",E","","","","","15.3",",,E,20,","41.9",",,,E"
"SWE00138348","1959-08","58.06","14.6","285.0","HOGEMALEN, SW","6",",E","4",",E","0",",E","","","","","17.8",",,E,13,","30.9",",,,E"
"SWE00138348","1959-09","58.06","14.6","285.0","HOGEMALEN, SW","6",",E","4",",E","0",",E","","","","","21.8",",,E,21,","68.3",",,,E"
"SWE00138348","1959-10","58.06","14.6","285.0","HOGEMALEN, SW","11",",E","7",",E","0",",E","","","","","18.4",",,E,22,","63.2",",,,E"
"SWE00138348","1959-11","58.06","14.6","285.0","HOGEMALEN, SW","12",",E","5",",E","0",",E","1","1,","50","1,,E,19,","4.8",",,E,19,","25.2",",,,E"
"SWE00138348","1959-12","58.06","14.6","285.0","HOGEMALEN, SW","16",",E","1",",E","0",",E","13","3,","70","3,,E,17,+","6.8",",,E,26,","24.5",",,,E"
"SWE00138348","1960-01","58.06","14.6","285.0","HOGEMALEN, SW","21",",E","6",",E","0",",E","20","2,","300","2,,E,22,+","19.8",",,E,18,","63.9",",,,E"
"SWE00138348","1960-02","58.06","14.6","285.0","HOGEMALEN, SW","11",",E","3",",E","0",",E","29",",","200",",,E,18,","5.0",",,E,17,","21.4",",,,E"
"SWE00138348","1960-03","58.06","14.6","285.0","HOGEMALEN, SW","4",",E","2",",E","0",",E","6","5,","100","5,,E,02,+","3.2",",,E,14,+","9.6",",,,E"
"SWE00138348","1960-04","58.06","14.6","285.0","HOGEMALEN, SW","8",",E","5",",E","0",",E","4",",","110",",,E,28,","6.9",",,E,25,","26.6",",,,E"
"SWE00138348","1960-05","58.06","14.6","285.0","HOGEMALEN, SW","9",",E","4",",E","0",",E","0",",","20",",,E,03,","7.3",",,E,02,","29.6",",,,E"
"SWE00138348","1960-06","58.06","14.6","285.0","HOGEMALEN, SW","13",",E","8",",E","0",",E","","","","","14.2",",,E,09,","76.5",",,,E"
"SWE00138348","1960-07","58.06","14.6","285.0","HOGEMALEN, SW","20",",E","13",",E","0",",E","","","","","23.2",",,E,03,","121.0",",,,E"
"SWE00138348","1960-08","58.06","14.6","285.0","HOGEMALEN, SW","22",",E","13",",E","1",",E","","","","","26.0",",,E,08,","129.4",",,,E"
"SWE00138348","1960-09","58.06","14.6","285.0","HOGEMALEN, SW","6",",E","2",",E","0",",E","","","","","23.7",",,E,04,","35.6",",,,E"
"SWE00138348","1960-10","58.06","14.6","285.0","HOGEMALEN, SW","16",",E","7",",E","1",",E","","","","","31.0",",,E,10,","86.7",",,,E"
"SWE00138348","1960-11","58.06","14.6","285.0","HOGEMALEN, SW","22",",E","15",",E","0",",E","","","","","11.0",",,E,02,","87.3",",,,E"
"SWE00138348","1960-12","58.06","14.6","285.0","HOGEMALEN, SW","21",",E","11",",E","0",",E","18","4,","370","4,,E,12,","24.3",",,E,05,","105.2",",,,E"
"SWE00138348","1961-01","58.06","14.6","285.0","HOGEMALEN, SW","14",",E","4",",E","0",",E","29",",","150",",,E,07,+","7.5",",,E,04,","29.8",",,,E"
"SWE00138348","1961-02","58.06","14.6","285.0","HOGEMALEN, SW","8",",E","2",",E","0",",E","6","4,","130","4,,E,04,","7.8",",,E,02,","17.8",",,,E"
"SWE00138348","1961-03","58.06","14.6","285.0","HOGEMALEN, SW","7",",E","2",",E","0",",E","1","2,","30","2,,E,30,","6.1",",,E,18,","14.9",",,,E"
"SWE00138348","1961-04","58.06","14.6","285.0","HOGEMALEN, SW","8",",E","5",",E","0",",E","2","1,","60","1,,E,04,","11.0",",,E,06,","33.0",",,,E"
"SWE00138348","1961-05","58.06","14.6","285.0","HOGEMALEN, SW","15",",E","6",",E","0",",E","","","","","21.2",",,E,13,","76.2",",,,E"
"SWE00138348","1961-06","58.06","14.6","285.0","HOGEMALEN, SW","11",",E","7",",E","0",",E","","","","","23.3",",,E,06,","65.7",",,,E"
"SWE00138348","1961-07","58.06","14.6","285.0","HOGEMALEN, SW","16",",E","9",",E","0",",E","","","","","20.0",",,E,18,","87.8",",,,E"
"SWE00138348","1961-08","58.06","14.6","285.0","HOGEMALEN, SW","16",",E","7",",E","1",",E","","","","","73.0",",,E,01,","106.8",",,,E"
"SWE00138348","1961-09","58.06","14.6","285.0","HOGEMALEN, SW","10",",E","7",",E","0",",E","","","","","11.3",",,E,05,","54.1",",,,E"
"SWE00138348","1961-10","58.06","14.6","285.0","HOGEMALEN, SW","17",",E","9",",E","0",",E","","","","","10.4",",,E,18,","55.4",",,,E"
"SWE00138348","1961-11","58.06","14.6","285.0","HOGEMALEN, SW","12",",E","6",",E","0",",E","0",",","0",",,E,30,+","19.9",",,E,03,","73.0",",,,E"
"SWE00138348","1961-12","58.06","14.6","285.0","HOGEMALEN, SW","12",",E","7",",E","0",",E","9","1,","130","1,,E,30,","10.0",",,E,31,","36.1",",,,E"
"SWE00138348","1962-01","58.06","14.6","285.0","HOGEMALEN, SW","13",",E","8",",E","0",",E","","","","","11.8",",,E,22,","51.4",",,,E"
"SWE00138348","1962-02","58.06","14.6","285.0","HOGEMALEN, SW","13",",E","5",",E","0",",E","14","1,","170","1,,E,06,","10.3",",,E,12,","37.1",",,,E"
"SWE00138348","1962-03","58.06","14.6","285.0","HOGEMALEN, SW","8",",E","3",",E","0",",E","31",",","200",",,E,12,+","9.8",",,E,10,","28.1",",,,E"
"SWE00138348","1962-04","58.06","14.6","285.0","HOGEMALEN, SW","12",",E","7",",E","0",",E","5","3,","160","3,,E,07,","12.5",",,E,17,","50.6",",,,E"
"SWE00138348","1962-05","58.06","14.6","285.0","HOGEMALEN, SW","19",",E","8",",E","0",",E","","","","","5.6",",,E,23,","43.2",",,,E"
"SWE00138348","1962-06","58.06","14.6","285.0","HOGEMALEN, SW","13",",E","7",",E","0",",E","","","","","16.1",",,E,25,","56.3",",,,E"
"SWE00138348","1962-07","58.06","14.6","285.0","HOGEMALEN, SW","13",",E","8",",E","0",",E","","","","","12.2",",,E,31,","52.5",",,,E"
"SWE00138348","1962-08","58.06","14.6","285.0","HOGEMALEN, SW","22",",E","16",",E","1",",E","","","","","30.0",",,E,07,","122.3",",,,E"
"SWE00138348","1962-09","58.06","14.6","285.0","HOGEMALEN, SW","16",",E","9",",E","1",",E","","","","","28.9",",,E,12,","97.4",",,,E"
"SWE00138348","1962-10","58.06","14.6","285.0","HOGEMALEN, SW","8",",E","2",",E","0",",E","","","","","6.0",",,E,26,","14.1",",,,E"
"SWE00138348","1962-11","58.06","14.6","285.0","HOGEMALEN, SW","12",",E","6",",E","0",",E","12","3,","270","3,,E,25,","12.3",",,E,24,","49.6",",,,E"
"SWE00138348","1962-12","58.06","14.6","285.0","HOGEMALEN, SW","12",",E","8",",E","0",",E","20","1,","390","1,,E,29,","9.2",",,E,28,","48.9",",,,E"
"SWE00138348","1963-01","58.06","14.6","285.0","HOGEMALEN, SW","15",",E","2",",E","0",",E","31",",","370",",,E,31,","3.8",",,E,26,+","21.4",",,,E"
"SWE00138348","1963-02","58.06","14.6","285.0","HOGEMALEN, SW","9",",E","1",",E","0",",E","28",",","550",",,E,15,","11.2",",,E,04,","23.2",",,,E"
"SWE00138348","1963-03","58.06","14.6","285.0","HOGEMALEN, SW","9",",E","1",",E","0",",E","31",",","450",",,E,02,+","4.1",",,E,07,","9.3",",,,E"
"SWE00138348","1963-04","58.06","14.6","285.0","HOGEMALEN, SW","13",",E","3",",E","0",",E","7","1,","130","1,,E,02,+","8.1",",,E,11,","25.7",",,,E"
"SWE00138348","1963-05","58.06","14.6","285.0","HOGEMALEN, SW","9",",E","5",",E","0",",E","","","","","16.8",",,E,23,","43.4",",,,E"
"SWE00138348","1963-06","58.06","14.6","285.0","HOGEMALEN, SW","12",",E","5",",E","1",",E","","","","","25.7",",,E,26,","58.1",",,,E"
"SWE00138348","1963-07","58.06","14.6","285.0","HOGEMALEN, SW","16",",E","8",",E","1",",E","","","","","27.9",",,E,07,","74.2",",,,E"
"SWE00138348","1963-08","58.06","14.6","285.0","HOGEMALEN, SW","21",",E","9",",E","0",",E","","","","","17.5",",,E,16,","86.7",",,,E"
"SWE00138348","1963-09","58.06","14.6","285.0","HOGEMALEN, SW","15",",E","8",",E","0",",E","","","","","13.8",",,E,01,","56.7",",,,E"
"SWE00138348","1963-10","58.06","14.6","285.0","HOGEMALEN, SW","18",",E","5",",E","0",",E","","","","","16.3",",,E,02,","64.7",",,,E"
"SWE00138348","1963-11","58.06","14.6","285.0","HOGEMALEN, SW","23",",E","13",",E","0",",E","9","3,","300","3,,E,25,","16.8",",,E,08,","122.9",",,,E"
"SWE00138348","1963-12","58.06","14.6","285.0","HOGEMALEN, SW","9",",E","1",",E","0",",E","4",",","40",",,E,23,+","5.2",",,E,31,","10.1",",,,E"
"SWE00138348","1964-01","58.06","14.6","285.0","HOGEMALEN, SW","7",",E","2",",E","0",",E","4","1,","60","1,,E,02,+","2.7",",,E,26,","8.8",",,,E"
"SWE00138348","1964-02","58.06","14.6","285.0","HOGEMALEN, SW","8",",E","4",",E","0",",E","18","2,","190","2,,E,17,","6.9",",,E,15,","25.9",",,,E"
"SWE00138348","1964-03","58.06","14.6","285.0","HOGEMALEN, SW","2",",E","0",",E","0",",E","","","","","0.8",",,E,02,","1.7",",,,E"
"SWE00138348","1964-04","58.06","14.6","285.0","HOGEMALEN, SW","11",",E","4",",E","0",",E","0",",","10",",,E,09,","5.1",",,E,27,","19.8",",,,E"
"SWE00138348","1964-05","58.06","14.6","285.0","HOGEMALEN, SW","10",",E","6",",E","0",",E","","","","","11.4",",,E,04,","39.3",",,,E"
"SWE00138348","1964-06","58.06","14.6","285.0","HOGEMALEN, SW","17",",E","5",",E","0",",E","","","","","11.4",",,E,02,","47.1",",,,E"
"SWE00138348","1964-07","58.06","14.6","285.0","HOGEMALEN, SW","19",",E","9",",E","0",",E","","","","","11.9",",,E,22,","70.9",",,,E"
"SWE00138348","1964-08","58.06","14.6","285.0","HOGEMALEN, SW","18",",E","8",",E","0",",E","","","","","9.7",",,E,09,","44.1",",,,E"
"SWE00138348","1964-09","58.06","14.6","285.0","HOGEMALEN, SW","14",",E","8",",E","1",",E","","","","","26.7",",,E,16,","76.9",",,,E"
"SWE00138348","1964-10","58.06","14.6","285.0","HOGEMALEN, SW","16",",E","7",",E","0",",E","","","","","21.7",",,E,13,","78.7",",,,E"
"SWE00138348","1964-11","58.06","14.6","285.0","HOGEMALEN, SW","16",",E","6",",E","0",",E","4","2,","90","2,,E,20,","11.4",",,E,19,","48.6",",,,E"
"SWE00138348","1964-12","58.06","14.6","285.0","HOGEMALEN, SW","14",",E","6",",E","0",",E","7",",","110",",,E,06,","13.8",",,E,13,","40.0",",,,E"
"SWE00138348","1965-01","58.06","14.6","285.0","HOGEMALEN, SW","20",",E","9",",E","0",",E","12","1,","300","1,,E,29,","7.5",",,E,19,","54.6",",,,E"
"SWE00138348","1965-02","58.06","14.6","285.0","HOGEMALEN, SW","9",",E","5",",E","0",",E","28",",","410",",,E,15,+","25.3",",,E,13,","51.5",",,,E"
"SWE00138348","1965-03","58.06","14.6","285.0","HOGEMALEN, SW","8",",E","1",",E","0",",E","","","","","2.6",",,E,27,","14.0",",,,E"
"SWE00138348","1965-04","58.06","14.6","285.0","HOGEMALEN, SW","15",",E","6",",E","0",",E","0",",","0",",,E,30,+","8.2",",,E,06,","45.4",",,,E"
"SWE00138348","1965-05","58.06","14.6","285.0","HOGEMALEN, SW","6",",E","4",",E","0",",E","","","","","4.2",",,E,09,","15.9",",,,E"
"SWE00138348","1965-06","58.06","14.6","285.0","HOGEMALEN, SW","20",",E","10",",E","0",",E","","","","","20.6",",,E,12,","71.5",",,,E"
"SWE00138348","1965-07","58.06","14.6","285.0","HOGEMALEN, SW","20",",E","13",",E","0",",E","","","","","12.2",",,E,30,","86.3",",,,E"
"SWE00138348","1965-08","58.06","14.6","285.0","HOGEMALEN, SW","19",",E","6",",E","0",",E","","","","","21.6",",,E,05,","53.6",",,,E"
"SWE00138348","1965-09","58.06","14.6","285.0","HOGEMALEN, SW","16",",E","10",",E","0",",E","","","","","24.2",",,E,05,","105.1",",,,E"
"SWE00138348","1965-10","58.06","14.6","285.0","HOGEMALEN, SW","6",",E","0",",E","0",",E","","","","","2.3",",,E,17,","6.3",",,,E"
"SWE00138348","1965-11","58.06","14.6","285.0","HOGEMALEN, SW","18",",E","7",",E","0",",E","17","1,","200","1,,E,30,+","14.3",",,E,01,","60.7",",,,E"
"SWE00138348","1965-12","58.06","14.6","285.0","HOGEMALEN, SW","18",",E","12",",E","0",",E","31",",","580",",,E,31,","12.9",",,E,09,","90.7",",,,E"
"SWE00138348","1966-01","58.06","14.6","285.0","HOGEMALEN, SW","11",",E","5",",E","0",",E","31",",","620",",,E,04,+","13.4",",,E,01,","38.5",",,,E"
"SWE00138348","1966-02","58.06","14.6","285.0","HOGEMALEN, SW","18",",E","10",",E","0",",E","28",",","970",",,E,20,","19.3",",,E,05,","90.8",",,,E"
"SWE00138348","1966-03","58.06","14.6","285.0","HOGEMALEN, SW","19",",E","8",",E","0",",E","31",",","480",",,E,02,+","11.8",",,E,27,","58.0",",,,E"
"SWE00138348","1966-04","58.06","14.6","285.0","HOGEMALEN, SW","9",",E","5",",E","0",",E","","","","","11.8",",,E,25,","39.1",",,,E"
"SWE00138348","1966-05","58.06","14.6","285.0","HOGEMALEN, SW","13",",E","3",",E","0",",E","","","","","14.8",",,E,05,","38.3",",,,E"
"SWE00138348","1966-06","58.06","14.6","285.0","HOGEMALEN, SW","12",",E","6",",E","0",",E","","","","","17.6",",,E,28,","44.4",",,,E"
"SWE00138348","1966-07","58.06","14.6","285.0","HOGEMALEN, SW","14",",E","6",",E","1",",E","","","","","29.8",",,E,07,","73.7",",,,E"
"SWE00138348","1966-08","58.06","14.6","285.0","HOGEMALEN, SW","13",",E","7",",E","0",",E","","","","","11.8",",,E,02,","45.4",",,,E"
"SWE00138348","1966-09","58.06","14.6","285.0","HOGEMALEN, SW","14",",E","6",",E","0",",E","","","","","17.0",",,E,01,","59.7",",,,E"
"SWE00138348","1966-10","58.06","14.6","285.0","HOGEMALEN, SW","14",",E","8",",E","0",",E","","","","","14.2",",,E,23,","62.4",",,,E"
"SWE00138348","1966-11","58.06","14.6","285.0","HOGEMALEN, SW","16",",E","7",",E","0",",E","10","2,","110","2,,E,21,","15.6",",,E,09,","62.9",",,,E"
"SWE00138348","1966-12","58.06","14.6","285.0","HOGEMALEN, SW","22",",E","11",",E","0",",E","17",",","140",",,E,17,","6.7",",,E,30,","57.1",",,,E"
"SWE00138348","1967-01","58.06","14.6","285.0","HOGEMALEN, SW","20",",E","11",",E","0",",E","31",",","540",",,E,31,","8.8",",,E,30,","70.9",",,,E"
"SWE00138348","1967-02","58.06","14.6","285.0","HOGEMALEN, SW","13",",E","6",",E","0",",E","28",",","600",",,E,03,","12.3",",,E,23,","45.8",",,,E"
"SWE00138348","1967-03","58.06","14.6","285.0","HOGEMALEN, SW","15",",E","4",",E","0",",E","8","4,","270","4,,E,01,","6.6",",,E,03,","31.2",",,,E"
"SWE00138348","1967-04","58.06","14.6","285.0","HOGEMALEN, SW","12",",E","7",",E","0",",E","0","4,","0","4,,E,30,+","8.1",",,E,30,","45.9",",,,E"
"SWE00138348","1967-05","58.06","14.6","285.0","HOGEMALEN, SW","18",",E","10",",E","0",",E","0","1,","0","1,,E,31,+","10.3",",,E,18,","74.1",",,,E"
"SWE00138348","1967-06","58.06","14.6","285.0","HOGEMALEN, SW","13",",E","7",",E","0",",E","","","","","15.5",",,E,28,","55.7",",,,E"
"SWE00138348","1967-07","58.06","14.6","285.0","HOGEMALEN, SW","14",",E","6",",E","0",",E","","","","","16.5",",,E,03,","61.5",",,,E"
"SWE00138348","1967-08","58.06","14.6","285.0","HOGEMALEN, SW","19",",E","10",",E","1",",E","","","","","28.3",",,E,19,","128.8",",,,E"
"SWE00138348","1967-09","58.06","14.6","285.0","HOGEMALEN, SW","19",",E","8",",E","0",",E","","","","","23.5",",,E,22,","80.3",",,,E"
"SWE00138348","1967-10","58.06","14.6","285.0","HOGEMALEN, SW","24",",E","12",",E","1",",E","2",",","90",",,E,18,","39.0",",,E,17,","111.7",",,,E"
"SWE00138348","1967-11","58.06","14.6","285.0","HOGEMALEN, SW","11",",E","3",",E","0",",E","0",",","0",",,E,30,+","6.6",",,E,16,","20.9",",,,E"
"SWE00138348","1967-12","58.06","14.6","285.0","HOGEMALEN, SW","13",",E","8",",E","0",",E","17","4,","250","4,,E,13,","13.2",",,E,11,","57.2",",,,E"
"SWE00138348","1968-01","58.06","14.6","285.0","HOGEMALEN, SW","19",",E","6",",E","0",",E","31",",","500",",,E,19,","14.5",",,E,17,","56.9",",,,E"
"SWE00138348","1968-02","58.06","14.6","285.0","HOGEMALEN, SW","12",",E","4",",E","0",",E","29",",","320",",,E,19,+","4.6",",,E,09,","25.1",",,,E"
"SWE00138348","1968-03","58.06","14.6","285.0","HOGEMALEN, SW","10",",E","1",",E","0",",E","21","3,","250","3,,E,01,","4.7",",,E,06,","17.9",",,,E"
"SWE00138348","1968-04","58.06","14.6","285.0","HOGEMALEN, SW","13",",E","6",",E","0",",E","4","4,","80","4,,E,06,","5.3",",,E,05,+","34.0",",,,E"
"SWE00138348","1968-05","58.06","14.6","285.0","HOGEMALEN, SW","17",",E","8",",E","0",",E","2",",","110",",,E,20,","22.2",",,E,19,","76.9",",,,E"
"SWE00138348","1968-06","58.06","14.6","285.0","HOGEMALEN, SW","13",",E","6",",E","0",",E","","","","","11.7",",,E,27,","40.2",",,,E"
"SWE00138348","1968-07","58.06","14.6","285.0","HOGEMALEN, SW","12",",E","9",",E","1",",E","","","","","27.2",",,E,07,","93.4",",,,E"
"SWE00138348","1968-08","58.06","14.6","285.0","HOGEMALEN, SW","9",",E","4",",E","0",",E","","","","","5.8",",,E,17,","22.3",",,,E"
"SWE00138348","1968-09","58.06","14.6","285.0","HOGEMALEN, SW","10",",E","4",",E","0",",E","","","","","6.6",",,E,22,","25.8",",,,E"
"SWE00138348","1968-10","58.06","14.6","285.0","HOGEMALEN, SW","16",",E","10",",E","0",",E","0","1,","0","1,,E,31,+","24.3",",,E,31,","78.3",",,,E"
"SWE00138348","1968-11","58.06","14.6","285.0","HOGEMALEN, SW","19",",E","7",",E","0",",E","11","5,","60","5,,E,10,","11.5",",,E,01,","53.4",",,,E"
"SWE00138348","1968-12","58.06","14.6","285.0","HOGEMALEN, SW","13",",E","8",",E","0",",E","13","3,","280","3,,E,31,","5.6",",,E,26,","37.9",",,,E"
"SWE00138348","1969-01","58.06","14.6","285.0","HOGEMALEN, SW","26",",E","10",",E","0",",E","31",",","530",",,E,24,","17.9",",,E,13,","87.1",",,,E"
"SWE00138348","1969-02","58.06","14.6","285.0","HOGEMALEN, SW","18",",E","5",",E","0",",E","28",",","540",",,E,28,+","10.2",",,E,02,","43.2",",,,E"
"SWE00138348","1969-03","58.06","14.6","285.0","HOGEMALEN, SW","4",",E","2",",E","0",",E","31",",","540",",,E,10,","6.8",",,E,08,","15.5",",,,E"
"SWE00138348","1969-04","58.06","14.6","285.0","HOGEMALEN, SW","13",",E","7",",E","0",",E","13","3,","500","3,,E,03,+","8.6",",,E,18,","39.9",",,,E"
"SWE00138348","1969-05","58.06","14.6","285.0","HOGEMALEN, SW","21",",E","14",",E","1",",E","0",",","0",",,E,31,+","26.5",",,E,19,","123.7",",,,E"
"SWE00138348","1969-06","58.06","14.6","285.0","HOGEMALEN, SW","2",",E","1",",E","0",",E","0",",","0",",,E,30,+","2.5",",,E,02,","3.0",",,,E"
"SWE00138348","1969-07","58.06","14.6","285.0","HOGEMALEN, SW","8",",E","4",",E","0",",E","0",",","0",",,E,31,+","24.3",",,E,17,","38.2",",,,E"
"SWE00138348","1969-08","58.06","14.6","285.0","HOGEMALEN, SW","11",",E","6",",E","1",",E","0",",","0",",,E,31,+","38.3",",,E,21,","91.1",",,,E"
"SWE00138348","1969-09","58.06","14.6","285.0","HOGEMALEN, SW","10",",E","5",",E","0",",E","0",",","0",",,E,30,+","12.0",",,E,26,","39.7",",,,E"
"SWE00138348","1969-10","58.06","14.6","285.0","HOGEMALEN, SW","8",",E","4",",E","0",",E","0",",","0",",,E,31,+","12.5",",,E,01,","33.9",",,,E"
"SWE00138348","1969-11","58.06","14.6","285.0","HOGEMALEN, SW","22",",E","12",",E","0",",E","8",",","220",",,E,30,","13.1",",,E,29,","83.3",",,,E"
"SWE00138348","1969-12","58.06","14.6","285.0","HOGEMALEN, SW","12",",E","2",",E","0",",E","31",",","280",",,E,22,+","2.6",",,E,16,+","16.2",",,,E"
"SWE00138348","1970-01","58.06","14.6","285.0","HOGEMALEN, SW","12",",E","3",",E","0",",E","31",",","340",",,E,29,+","8.5",",,E,26,","26.7",",,,E"
"SWE00138348","1970-02","58.06","14.6","285.0","HOGEMALEN, SW","11",",E","1",",E","0",",E","28",",","440",",,E,18,+","7.3",",,E,08,","17.1",",,,E"
"SWE00138348","1970-03","58.06","14.6","285.0","HOGEMALEN, SW","18",",E","8",",E","0",",E","31",",","550",",,E,11,+","9.8",",,E,07,","58.6",",,,E"
"SWE00138348","1970-04","58.06","14.6","285.0","HOGEMALEN, SW","21",",E","8",",E","0",",E","20","3,","750","3,,E,07,","14.0",",,E,04,","70.5",",,,E"
"SWE00138348","1970-05","58.06","14.6","285.0","HOGEMALEN, SW","8",",E","4",",E","0",",E","0",",","0",",,E,31,+","6.8",",,E,31,","24.3",",,,E"
"SWE00138348","1970-06","58.06","14.6","285.0","HOGEMALEN, SW","6",",E","5",",E","0",",E","0",",","0",",,E,30,+","8.9",",,E,25,","27.0",",,,E"
"SWE00138348","1970-07","58.06","14.6","285.0","HOGEMALEN, SW","18",",E","9",",E","0",",E","0",",","0",",,E,31,+","16.0",",,E,25,","76.6",",,,E"
"SWE00138348","1970-08","58.06","14.6","285.0","HOGEMALEN, SW","10",",E","7",",E","0",",E","0",",","0",",,E,31,+","24.8",",,E,18,","77.8",",,,E"
"SWE00138348","1970-09","58.06","14.6","285.0","HOGEMALEN, SW","14",",E","8",",E","0",",E","0",",","0",",,E,30,+","11.5",",,E,15,","57.5",",,,E"
"SWE00138348","1970-10","58.06","14.6","285.0","HOGEMALEN, SW","20",",E","10",",E","0",",E","1","1,","180","1,,E,29,","22.9",",,E,07,","115.6",",,,E"
"SWE00138348","1970-11","58.06","14.6","285.0","HOGEMALEN, SW","19",",E","10",",E","1",",E","14","4,","120","4,,E,04,","31.1",",,E,01,","99.1",",,,E"
"SWE00138348","1970-12","58.06","14.6","285.0","HOGEMALEN, SW","12",",E","3",",E","0",",E","","","","","3.4",",,E,30,","19.4",",,,E"
"SWE00138348","1971-01","58.06","14.6","285.0","HOGEMALEN, SW","12",",E","0",",E","0",",E","","","","","2.3",",,E,31,+","12.5",",,,E"
"SWE00138348","1971-02","58.06","14.6","285.0","HOGEMALEN, SW","12",",E","3",",E","0",",E","","","","","5.1",",,E,18,","18.4",",,,E"
"SWE00138348","1971-03","58.06","14.6","285.0","HOGEMALEN, SW","16",",E","4",",E","0",",E","25","5,","200","5,,E,14,+","8.6",",,E,10,","43.4",",,,E"
"SWE00138348","1971-04","58.06","14.6","285.0","HOGEMALEN, SW","13",",E","2",",E","0",",E","","","","","6.5",",,E,02,","23.0",",,,E"
"SWE00138348","1971-05","58.06","14.6","285.0","HOGEMALEN, SW","7",",E","3",",E","0",",E","","","","","8.8",",,E,26,","22.2",",,,E"
"SWE00138348","1971-06","58.06","14.6","285.0","HOGEMALEN, SW","10",",E","5",",E","0",",E","","","","","17.7",",,E,27,","43.9",",,,E"
"SWE00138348","1971-07","58.06","14.6","285.0","HOGEMALEN, SW","15",",E","8",",E","1",",E","","","","","33.1",",,E,16,","94.0",",,,E"
"SWE00138348","1971-08","58.06","14.6","285.0","HOGEMALEN, SW","13",",E","8",",E","0",",E","","","","","24.5",",,E,11,","99.0",",,,E"
"SWE00138348","1971-09","58.06","14.6","285.0","HOGEMALEN, SW","13",",E","6",",E","0",",E","","","","","20.4",",,E,17,","64.1",",,,E"
"SWE00138348","1971-10","58.06","14.6","285.0","HOGEMALEN, SW","11",",E","4",",E","0",",E","","","","","7.1",",,E,21,","27.1",",,,E"
"SWE00138348","1971-11","58.06","14.6","285.0","HOGEMALEN, SW","15",",E","5",",E","0",",E","","","","","19.1",",,E,06,","59.1",",,,E"
"SWE00138348","1971-12","58.06","14.6","285.0","HOGEMALEN, SW","8",",E","5",",E","0",",E","","","","","16.4",",,E,27,","40.9",",,,E"
"SWE00138348","1972-01","58.06","14.6","285.0","HOGEMALEN, SW","11",",E","2",",E","0",",E","31",",","270",",,E,31,","4.8",",,E,31,","21.7",",,,E"
"SWE00138348","1972-02","58.06","14.6","285.0","HOGEMALEN, SW","8",",E","5",",E","0",",E","29",",","410",",,E,04,+","6.9",",,E,02,","29.9",",,,E"
"SWE00138348","1972-03","58.06","14.6","285.0","HOGEMALEN, SW","11",",E","3",",E","0",",E","22","2,","360","2,,E,11,+","6.9",",,E,29,","27.2",",,,E"
"SWE00138348","1972-04","58.06","14.6","285.0","HOGEMALEN, SW","17",",E","9",",E","0",",E","","","","","7.5",",,E,02,","47.6",",,,E"
"SWE00138348","1972-05","58.06","14.6","285.0","HOGEMALEN, SW","12",",E","8",",E","0",",E","","","","","10.8",",,E,18,","52.0",",,,E"
"SWE00138348","1972-06","58.06","14.6","285.0","HOGEMALEN, SW","12",",E","4",",E","0",",E","","","","","16.8",",,E,29,","44.0",",,,E"
"SWE00138348","1972-07","58.06","14.6","285.0","HOGEMALEN, SW","12",",E","7",",E","1",",E","","","","","70.4",",,E,13,","122.7",",,,E"
"SWE00138348","1972-08","58.06","14.6","285.0","HOGEMALEN, SW","12",",E","8",",E","0",",E","","","","","12.9",",,E,14,","57.2",",,,E"
"SWE00138348","1972-09","58.06","14.6","285.0","HOGEMALEN, SW","9",",E","2",",E","0",",E","","","","","12.5",",,E,10,","31.8",",,,E"
"SWE00138348","1972-10","58.06","14.6","285.0","HOGEMALEN, SW","8",",E","6",",E","0",",E","","","","","18.7",",,E,20,","38.8",",,,E"
"SWE00138348","1972-11","58.06","14.6","285.0","HOGEMALEN, SW","19",",E","5",",E","0",",E","","","","","9.2",",,E,13,","44.4",",,,E"
"SWE00138348","1972-12","58.06","14.6","285.0","HOGEMALEN, SW","12",",E","3",",E","0",",E","","","","","6.7",",,E,06,","22.2",",,,E"
"SWE00138348","1973-01","58.06","14.6","285.0","HOGEMALEN, SW","13",",E","7",",E","0",",E","","","","","10.8",",,E,22,","39.0",",,,E"
"SWE00138348","1973-02","58.06","14.6","285.0","HOGEMALEN, SW","13",",E","4",",E","0",",E","14","4,","210","4,,E,19,+","9.9",",,E,15,","33.3",",,,E"
"SWE00138348","1973-03","58.06","14.6","285.0","HOGEMALEN, SW","3",",E","1",",E","0",",E","","","","","8.0",",,E,17,","11.2",",,,E"
"SWE00138348","1973-04","58.06","14.6","285.0","HOGEMALEN, SW","18",",E","7",",E","0",",E","","","","","13.0",",,E,16,","49.2",",,,E"
"SWE00138348","1973-05","58.06","14.6","285.0","HOGEMALEN, SW","13",",E","9",",E","0",",E","","","","","13.8",",,E,01,","53.1",",,,E"
"SWE00138348","1973-06","58.06","14.6","285.0","HOGEMALEN, SW","9",",E","3",",E","0",",E","","","","","9.1",",,E,28,","25.3",",,,E"
"SWE00138348","1973-07","58.06","14.6","285.0","HOGEMALEN, SW","13",",E","9",",E","1",",E","","","","","26.8",",,E,25,","90.3",",,,E"
"SWE00138348","1973-08","58.06","14.6","285.0","HOGEMALEN, SW","10",",E","4",",E","0",",E","","","","","8.0",",,E,06,","27.5",",,,E"
"SWE00138348","1973-09","58.06","14.6","285.0","HOGEMALEN, SW","15",",E","8",",E","0",",E","","","","","14.3",",,E,29,","68.4",",,,E"
"SWE00138348","1973-10","58.06","14.6","285.0","HOGEMALEN, SW","11",",E","3",",E","0",",E","","","","","17.2",",,E,09,","35.8",",,,E"
"SWE00138348","1973-11","58.06","14.6","285.0","HOGEMALEN, SW","13",",E","8",",E","0",",E","","","","","11.5",",,E,24,","52.4",",,,E"
"SWE00138348","1973-12","58.06","14.6","285.0","HOGEMALEN, SW","16",",E","7",",E","0",",E","","","","","7.5",",,E,14,","42.7",",,,E"
"SWE00138348","1974-01","58.06","14.6","285.0","HOGEMALEN, SW","12",",E","6",",E","0",",E","","","","","9.1",",,E,29,","39.7",",,,E"
"SWE00138348","1974-02","58.06","14.6","285.0","HOGEMALEN, SW","7",",E","4",",E","0",",E","","","","","9.2",",,E,07,","25.3",",,,E"
"SWE00138348","1974-03","58.06","14.6","285.0","HOGEMALEN, SW","5",",E","5",",E","0",",E","","","","","13.0",",,E,20,","42.2",",,,E"
"SWE00138348","1974-04","58.06","14.6","285.0","HOGEMALEN, SW","4",",E","0",",E","0",",E","","","","","1.7",",,E,23,","4.2",",,,E"
"SWE00138348","1974-05","58.06","14.6","285.0","HOGEMALEN, SW","8",",E","3",",E","0",",E","","","","","8.1",",,E,27,","21.0",",,,E"
"SWE00138348","1974-06","58.06","14.6","285.0","HOGEMALEN, SW","11",",E","5",",E","0",",E","","","","","14.8",",,E,19,","40.4",",,,E"
"SWE00138348","1974-07","58.06","14.6","285.0","HOGEMALEN, SW","16",",E","5",",E","0",",E","","","","","15.7",",,E,14,","50.6",",,,E"
"SWE00138348","1974-08","58.06","14.6","285.0","HOGEMALEN, SW","12",",E","7",",E","0",",E","","","","","10.0",",,E,16,","37.3",",,,E"
"SWE00138348","1974-09","58.06","14.6","285.0","HOGEMALEN, SW","15",",E","7",",E","1",",E","","","","","26.5",",,E,29,","68.9",",,,E"
"SWE00138348","1974-10","58.06","14.6","285.0","HOGEMALEN, SW","22",",E","15",",E","1",",E","","","","","29.5",",,E,02,","137.0",",,,E"
"SWE00138348","1974-11","58.06","14.6","285.0","HOGEMALEN, SW","18",",E","9",",E","0",",E","","","","","9.1",",,E,16,","56.5",",,,E"
"SWE00138348","1974-12","58.06","14.6","285.0","HOGEMALEN, SW","19",",E","7",",E","0",",E","","","","","21.3",",,E,12,","77.4",",,,E"
"SWE00138348","1975-01","58.06","14.6","285.0","HOGEMALEN, SW","22",",E","11",",E","0",",E","","","","","15.4",",,E,06,","81.9",",,,E"
"SWE00138348","1975-02","58.06","14.6","285.0","HOGEMALEN, SW","3",",E","1",",E","0",",E","1","3,","40","3,,E,01,","3.0",",,E,01,","5.4",",,,E"
"SWE00138348","1975-03","58.06","14.6","285.0","HOGEMALEN, SW","13",",E","5",",E","1",",E","","","","","26.7",",,E,29,","63.0",",,,E"
"SWE00138348","1975-04","58.06","14.6","285.0","HOGEMALEN, SW","12",",E","4",",E","0",",E","","","","","9.1",",,E,12,","34.2",",,,E"
"SWE00138348","1975-05","58.06","14.6","285.0","HOGEMALEN, SW","17",",E","8",",E","0",",E","","","","","19.2",",,E,12,","68.2",",,,E"
"SWE00138348","1975-06","58.06","14.6","285.0","HOGEMALEN, SW","6",",E","3",",E","0",",E","","","","","15.8",",,E,04,","30.9",",,,E"
"SWE00138348","1975-07","58.06","14.6","285.0","HOGEMALEN, SW","8",",E","7",",E","0",",E","","","","","9.0",",,E,24,","36.2",",,,E"
"SWE00138348","1975-08","58.06","14.6","285.0","HOGEMALEN, SW","6",",E","5",",E","1",",E","","","","","25.7",",,E,17,","51.9",",,,E"
"SWE00138348","1975-09","58.06","14.6","285.0","HOGEMALEN, SW","13",",E","9",",E","0",",E","","","","","20.7",",,E,12,","83.8",",,,E"
"SWE00138348","1975-10","58.06","14.6","285.0","HOGEMALEN, SW","11",",E","5",",E","0",",E","","","","","5.6",",,E,15,","24.7",",,,E"
"SWE00138348","1975-11","58.06","14.6","285.0","HOGEMALEN, SW","11",",E","6",",E","0",",E","","","","","8.5",",,E,29,+","40.4",",,,E"
"SWE00138348","1975-12","58.06","14.6","285.0","HOGEMALEN, SW","8",",E","3",",E","0",",E","","","","","7.8",",,E,12,","22.8",",,,E"
"SWE00138348","1976-01","58.06","14.6","285.0","HOGEMALEN, SW","14",",E","5",",E","0",",E","","","","","5.3",",,E,21,","31.1",",,,E"
"SWE00138348","1976-02","58.06","14.6","285.0","HOGEMALEN, SW","6",",E","1",",E","0",",E","","","","","6.1",",,E,20,","11.0",",,,E"
"SWE00138348","1976-03","58.06","14.6","285.0","HOGEMALEN, SW","12",",E","6",",E","0",",E","","","","","2.8",",,E,29,","24.0",",,,E"
"SWE00138348","1976-04","58.06","14.6","285.0","HOGEMALEN, SW","13",",E","5",",E","0",",E","","","","","13.8",",,E,29,","40.9",",,,E"
"SWE00138348","1976-05","58.06","14.6","285.0","HOGEMALEN, SW","9",",E","6",",E","0",",E","","","","","10.2",",,E,26,","40.9",",,,E"
"SWE00138348","1976-06","58.06","14.6","285.0","HOGEMALEN, SW","8",",E","3",",E","0",",E","","","","","9.3",",,E,12,","23.7",",,,E"
"SWE00138348","1976-07","58.06","14.6","285.0","HOGEMALEN, SW","8",",E","4",",E","0",",E","","","","","15.1",",,E,30,","35.8",",,,E"
"SWE00138348","1976-08","58.06","14.6","285.0","HOGEMALEN, SW","8",",E","4",",E","0",",E","","","","","7.5",",,E,04,","22.8",",,,E"
"SWE00138348","1976-09","58.06","14.6","285.0","HOGEMALEN, SW","10",",E","6",",E","0",",E","","","","","11.5",",,E,09,","47.9",",,,E"
"SWE00138348","1976-10","58.06","14.6","285.0","HOGEMALEN, SW","12",",E","9",",E","0",",E","","","","","15.7",",,E,07,","68.4",",,,E"
"SWE00138348","1976-11","58.06","14.6","285.0","HOGEMALEN, SW","12",",E","5",",E","0",",E","","","","","6.9",",,E,08,","34.6",",,,E"
"SWE00138348","1976-12","58.06","14.6","285.0","HOGEMALEN, SW","21",",E","12",",E","0",",E","31",",","580",",,E,31,+","15.4",",,E,03,","104.4",",,,E"
"SWE00138348","1977-01","58.06","14.6","285.0","HOGEMALEN, SW","15",",E","10",",E","0",",E","31",",","760",",,E,24,+","12.8",",,E,12,","81.1",",,,E"
"SWE00138348","1977-02","58.06","14.6","285.0","HOGEMALEN, SW","13",",E","7",",E","0",",E","28",",","870",",,E,28,+","7.2",",,E,23,","40.8",",,,E"
"SWE00138348","1977-03","58.06","14.6","285.0","HOGEMALEN, SW","11",",E","7",",E","0",",E","31",",","870",",,E,01,","9.5",",,E,17,","58.5",",,,E"
"SWE00138348","1977-04","58.06","14.6","285.0","HOGEMALEN, SW","17",",E","5",",E","0",",E","","","","","21.7",",,E,06,","67.2",",,,E"
"SWE00138348","1977-05","58.06","14.6","285.0","HOGEMALEN, SW","11",",E","7",",E","0",",E","","","","","13.3",",,E,02,","54.1",",,,E"
"SWE00138348","1977-06","58.06","14.6","285.0","HOGEMALEN, SW","8",",E","5",",E","0",",E","","","","","18.6",",,E,29,","36.1",",,,E"
"SWE00138348","1977-07","58.06","14.6","285.0","HOGEMALEN, SW","15",",E","11",",E","0",",E","","","","","24.1",",,E,26,","117.6",",,,E"
"SWE00138348","1977-08","58.06","14.6","285.0","HOGEMALEN, SW","10",",E","3",",E","0",",E","","","","","11.7",",,E,03,","30.5",",,,E"
"SWE00138348","1977-09","58.06","14.6","285.0","HOGEMALEN, SW","11",",E","5",",E","0",",E","","","","","25.1",",,E,11,","74.8",",,,E"
"SWE00138348","1977-10","58.06","14.6","285.0","HOGEMALEN, SW","11",",E","7",",E","0",",E","","","","","17.3",",,E,04,","62.0",",,,E"
"SWE00138348","1977-11","58.06","14.6","285.0","HOGEMALEN, SW","22",",E","14",",E","0",",E","","","","","20.0",",,E,19,","107.4",",,,E"
"SWE00138348","1977-12","58.06","14.6","285.0","HOGEMALEN, SW","12",",E","6",",E","0",",E","","","","","12.5",",,E,23,","44.2",",,,E"
"SWE00138348","1978-01","58.06","14.6","285.0","HOGEMALEN, SW","13",",E","5",",E","0",",E","","","","","12.7",",,E,03,","34.6",",,,E"
"SWE00138348","1978-02","58.06","14.6","285.0","HOGEMALEN, SW","18",",E","3",",E","0",",E","28",",","400",",,E,17,+","10.5",",,E,12,","32.1",",,,E"
"SWE00138348","1978-03","58.06","14.6","285.0","HOGEMALEN, SW","19",",E","6",",E","0",",E","29","2,","400","2,,E,18,","19.7",",,E,15,","89.5",",,,E"
"SWE00138348","1978-04","58.06","14.6","285.0","HOGEMALEN, SW","2",",E","0",",E","0",",E","","","","","0.7",",,E,12,+","2.2",",,,E"
"SWE00138348","1978-05","58.06","14.6","285.0","HOGEMALEN, SW","6",",E","3",",E","0",",E","","","","","6.9",",,E,18,","19.5",",,,E"
"SWE00138348","1978-06","58.06","14.6","285.0","HOGEMALEN, SW","13",",E","9",",E","0",",E","","","","","16.0",",,E,28,","82.3",",,,E"
"SWE00138348","1978-07","58.06","14.6","285.0","HOGEMALEN, SW","13",",E","9",",E","0",",E","","","","","14.9",",,E,06,","62.0",",,,E"
"SWE00138348","1978-08","58.06","14.6","285.0","HOGEMALEN, SW","15",",E","8",",E","0",",E","","","","","16.4",",,E,31,","73.0",",,,E"
"SWE00138348","1978-09","58.06","14.6","285.0","HOGEMALEN, SW","20",",E","16",",E","1",",E","","","","","47.6",",,E,01,","176.1",",,,E"
"SWE00138348","1978-10","58.06","14.6","285.0","HOGEMALEN, SW","5",",E","3",",E","0",",E","","","","","5.2",",,E,04,","13.8",",,,E"
"SWE00138348","1978-11","58.06","14.6","285.0","HOGEMALEN, SW","14",",E","6",",E","0",",E","","","","","21.1",",,E,19,","64.5",",,,E"
"SWE00138348","1978-12","58.06","14.6","285.0","HOGEMALEN, SW","15",",E","4",",E","0",",E","31",",","290",",,E,31,+","7.2",",,E,13,","27.7",",,,E"
"SWE00138348","1979-01","58.06","14.6","285.0","HOGEMALEN, SW","13",",E","8",",E","0",",E","31",",","590",",,E,31,","16.7",",,E,30,","67.7",",,,E"
"SWE00138348","1979-02","58.06","14.6","285.0","HOGEMALEN, SW","6",",E","3",",E","0",",E","28",",","800",",,E,05,+","5.8",",,E,03,","18.2",",,,E"
"SWE00138348","1979-03","58.06","14.6","285.0","HOGEMALEN, SW","15",",E","6",",E","0",",E","31",",","470",",,E,03,+","4.8",",,E,31,","31.9",",,,E"
"SWE00138348","1979-04","58.06","14.6","285.0","HOGEMALEN, SW","12",",E","6",",E","0",",E","","","","","10.3",",,E,29,","41.9",",,,E"
"SWE00138348","1979-05","58.06","14.6","285.0","HOGEMALEN, SW","14",",E","5",",E","0",",E","","","","","8.5",",,E,24,","41.2",",,,E"
"SWE00138348","1979-06","58.06","14.6","285.0","HOGEMALEN, SW","10",",E","4",",E","0",",E","","","","","9.7",",,E,09,","25.3",",,,E"
"SWE00138348","1979-07","58.06","14.6","285.0","HOGEMALEN, SW","13",",E","7",",E","0",",E","","","","","20.0",",,E,30,","72.2",",,,E"
"SWE00138348","1979-08","58.06","14.6","285.0","HOGEMALEN, SW","12",",E","8",",E","2",",E","","","","","30.8",",,E,10,","113.8",",,,E"
"SWE00138348","1979-09","58.06","14.6","285.0","HOGEMALEN, SW","14",",E","1",",E","0",",E","","","","","4.4",",,E,26,","16.6",",,,E"
"SWE00138348","1979-10","58.06","14.6","285.0","HOGEMALEN, SW","8",",E","3",",E","0",",E","","","","","9.1",",,E,15,","19.0",",,,E"
"SWE00138348","1979-11","58.06","14.6","285.0","HOGEMALEN, SW","17",",E","10",",E","0",",E","","","","","13.2",",,E,16,","60.4",",,,E"
"SWE00138348","1979-12","58.06","14.6","285.0","HOGEMALEN, SW","19",",E","4",",E","0",",E","","","","","10.6",",,E,17,","41.0",",,,E"
"SWE00138348","1980-01","58.06","14.6","285.0","HOGEMALEN, SW","14",",E","2",",E","0",",E","31",",","290",",,E,31,","6.1",",,E,30,","20.1",",,,E"
"SWE00138348","1980-02","58.06","14.6","285.0","HOGEMALEN, SW","4",",E","2",",E","0",",E","29",",","380",",,E,13,+","14.0",",,E,10,","20.3",",,,E"
"SWE00138348","1980-03","58.06","14.6","285.0","HOGEMALEN, SW","7",",E","2",",E","0",",E","31",",","290",",,E,13,+","2.9",",,E,28,","8.8",",,,E"
"SWE00138348","1980-04","58.06","14.6","285.0","HOGEMALEN, SW","11",",E","5",",E","1",",E","","","","","26.4",",,E,19,","50.2",",,,E"
"SWE00138348","1980-05","58.06","14.6","285.0","HOGEMALEN, SW","9",",E","5",",E","0",",E","","","","","25.2",",,E,20,","48.1",",,,E"
"SWE00138348","1980-06","58.06","14.6","285.0","HOGEMALEN, SW","15",",E","7",",E","0",",E","","","","","15.2",",,E,20,","62.2",",,,E"
"SWE00138348","1980-07","58.06","14.6","285.0","HOGEMALEN, SW","12",",E","2",",E","1",",E","","","","","38.2",",,E,16,","60.4",",,,E"
"SWE00138348","1980-08","58.06","14.6","285.0","HOGEMALEN, SW","18",",E","12",",E","0",",E","","","","","20.2",",,E,21,","115.3",",,,E"
"SWE00138348","1980-09","58.06","14.6","285.0","HOGEMALEN, SW","14",",E","7",",E","0",",E","","","","","10.7",",,E,17,","47.7",",,,E"
"SWE00138348","1980-10","58.06","14.6","285.0","HOGEMALEN, SW","20",",E","13",",E","0",",E","","","","","20.4",",,E,23,","113.3",",,,E"
"SWE00138348","1980-11","58.06","14.6","285.0","HOGEMALEN, SW","17",",E","6",",E","0",",E","","","","","9.1",",,E,27,","50.7",",,,E"
"SWE00138348","1980-12","58.06","14.6","285.0","HOGEMALEN, SW","24",",E","12",",E","0",",E","","","","","16.3",",,E,15,","104.5",",,,E"
"SWE00138348","1981-01","58.06","14.6","285.0","HOGEMALEN, SW","12",",E","1",",E","0",",E","","","","","3.6",",,E,14,","12.6",",,,E"
"SWE00138348","1981-02","58.06","14.6","285.0","HOGEMALEN, SW","13",",E","6",",E","0",",E","22","3,","220","3,,E,25,","7.9",",,E,03,","39.8",",,,E"
"SWE00138348","1981-03","58.06","14.6","285.0","HOGEMALEN, SW","16",",E","7",",E","0",",E","","","","","15.5",",,E,07,","61.7",",,,E"
"SWE00138348","1981-04","58.06","14.6","285.0","HOGEMALEN, SW","5",",E","1",",E","0",",E","","","","","10.5",",,E,29,","16.0",",,,E"
"SWE00138348","1981-05","58.06","14.6","285.0","HOGEMALEN, SW","8",",E","6",",E","0",",E","","","","","14.7",",,E,25,","48.1",",,,E"
"SWE00138348","1981-06","58.06","14.6","285.0","HOGEMALEN, SW","21",",E","11",",E","1",",E","","","","","29.0",",,E,25,","114.4",",,,E"
"SWE00138348","1981-07","58.06","14.6","285.0","HOGEMALEN, SW","13",",E","7",",E","0",",E","","","","","17.3",",,E,17,","63.4",",,,E"
"SWE00138348","1981-08","58.06","14.6","285.0","HOGEMALEN, SW","14",",E","4",",E","0",",E","","","","","9.7",",,E,16,","32.5",",,,E"
"SWE00138348","1981-09","58.06","14.6","285.0","HOGEMALEN, SW","10",",E","5",",E","0",",E","","","","","9.5",",,E,21,+","46.5",",,,E"
"SWE00138348","1981-10","58.06","14.6","285.0","HOGEMALEN, SW","21",",E","10",",E","0",",E","","","","","16.7",",,E,20,","80.1",",,,E"
"SWE00138348","1981-11","58.06","14.6","285.0","HOGEMALEN, SW","17",",E","13",",E","0",",E","","","","","16.6",",,E,27,","112.6",",,,E"
"SWE00138348","1981-12","58.06","14.6","285.0","HOGEMALEN, SW","20",",E","8",",E","0",",E","30","1,","430","1,,E,31,+","16.4",",,E,07,","59.1",",,,E"
"SWE00138348","1982-01","58.06","14.6","285.0","HOGEMALEN, SW","12",",E","5",",E","0",",E","31",",","620",",,E,31,","16.0",",,E,26,","37.4",",,,E"
"SWE00138348","1982-02","58.06","14.6","285.0","HOGEMALEN, SW","5",",E","1",",E","0",",E","28",",","620",",,E,04,+","6.2",",,E,06,","10.7",",,,E"
"SWE00138348","1982-03","58.06","14.6","285.0","HOGEMALEN, SW","14",",E","2",",E","0",",E","","","","","5.8",",,E,17,","27.7",",,,E"
"SWE00138348","1982-04","58.06","14.6","285.0","HOGEMALEN, SW","9",",E","5",",E","0",",E","","","","","14.7",",,E,08,","36.8",",,,E"
"SWE00138348","1982-05","58.06","14.6","285.0","HOGEMALEN, SW","11",",E","7",",E","0",",E","","","","","11.3",",,E,19,","52.4",",,,E"
"SWE00138348","1982-06","58.06","14.6","285.0","HOGEMALEN, SW","10",",E","7",",E","0",",E","","","","","15.4",",,E,30,","63.3",",,,E"
"SWE00138348","1982-07","58.06","14.6","285.0","HOGEMALEN, SW","3",",E","1",",E","0",",E","","","","","4.5",",,E,01,","6.9",",,,E"
"SWE00138348","1982-08","58.06","14.6","285.0","HOGEMALEN, SW","14",",E","9",",E","0",",E","","","","","24.6",",,E,17,","109.6",",,,E"
"SWE00138348","1982-09","58.06","14.6","285.0","HOGEMALEN, SW","11",",E","6",",E","0",",E","","","","","7.7",",,E,04,","31.7",",,,E"
"SWE00138348","1982-10","58.06","14.6","285.0","HOGEMALEN, SW","11",",E","6",",E","0",",E","","","","","10.9",",,E,20,","44.4",",,,E"
"SWE00138348","1982-11","58.06","14.6","285.0","HOGEMALEN, SW","14",",E","4",",E","0",",E","","","","","14.7",",,E,27,","49.2",",,,E"
"SWE00138348","1982-12","58.06","14.6","285.0","HOGEMALEN, SW","12",",E","6",",E","0",",E","","","","","15.1",",,E,11,","44.7",",,,E"
"SWE00138348","1983-01","58.06","14.6","285.0","HOGEMALEN, SW","15",",E","8",",E","0",",E","","","","","10.1",",,E,04,","53.0",",,,E"
"SWE00138348","1983-02","58.06","14.6","285.0","HOGEMALEN, SW","7",",E","1",",E","0",",E","27","1,","130","1,,E,13,+","9.2",",,E,01,","14.7",",,,E"
"SWE00138348","1983-03","58.06","14.6","285.0","HOGEMALEN, SW","18",",E","7",",E","0",",E","","","","","12.1",",,E,22,","66.1",",,,E"
"SWE00138348","1983-04","58.06","14.6","285.0","HOGEMALEN, SW","16",",E","9",",E","0",",E","","","","","12.7",",,E,30,","64.6",",,,E"
"SWE00138348","1983-05","58.06","14.6","285.0","HOGEMALEN, SW","14",",E","7",",E","0",",E","","","","","8.9",",,E,27,","43.1",",,,E"
"SWE00138348","1983-06","58.06","14.6","285.0","HOGEMALEN, SW","12",",E","5",",E","0",",E","","","","","6.0",",,E,05,","28.6",",,,E"
"SWE00138348","1983-07","58.06","14.6","285.0","HOGEMALEN, SW","4",",E","1",",E","0",",E","","","","","8.9",",,E,01,","11.0",",,,E"
"SWE00138348","1983-08","58.06","14.6","285.0","HOGEMALEN, SW","5",",E","3",",E","0",",E","","","","","4.3",",,E,01,","10.4",",,,E"
"SWE00138348","1983-09","58.06","14.6","285.0","HOGEMALEN, SW","19",",E","13",",E","0",",E","","","","","17.3",",,E,21,","99.8",",,,E"
"SWE00138348","1983-10","58.06","14.6","285.0","HOGEMALEN, SW","13",",E","7",",E","0",",E","","","","","11.7",",,E,10,","44.2",",,,E"
"SWE00138348","1983-11","58.06","14.6","285.0","HOGEMALEN, SW","11",",E","3",",E","0",",E","","","","","9.7",",,E,26,","30.9",",,,E"
"SWE00138348","1983-12","58.06","14.6","285.0","HOGEMALEN, SW","15",",E","3",",E","0",",E","","","","","5.5",",,E,09,","33.0",",,,E"
"SWE00138348","1984-01","58.06","14.6","285.0","HOGEMALEN, SW","23",",E","10",",E","0",",E","24","5,","280","5,,E,29,","14.9",",,E,17,","69.6",",,,E"
"SWE00138348","1984-02","58.06","14.6","285.0","HOGEMALEN, SW","10",",E","1",",E","0",",E","29",",","280",",,E,01,","3.6",",,E,06,","10.6",",,,E"
"SWE00138348","1984-03","58.06","14.6","285.0","HOGEMALEN, SW","6",",E","1",",E","0",",E","31",",","250",",,E,01,","3.7",",,E,29,","7.6",",,,E"
"SWE00138348","1984-04","58.06","14.6","285.0","HOGEMALEN, SW","4",",E","1",",E","0",",E","","","","","3.5",",,E,20,","8.6",",,,E"
"SWE00138348","1984-05","58.06","14.6","285.0","HOGEMALEN, SW","6",",E","2",",E","0",",E","","","","","16.8",",,E,03,","24.3",",,,E"
"SWE00138348","1984-06","58.06","14.6","285.0","HOGEMALEN, SW","14",",E","8",",E","1",",E","","","","","52.4",",,E,23,","114.4",",,,E"
"SWE00138348","1984-07","58.06","14.6","285.0","HOGEMALEN, SW","10",",E","6",",E","0",",E","","","","","7.7",",,E,14,","40.8",",,,E"
"SWE00138348","1984-08","58.06","14.6","285.0","HOGEMALEN, SW","11",",E","6",",E","0",",E","","","","","12.6",",,E,05,","37.5",",,,E"
"SWE00138348","1984-09","58.06","14.6","285.0","HOGEMALEN, SW","17",",E","12",",E","1",",E","","","","","30.4",",,E,11,","111.2",",,,E"
"SWE00138348","1984-10","58.06","14.6","285.0","HOGEMALEN, SW","21",",E","13",",E","0",",E","","","","","17.6",",,E,22,","115.1",",,,E"
"SWE00138348","1984-11","58.06","14.6","285.0","HOGEMALEN, SW","11",",E","4",",E","0",",E","","","","","5.2",",,E,22,","21.0",",,,E"
"SWE00138348","1984-12","58.06","14.6","285.0","HOGEMALEN, SW","12",",E","5",",E","0",",E","","","","","5.2",",,E,18,","26.2",",,,E"
"SWE00138348","1985-01","58.06","14.6","285.0","HOGEMALEN, SW","12",",E","6",",E","0",",E","31",",","390",",,E,28,+","8.6",",,E,22,","42.9",",,,E"
"SWE00138348","1985-02","58.06","14.6","285.0","HOGEMALEN, SW","8",",E","2",",E","0",",E","28",",","360",",,E,14,+","3.9",",,E,23,","16.3",",,,E"
"SWE00138348","1985-03","58.06","14.6","285.0","HOGEMALEN, SW","13",",E","7",",E","0",",E","31",",","550",",,E,11,","13.2",",,E,27,","59.1",",,,E"
"SWE00138348","1985-04","58.06","14.6","285.0","HOGEMALEN, SW","20",",E","14",",E","0",",E","27",",","380",",,E,06,+","23.2",",,E,30,","130.7",",,,E"
"SWE00138348","1985-05","58.06","14.6","285.0","HOGEMALEN, SW","7",",E","3",",E","0",",E","","","","","5.1",",,E,09,","16.5",",,,E"
"SWE00138348","1985-06","58.06","14.6","285.0","HOGEMALEN, SW","14",",E","12",",E","0",",E","","","","","25.3",",,E,14,","122.3",",,,E"
"SWE00138348","1985-07","58.06","14.6","285.0","HOGEMALEN, SW","13",",E","7",",E","0",",E","","","","","21.2",",,E,20,","91.7",",,,E"
"SWE00138348","1985-08","58.06","14.6","285.0","HOGEMALEN, SW","14",",E","4",",E","1",",E","","","","","34.0",",,E,10,","60.4",",,,E"
"SWE00138348","1985-09","58.06","14.6","285.0","HOGEMALEN, SW","18",",E","11",",E","0",",E","","","","","17.0",",,E,03,","85.1",",,,E"
"SWE00138348","1985-10","58.06","14.6","285.0","HOGEMALEN, SW","8",",E","4",",E","1",",E","","","","","28.5",",,E,08,","44.9",",,,E"
"SWE00138348","1985-11","58.06","14.6","285.0","HOGEMALEN, SW","15",",E","6",",E","0",",E","","","","","7.9",",,E,09,","46.9",",,,E"
"SWE00138348","1985-12","58.06","14.6","285.0","HOGEMALEN, SW","21",",E","10",",E","0",",E","25","5,","320","5,,E,19,+","18.8",",,E,05,","108.3",",,,E"
"SWE00138348","1986-01","58.06","14.6","285.0","HOGEMALEN, SW","21",",E","10",",E","0",",E","29","2,","480","2,,E,20,+","7.0",",,E,03,","56.3",",,,E"
"SWE00138348","1986-02","58.06","14.6","285.0","HOGEMALEN, SW","7",",E","0",",E","0",",E","28",",","380",",,E,25,+","2.3",",,E,23,","11.1",",,,E"
"SWE00138348","1986-03","58.06","14.6","285.0","HOGEMALEN, SW","9",",E","3",",E","0",",E","","","","","7.6",",,E,24,","27.6",",,,E"
"SWE00138348","1986-04","58.06","14.6","285.0","HOGEMALEN, SW","13",",E","7",",E","0",",E","","","","","15.4",",,E,19,","63.4",",,,E"
"SWE00138348","1986-05","58.06","14.6","285.0","HOGEMALEN, SW","9",",E","7",",E","0",",E","","","","","10.2",",,E,08,","40.4",",,,E"
"SWE00138348","1986-06","58.06","14.6","285.0","HOGEMALEN, SW","5",",E","3",",E","0",",E","","","","","5.7",",,E,08,","17.9",",,,E"
"SWE00138348","1986-07","58.06","14.6","285.0","HOGEMALEN, SW","14",",E","10",",E","1",",E","","","","","33.1",",,E,24,","117.6",",,,E"
"SWE00138348","1986-08","58.06","14.6","285.0","HOGEMALEN, SW","16",",E","9",",E","1",",E","","","","","27.5",",,E,29,","85.4",",,,E"
"SWE00138348","1986-09","58.06","14.6","285.0","HOGEMALEN, SW","14",",E","6",",E","0",",E","","","","","18.2",",,E,14,","56.0",",,,E"
"SWE00138348","1986-10","58.06","14.6","285.0","HOGEMALEN, SW","17",",E","4",",E","0",",E","","","","","7.2",",,E,22,","33.5",",,,E"
"SWE00138348","1986-11","58.06","14.6","285.0","HOGEMALEN, SW","13",",E","4",",E","0",",E","","","","","12.0",",,E,05,","32.6",",,,E"
"SWE00138348","1986-12","58.06","14.6","285.0","HOGEMALEN, SW","13",",E","9",",E","0",",E","","","","","12.7",",,E,21,","73.6",",,,E"
"SWE00138348","1987-01","58.06","14.6","285.0","HOGEMALEN, SW","7",",E","2",",E","0",",E","31",",","460",",,E,18,+","3.9",",,E,08,","12.6",",,,E"
"SWE00138348","1987-02","58.06","14.6","285.0","HOGEMALEN, SW","7",",E","4",",E","0",",E","28",",","430",",,E,03,+","9.8",",,E,10,","21.7",",,,E"
"SWE00138348","1987-03","58.06","14.6","285.0","HOGEMALEN, SW","7",",E","3",",E","0",",E","31",",","270",",,E,23,+","4.5",",,E,26,","16.2",",,,E"
"SWE00138348","1987-04","58.06","14.6","285.0","HOGEMALEN, SW","4",",E","2",",E","0",",E","","","","","8.6",",,E,20,","15.6",",,,E"
"SWE00138348","1987-05","58.06","14.6","285.0","HOGEMALEN, SW","12",",E","9",",E","0",",E","","","","","23.9",",,E,17,","63.7",",,,E"
"SWE00138348","1987-06","58.06","14.6","285.0","HOGEMALEN, SW","19",",E","12",",E","1",",E","","","","","62.7",",,E,16,","136.1",",,,E"
"SWE00138348","1987-07","58.06","14.6","285.0","HOGEMALEN, SW","13",",E","9",",E","0",",E","","","","","18.3",",,E,25,","80.7",",,,E"
"SWE00138348","1987-08","58.06","14.6","285.0","HOGEMALEN, SW","17",",E","8",",E","1",",E","","","","","35.7",",,E,01,","86.7",",,,E"
"SWE00138348","1987-09","58.06","14.6","285.0","HOGEMALEN, SW","14",",E","6",",E","0",",E","","","","","19.0",",,E,14,","62.1",",,,E"
"SWE00138348","1987-10","58.06","14.6","285.0","HOGEMALEN, SW","10",",E","5",",E","0",",E","","","","","10.1",",,E,12,","33.3",",,,E"
"SWE00138348","1987-11","58.06","14.6","285.0","HOGEMALEN, SW","14",",E","7",",E","0",",E","","","","","9.1",",,E,19,","46.4",",,,E"
"SWE00138348","1987-12","58.06","14.6","285.0","HOGEMALEN, SW","11",",E","6",",E","0",",E","","","","","11.0",",,E,18,","38.5",",,,E"
"SWE00138348","1988-01","58.06","14.6","285.0","HOGEMALEN, SW","19",",E","9",",E","0",",E","","","","","8.5",",,E,11,","62.3",",,,E"
"SWE00138348","1988-02","58.06","14.6","285.0","HOGEMALEN, SW","22",",E","10",",E","0",",E","29",",","250",",,E,29,","18.1",",,E,21,","68.5",",,,E"
"SWE00138348","1988-03","58.06","14.6","285.0","HOGEMALEN, SW","12",",E","6",",E","0",",E","29","2,","510","2,,E,29,+","8.4",",,E,15,","40.0",",,,E"
"SWE00138348","1988-04","58.06","14.6","285.0","HOGEMALEN, SW","9",",E","4",",E","0",",E","","","","","9.0",",,E,20,","27.5",",,,E"
"SWE00138348","1988-05","58.06","14.6","285.0","HOGEMALEN, SW","7",",E","2",",E","0",",E","","","","","6.0",",,E,04,","17.9",",,,E"
"SWE00138348","1988-06","58.06","14.6","285.0","HOGEMALEN, SW","6",",E","3",",E","0",",E","","","","","8.9",",,E,10,","17.6",",,,E"
"SWE00138348","1988-07","58.06","14.6","285.0","HOGEMALEN, SW","19",",E","10",",E","1",",E","","","","","36.3",",,E,19,","109.1",",,,E"
"SWE00138348","1988-08","58.06","14.6","285.0","HOGEMALEN, SW","13",",E","9",",E","0",",E","","","","","9.9",",,E,04,","58.4",",,,E"
"SWE00138348","1988-09","58.06","14.6","285.0","HOGEMALEN, SW","14",",E","7",",E","1",",E","","","","","28.9",",,E,03,","79.8",",,,E"
"SWE00138348","1988-10","58.06","14.6","285.0","HOGEMALEN, SW","13",",E","7",",E","0",",E","","","","","17.5",",,E,09,","55.8",",,,E"
"SWE00138348","1988-11","58.06","14.6","285.0","HOGEMALEN, SW","7",",E","4",",E","0",",E","","","","","12.3",",,E,28,","30.4",",,,E"
"SWE00138348","1988-12","58.06","14.6","285.0","HOGEMALEN, SW","11",",E","7",",E","0",",E","","","","","15.5",",,E,11,","54.6",",,,E"
"SWE00138348","1989-01","58.06","14.6","285.0","HOGEMALEN, SW","3",",E","0",",E","0",",E","","","","","1.8",",,E,14,","4.0",",,,E"
"SWE00138348","1989-02","58.06","14.6","285.0","HOGEMALEN, SW","13",",E","5",",E","0",",E","","","","","5.1",",,E,20,","24.1",",,,E"
"SWE00138348","1989-03","58.06","14.6","285.0","HOGEMALEN, SW","12",",E","3",",E","0",",E","","","","","5.0",",,E,13,","23.4",",,,E"
"SWE00138348","1989-04","58.06","14.6","285.0","HOGEMALEN, SW","9",",E","3",",E","0",",E","","","","","4.0",",,E,26,","16.0",",,,E"
"SWE00138348","1989-05","58.06","14.6","285.0","HOGEMALEN, SW","9",",E","4",",E","0",",E","","","","","16.1",",,E,12,","31.4",",,,E"
"SWE00138348","1989-06","58.06","14.6","285.0","HOGEMALEN, SW","10",",E","5",",E","0",",E","","","","","19.5",",,E,07,","43.5",",,,E"
"SWE00138348","1989-07","58.06","14.6","285.0","HOGEMALEN, SW","12",",E","6",",E","0",",E","","","","","9.8",",,E,09,","56.2",",,,E"
"SWE00138348","1989-08","58.06","14.6","285.0","HOGEMALEN, SW","14",",E","7",",E","0",",E","","","","","10.3",",,E,14,","56.0",",,,E"
"SWE00138348","1989-09","58.06","14.6","285.0","HOGEMALEN, SW","9",",E","5",",E","0",",E","","","","","7.0",",,E,19,","27.7",",,,E"
"SWE00138348","1989-10","58.06","14.6","285.0","HOGEMALEN, SW","15",",E","8",",E","0",",E","","","","","16.8",",,E,21,","68.6",",,,E"
"SWE00138348","1989-11","58.06","14.6","285.0","HOGEMALEN, SW","10",",E","5",",E","0",",E","","","","","7.0",",,E,06,","29.3",",,,E"
"SWE00138348","1989-12","58.06","14.6","285.0","HOGEMALEN, SW","11",",E","6",",E","0",",E","","","","","9.9",",,E,16,","42.8",",,,E"
"SWE00138348","1990-01","58.06","14.6","285.0","HOGEMALEN, SW","20",",E","6",",E","0",",E","","","","","11.7",",,E,26,","51.1",",,,E"
"SWE00138348","1990-02","58.06","14.6","285.0","HOGEMALEN, SW","14",",E","5",",E","0",",E","","","","","14.0",",,E,07,","58.5",",,,E"
"SWE00138348","1990-03","58.06","14.6","285.0","HOGEMALEN, SW","11",",E","3",",E","0",",E","","","","","6.0",",,E,09,","22.1",",,,E"
"SWE00138348","1990-04","58.06","14.6","285.0","HOGEMALEN, SW","13",",E","6",",E","0",",E","","","","","7.0",",,E,15,","31.8",",,,E"
"SWE00138348","1990-05","58.06","14.6","285.0","HOGEMALEN, SW","7",",E","3",",E","0",",E","","","","","5.8",",,E,16,","17.5",",,,E"
"SWE00138348","1990-06","58.06","14.6","285.0","HOGEMALEN, SW","10",",E","5",",E","1",",E","","","","","40.9",",,E,21,","85.0",",,,E"
"SWE00138348","1990-07","58.06","14.6","285.0","HOGEMALEN, SW","15",",E","9",",E","0",",E","","","","","17.5",",,E,23,","94.7",",,,E"
"SWE00138348","1990-08","58.06","14.6","285.0","HOGEMALEN, SW","11",",E","6",",E","0",",E","","","","","6.2",",,E,20,+","33.4",",,,E"
"SWE00138348","1990-09","58.06","14.6","285.0","HOGEMALEN, SW","17",",E","12",",E","1",",E","","","","","30.0",",,E,30,","106.1",",,,E"
"SWE00138348","1990-10","58.06","14.6","285.0","HOGEMALEN, SW","13",",E","9",",E","0",",E","","","","","8.7",",,E,06,","56.1",",,,E"
"SWE00138348","1990-11","58.06","14.6","285.0","HOGEMALEN, SW","11",",E","8",",E","0",",E","","","","","6.9",",,E,16,+","44.4",",,,E"
"SWE00138348","1990-12","58.06","14.6","285.0","HOGEMALEN, SW","13",",E","3",",E","0",",E","","","","","6.4",",,E,20,","24.1",",,,E"
"SWE00138348","1991-01","58.06","14.6","285.0","HOGEMALEN, SW","8",",E","5",",E","0",",E","","","","","12.2",",,E,10,","37.8",",,,E"
"SWE00138348","1991-02","58.06","14.6","285.0","HOGEMALEN, SW","11",",E","2",",E","0",",E","","","","","3.5",",,E,12,","15.3",",,,E"
"SWE00138348","1991-03","58.06","14.6","285.0","HOGEMALEN, SW","11",",E","4",",E","0",",E","","","","","6.5",",,E,03,","28.5",",,,E"
"SWE00138348","1991-04","58.06","14.6","285.0","HOGEMALEN, SW","7",",E","2",",E","0",",E","","","","","4.4",",,E,16,","13.6",",,,E"
"SWE00138348","1991-05","58.06","14.6","285.0","HOGEMALEN, SW","10",",E","7",",E","0",",E","","","","","11.1",",,E,01,","38.1",",,,E"
"SWE00138348","1991-06","58.06","14.6","285.0","HOGEMALEN, SW","24",",E","16",",E","1",",E","","","","","33.6",",,E,18,","174.3",",,,E"
"SWE00138348","1991-07","58.06","14.6","285.0","HOGEMALEN, SW","9",",E","3",",E","0",",E","","","","","8.1",",,E,18,","21.0",",,,E"
"SWE00138348","1991-08","58.06","14.6","285.0","HOGEMALEN, SW","11",",E","6",",E","0",",E","","","","","6.8",",,E,25,","33.2",",,,E"
"SWE00138348","1991-09","58.06","14.6","285.0","HOGEMALEN, SW","14",",E","5",",E","0",",E","","","","","23.1",",,E,26,","52.0",",,,E"
"SWE00138348","1991-10","58.06","14.6","285.0","HOGEMALEN, SW","11",",E","3",",E","0",",E","","","","","6.8",",,E,19,","24.2",",,,E"
"SWE00138348","1991-11","58.06","14.6","285.0","HOGEMALEN, SW","14",",E","6",",E","0",",E","","","","","17.0",",,E,05,","60.7",",,,E"
"SWE00138348","1991-12","58.06","14.6","285.0","HOGEMALEN, SW","10",",E","5",",E","0",",E","","","","","7.5",",,E,26,","30.3",",,,E"
"SWE00138348","1992-01","58.06","14.6","285.0","HOGEMALEN, SW","8",",E","4",",E","0",",E","","","","","10.0",",,E,03,","29.2",",,,E"
"SWE00138348","1992-02","58.06","14.6","285.0","HOGEMALEN, SW","7",",E","4",",E","0",",E","","","","","6.3",",,E,15,","19.9",",,,E"
"SWE00138348","1992-03","58.06","14.6","285.0","HOGEMALEN, SW","14",",E","4",",E","0",",E","","","","","8.0",",,E,20,","32.9",",,,E"
"SWE00138348","1992-04","58.06","14.6","285.0","HOGEMALEN, SW","18",",E","12",",E","0",",E","","","","","10.2",",,E,28,","81.1",",,,E"
"SWE00138348","1992-05","58.06","14.6","285.0","HOGEMALEN, SW","5",",E","3",",E","0",",E","","","","","3.0",",,E,08,","10.1",",,,E"
"SWE00138348","1992-06","58.06","14.6","285.0","HOGEMALEN, SW","2",",E","0",",E","0",",E","","","","","0.5",",,E,23,+","1.0",",,,E"
"SWE00138348","1992-07","58.06","14.6","285.0","HOGEMALEN, SW","9",",E","6",",E","0",",E","","","","","12.1",",,E,27,","52.7",",,,E"
"SWE00138348","1992-08","58.06","14.6","285.0","HOGEMALEN, SW","17",",E","11",",E","0",",E","","","","","8.2",",,E,27,","74.3",",,,E"
"SWE00138348","1992-09","58.06","14.6","285.0","HOGEMALEN, SW","13",",E","5",",E","0",",E","","","","","17.2",",,E,05,","44.5",",,,E"
"SWE00138348","1992-10","58.06","14.6","285.0","HOGEMALEN, SW","15",",E","8",",E","0",",E","","","","","16.5",",,E,16,","74.2",",,,E"
"SWE00138348","1992-11","58.06","14.6","285.0","HOGEMALEN, SW","19",",E","9",",E","0",",E","","","","","18.5",",,E,12,","67.1",",,,E"
"SWE00138348","1992-12","58.06","14.6","285.0","HOGEMALEN, SW","3",",E","1",",E","0",",E","","","","","2.5",",,E,01,","5.8",",,,E"
"SWE00138348","1993-01","58.06","14.6","285.0","HOGEMALEN, SW","16",",E","7",",E","0",",E","","","","","12.8",",,E,23,","64.4",",,,E"
"SWE00138348","1993-02","58.06","14.6","285.0","HOGEMALEN, SW","8",",E","4",",E","0",",E","","","","","10.5",",,E,16,","31.4",",,,E"
"SWE00138348","1993-03","58.06","14.6","285.0","HOGEMALEN, SW","5",",E","0",",E","0",",E","","","","","0.9",",,E,22,+","3.3",",,,E"
"SWE00138348","1993-04","58.06","14.6","285.0","HOGEMALEN, SW","7",",E","0",",E","0",",E","","","","","2.1",",,E,06,+","10.8",",,,E"
"SWE00138348","1993-05","58.06","14.6","285.0","HOGEMALEN, SW","11",",E","4",",E","0",",E","","","","","11.2",",,E,31,","38.7",",,,E"
"SWE00138348","1993-06","58.06","14.6","285.0","HOGEMALEN, SW","12",",E","6",",E","1",",E","","","","","26.3",",,E,01,","62.4",",,,E"
"SWE00138348","1993-07","58.06","14.6","285.0","HOGEMALEN, SW","18",",E","14",",E","1",",E","","","","","30.5",",,E,11,","142.8",",,,E"
"SWE00138348","1993-08","58.06","14.6","285.0","HOGEMALEN, SW","16",",E","9",",E","1",",E","","","","","26.6",",,E,03,","83.5",",,,E"
"SWE00138348","1993-09","58.06","14.6","285.0","HOGEMALEN, SW","8",",E","6",",E","0",",E","","","","","11.0",",,E,14,","38.3",",,,E"
"SWE00138348","1993-10","58.06","14.6","285.0","HOGEMALEN, SW","9",",E","4",",E","0",",E","","","","","17.0",",,E,09,","48.0",",,,E"
"SWE00138348","1993-11","58.06","14.6","285.0","HOGEMALEN, SW","15",",E","4",",E","0",",E","","","","","4.2",",,E,13,","29.2",",,,E"
"SWE00138348","1993-12","58.06","14.6","285.0","HOGEMALEN, SW","23",",E","11",",E","1",",E","","","","","26.5",",,E,11,","95.2",",,,E"
"SWE00138348","1994-01","58.06","14.6","285.0","HOGEMALEN, SW","18",",E","9",",E","0",",E","31",",","350",",,E,06,","5.2",",,E,25,+","43.6",",,,E"
"SWE00138348","1994-02","58.06","14.6","285.0","HOGEMALEN, SW","10",",E","3",",E","0",",E","27","1,","270","1,,E,28,+","3.0",",,E,01,","15.8",",,,E"
"SWE00138348","1994-03","58.06","14.6","285.0","HOGEMALEN, SW","16",",E","3",",E","0",",E","","","","","11.3",",,E,13,","39.0",",,,E"
"SWE00138348","1994-04","58.06","14.6","285.0","HOGEMALEN, SW","6",",E","4",",E","0",",E","","","","","13.3",",,E,13,","26.6",",,,E"
"SWE00138348","1994-05","58.06","14.6","285.0","HOGEMALEN, SW","6",",E","4",",E","0",",E","","","","","8.1",",,E,25,","26.6",",,,E"
"SWE00138348","1994-06","58.06","14.6","285.0","HOGEMALEN, SW","13",",E","7",",E","0",",E","","","","","15.0",",,E,03,","46.2",",,,E"
"SWE00138348","1994-07","58.06","14.6","285.0","HOGEMALEN, SW","2",",E","2",",E","0",",E","","","","","6.0",",,E,15,","11.1",",,,E"
"SWE00138348","1994-08","58.06","14.6","285.0","HOGEMALEN, SW","13",",E","9",",E","0",",E","","","","","21.6",",,E,14,","86.2",",,,E"
"SWE00138348","1994-09","58.06","14.6","285.0","HOGEMALEN, SW","19",",E","11",",E","0",",E","","","","","23.3",",,E,03,","121.3",",,,E"
"SWE00138348","1994-10","58.06","14.6","285.0","HOGEMALEN, SW","6",",E","5",",E","0",",E","","","","","23.6",",,E,02,","48.2",",,,E"
"SWE00138348","1994-11","58.06","14.6","285.0","HOGEMALEN, SW","10",",E","6",",E","0",",E","","","","","14.7",",,E,14,","44.1",",,,E"
"SWE00138348","1994-12","58.06","14.6","285.0","HOGEMALEN, SW","13",",E","10",",E","0",",E","","","","","12.5",",,E,16,","64.4",",,,E"
"SWE00138348","1995-01","58.06","14.6","285.0","HOGEMALEN, SW","14",",E","7",",E","0",",E","24","1,","350","1,,E,13,","16.7",",,E,10,","70.6",",,,E"
"SWE00138348","1995-02","58.06","14.6","285.0","HOGEMALEN, SW","16",",E","5",",E","0",",E","","","","","14.7",",,E,17,","39.5",",,,E"
"SWE00138348","1995-03","58.06","14.6","285.0","HOGEMALEN, SW","16",",E","9",",E","0",",E","","","","","14.5",",,E,25,","60.5",",,,E"
"SWE00138348","1997-12","58.06","14.6","285.0","HOGEMALEN, SW","16",",E","11",",E","0",",E","","","","","15.0",",,E,26,","87.4",",,,E"
"SWE00138348","1998-01","58.06","14.6","285.0","HOGEMALEN, SW","14",",E","7",",E","0",",E","","","","","14.0",",,E,23,","59.5",",,,E"
"SWE00138348","1998-02","58.06","14.6","285.0","HOGEMALEN, SW","14",",E","6",",E","0",",E","","","","","12.4",",,E,16,","49.0",",,,E"
"SWE00138348","1998-03","58.06","14.6","285.0","HOGEMALEN, SW","14",",E","4",",E","0",",E","","","","","17.4",",,E,04,","41.4",",,,E"
"SWE00138348","1998-04","58.06","14.6","285.0","HOGEMALEN, SW","14",",E","7",",E","0",",E","","","","","17.2",",,E,04,","52.5",",,,E"
"SWE00138348","1998-05","58.06","14.6","285.0","HOGEMALEN, SW","9",",E","4",",E","0",",E","","","","","12.7",",,E,03,","31.5",",,,E"
"SWE00138348","1998-06","58.06","14.6","285.0","HOGEMALEN, SW","18",",E","10",",E","0",",E","","","","","24.0",",,E,16,","115.1",",,,E"
"SWE00138348","1998-07","58.06","14.6","285.0","HOGEMALEN, SW","18",",E","9",",E","0",",E","","","","","13.6",",,E,23,","74.6",",,,E"
"SWE00138348","1998-08","58.06","14.6","285.0","HOGEMALEN, SW","15",",E","10",",E","1",",E","","","","","26.6",",,E,27,","112.2",",,,E"
"SWE00138348","1998-09","58.06","14.6","285.0","HOGEMALEN, SW","11",",E","6",",E","1",",E","","","","","39.2",",,E,14,","71.3",",,,E"
"SWE00138348","1998-10","58.06","14.6","285.0","HOGEMALEN, SW","19",",E","9",",E","0",",E","","","","","18.3",",,E,17,","74.0",",,,E"
"SWE00138348","1998-11","58.06","14.6","285.0","HOGEMALEN, SW","15",",E","2",",E","0",",E","","","","","7.7",",,E,24,","25.3",",,,E"
"SWE00138348","1998-12","58.06","14.6","285.0","HOGEMALEN, SW","14",",E","9",",E","0",",E","","","","","16.9",",,E,06,","71.6",",,,E"
"SWE00138348","1999-01","58.06","14.6","285.0","HOGEMALEN, SW","14",",E","6",",E","0",",E","","","","","11.4",",,E,26,","56.7",",,,E"
"SWE00138348","1999-02","58.06","14.6","285.0","HOGEMALEN, SW","7",",E","3",",E","0",",E","","","","","9.5",",,E,27,","22.6",",,,E"
"SWE00138348","1999-03","58.06","14.6","285.0","HOGEMALEN, SW","17",",E","7",",E","0",",E","","","","","10.1",",,E,03,","59.2",",,,E"
"SWE00138348","1999-04","58.06","14.6","285.0","HOGEMALEN, SW","11",",E","7",",E","1",",E","","","","","27.4",",,E,18,","93.8",",,,E"
"SWE00138348","1999-05","58.06","14.6","285.0","HOGEMALEN, SW","8",",E","5",",E","0",",E","","","","","9.8",",,E,30,","32.8",",,,E"
"SWE00138348","1999-06","58.06","14.6","285.0","HOGEMALEN, SW","14",",E","8",",E","0",",E","","","","","10.2",",,E,08,","61.7",",,,E"
"SWE00138348","1999-07","58.06","14.6","285.0","HOGEMALEN, SW","7",",E","5",",E","1",",E","","","","","41.4",",,E,14,","79.5",",,,E"
"SWE00138348","1999-08","58.06","14.6","285.0","HOGEMALEN, SW","13",",E","8",",E","1",",E","","","","","34.2",",,E,19,","100.6",",,,E"
"SWE00138348","1999-09","58.06","14.6","285.0","HOGEMALEN, SW","14",",E","8",",E","0",",E","","","","","10.9",",,E,19,","70.9",",,,E"
"SWE00138348","1999-10","58.06","14.6","285.0","HOGEMALEN, SW","12",",E","3",",E","0",",E","","","","","4.0",",,E,04,","21.8",",,,E"
"SWE00138348","1999-11","58.06","14.6","285.0","HOGEMALEN, SW","10",",E","0",",E","0",",E","","","","","2.4",",,E,30,","9.3",",,,E"
"SWE00138348","1999-12","58.06","14.6","285.0","HOGEMALEN, SW","22",",E","11",",E","0",",E","","","","","21.7",",,E,03,","95.7",",,,E"
"SWE00138348","2000-01","58.06","14.6","285.0","HOGEMALEN, SW","8",",E","4",",E","0",",E","","","","","3.7",",,E,30,","16.4",",,,E"
"SWE00138348","2000-02","58.06","14.6","285.0","HOGEMALEN, SW","10",",E","4",",E","0",",E","","","","","9.9",",,E,08,","31.3",",,,E"
"SWE00138348","2000-03","58.06","14.6","285.0","HOGEMALEN, SW","9",",E","4",",E","0",",E","","","","","11.3",",,E,08,","32.4",",,,E"
"SWE00138348","2000-04","58.06","14.6","285.0","HOGEMALEN, SW","15",",E","7",",E","0",",E","","","","","14.6",",,E,13,","54.8",",,,E"
"SWE00138348","2000-05","58.06","14.6","285.0","HOGEMALEN, SW","13",",E","6",",E","0",",E","","","","","8.3",",,E,25,","36.4",",,,E"
"SWE00138348","2000-06","58.06","14.6","285.0","HOGEMALEN, SW","17",",E","9",",E","0",",E","","","","","16.0",",,E,25,","94.8",",,,E"
"SWE00138348","2000-07","58.06","14.6","285.0","HOGEMALEN, SW","19",",E","14",",E","1",",E","","","","","35.6",",,E,13,","124.5",",,,E"
"SWE00138348","2000-08","58.06","14.6","285.0","HOGEMALEN, SW","10",",E","6",",E","0",",E","","","","","15.8",",,E,24,","41.4",",,,E"
"SWE00138348","2000-09","58.06","14.6","285.0","HOGEMALEN, SW","4",",E","4",",E","0",",E","","","","","11.4",",,E,02,","32.0",",,,E"
"SWE00138348","2000-10","58.06","14.6","285.0","HOGEMALEN, SW","21",",E","12",",E","0",",E","","","","","10.2",",,E,10,","77.3",",,,E"
"SWE00138348","2000-11","58.06","14.6","285.0","HOGEMALEN, SW","22",",E","8",",E","0",",E","","","","","14.4",",,E,21,","71.3",",,,E"
"SWE00138348","2000-12","58.06","14.6","285.0","HOGEMALEN, SW","17",",E","8",",E","0",",E","","","","","19.2",",,E,28,","63.4",",,,E"
"SWE00138348","2001-01","58.06","14.6","285.0","HOGEMALEN, SW","16",",E","5",",E","0",",E","","","","","11.2",",,E,01,","39.3",",,,E"
"SWE00138348","2001-02","58.06","14.6","285.0","HOGEMALEN, SW","10",",E","4",",E","0",",E","","","","","12.4",",,E,08,","36.7",",,,E"
"SWE00138348","2001-03","58.06","14.6","285.0","HOGEMALEN, SW","10",",E","3",",E","0",",E","","","","","8.4",",,E,16,","24.8",",,,E"
"SWE00138348","2001-04","58.06","14.6","285.0","HOGEMALEN, SW","14",",E","7",",E","0",",E","","","","","14.0",",,E,19,","55.3",",,,E"
"SWE00138348","2001-05","58.06","14.6","285.0","HOGEMALEN, SW","9",",E","7",",E","0",",E","","","","","18.3",",,E,29,","57.7",",,,E"
"SWE00138348","2001-06","58.06","14.6","285.0","HOGEMALEN, SW","10",",E","4",",E","0",",E","","","","","13.5",",,E,30,","40.2",",,,E"
"SWE00138348","2001-07","58.06","14.6","285.0","HOGEMALEN, SW","9",",E","3",",E","0",",E","","","","","10.4",",,E,12,","23.9",",,,E"
"SWE00138348","2001-08","58.06","14.6","285.0","HOGEMALEN, SW","17",",E","11",",E","0",",E","","","","","18.8",",,E,27,","86.6",",,,E"
"SWE00138348","2001-09","58.06","14.6","285.0","HOGEMALEN, SW","20",",E","14",",E","0",",E","","","","","22.0",",,E,11,","114.0",",,,E"
"SWE00138348","2001-10","58.06","14.6","285.0","HOGEMALEN, SW","15",",E","10",",E","0",",E","","","","","9.9",",,E,01,","60.1",",,,E"
"SWE00138348","2001-11","58.06","14.6","285.0","HOGEMALEN, SW","10",",E","5",",E","0",",E","","","","","11.5",",,E,04,","35.0",",,,E"
"SWE00138348","2001-12","58.06","14.6","285.0","HOGEMALEN, SW","17",",E","7",",E","0",",E","","","","","19.5",",,E,25,","55.3",",,,E"
"SWE00138348","2002-01","58.06","14.6","285.0","HOGEMALEN, SW","15",",E","8",",E","0",",E","","","","","12.3",",,E,30,","63.1",",,,E"
"SWE00138348","2002-02","58.06","14.6","285.0","HOGEMALEN, SW","17",",E","10",",E","0",",E","","","","","9.4",",,E,27,","56.6",",,,E"
"SWE00138348","2002-03","58.06","14.6","285.0","HOGEMALEN, SW","14",",E","4",",E","0",",E","","","","","4.4",",,E,19,","24.1",",,,E"
"SWE00138348","2002-04","58.06","14.6","285.0","HOGEMALEN, SW","8",",E","4",",E","0",",E","","","","","19.3",",,E,27,","47.2",",,,E"
"SWE00138348","2002-05","58.06","14.6","285.0","HOGEMALEN, SW","15",",E","10",",E","0",",E","","","","","17.4",",,E,04,","84.3",",,,E"
"SWE00138348","2002-06","58.06","14.6","285.0","HOGEMALEN, SW","14",",E","9",",E","2",",E","","","","","36.0",",,E,13,","120.6",",,,E"
"SWE00138348","2002-07","58.06","14.6","285.0","HOGEMALEN, SW","18",",E","8",",E","1",",E","","","","","27.2",",,E,31,","80.8",",,,E"
"SWE00138348","2002-08","58.06","14.6","285.0","HOGEMALEN, SW","5",",E","2",",E","0",",E","","","","","10.6",",,E,27,","18.7",",,,E"
"SWE00138348","2002-09","58.06","14.6","285.0","HOGEMALEN, SW","6",",E","2",",E","0",",E","","","","","7.0",",,E,19,","15.3",",,,E"
"SWE00138348","2002-10","58.06","14.6","285.0","HOGEMALEN, SW","16",",E","7",",E","0",",E","","","","","18.7",",,E,04,","66.5",",,,E"
"SWE00138348","2002-11","58.06","14.6","285.0","HOGEMALEN, SW","16",",E","9",",E","0",",E","","","","","19.4",",,E,12,","68.7",",,,E"
"SWE00138348","2002-12","58.06","14.6","285.0","HOGEMALEN, SW","6",",E","4",",E","0",",E","","","","","7.5",",,E,28,","23.3",",,,E"
"SWE00138348","2003-01","58.06","14.6","285.0","HOGEMALEN, SW","16",",E","4",",E","0",",E","","","","","5.1",",,E,27,","23.6",",,,E"
"SWE00138348","2003-02","58.06","14.6","285.0","HOGEMALEN, SW","4",",E","0",",E","0",",E","","","","","2.3",",,E,05,","6.2",",,,E"
"SWE00138348","2003-03","58.06","14.6","285.0","HOGEMALEN, SW","4",",E","1",",E","0",",E","","","","","6.8",",,E,11,","10.4",",,,E"
"SWE00138348","2003-04","58.06","14.6","285.0","HOGEMALEN, SW","12",",E","8",",E","0",",E","","","","","20.5",",,E,30,","80.8",",,,E"
"SWE00138348","2003-05","58.06","14.6","285.0","HOGEMALEN, SW","14",",E","6",",E","0",",E","","","","","13.6",",,E,23,","65.7",",,,E"
"SWE00138348","2003-06","58.06","14.6","285.0","HOGEMALEN, SW","16",",E","9",",E","0",",E","","","","","24.7",",,E,23,","91.8",",,,E"
"SWE00138348","2003-07","58.06","14.6","285.0","HOGEMALEN, SW","13",",E","10",",E","2",",E","","","","","67.4",",,E,18,","182.4",",,,E"
"SWE00138348","2003-08","58.06","14.6","285.0","HOGEMALEN, SW","11",",E","7",",E","0",",E","","","","","7.5",",,E,26,","38.6",",,,E"
"SWE00138348","2003-09","58.06","14.6","285.0","HOGEMALEN, SW","7",",E","2",",E","0",",E","","","","","3.0",",,E,19,","10.7",",,,E"
"SWE00138348","2003-10","58.06","14.6","285.0","HOGEMALEN, SW","15",",E","5",",E","0",",E","","","","","18.3",",,E,04,","45.0",",,,E"
"SWE00138348","2003-11","58.06","14.6","285.0","HOGEMALEN, SW","17",",E","9",",E","0",",E","","","","","12.4",",,E,22,","69.3",",,,E"
"SWE00138348","2003-12","58.06","14.6","285.0","HOGEMALEN, SW","16",",E","6",",E","0",",E","","","","","16.7",",,E,28,","65.7",",,,E"
"SWE00138348","2004-01","58.06","14.6","285.0","HOGEMALEN, SW","13",",E","5",",E","0",",E","","","","","11.2",",,E,31,","34.5",",,,E"
"SWE00138348","2004-02","58.06","14.6","285.0","HOGEMALEN, SW","12",",E","6",",E","0",",E","","","","","14.3",",,E,07,","53.3",",,,E"
"SWE00138348","2004-03","58.06","14.6","285.0","HOGEMALEN, SW","9",",E","4",",E","0",",E","","","","","9.6",",,E,21,","32.3",",,,E"
"SWE00138348","2004-04","58.06","14.6","285.0","HOGEMALEN, SW","7",",E","3",",E","0",",E","","","","","7.8",",,E,07,","19.2",",,,E"
"SWE00138348","2004-05","58.06","14.6","285.0","HOGEMALEN, SW","8",",E","4",",E","0",",E","","","","","14.5",",,E,04,","38.3",",,,E"
"SWE00138348","2004-06","58.06","14.6","285.0","HOGEMALEN, SW","16",",E","8",",E","0",",E","","","","","21.0",",,E,19,","83.0",",,,E"
"SWE00138348","2004-07","58.06","14.6","285.0","HOGEMALEN, SW","19",",E","8",",E","1",",E","","","","","51.2",",,E,09,","132.3",",,,E"
"SWE00138348","2004-08","58.06","14.6","285.0","HOGEMALEN, SW","15",",E","13",",E","0",",E","","","","","16.6",",,E,03,","87.5",",,,E"
"SWE00138348","2004-09","58.06","14.6","285.0","HOGEMALEN, SW","12",",E","6",",E","0",",E","","","","","9.0",",,E,12,","35.0",",,,E"
"SWE00138348","2004-10","58.06","14.6","285.0","HOGEMALEN, SW","18",",E","11",",E","0",",E","","","","","19.6",",,E,22,","97.9",",,,E"
"SWE00138348","2004-11","58.06","14.6","285.0","HOGEMALEN, SW","12",",E","10",",E","0",",E","","","","","22.7",",,E,18,","94.5",",,,E"
"SWE00138348","2004-12","58.06","14.6","285.0","HOGEMALEN, SW","8",",E","2",",E","0",",E","","","","","8.5",",,E,02,","23.6",",,,E"
"SWE00138348","2005-01","58.06","14.6","285.0","HOGEMALEN, SW","12",",E","3",",E","0",",E","","","","","12.9",",,E,20,","28.2",",,,E"
"SWE00138348","2005-02","58.06","14.6","285.0","HOGEMALEN, SW","11",",E","5",",E","0",",E","20",",","210",",,E,28,+","8.5",",,E,13,","29.2",",,,E"
"SWE00138348","2005-03","58.06","14.6","285.0","HOGEMALEN, SW","7",",E","4",",E","0",",E","17","5,","380","5,,E,16,","9.7",",,E,16,","28.2",",,,E"
"SWE00138348","2005-04","58.06","14.6","285.0","HOGEMALEN, SW","8",",E","3",",E","0",",E","","","","","15.1",",,E,14,","31.0",",,,E"
"SWE00138348","2005-05","58.06","14.6","285.0","HOGEMALEN, SW","14",",E","6",",E","0",",E","","","","","10.3",",,E,02,","48.0",",,,E"
"SWE00138348","2005-06","58.06","14.6","285.0","HOGEMALEN, SW","11",",E","8",",E","0",",E","","","","","18.4",",,E,06,","87.5",",,,E"
"SWE00138348","2005-07","58.06","14.6","285.0","HOGEMALEN, SW","17",",E","11",",E","0",",E","","","","","19.9",",,E,16,","136.8",",,,E"
"SWE00138348","2005-08","58.06","14.6","285.0","HOGEMALEN, SW","12",",E","5",",E","0",",E","","","","","12.6",",,E,05,","52.7",",,,E"
"SWE00138348","2005-09","58.06","14.6","285.0","HOGEMALEN, SW","5",",E","3",",E","0",",E","","","","","3.1",",,E,28,","12.3",",,,E"
"SWE00138348","2005-10","58.06","14.6","285.0","HOGEMALEN, SW","10",",E","5",",E","0",",E","","","","","17.8",",,E,25,","60.4",",,,E"
"SWE00138348","2005-11","58.06","14.6","285.0","HOGEMALEN, SW","13",",E","5",",E","0",",E","","","","","5.3",",,E,01,","28.0",",,,E"
"SWE00138348","2005-12","58.06","14.6","285.0","HOGEMALEN, SW","21",",E","5",",E","0",",E","","","","","7.1",",,E,31,","40.2",",,,E"
"SWE00138348","2006-01","58.06","14.6","285.0","HOGEMALEN, SW","6",",E","2",",E","0",",E","","","","","10.2",",,E,20,","17.5",",,,E"
"SWE00138348","2006-02","58.06","14.6","285.0","HOGEMALEN, SW","12",",E","4",",E","0",",E","26","2,","300","2,,E,28,+","15.1",",,E,06,","37.7",",,,E"
"SWE00138348","2006-03","58.06","14.6","285.0","HOGEMALEN, SW","13",",E","7",",E","0",",E","31",",","470",",,E,25,+","7.5",",,E,31,","40.3",",,,E"
"SWE00138348","2006-04","58.06","14.6","285.0","HOGEMALEN, SW","17",",E","9",",E","0",",E","","","","","7.4",",,E,19,","50.4",",,,E"
"SWE00138348","2006-05","58.06","14.6","285.0","HOGEMALEN, SW","15",",E","8",",E","0",",E","","","","","17.8",",,E,19,","57.1",",,,E"
"SWE00138348","2006-06","58.06","14.6","285.0","HOGEMALEN, SW","5",",E","3",",E","0",",E","","","","","16.3",",,E,26,","25.8",",,,E"
"SWE00138348","2006-07","58.06","14.6","285.0","HOGEMALEN, SW","6",",E","0",",E","0",",E","","","","","2.0",",,E,11,","7.9",",,,E"
"SWE00138348","2006-08","58.06","14.6","285.0","HOGEMALEN, SW","22",",E","14",",E","2",",E","","","","","32.9",",,E,02,","196.8",",,,E"
"SWE00138348","2006-09","58.06","14.6","285.0","HOGEMALEN, SW","8",",E","3",",E","0",",E","","","","","6.2",",,E,30,+","21.4",",,,E"
"SWE00138348","2006-10","58.06","14.6","285.0","HOGEMALEN, SW","21",",E","11",",E","1",",E","","","","","26.3",",,E,31,","140.3",",,,E"
"SWE00138348","2006-11","58.06","14.6","285.0","HOGEMALEN, SW","15",",E","8",",E","0",",E","","","","","16.4",",,E,08,","62.1",",,,E"
"SWE00138348","2006-12","58.06","14.6","285.0","HOGEMALEN, SW","15",",E","3",",E","0",",E","","","","","6.9",",,E,02,","22.4",",,,E"
"SWE00138348","2007-01","58.06","14.6","285.0","HOGEMALEN, SW","20",",E","11",",E","0",",E","","","","","13.3",",,E,20,","96.0",",,,E"
"SWE00138348","2007-02","58.06","14.6","285.0","HOGEMALEN, SW","13",",E","7",",E","0",",E","25",",","200",",,E,28,+","6.8",",,E,26,+","41.7",",,,E"
"SWE00138348","2007-03","58.06","14.6","285.0","HOGEMALEN, SW","10",",E","7",",E","0",",E","","","","","8.8",",,E,07,","40.3",",,,E"
"SWE00138348","2007-04","58.06","14.6","285.0","HOGEMALEN, SW","8",",E","4",",E","0",",E","","","","","11.8",",,E,08,","32.3",",,,E"
"SWE00138348","2007-05","58.06","14.6","285.0","HOGEMALEN, SW","14",",E","5",",E","0",",E","","","","","17.5",",,E,31,","49.6",",,,E"
"SWE00138348","2007-06","58.06","14.6","285.0","HOGEMALEN, SW","11",",E","8",",E","3",",E","","","","","81.2",",,E,26,","174.1",",,,E"
"SWE00138348","2007-07","58.06","14.6","285.0","HOGEMALEN, SW","19",",E","15",",E","2",",E","","","","","77.0",",,E,08,","213.9",",,,E"
"SWE00138348","2007-08","58.06","14.6","285.0","HOGEMALEN, SW","11",",E","6",",E","0",",E","","","","","10.6",",,E,16,","43.7",",,,E"
"SWE00138348","2007-09","58.06","14.6","285.0","HOGEMALEN, SW","18",",E","10",",E","0",",E","","","","","15.2",",,E,10,","83.4",",,,E"
"SWE00138348","2007-10","58.06","14.6","285.0","HOGEMALEN, SW","7",",E","1",",E","0",",E","","","","","3.5",",,E,11,","7.8",",,,E"
"SWE00138348","2007-11","58.06","14.6","285.0","HOGEMALEN, SW","17",",E","8",",E","0",",E","","","","","11.9",",,E,09,","62.4",",,,E"
"SWE00138348","2007-12","58.06","14.6","285.0","HOGEMALEN, SW","14",",E","4",",E","0",",E","","","","","10.6",",,E,07,","40.4",",,,E"
"SWE00138348","2008-01","58.06","14.6","285.0","HOGEMALEN, SW","20",",E","6",",E","0",",E","","","","","10.0",",,E,26,","41.2",",,,E"
"SWE00138348","2008-02","58.06","14.6","285.0","HOGEMALEN, SW","11",",E","3",",E","0",",E","","","","","13.2",",,E,22,","39.6",",,,E"
"SWE00138348","2008-03","58.06","14.6","285.0","HOGEMALEN, SW","11",",E","5",",E","0",",E","","","","","11.4",",,E,17,","40.5",",,,E"
"SWE00138348","2008-04","58.06","14.6","285.0","HOGEMALEN, SW","7",",E","2",",E","0",",E","","","","","8.0",",,E,12,","18.5",",,,E"
"SWE00138348","2008-05","58.06","14.6","285.0","HOGEMALEN, SW","6",",E","3",",E","0",",E","","","","","16.8",",,E,02,","33.1",",,,E"
"SWE00138348","2008-06","58.06","14.6","285.0","HOGEMALEN, SW","13",",E","7",",E","0",",E","","","","","16.4",",,E,22,","55.6",",,,E"
"SWE00138348","2008-07","58.06","14.6","285.0","HOGEMALEN, SW","9",",E","4",",E","1",",E","","","","","66.0",",,E,06,","103.6",",,,E"
"SWE00138348","2008-08","58.06","14.6","285.0","HOGEMALEN, SW","17",",E","11",",E","1",",E","","","","","39.1",",,E,04,","164.7",",,,E"
"SWE00138348","2008-09","58.06","14.6","285.0","HOGEMALEN, SW","14",",E","6",",E","0",",E","","","","","12.2",",,E,06,","41.4",",,,E"
"SWE00138348","2008-10","58.06","14.6","285.0","HOGEMALEN, SW","19",",E","10",",E","1",",E","","","","","29.5",",,E,30,","90.7",",,,E"
"SWE00138348","2008-11","58.06","14.6","285.0","HOGEMALEN, SW","17",",E","7",",E","1",",E","","","","","29.6",",,E,24,","73.5",",,,E"
"SWE00138348","2008-12","58.06","14.6","285.0","HOGEMALEN, SW","14",",E","8",",E","0",",E","8",",","100",",,E,13,","14.4",",,E,02,","50.3",",,,E"
"SWE00138348","2009-01","58.06","14.6","285.0","HOGEMALEN, SW","9",",E","2",",E","0",",E","8",",","50",",,E,20,","4.3",",,E,18,","15.2",",,,E"
"SWE00138348","2009-02","58.06","14.6","285.0","HOGEMALEN, SW","11",",E","5",",E","0",",E","23",",","150",",,E,22,","8.6",",,E,07,","31.4",",,,E"
"SWE00138348","2009-03","58.06","14.6","285.0","HOGEMALEN, SW","11",",E","7",",E","0",",E","24",",","120",",,E,28,+","10.5",",,E,22,","43.7",",,,E"
"SWE00138348","2009-04","58.06","14.6","285.0","HOGEMALEN, SW","2",",E","1",",E","0",",E","0",",","0",",,E,30,+","3.0",",,E,08,","3.8",",,,E"
"SWE00138348","2009-05","58.06","14.6","285.0","HOGEMALEN, SW","13",",E","8",",E","0",",E","0",",","0",",,E,31,+","13.1",",,E,08,","56.5",",,,E"
"SWE00138348","2009-06","58.06","14.6","285.0","HOGEMALEN, SW","11",",E","7",",E","0",",E","0",",","0",",,E,30,+","11.0",",,E,09,","49.7",",,,E"
"SWE00138348","2009-07","58.06","14.6","285.0","HOGEMALEN, SW","19",",E","11",",E","0",",E","0",",","0",",,E,31,+","13.1",",,E,19,","96.5",",,,E"
"SWE00138348","2009-08","58.06","14.6","285.0","HOGEMALEN, SW","10",",E","7",",E","0",",E","0",",","0",",,E,31,+","12.3",",,E,12,","57.1",",,,E"
"SWE00138348","2009-09","58.06","14.6","285.0","HOGEMALEN, SW","10",",E","6",",E","0",",E","0",",","0",",,E,30,+","20.1",",,E,03,","53.4",",,,E"
"SWE00138348","2009-10","58.06","14.6","285.0","HOGEMALEN, SW","15",",E","8",",E","1",",E","0",",","0",",,E,31,+","29.2",",,E,03,","87.9",",,,E"
"SWE00138348","2009-11","58.06","14.6","285.0","HOGEMALEN, SW","20",",E","7",",E","0",",E","0",",","0",",,E,30,+","9.3",",,E,18,","59.7",",,,E"
"SWE00138348","2009-12","58.06","14.6","285.0","HOGEMALEN, SW","16",",E","4",",E","0",",E","16",",","210",",,E,27,","10.0",",,E,25,","38.8",",,,E"
"SWE00138348","2010-01","58.06","14.6","285.0","HOGEMALEN, SW","14",",E","2",",E","0",",E","31",",","400",",,E,31,+","12.0",",,E,27,","31.4",",,,E"
"SWE00138348","2010-02","58.06","14.6","285.0","HOGEMALEN, SW","15",",E","6",",E","0",",E","28",",","510",",,E,23,","6.3",",,E,19,","40.1",",,,E"
"SWE00138348","2010-03","58.06","14.6","285.0","HOGEMALEN, SW","10",",E","4",",E","0",",E","26",",","540",",,E,03,+","13.3",",,E,01,","38.7",",,,E"
"SWE00138348","2010-04","58.06","14.6","285.0","HOGEMALEN, SW","9",",E","1",",E","0",",E","0",",","10",",,E,21,","5.2",",,E,28,","15.4",",,,E"
"SWE00138348","2010-05","58.06","14.6","285.0","HOGEMALEN, SW","15",",E","8",",E","0",",E","0",",","0",",,E,31,+","11.9",",,E,19,","58.9",",,,E"
"SWE00138348","2010-06","58.06","14.6","285.0","HOGEMALEN, SW","9",",E","6",",E","0",",E","0",",","0",",,E,30,+","23.3",",,E,10,","55.3",",,,E"
"SWE00138348","2010-07","58.06","14.6","285.0","HOGEMALEN, SW","10",",E","8",",E","3",",E","0",",","0",",,E,31,+","29.0",",,E,24,","150.5",",,,E"
"SWE00138348","2010-08","58.06","14.6","285.0","HOGEMALEN, SW","23",",E","14",",E","1",",E","0",",","0",",,E,31,+","36.1",",,E,25,","142.9",",,,E"
"SWE00138348","2010-09","58.06","14.6","285.0","HOGEMALEN, SW","11",",E","6",",E","0",",E","0",",","0",",,E,30,+","11.6",",,E,20,","43.6",",,,E"
"SWE00138348","2010-10","58.06","14.6","285.0","HOGEMALEN, SW","13",",E","8",",E","0",",E","0",",","10",",,E,22,","20.4",",,E,23,","69.2",",,,E"
"SWE00138348","2010-11","58.06","14.6","285.0","HOGEMALEN, SW","20",",E","12",",E","0",",E","12",",","300",",,E,29,","13.3",",,E,09,","87.2",",,,E"
"SWE00138348","2010-12","58.06","14.6","285.0","HOGEMALEN, SW","19",",E","6",",E","0",",E","31",",","460",",,E,28,+","5.1",",,E,19,","39.3",",,,E"
"SWE00138348","2011-01","58.06","14.6","285.0","HOGEMALEN, SW","13",",E","6",",E","0",",E","31",",","510",",,E,07,","8.2",",,E,04,","39.7",",,,E"
"SWE00138348","2011-02","58.06","14.6","285.0","HOGEMALEN, SW","7",",E","4",",E","0",",E","28",",","160",",,E,12,","7.6",",,E,10,","22.9",",,,E"
"SWE00138348","2011-03","58.06","14.6","285.0","HOGEMALEN, SW","7",",E","4",",E","0",",E","22",",","300",",,E,18,","22.2",",,E,17,","42.0",",,,E"
"SWE00138348","2011-04","58.06","14.6","285.0","HOGEMALEN, SW","4",",E","1",",E","0",",E","0",",","0",",,E,30,+","3.1",",,E,05,","8.9",",,,E"
"SWE00138348","2011-05","58.06","14.6","285.0","HOGEMALEN, SW","15",",E","5",",E","0",",E","0",",","0",",,E,31,+","7.4",",,E,26,","35.3",",,,E"
"SWE00138348","2011-06","58.06","14.6","285.0","HOGEMALEN, SW","15",",E","9",",E","0",",E","0",",","0",",,E,30,+","21.9",",,E,19,","115.8",",,,E"
"SWE00138348","2011-07","58.06","14.6","285.0","HOGEMALEN, SW","14",",E","8",",E","0",",E","0",",","0",",,E,31,+","12.1",",,E,21,","67.7",",,,E"
"SWE00138348","2011-08","58.06","14.6","285.0","HOGEMALEN, SW","15",",E","10",",E","0",",E","0",",","0",",,E,31,+","13.0",",,E,10,","82.0",",,,E"
"SWE00138348","2011-09","58.06","14.6","285.0","HOGEMALEN, SW","13",",E","5",",E","0",",E","0",",","0",",,E,30,+","18.9",",,E,18,","69.0",",,,E"
"SWE00138348","2011-10","58.06","14.6","285.0","HOGEMALEN, SW","9",",E","7",",E","0",",E","0",",","0",",,E,31,+","10.8",",,E,26,","56.7",",,,E"
"SWE00138348","2011-11","58.06","14.6","285.0","HOGEMALEN, SW","7",",E","2",",E","0",",E","0",",","0",",,E,30,+","5.6",",,E,19,","14.3",",,,E"
"SWE00138348","2011-12","58.06","14.6","285.0","HOGEMALEN, SW","21",",E","9",",E","0",",E","11",",","170",",,E,07,","23.0",",,E,17,","80.1",",,,E"
"SWE00138348","2012-01","58.06","14.6","285.0","HOGEMALEN, SW","13",",E","6",",E","0",",E","13",",","80",",,E,10,","12.1",",,E,12,","52.3",",,,E"
"SWE00138348","2012-02","58.06","14.6","285.0","HOGEMALEN, SW","10",",E","3",",E","0",",E","22",",","220",",,E,16,+","7.9",",,E,14,","20.8",",,,E"
"SWE00138348","2012-03","58.06","14.6","285.0","HOGEMALEN, SW","5",",E","0",",E","0",",E","0",",","10",",,E,31,","2.3",",,E,30,","7.4",",,,E"
"SWE00138348","2012-04","58.06","14.6","285.0","HOGEMALEN, SW","15",",E","6",",E","0",",E","2",",","80",",,E,07,","17.3",",,E,22,","71.1",",,,E"
"SWE00138348","2012-05","58.06","14.6","285.0","HOGEMALEN, SW","9",",E","4",",E","0",",E","0",",","0",",,E,31,+","11.0",",,E,09,","33.3",",,,E"
"SWE00138348","2012-06","58.06","14.6","285.0","HOGEMALEN, SW","17",",E","12",",E","1",",E","0",",","0",",,E,30,+","31.6",",,E,25,","144.1",",,,E"
"SWE00138348","2012-07","58.06","14.6","285.0","HOGEMALEN, SW","14",",E","7",",E","1",",E","0",",","0",",,E,31,+","38.4",",,E,08,","111.2",",,,E"
"SWE00138348","2012-08","58.06","14.6","285.0","HOGEMALEN, SW","14",",E","7",",E","0",",E","0",",","0",",,E,31,+","17.7",",,E,22,","58.9",",,,E"
"SWE00138348","2012-09","58.06","14.6","285.0","HOGEMALEN, SW","22",",E","11",",E","0",",E","0",",","0",",,E,30,+","22.7",",,E,21,","114.0",",,,E"
"SWE00138348","2012-10","58.06","14.6","285.0","HOGEMALEN, SW","16",",E","8",",E","0",",E","0",",","0",",,E,31,+","11.9",",,E,14,","59.9",",,,E"
"SWE00138348","2012-11","58.06","14.6","285.0","HOGEMALEN, SW","17",",E","9",",E","0",",E","0",",","10",",,E,30,+","15.4",",,E,30,","76.9",",,,E"
"SWE00138348","2012-12","58.06","14.6","285.0","HOGEMALEN, SW","23",",E","9",",E","0",",E","31",",","320",",,E,01,","9.3",",,E,24,","68.0",",,,E"
"SWE00138348","2013-01","58.06","14.6","285.0","HOGEMALEN, SW","12",",E","3",",E","0",",E","19",",","100",",,E,28,+","7.5",",,E,09,","27.3",",,,E"
"SWE00138348","2013-02","58.06","14.6","285.0","HOGEMALEN, SW","12",",E","7",",E","0",",E","23",",","190",",,E,20,+","7.3",",,E,18,","34.7",",,,E"
"SWE00138348","2013-03","58.06","14.6","285.0","HOGEMALEN, SW","3",",E","0",",E","0",",E","31",",","140",",,E,02,+","1.0",",,E,13,","2.0",",,,E"
"SWE00138348","2013-04","58.06","14.6","285.0","HOGEMALEN, SW","11",",E","4",",E","0",",E","5",",","60",",,E,02,+","6.7",",,E,12,","27.3",",,,E"
"SWE00138348","2013-05","58.06","14.6","285.0","HOGEMALEN, SW","11",",E","5",",E","0",",E","0",",","0",",,E,31,+","8.9",",,E,19,","38.4",",,,E"
"SWE00138348","2013-06","58.06","14.6","285.0","HOGEMALEN, SW","15",",E","7",",E","1",",E","0",",","0",",,E,30,+","40.5",",,E,26,","91.0",",,,E"
"SWE00138348","2013-07","58.06","14.6","285.0","HOGEMALEN, SW","7",",E","5",",E","0",",E","0",",","0",",,E,31,+","10.1",",,E,25,","31.2",",,,E"
"SWE00138348","2013-08","58.06","14.6","285.0","HOGEMALEN, SW","12",",E","6",",E","0",",E","0",",","0",",,E,31,+","19.1",",,E,08,","65.7",",,,E"
"SWE00138348","2013-09","58.06","14.6","285.0","HOGEMALEN, SW","6",",E","2",",E","0",",E","0",",","0",",,E,30,+","4.1",",,E,15,","13.9",",,,E"
"SWE00138348","2013-10","58.06","14.6","285.0","HOGEMALEN, SW","14",",E","9",",E","0",",E","0",",","0",",,E,31,+","16.2",",,E,28,","62.0",",,,E"
"SWE00138348","2013-11","58.06","14.6","285.0","HOGEMALEN, SW","16",",E","7",",E","0",",E","2",",","30",",,E,22,+","10.9",",,E,09,","44.4",",,,E"
"SWE00138348","2013-12","58.06","14.6","285.0","HOGEMALEN, SW","18",",E","9",",E","0",",E","5",",","230",",,E,09,","14.2",",,E,08,","62.3",",,,E"
"SWE00138348","2014-01","58.06","14.6","285.0","HOGEMALEN, SW","19",",E","8",",E","0",",E","21","1,","70","1,,E,14,","15.4",",,E,09,","52.3",",,,E"
"SWE00138348","2014-02","58.06","14.6","285.0","HOGEMALEN, SW","12",",E","7",",E","0",",E","7",",","100",",,E,01,","11.4",",,E,18,","43.3",",,,E"
"SWE00138348","2014-03","58.06","14.6","285.0","HOGEMALEN, SW","9",",E","4",",E","0",",E","0",",","0",",,E,31,+","7.0",",,E,18,","28.8",",,,E"
"SWE00138348","2014-04","58.06","14.6","285.0","HOGEMALEN, SW","8",",E","1",",E","0",",E","0","4,","0","4,,E,30,+","21.9",",,E,08,","30.0",",,,E"
"SWE00138348","2014-05","58.06","14.6","285.0","HOGEMALEN, SW","13",",E","7",",E","0",",E","0",",","0",",,E,31,+","21.6",",,E,07,","62.2",",,,E"
"SWE00138348","2014-06","58.06","14.6","285.0","HOGEMALEN, SW","13",",E","8",",E","0",",E","0",",","0",",,E,30,+","13.4",",,E,26,","66.4",",,,E"
"SWE00138348","2014-07","58.06","14.6","285.0","HOGEMALEN, SW","7",",E","3",",E","0",",E","0",",","0",",,E,31,+","17.1",",,E,07,","35.1",",,,E"
"SWE00138348","2014-08","58.06","14.6","285.0","HOGEMALEN, SW","19",",E","10",",E","0",",E","0",",","0",",,E,31,+","13.8",",,E,17,","89.7",",,,E"
"SWE00138348","2014-09","58.06","14.6","285.0","HOGEMALEN, SW","9",",E","7",",E","1",",E","0",",","0",",,E,30,+","64.0",",,E,21,","122.1",",,,E"
"SWE00138348","2014-10","58.06","14.6","285.0","HOGEMALEN, SW","16",",E","8",",E","0",",E","0",",","0",",,E,31,+","11.0",",,E,07,","51.5",",,,E"
"SWE00138348","2014-11","58.06","14.6","285.0","HOGEMALEN, SW","20",",E","4",",E","0",",E","0",",","20",",,E,07,","13.2",",,E,05,","40.7",",,,E"
"SWE00138348","2014-12","58.06","14.6","285.0","HOGEMALEN, SW","17",",E","9",",E","0",",E","7",",","100",",,E,13,","15.3",",,E,12,","55.3",",,,E"
"SWE00138348","2015-01","58.06","14.6","285.0","HOGEMALEN, SW","20",",E","11",",E","0",",E","14",",","120",",,E,27,","10.0",",,E,31,","65.4",",,,E"
"SWE00138348","2015-02","58.06","14.6","285.0","HOGEMALEN, SW","8",",E","4",",E","0",",E","22","2,","260","2,,E,05,+","11.1",",,E,01,","33.0",",,,E"
"SWE00138348","2015-03","58.06","14.6","285.0","HOGEMALEN, SW","8",",E","5",",E","0",",E","1",",","100",",,E,03,","9.9",",,E,02,","35.8",",,,E"
"SWE00138348","2015-04","58.06","14.6","285.0","HOGEMALEN, SW","6",",E","2",",E","0",",E","0",",","0",",,E,30,+","17.3",",,E,15,","25.7",",,,E"
"SWE00138348","2015-05","58.06","14.6","285.0","HOGEMALEN, SW","19",",E","10",",E","1",",E","0",",","0",",,E,31,+","32.4",",,E,01,","104.4",",,,E"
"SWE00138348","2015-06","58.06","14.6","285.0","HOGEMALEN, SW","9",",E","7",",E","0",",E","0","2,","0","2,,E,30,+","19.0",",,E,02,","74.4",",,,E"
"SWE00138348","2015-07","58.06","14.6","285.0","HOGEMALEN, SW","16",",E","11",",E","0",",E","0",",","0",",,E,31,+","24.0",",,E,08,","97.6",",,,E"
"SWE00138348","2015-08","58.06","14.6","285.0","HOGEMALEN, SW","7",",E","4",",E","0",",E","0",",","0",",,E,31,+","22.8",",,E,31,","50.2",",,,E"
"SWE00138348","2015-09","58.06","14.6","285.0","HOGEMALEN, SW","14",",E","10",",E","0",",E","0",",","0",",,E,30,+","18.8",",,E,01,","78.2",",,,E"
"SWE00138348","2015-10","58.06","14.6","285.0","HOGEMALEN, SW","1",",E","0",",E","0",",E","0",",","0",",,E,31,+","2.2",",,E,22,","2.2",",,,E"
"SWE00138348","2015-11","58.06","14.6","285.0","HOGEMALEN, SW","14",",E","9",",E","0",",E","0",",","10",",,E,23,+","15.0",",,E,29,","70.8",",,,E"
"SWE00138348","2015-12","58.06","14.6","285.0","HOGEMALEN, SW","14",",E","5",",E","0",",E","4",",","70",",,E,28,","9.0",",,E,27,","35.4",",,,E"
"SWE00138348","2016-01","58.06","14.6","285.0","HOGEMALEN, SW","13",",E","5",",E","0",",E","25",",","300",",,E,11,","6.0",",,E,08,","30.6",",,,E"
"SWE00138348","2016-02","58.06","14.6","285.0","HOGEMALEN, SW","13",",E","6",",E","0",",E","19",",","150",",,E,21,","9.7",",,E,10,","34.8",",,,E"
"SWE00138348","2016-03","58.06","14.6","285.0","HOGEMALEN, SW","9",",E","5",",E","0",",E","17",",","250",",,E,07,","8.6",",,E,03,","30.7",",,,E"
"SWE00138348","2016-04","58.06","14.6","285.0","HOGEMALEN, SW","12",",E","4",",E","0",",E","0",",","0",",,E,30,+","12.6",",,E,06,","41.9",",,,E"
"SWE00138348","2016-05","58.06","14.6","285.0","HOGEMALEN, SW","8",",E","3",",E","0",",E","0",",","0",",,E,31,+","12.9",",,E,16,","33.2",",,,E"
"SWE00138348","2016-06","58.06","14.6","285.0","HOGEMALEN, SW","10",",E","4",",E","0",",E","0",",","0",",,E,30,+","18.5",",,E,23,","39.7",",,,E"
"SWE00138348","2016-07","58.06","14.6","285.0","HOGEMALEN, SW","8",",E","4",",E","0",",E","0",",","0",",,E,31,+","6.8",",,E,02,","27.0",",,,E"
"SWE00138348","2016-08","58.06","14.6","285.0","HOGEMALEN, SW","14",",E","8",",E","0",",E","0",",","0",",,E,31,+","21.9",",,E,28,","63.9",",,,E"
"SWE00138348","2016-09","58.06","14.6","285.0","HOGEMALEN, SW","7",",E","3",",E","0",",E","0",",","0",",,E,30,+","7.5",",,E,27,","17.7",",,,E"
"SWE00138348","2016-10","58.06","14.6","285.0","HOGEMALEN, SW","15",",E","5",",E","0",",E","0",",","0",",,E,31,+","18.2",",,E,31,","49.7",",,,E"
"SWE00138348","2016-11","58.06","14.6","285.0","HOGEMALEN, SW","12",",E","6",",E","0",",E","10",",","30",",,E,14,+","7.5",",,E,15,","34.7",",,,E"
"SWE00138348","2016-12","58.06","14.6","285.0","HOGEMALEN, SW","13",",E","6",",E","0",",E","3",",","30",",,E,04,+","7.2",",,E,01,","44.0",",,,E"
"SWE00138348","2017-01","58.06","14.6","285.0","HOGEMALEN, SW","8",",E","5",",E","0",",E","10",",","70",",,E,08,+","5.0",",,E,03,","20.7",",,,E"
"SWE00138348","2017-02","58.06","14.6","285.0","HOGEMALEN, SW","11",",E","4",",E","0",",E","0",",","20",",,E,22,+","5.1",",,E,21,","22.1",",,,E"
"SWE00138348","2017-03","58.06","14.6","285.0","HOGEMALEN, SW","15",",E","7",",E","0",",E","6",",","130",",,E,08,+","6.9",",,E,05,","35.4",",,,E"
"SWE00138348","2017-04","58.06","14.6","285.0","HOGEMALEN, SW","9",",E","6",",E","0",",E","0",",","0",",,E,30,+","7.9",",,E,25,","38.7",",,,E"
"SWE00138348","2017-05","58.06","14.6","285.0","HOGEMALEN, SW","7",",E","5",",E","0",",E","0",",","0",",,E,31,+","10.5",",,E,31,","27.9",",,,E"
"SWE00138348","2017-06","58.06","14.6","285.0","HOGEMALEN, SW","14",",E","8",",E","0",",E","0",",","0",",,E,30,+","16.9",",,E,12,","86.1",",,,E"
"SWE00138348","2017-07","58.06","14.6","285.0","HOGEMALEN, SW","7",",E","5",",E","0",",E","0",",","0",",,E,31,+","7.6",",,E,30,","26.8",",,,E"
"SWE00138348","2017-08","58.06","14.6","285.0","HOGEMALEN, SW","17",",E","12",",E","1",",E","0",",","0",",,E,31,+","31.4",",,E,30,","126.9",",,,E"
"SWE00138348","2017-09","58.06","14.6","285.0","HOGEMALEN, SW","19",",E","11",",E","0",",E","0",",","0",",,E,30,+","17.5",",,E,02,","98.2",",,,E"
"SWE00138348","2017-10","58.06","14.6","285.0","HOGEMALEN, SW","18",",E","11",",E","0",",E","0",",","0",",,E,31,+","13.4",",,E,25,","75.9",",,,E"
"SWE00138348","2017-11","58.06","14.6","285.0","HOGEMALEN, SW","13",",E","7",",E","0",",E","0",",","10",",,E,30,+","15.1",",,E,28,","60.6",",,,E"
"SWE00138348","2017-12","58.06","14.6","285.0","HOGEMALEN, SW","21",",E","7",",E","0",",E","10",",","230",",,E,18,+","13.1",",,E,14,","59.0",",,,E"
"SWE00138348","2018-01","58.06","14.6","285.0","HOGEMALEN, SW","15",",E","5",",E","0",",E","22",",","100",",,E,30,","19.5",",,E,29,","59.7",",,,E"
"SWE00138348","2018-02","58.06","14.6","285.0","HOGEMALEN, SW","12",",E","5",",E","0",",E","28",",","340",",,E,20,","13.2",",,E,02,","45.2",",,,E"
"SWE00138348","2018-03","58.06","14.6","285.0","HOGEMALEN, SW","10",",E","3",",E","0",",E","31",",","400",",,E,11,+","12.4",",,E,05,","31.5",",,,E"
"SWE00138348","2018-04","58.06","14.6","285.0","HOGEMALEN, SW","8",",E","4",",E","0",",E","6",",","180",",,E,02,+","11.6",",,E,30,","43.8",",,,E"
"SWE00138348","2018-05","58.06","14.6","285.0","HOGEMALEN, SW","4",",E","2",",E","0",",E","0",",","0",",,E,31,+","7.6",",,E,03,","14.3",",,,E"
"SWE00138348","2018-06","58.06","14.6","285.0","HOGEMALEN, SW","7",",E","5",",E","0",",E","0",",","0",",,E,30,+","14.3",",,E,17,","43.3",",,,E"
"SWE00138348","2018-07","58.06","14.6","285.0","HOGEMALEN, SW","4",",E","2",",E","0",",E","0",",","0",",,E,31,+","20.4",",,E,18,","25.9",",,,E"
"SWE00138348","2018-08","58.06","14.6","285.0","HOGEMALEN, SW","18",",E","14",",E","1",",E","0",",","0",",,E,31,+","39.7",",,E,31,","144.3",",,,E"
"SWE00138348","2018-09","58.06","14.6","285.0","HOGEMALEN, SW","10",",E","6",",E","0",",E","0",",","0",",,E,30,+","4.6",",,E,07,","28.8",",,,E"
"SWE00138348","2018-10","58.06","14.6","285.0","HOGEMALEN, SW","10",",E","7",",E","0",",E","3",",","100",",,E,27,","23.3",",,E,02,","59.0",",,,E"
"SWE00138348","2018-11","58.06","14.6","285.0","HOGEMALEN, SW","13",",E","2",",E","0",",E","0",",","0",",,E,30,+","3.4",",,E,12,","15.8",",,,E"
"SWE00138348","2018-12","58.06","14.6","285.0","HOGEMALEN, SW","14",",E","7",",E","0",",E","4",",","30",",,E,24,+","11.9",",,E,06,","47.9",",,,E"
"SWE00138348","2019-01","58.06","14.6","285.0","HOGEMALEN, SW","12",",E","5",",E","0",",E","23",",","130",",,E,31,+","14.7",",,E,08,","40.1",",,,E"
"SWE00138348","2019-02","58.06","14.6","285.0","HOGEMALEN, SW","12",",E","6",",E","0",",E","17",",","300",",,E,06,","11.6",",,E,02,","41.4",",,,E"
"SWE00138348","2019-03","58.06","14.6","285.0","HOGEMALEN, SW","15",",E","9",",E","0",",E","4",",","40",",,E,06,","17.2",",,E,04,","74.9",",,,E"
"SWE00138348","2019-04","58.06","14.6","285.0","HOGEMALEN, SW","3",",E","2",",E","0",",E","0",",","0",",,E,30,+","5.6",",,E,30,","9.4",",,,E"
"SWE00138348","2019-05","58.06","14.6","285.0","HOGEMALEN, SW","17",",E","6",",E","1",",E","0",",","0",",,E,31,+","42.9",",,E,22,","91.2",",,,E"
"SWE00138348","2019-06","58.06","14.6","285.0","HOGEMALEN, SW","5",",E","3",",E","1",",E","0",",","0",",,E,30,+","41.8",",,E,12,","50.6",",,,E"
"SWE00138348","2019-07","58.06","14.6","285.0","HOGEMALEN, SW","14",",E","7",",E","1",",E","0",",","0",",,E,31,+","26.0",",,E,21,","86.9",",,,E"
"SWE00138348","2019-08","58.06","14.6","285.0","HOGEMALEN, SW","11",",E","7",",E","0",",E","0",",","0",",,E,31,+","10.7",",,E,10,","45.7",",,,E"
"SWE00138348","2019-09","58.06","14.6","285.0","HOGEMALEN, SW","16",",E","9",",E","0",",E","0",",","0",",,E,30,+","9.0",",,E,09,","56.2",",,,E"
"SWE00138348","2019-10","58.06","14.6","285.0","HOGEMALEN, SW","16",",E","10",",E","0",",E","0",",","0",",,E,31,+","13.3",",,E,26,","82.9",",,,E"
"SWE00138348","2019-11","58.06","14.6","285.0","HOGEMALEN, SW","13",",E","8",",E","0",",E","0","1,","20","1,,E,11,+","12.8",",,E,16,","54.5",",,,E"
"SWE00138348","2019-12","58.06","14.6","285.0","HOGEMALEN, SW","20",",E","7",",E","0",",E","0","1,","20","1,,E,11,+","21.1",",,E,17,","66.6",",,,E"
"SWE00138348","2020-01","58.06","14.6","285.0","HOGEMALEN, SW","14",",E","4",",E","0",",E","1","2,","60","2,,E,31,","9.7",",,E,30,","30.0",",,,E"
"SWE00138348","2020-02","58.06","14.6","285.0","HOGEMALEN, SW","12",",E","7",",E","0",",E","5","1,","70","1,,E,27,+","13.2",",,E,16,","55.2",",,,E"
"SWE00138348","2020-03","58.06","14.6","285.0","HOGEMALEN, SW","11",",E","7",",E","0",",E","1","2,","40","2,,E,01,","6.6",",,E,09,","35.8",",,,E"
"SWE00138348","2020-04","58.06","14.6","285.0","HOGEMALEN, SW","5",",E","3",",E","0",",E","0","1,","0","1,,E,30,+","10.3",",,E,27,","18.4",",,,E"
"SWE00138348","2020-05","58.06","14.6","285.0","HOGEMALEN, SW","10",",E","6",",E","0",",E","0",",","0",",,E,31,+","10.3",",,E,14,","37.0",",,,E"
"SWE00138348","2020-06","58.06","14.6","285.0","HOGEMALEN, SW","10",",E","5",",E","0",",E","0",",","0",",,E,30,+","25.0",",,E,22,","71.5",",,,E"
"SWE00138348","2020-07","58.06","14.6","285.0","HOGEMALEN, SW","18",",E","10",",E","0",",E","0","3,","0","3,,E,31,+","24.2",",,E,10,","107.8",",,,E"
"SWE00138348","2020-08","58.06","14.6","285.0","HOGEMALEN, SW","8",",E","4",",E","0",",E","0",",","0",",,E,31,+","13.4",",,E,19,","30.1",",,,E"
"SWE00138348","2020-09","58.06","14.6","285.0","HOGEMALEN, SW","6",",E","2",",E","0",",E","0",",","0",",,E,30,+","9.4",",,E,25,","21.3",",,,E"
"SWE00138348","2020-10","58.06","14.6","285.0","HOGEMALEN, SW","18",",E","8",",E","1",",E","0","5,","0","5,,E,31,+","28.8",",,E,05,","105.5",",,,E"
"SWE00138348","2020-11","58.06","14.6","285.0","HOGEMALEN, SW","17",",E","1",",E","0",",E","0",",","10",",,E,30,","2.9",",,E,02,","18.5",",,,E"
"SWE00138348","2020-12","58.06","14.6","285.0","HOGEMALEN, SW","20",",E","6",",E","0",",E","","","","","10.1",",,E,29,","50.4",",,,E"
"SWE00138348","2021-01","58.06","14.6","285.0","HOGEMALEN, SW","15",",E","5",",E","0",",E","18","2,","140","2,,E,29,","9.9",",,E,20,","41.4",",,,E"
"SWE00138348","2021-02","58.06","14.6","285.0","HOGEMALEN, SW","1",",E","1",",E","0",",E","20",",","140",",,E,05,+","5.3",",,E,01,","5.8",",,,E"
"SWE00138348","2021-03","58.06","14.6","285.0","HOGEMALEN, SW","9",",E","5",",E","0",",E","0","1,","10","1,,E,15,+","17.0",",,E,27,","39.6",",,,E"
"SWE00138348","2021-04","58.06","14.6","285.0","HOGEMALEN, SW","","","","","","","2",",","50",",,E,23,+","","","",""
"SWE00138348","2021-05","58.06","14.6","285.0","HOGEMALEN, SW","16","2,E","10","2,E","0","2,E","0","2,","10","2,,E,06,","15.9","2,,E,05,","86.3","2,,,E"
