"STATION","DATE","LATITUDE","LONGITUDE","ELEVATION","NAME","CDSD","CDSD_ATTRIBUTES","CLDD","CLDD_ATTRIBUTES","DP01","DP01_ATTRIBUTES","DP10","DP10_ATTRIBUTES","DP1X","DP1X_ATTRIBUTES","DSND","DSND_ATTRIBUTES","DSNW","DSNW_ATTRIBUTES","DT00","DT00_ATTRIBUTES","DT32","DT32_ATTRIBUTES","DX32","DX32_ATTRIBUTES","DX70","DX70_ATTRIBUTES","DX90","DX90_ATTRIBUTES","EMNT","EMNT_ATTRIBUTES","EMSD","EMSD_ATTRIBUTES","EMSN","EMSN_ATTRIBUTES","EMXP","EMXP_ATTRIBUTES","EMXT","EMXT_ATTRIBUTES","HDSD","HDSD_ATTRIBUTES","HN01","HN01_ATTRIBUTES","HTDD","HTDD_ATTRIBUTES","HX01","HX01_ATTRIBUTES","LN01","LN01_ATTRIBUTES","LX01","LX01_ATTRIBUTES","MN01","MN01_ATTRIBUTES","MX01","MX01_ATTRIBUTES","PRCP","PRCP_ATTRIBUTES","SNOW","SNOW_ATTRIBUTES","TAVG","TAVG_ATTRIBUTES","TMAX","TMAX_ATTRIBUTES","TMIN","TMIN_ATTRIBUTES"
"USC00347343","2009-02","35.89889","-98.96028","588.9","PUTNAM 3 N MEOSNET, OK US","","","0.0",",0","1",",0","0",",0","0",",0","0",",0","0",",0","0",",0","14",",0","0",",0","4",",0","0",",0","-8.3",",0,04,","0",",,0,28,+","0",",,0,28,+","0.3",",,0,26,","25.0",",0,17,","","","   9.4",",,,0,3,2","308.3",",0","  15.0",",,,0,3,2","   0.0",",,,0,3,2","   6.7",",,,0,3,2","   4.5",",,,0,3,2","  11.4",",,,0,3,2","0.3",",,,0","0",",,,0","7.32",",0","14.84",",,,0","-0.20",",,,0"
"USC00347343","2009-03","35.89889","-98.96028","588.9","PUTNAM 3 N MEOSNET, OK US","","","6.1",",0","","","","","","","0",",0","0",",0","0",",0","11",",0","0",",0","13",",0","1",",0","-7.8",",0,01,","0",",,0,31,+","0",",,0,31,+","","","32.2",",0,05,","","","  13.9",",,,0,3,2","246.6",",0","  20.0",",,,0,3,2","   0.6",",,,0,3,2","   3.9",",,,0,3,2","   7.6",",,,0,3,2","  14.0",",,,0,3,2","27.5",",a,,0","0",",,,0","10.57",",0","17.79",",,,0","3.36",",,,0"
"USC00347343","2009-04","35.89889","-98.96028","588.9","PUTNAM 3 N MEOSNET, OK US","","","23.2",",0","11",",0","8",",0","1",",0","0",",0","0",",0","0",",0","4",",0","0",",0","17",",0","1",",0","-6.1",",0,07,","0",",,0,30,+","0",",,0,30,+","37.1",",,0,26,","32.2",",0,22,","","","  18.3",",,,0,3,2","140.8",",0","  25.0",",,,0,3,2","   3.9",",,,0,3,2","  11.7",",,,0,3,2","  10.5",",,,0,3,2","  17.6",",,,0,3,2","98.9",",,,0","0",",,,0","14.41",",0","21.69",",,,0","7.14",",,,0"
"USC00347343","2009-05","35.89889","-98.96028","588.9","PUTNAM 3 N MEOSNET, OK US","","","47.4",",0","13",",0","6",",0","0",",0","0",",0","0",",0","0",",0","0",",0","0",",0","21",",0","3",",0","5.0",",0,17,","0",",,0,31,+","0",",,0,31,+","10.7",",,0,25,+","32.8",",0,13,","","","  20.0",",,,0,3,2","60.2",",0","  31.7",",,,0,3,2","  10.6",",,,0,3,2","  13.3",",,,0,3,2","  15.6",",,,0,3,2","  23.5",",,,0,3,2","50.6",",,,0","0",",,,0","17.92",",0","23.80",",,,0","12.04",",,,0"
"USC00347343","2009-06","35.89889","-98.96028","588.9","PUTNAM 3 N MEOSNET, OK US","","","223.1",",0","10",",0","5",",0","0",",0","0",",0","0",",0","0",",0","0",",0","0",",0","30",",0","17",",0","10.0",",0,04,","0",",,0,30,+","0",",,0,30,+","10.7",",,0,19,","38.3",",0,27,","","","  26.7",",,,0,3,2","0.0",",0","  37.2",",,,0,3,2","  16.7",",,,0,3,2","  25.6",",,,0,3,2","  22.8",",,,0,3,2","  32.3",",,,0,3,2","39.0",",,,0","0",",,,0","25.77",",0","32.57",",,,0","18.97",",,,0"
"USC00347343","2009-07","35.89889","-98.96028","588.9","PUTNAM 3 N MEOSNET, OK US","","","269.2",",0","7",",0","5",",0","1",",0","0",",0","0",",0","0",",0","0",",0","0",",0","31",",0","21",",0","13.9",",0,22,","0",",,0,31,+","0",",,0,31,+","36.3",",,0,30,","42.8",",0,10,","0.0","0","  28.3",",,,0,3,2","0.0",",0","  38.3",",,,0,3,2","  19.4",",,,0,3,2","  26.1",",,,0,3,2","  25.1",",,,0,3,2","  34.4",",,,0,3,2","67.4",",,,0","0",",,,0","27.02",",0","34.43",",,,0","19.60",",,,0"
"USC00347343","2009-08","35.89889","-98.96028","588.9","PUTNAM 3 N MEOSNET, OK US","","","234.6",",0","12",",0","5",",0","1",",0","0",",0","0",",0","0",",0","0",",0","0",",0","31",",0","19",",0","13.9",",0,30,+","0",",,0,31,+","0",",,0,31,+","84.6",",,0,18,","38.3",",0,17,+","0.0","0","  27.2",",,,0,3,2","0.0",",0","  36.7",",,,0,3,2","  18.3",",,,0,3,2","  26.7",",,,0,3,2","  23.1",",,,0,3,2","  32.2",",,,0,3,2","121.5",",,,0","0",",,,0","25.90",",0","32.72",",,,0","19.08",",,,0"
"USC00347343","2009-09","35.89889","-98.96028","588.9","PUTNAM 3 N MEOSNET, OK US","","","89.6",",0","7",",0","3",",0","1",",0","0",",0","0",",0","0",",0","0",",0","0",",0","29",",0","5",",0","6.1",",0,23,","0",",,0,30,+","0",",,0,30,+","31.2",",,0,12,","35.0",",0,27,","15.2","0","  23.9",",,,0,3,2","15.2",",0","  30.6",",,,0,3,2","  12.8",",,,0,3,2","  19.4",",,,0,3,2","  18.9",",,,0,3,2","  25.5",",,,0,3,2","49.6",",,,0","0",",,,0","20.81",",0","26.90",",,,0","14.73",",,,0"
"USC00347343","2009-10","35.89889","-98.96028","588.9","PUTNAM 3 N MEOSNET, OK US","","","1.9","1,0","16",",0","6",",0","2",",0","0",",0","0",",0","0",",0","2",",0","0","1,0","7","1,0","0","1,0","0.0",",0,30,+","0",",,0,31,+","0",",,0,31,+","60.7",",,0,08,","25.6","1,0,19,","226.3","0","  17.2",",,,0,3,2","211.1","1,0","  23.9",",,,0,3,2","   5.0",",,,0,3,2","  10.6",",,,0,3,2","  10.3",",,,0,3,2","  15.7",",,,0,3,2","137.4",",,,0","0",",,,0","11.32","1,0","16.74","1,,,0","5.89",",,,0"
"USC00347343","2009-11","35.89889","-98.96028","588.9","PUTNAM 3 N MEOSNET, OK US","","","0.6",",0","4",",0","1",",0","0",",0","0",",0","0",",0","0",",0","5",",0","0",",0","8",",0","0",",0","-2.8",",0,30,","0",",,0,30,+","0",",,0,30,+","4.3",",,0,15,","25.6",",0,07,+","445.3","0","  13.3",",,,0,3,2","219.0",",0","  18.9",",,,0,3,2","   2.8",",,,0,3,2","   8.3",",,,0,3,2","   7.8",",,,0,3,2","  13.9",",,,0,3,2","6.4",",,,0","0",",,,0","11.05",",0","17.24",",,,0","4.87",",,,0"
"USC00347343","2009-12","35.89889","-98.96028","588.9","PUTNAM 3 N MEOSNET, OK US","","","0.0",",0","","","","","","","","","0","5,0","0",",0","31",",0","4",",0","1",",0","0",",0","-15.0",",0,10,","","","0","5,,0,31,+","","","22.2",",0,13,","1005.0","0","   4.4",",,,0,3,2","559.7",",0","   8.9",",,,0,3,2","  -3.3",",,,0,3,2","  -0.6",",,,0,3,2","   0.6",",,,0,3,2","   4.4",",,,0,3,2","3.1",",a,,0","0","5,,,0","0.28",",0","6.18",",,,0","-5.63",",,,0"
"USC00347343","2010-01","35.89889","-98.96028","588.9","PUTNAM 3 N MEOSNET, OK US","0.0","0","0.0",",0","","","","","","","0",",0","0",",0","0",",0","26",",0","9",",0","0",",0","0",",0","-16.1",",0,08,","0",",,0,31,+","0",",,0,31,+","","","20.0",",0,22,","1549.8","0","   6.1",",,,0,3,2","544.8",",0","  11.1",",,,0,3,2","  -4.4",",,,0,3,2","  -1.1",",,,0,3,2","   0.7",",,,0,3,2","   4.7",",,,0,3,2","5.5","4,a,,0","0",",,,0","0.76",",0","6.55",",,,0","-5.03",",,,0"
"USC00347343","2010-02","35.89889","-98.96028","588.9","PUTNAM 3 N MEOSNET, OK US","0.0","0","0.0",",0","","","","","","","0",",0","0","1,0","0",",0","26",",0","4",",0","0",",0","0",",0","-8.9",",0,24,","0",",,0,28,+","0","1,,0,28,+","","","16.1",",0,27,+","2027.7","0","   3.9",",,,0,3,2","477.9",",0","  10.6",",,,0,3,2","  -0.6",",,,0,3,2","   0.0",",,,0,3,2","   0.7",",,,0,3,2","   3.4",",,,0,3,2","11.0","5,a,,0","0","1,,,0","1.27",",0","5.77",",,,0","-3.24",",,,0"
"USC00347343","2010-03","35.89889","-98.96028","588.9","PUTNAM 3 N MEOSNET, OK US","4.5","0","4.5",",0","7","5,0","2","5,0","0","5,0","0",",0","0",",0","0",",0","11",",0","0",",0","4",",0","1",",0","-5.0",",0,22,","0",",,0,31,+","0",",,0,31,+","19.3","5,,0,08,","33.9",",0,31,","2331.9","0","  11.1",",,,0,3,2","304.2",",0","  20.6",",,,0,3,2","   1.1",",,,0,3,2","   6.1",",,,0,3,2","   4.9",",,,0,3,2","  11.2",",,,0,3,2","29.8",",a,,0","0",",,,0","8.67",",0","14.89",",,,0","2.45",",,,0"
"USC00347343","2010-04","35.89889","-98.96028","588.9","PUTNAM 3 N MEOSNET, OK US","21.1","0","16.6",",0","6",",0","5",",0","2",",0","0",",0","0",",0","0",",0","1",",0","0",",0","19",",0","2",",0","-0.6",",0,08,","0",",,0,30,+","0",",,0,30,+","45.5",",,0,16,","32.2",",0,06,+","2439.3","0","  16.7",",,,0,3,2","107.4",",0","  22.8",",,,0,3,2","   7.2",",,,0,3,2","  11.7",",,,0,3,2","  11.9",",,,0,3,2","  18.1",",,,0,3,2","103.7",",,,0","0",",,,0","15.31",",0","21.64",",,,0","8.97",",,,0"
"USC00347343","2010-05","35.89889","-98.96028","588.9","PUTNAM 3 N MEOSNET, OK US","93.1","0","72.0",",0","8",",0","3",",0","0",",0","0",",0","0",",0","0",",0","0",",0","0",",0","26",",0","2",",0","5.0",",0,08,","0",",,0,31,+","0",",,0,31,+","18.0",",,0,12,","33.3",",0,10,","2479.9","0","  21.7",",,,0,3,2","40.6",",0","  31.1",",,,0,3,2","  12.2",",,,0,3,2","  16.7",",,,0,3,2","  16.5",",,,0,3,2","  23.8",",,,0,3,2","52.7",",,,0","0",",,,0","19.35",",0","26.06",",,,0","12.64",",,,0"
"USC00347343","2010-06","35.89889","-98.96028","588.9","PUTNAM 3 N MEOSNET, OK US","355.3","0","262.2",",0","5",",0","3",",0","1",",0","0",",0","0",",0","0",",0","0",",0","0",",0","30",",0","22",",0","16.7",",0,29,","0",",,0,30,+","0",",,0,30,+","30.0",",,0,14,","37.2",",0,23,+","2479.9","0","","","0.0",",0","","","","","","","","","","","55.4",",,,0","0",",,,0","27.07",",0","33.35",",,,0","20.79",",,,0"
"USC00347343","2010-07","35.89889","-98.96028","588.9","PUTNAM 3 N MEOSNET, OK US","618.5","0","263.2",",0","13",",0","10",",0","3",",0","0",",0","0",",0","0",",0","0",",0","0",",0","31",",0","19",",0","17.8",",0,01,","0",",,0,31,+","0",",,0,31,+","38.9",",,0,24,","36.1",",0,31,+","0.0","0","","","0.0",",0","","","","","","","","","","","163.0",",,,0","0",",,,0","26.82",",0","32.51",",,,0","21.14",",,,0"
"USC00347343","2010-08","35.89889","-98.96028","588.9","PUTNAM 3 N MEOSNET, OK US","912.8","0","294.3",",0","5",",0","3",",0","0",",0","0",",0","0",",0","0",",0","0",",0","0",",0","31",",0","23",",0","11.1",",0,26,","0",",,0,31,+","0",",,0,31,+","7.1",",,0,17,+","40.0",",0,14,","0.0","0","  29.4",",,,0,3,2","0.0",",0","  37.2",",,,0,3,2","  22.2",",,,0,3,2","  29.4",",,,0,3,2","  26.1",",,,0,3,2","  33.8",",,,0,3,2","18.9",",,,0","0",",,,0","27.83",",0","35.04",",,,0","20.61",",,,0"
"USC00347343","2010-09","35.89889","-98.96028","588.9","PUTNAM 3 N MEOSNET, OK US","1086.4","0","173.6",",0","6",",0","3",",0","0",",0","0",",0","0",",0","0",",0","0",",0","0",",0","30",",0","13",",0","7.2",",0,27,","0",",,0,30,+","0",",,0,30,+","20.3",",,0,08,","36.7",",0,10,+","4.5","0","  25.0",",,,0,3,2","4.5",",0","  32.2",",,,0,3,2","  15.6",",,,0,3,2","  24.4",",,,0,3,2","  22.1",",,,0,3,2","  28.8",",,,0,3,2","46.0",",,,0","0",",,,0","23.97",",0","30.72",",,,0","17.22",",,,0"
"USC00347343","2010-10","35.89889","-98.96028","588.9","PUTNAM 3 N MEOSNET, OK US","1107.5","0","21.1",",0","4",",0","2",",0","0",",0","0",",0","0",",0","0",",0","0",",0","0",",0","24",",0","0",",0","3.9",",0,28,","0",",,0,31,+","0",",,0,31,+","22.6",",,0,22,","31.1",",0,07,","65.0","0","  18.3",",,,0,3,2","60.5",",0","  25.6",",,,0,3,2","   8.3",",,,0,3,2","  15.6",",,,0,3,2","  15.2",",,,0,3,2","  21.2",",,,0,3,2","42.7",",,,0","0",",,,0","17.06",",0","24.73",",,,0","9.40",",,,0"
"USC00347343","2010-11","35.89889","-98.96028","588.9","PUTNAM 3 N MEOSNET, OK US","1107.5","0","0.0",",0","4","2,0","2","2,0","1","2,0","0",",0","0",",0","0",",0","10",",0","0",",0","7",",0","0",",0","-7.8",",0,26,","0",",,0,30,+","0",",,0,30,+","64.3","2,,0,12,","22.8",",0,22,","355.3","0","  12.2",",,,0,3,2","290.3",",0","  17.2",",,,0,3,2","   2.2",",,,0,3,2","   7.2",",,,0,3,2","   7.1",",,,0,3,2","  12.3",",,,0,3,2","79.1",",a,,0","0",",,,0","8.66",",0","15.28",",,,0","2.03",",,,0"
"USC00347343","2010-12","35.89889","-98.96028","588.9","PUTNAM 3 N MEOSNET, OK US","1107.5","0","0.0",",0","4","3,0","1","3,0","0","3,0","0",",0","0",",0","0",",0","23",",0","0",",0","1",",0","0",",0","-11.1",",0,26,","0",",,0,31,+","0",",,0,31,+","3.8","3,,0,17,","21.7",",0,20,","817.0","0","   6.7",",,,0,3,2","461.7",",0","  11.1",",,,0,3,2","   0.6",",,,0,3,2","   2.8",",,,0,3,2","   3.2",",,,0,3,2","   7.3",",,,0,3,2","7.7",",a,,0","0",",,,0","3.44",",0","9.46",",,,0","-2.58",",,,0"
"USC00347343","2011-01","35.89889","-98.96028","588.9","PUTNAM 3 N MEOSNET, OK US","0.0","K","0.0",",K","","","","","","","","","","","0",",K","29",",K","5",",K","2",",K","0",",K","-13.9",",K,12,+","","","","","","","24.4",",K,28,","1343.8","K","   4.4",",,,K,3,2","526.8",",K","  11.1",",,,K,3,2","  -1.7",",,,K,3,2","   0.0",",,,K,3,2","   1.4",",,,K,3,2","   4.9",",,,K,3,2","1.3",",a,,K","","","1.34",",K","8.52",",,,K","-5.84",",,,K"
"USC00347343","2011-02","35.89889","-98.96028","588.9","PUTNAM 3 N MEOSNET, OK US","1.7","K","1.7",",K","","","","","","","","","","","4",",K","18",",K","6",",K","7",",K","0",",K","-20.0",",K,10,","","","","","","","28.9",",K,17,","1756.8","K","  12.8",",,,K,3,2","413.0",",K","  16.7",",,,K,3,2","  -3.3",",,,K,3,2","  -0.6",",,,K,3,2","   3.1",",,,K,3,2","   7.5",",,,K,3,2","5.8",",a,,K","","","3.64",",K","11.35",",,,K","-4.07",",,,K"
"USC00347343","2011-03","35.89889","-98.96028","588.9","PUTNAM 3 N MEOSNET, OK US","8.3","K","6.6",",K","5",",K","1",",K","1",",K","","","","","0",",K","10",",K","0",",K","10",",K","0",",K","-3.9",",K,05,","","","","","27.2",",,K,08,","29.4",",K,17,","2024.0","K","  15.0",",,,K,3,2","267.2",",K","  20.6",",,,K,3,2","   3.3",",,,K,3,2","   7.8",",,,K,3,2","   8.3",",,,K,3,2","  13.9",",,,K,3,2","30.8",",,,K","","","9.93",",K","16.56",",,,K","3.29",",,,K"
"USC00347343","2011-04","35.89889","-98.96028","588.9","PUTNAM 3 N MEOSNET, OK US","36.1","K","27.8",",K","4",",K","1",",K","0",",K","","","","","0",",K","1",",K","0",",K","21",",K","2",",K","-0.6",",K,16,","","","","","6.6",",,K,27,","35.6",",K,03,","2121.0","K","  18.9",",,,K,3,2","97.0",",K","  23.9",",,,K,3,2","  10.0",",,,K,3,2","  15.6",",,,K,3,2","  14.3",",,,K,3,2","  20.5",",,,K,3,2","10.2",",,,K","","","16.03",",K","24.11",",,,K","7.94",",,,K"
"USC00347343","2011-05","35.89889","-98.96028","588.9","PUTNAM 3 N MEOSNET, OK US","147.7","K","111.6",",K","4",",K","3",",K","0",",K","","","","","0",",K","0",",K","0",",K","27",",K","11",",K","0.6",",K,02,","","","","","14.5",",,K,24,","39.4",",K,08,","2171.6","K","  24.4",",,,K,3,2","50.6",",K","  31.7",",,,K,3,2","  11.7",",,,K,3,2","  17.8",",,,K,3,2","  17.9",",,,K,3,2","  25.7",",,,K,3,2","24.4",",,,K","","","20.30",",K","28.03",",,,K","12.57",",,,K"
"USC00347343","2011-06","35.89889","-98.96028","588.9","PUTNAM 3 N MEOSNET, OK US","481.4","K","333.7",",K","5","2,K","3","2,K","1","2,K","","","","","0",",K","0",",K","0",",K","30",",K","29",",K","16.1",",K,21,","","","","","33.5","2,,K,29,","42.2",",K,25,","2171.6","K","  28.9",",,,K,3,2","0.0",",K","  36.1",",,,K,3,2","  22.8",",,,K,3,2","  30.6",",,,K,3,2","  25.7",",,,K,3,2","  33.2",",,,K,3,2","50.8","2,,,K","","","29.46",",K","37.30",",,,K","21.61",",,,K"
"USC00347343","2011-07","35.89889","-98.96028","588.9","PUTNAM 3 N MEOSNET, OK US","909.8","K","428.4",",K","2",",K","0",",K","0",",K","","","","","0",",K","0",",K","0",",K","31",",K","31",",K","21.7",",K,04,","","","","","0.3",",,K,30,+","43.3",",K,09,","0.0","K","  31.1",",,,K,3,2","0.0",",K","  39.4",",,,K,3,2","  23.9",",,,K,3,2","  34.4",",,,K,3,2","  29.4",",,,K,3,2","  37.5",",,,K,3,2","0.6",",,,K","","","32.15",",K","39.68",",,,K","24.62",",,,K"
"USC00347343","2011-08","35.89889","-98.96028","588.9","PUTNAM 3 N MEOSNET, OK US","1302.6","K","392.8",",K","9",",K","2",",K","0",",K","","","","","0",",K","0",",K","0",",K","31",",K","29",",K","19.4",",K,26,+","","","","","23.4",",,K,12,","43.3",",K,05,+","0.0","K","  31.1",",,,K,3,2","0.0",",K","  39.4",",,,K,3,2","  24.4",",,,K,3,2","  31.7",",,,K,3,2","  28.2",",,,K,3,2","  36.0",",,,K,3,2","34.4",",,,K","","","31.00",",K","38.68",",,,K","23.33",",,,K"
"USC00347343","2011-09","35.89889","-98.96028","588.9","PUTNAM 3 N MEOSNET, OK US","1421.0","K","118.4",",K","5",",K","4",",K","0",",K","","","","","0",",K","0",",K","0",",K","29",",K","9",",K","8.9",",K,09,","","","","","14.2",",,K,22,","38.9",",K,01,","11.9","K","  28.9",",,,K,3,2","11.9",",K","  35.6",",,,K,3,2","  15.0",",,,K,3,2","  21.1",",,,K,3,2","  20.5",",,,K,3,2","  28.5",",,,K,3,2","27.9",",,,K","","","21.88",",K","29.50",",,,K","14.27",",,,K"
"USC00347343","2011-10","35.89889","-98.96028","588.9","PUTNAM 3 N MEOSNET, OK US","1454.1","K","33.1",",K","8",",K","3",",K","1",",K","","","","","0",",K","0",",K","0",",K","20",",K","0",",K","0.6",",K,28,","","","","","33.5",",,K,08,","31.7",",K,03,","109.7","K","  20.6",",,,K,3,2","97.8",",K","  27.2",",,,K,3,2","   7.2",",,,K,3,2","  14.4",",,,K,3,2","  13.9",",,,K,3,2","  20.5",",,,K,3,2","56.2",",,,K","","","16.25",",K","23.17",",,,K","9.32",",,,K"
"USC00347343","2011-11","35.89889","-98.96028","588.9","PUTNAM 3 N MEOSNET, OK US","1455.2","K","1.1",",K","4","2,K","3","2,K","1","2,K","","","","","0",",K","11",",K","0",",K","5",",K","0",",K","-4.4",",K,17,","","","","","53.1","2,,K,07,","24.4",",K,13,","402.8","K","  12.2",",,,K,3,2","293.1",",K","  18.9",",,,K,3,2","   2.8",",,,K,3,2","   6.1",",,,K,3,2","   6.4",",,,K,3,2","  11.3",",,,K,3,2","86.4",",a,,K","","","8.60",",K","14.61",",,,K","2.59",",,,K"
"USC00347343","2011-12","35.89889","-98.96028","588.9","PUTNAM 3 N MEOSNET, OK US","1455.2","K","0.0",",K","","","","","","","","","","","0",",K","21",",K","3",",K","1",",K","0",",K","-10.0",",K,06,","","","","","","","24.4",",K,31,","858.6","K","   8.3",",,,K,3,2","455.8",",K","  12.8",",,,K,3,2","   1.1",",,,K,3,2","   1.7",",,,K,3,2","   3.0",",,,K,3,2","   5.9",",,,K,3,2","59.1",",a,,K","","","3.63",",K","8.65",",,,K","-1.40",",,,K"
"USC00347343","2012-01","35.89889","-98.96028","588.9","PUTNAM 3 N MEOSNET, OK US","0.0","7","0.0","1,K","3",",K","2",",K","0",",K","","","","","0",",K","21",",K","0","1,K","1","1,K","0","1,K","-8.3",",K,21,","","","","","21.3",",,K,24,","22.8","1,K,16,","1242.7","7","   6.7",",,,K,3,2","384.1","1,K","  11.1",",,,K,3,2","   1.1",",,,K,3,2","   3.3",",,,K,3,2","   3.0",",,,K,3,2","   7.5",",,,K,3,2","24.6",",,,K","","","5.45","1,K","12.40","1,,,K","-1.50",",,,K"
"USC00347343","2012-02","35.89889","-98.96028","588.9","PUTNAM 3 N MEOSNET, OK US","0.0","7","0.0",",K","","","","","","","","","","","0",",K","15",",K","3",",K","1",",K","0",",K","-8.9",",K,11,","","","","","","","22.2",",K,22,","1621.9","7","   9.4",",,,K,3,2","379.2",",K","  16.1",",,,K,3,2","   0.6",",,,K,3,2","   0.6",",,,K,3,2","   3.4",",,,K,3,2","   7.8",",,,K,3,2","","","","","5.26",",K","10.39",",,,K","0.12",",,,K"
"USC00347343","2012-03","35.89889","-98.96028","588.9","PUTNAM 3 N MEOSNET, OK US","17.6","7","17.6",",K","10",",K","5",",K","0",",K","","","","","0",",K","3",",K","0",",K","19",",K","0",",K","-2.8",",K,03,","","","","","21.6",",,K,20,","27.2",",K,28,","1758.5","7","  16.1",",,,K,3,2","136.6",",K","  25.0",",,,K,3,2","   5.0",",,,K,3,2","  10.6",",,,K,3,2","  10.6",",,,K,3,2","  17.4",",,,K,3,2","64.5",",,,K","","","14.50",",K","20.67",",,,K","8.32",",,,K"
"USC00347343","2012-04","35.89889","-98.96028","588.9","PUTNAM 3 N MEOSNET, OK US","53.1","7","35.5",",K","13",",K","8",",K","1",",K","","","","","0",",K","0",",K","0",",K","20",",K","1",",K","2.8",",K,23,","","","","","45.7",",,K,29,","34.4",",K,25,","1834.6","7","  21.1",",,,K,3,2","76.1",",K","  28.9",",,,K,3,2","  11.1",",,,K,3,2","  16.7",",,,K,3,2","  15.4",",,,K,3,2","  22.8",",,,K,3,2","107.3",",,,K","","","16.98",",K","23.11",",,,K","10.85",",,,K"
"USC00347343","2012-05","35.89889","-98.96028","588.9","PUTNAM 3 N MEOSNET, OK US","184.5","7","131.4",",K","8",",K","4",",K","0",",K","","","","","0",",K","0",",K","0",",K","28",",K","7",",K","7.8",",K,09,","","","","","10.4",",,K,19,","35.0",",K,29,","1845.5","7","  24.4","1,,,K,3,2","10.9",",K","  33.3","1,,,K,3,2","  16.1","1,,,K,3,2","  22.2","1,,,K,3,2","  20.0","1,,,K,3,2","  28.2","1,,,K,3,2","30.3",",,,K","","","22.22",",K","28.87",",,,K","15.57",",,,K"
"USC00347343","2012-06","35.89889","-98.96028","588.9","PUTNAM 3 N MEOSNET, OK US","429.0","7","244.5",",K","5",",K","4",",K","0",",K","","","","","0",",K","0",",K","0",",K","30",",K","23",",K","11.1",",K,01,","","","","","14.7",",,K,21,","42.2",",K,26,","1846.6","7","  28.9",",,,K,3,2","1.1",",K","  38.3",",,,K,3,2","  17.8",",,,K,3,2","  25.0",",,,K,3,2","  24.2",",,,K,3,2","  33.3",",,,K,3,2","38.0",",,,K","","","26.45",",K","33.81",",,,K","19.08",",,,K"
"USC00347343","2012-07","35.89889","-98.96028","588.9","PUTNAM 3 N MEOSNET, OK US","801.4","7","372.4",",K","4",",K","1",",K","0",",K","","","","","0",",K","0",",K","0",",K","31",",K","30",",K","17.8",",K,11,","","","","","5.1",",,K,09,","42.8",",K,31,","0.0","7","  30.0",",,,K,3,2","0.0",",K","  38.9",",,,K,3,2","  23.3",",,,K,3,2","  30.0",",,,K,3,2","  28.1",",,,K,3,2","  36.0",",,,K,3,2","6.2",",,,K","","","30.35",",K","37.93",",,,K","22.77",",,,K"
"USC00347343","2012-08","35.89889","-98.96028","588.9","PUTNAM 3 N MEOSNET, OK US","1076.7","7","275.3",",K","10",",K","2",",K","1",",K","","","","","0",",K","0",",K","0",",K","31",",K","22",",K","12.2",",K,20,","","","","","39.1",",,K,23,","44.4",",K,01,","0.0","7","  31.1",",,,K,3,2","0.0",",K","  39.4",",,,K,3,2","  21.1",",,,K,3,2","  25.6",",,,K,3,2","  25.8",",,,K,3,2","  33.9",",,,K,3,2","51.5",",,,K","","","27.21",",K","34.93",",,,K","19.50",",,,K"
"USC00347343","2012-09","35.89889","-98.96028","588.9","PUTNAM 3 N MEOSNET, OK US","1221.0","7","144.3",",K","9",",K","5",",K","0",",K","","","","","0",",K","0",",K","0",",K","27",",K","11",",K","8.3",",K,18,","","","","","22.4",",,K,05,","40.0",",K,04,","10.6","7","  27.2",",,,K,3,2","10.6",",K","  36.1",",,,K,3,2","  15.6",",,,K,3,2","  17.2",",,,K,3,2","  20.0",",,,K,3,2","  27.9",",,,K,3,2","70.6",",,,K","","","22.79",",K","29.68",",,,K","15.90",",,,K"
"USC00347343","2012-10","35.89889","-98.96028","588.9","PUTNAM 3 N MEOSNET, OK US","1256.6","7","35.6",",7","2",",7","0",",7","0",",7","","","","","0",",7","5",",7","0",",7","19",",7","2",",7","-5.6",",7,27,","","","","","0.5",",,7,12,","34.4",",7,21,","142.1","7","  19.4",",,,7,3,2","131.5",",7","  25.0",",,,7,3,2","   7.2",",,,7,3,2","  13.9",",,,7,3,2","  13.9",",,,7,3,2","  20.9",",,,7,3,2","0.8",",,,7","","","15.24",",7","22.62",",,,7","7.86",",,,7"
"USC00347343","2012-11","35.89889","-98.96028","588.9","PUTNAM 3 N MEOSNET, OK US","1264.5","7","7.9",",7","3",",7","2",",7","0",",7","","","","","0",",7","9",",7","0",",7","11",",7","0",",7","-6.7",",7,27,","","","","","6.9",",,7,11,","30.6",",7,02,","351.5","7","  16.7",",,,7,3,2","209.4",",7","  21.7",",,,7,3,2","   3.9",",,,7,3,2","  10.6",",,,7,3,2","   9.4",",,,7,3,2","  16.0",",,,7,3,2","10.8",",,,7","","","11.61",",7","19.31",",,,7","3.91",",,,7"
"USC00347343","2012-12","35.89889","-98.96028","588.9","PUTNAM 3 N MEOSNET, OK US","1264.5","7","0.0",",7","","","","","","","","","","","0",",7","18",",7","4",",7","2",",7","0",",7","-13.3",",7,26,","","","","","","","24.4",",7,03,+","782.4","7","  12.2",",,,7,3,2","430.9",",7","  16.7",",,,7,3,2","  -1.7",",,,7,3,2","   0.6",",,,7,3,2","   4.2",",,,7,3,2","   8.8",",,,7,3,2","","","","","4.43",",7","10.74",",,,7","-1.87",",,,7"
"USC00347343","2013-01","35.89889","-98.96028","588.9","PUTNAM 3 N MEOSNET, OK US","0.0","7","0.0",",7","4","1,7","2","1,7","0","1,7","","","","","0",",7","24",",7","3",",7","2",",7","0",",7","-10.6",",7,14,","","","","","10.9","1,,7,10,","22.8",",7,28,+","1236.1","7","   7.8",",,,7,3,2","453.7",",7","  12.8",",,,7,3,2","  -1.1",",,,7,3,2","   0.0",",,,7,3,2","   2.0",",,,7,3,2","   5.9",",,,7,3,2","19.8","1,,,7","","","3.70",",7","10.26",",,,7","-2.87",",,,7"
"USC00347343","2013-02","35.89889","-98.96028","588.9","PUTNAM 3 N MEOSNET, OK US","0.0","7","0.0",",7","","","","","","","","","","","0",",7","23",",7","1",",7","0",",7","0",",7","-10.6",",7,01,","","","","","","","18.9",",7,05,","1645.2","7","   8.3",",,,7,3,2","409.1",",7","  12.2",",,,7,3,2","   1.1",",,,7,3,2","   1.1",",,,7,3,2","   3.2",",,,7,3,2","   7.1",",,,7,3,2","","","","","3.72",",7","9.98",",,,7","-2.54",",,,7"
"USC00347343","2013-03","35.89889","-98.96028","588.9","PUTNAM 3 N MEOSNET, OK US","0.0","7","0.0",",7","4","2,7","1","2,7","0","2,7","","","","","0",",7","12",",7","0",",7","7",",7","0",",7","-8.3",",7,26,","","","","","3.6","2,,7,09,","28.9",",7,15,","1959.4","7","  12.8",",,,7,3,2","314.2",",7","  18.9",",,,7,3,2","   0.0",",,,7,3,2","   1.1",",,,7,3,2","   5.7",",,,7,3,2","  11.2",",,,7,3,2","7.7",",a,,7","","","8.20",",7","15.02",",,,7","1.38",",,,7"
"USC00347343","2013-04","35.89889","-98.96028","588.9","PUTNAM 3 N MEOSNET, OK US","13.3","7","13.3",",7","9","3,7","4","3,7","1","3,7","","","","","0",",7","8",",7","0",",7","12",",7","0",",7","-3.9",",7,24,+","","","","","32.5","3,,7,26,","31.1",",7,29,","2191.1","7","  15.0",",,,7,3,2","231.7",",7","  23.9",",,,7,3,2","   4.4",",,,7,3,2","   7.2",",,,7,3,2","   9.1",",,,7,3,2","  15.6",",,,7,3,2","74.2",",a,,7","","","11.06",",7","17.65",",,,7","4.46",",,,7"
"USC00347343","2013-05","35.89889","-98.96028","588.9","PUTNAM 3 N MEOSNET, OK US","93.5","7","80.2",",7","7",",7","5",",7","0",",7","","","","","0",",7","1",",7","0",",7","26",",7","5",",7","-1.1",",7,03,","","","","","19.3",",,7,29,","33.9",",7,18,","2246.2","7","  22.8",",,,7,3,2","55.1",",7","  29.4",",,,7,3,2","   6.1",",,,7,3,2","  13.3",",,,7,3,2","  16.6",",,,7,3,2","  24.2",",,,7,3,2","46.8",",,,7","","","19.14",",7","25.82",",,,7","12.46",",,,7"
"USC00347343","2013-06","35.89889","-98.96028","588.9","PUTNAM 3 N MEOSNET, OK US","316.2","7","222.7",",7","9",",7","5",",7","0",",7","","","","","0",",7","0",",7","0",",7","30",",7","16",",7","10.6",",7,02,","","","","","24.1",",,7,05,","40.0",",7,27,","2246.7","7","  26.7",",,,7,3,2","0.5",",7","  35.0",",,,7,3,2","  18.9",",,,7,3,2","  26.7",",,,7,3,2","  22.6",",,,7,3,2","  30.4",",,,7,3,2","86.4",",,,7","","","25.74",",7","32.48",",,,7","19.00",",,,7"
"USC00347343","2013-07","35.89889","-98.96028","588.9","PUTNAM 3 N MEOSNET, OK US","575.3","7","259.1",",7","11",",7","3",",7","2",",7","","","","","0",",7","0",",7","0",",7","31",",7","19",",7","12.2",",7,02,","","","","","73.4",",,7,26,","39.4",",7,13,+","0.0","7","  28.3",",,,7,3,2","0.0",",7","  36.7",",,,7,3,2","  21.1",",,,7,3,2","  24.4",",,,7,3,2","  24.2",",,,7,3,2","  31.0",",,,7,3,2","163.9",",,,7","","","26.69",",7","33.16",",,,7","20.22",",,,7"
"USC00347343","2013-08","35.89889","-98.96028","588.9","PUTNAM 3 N MEOSNET, OK US","841.7","7","266.4",",7","4",",7","4",",7","1",",7","","","","","0",",7","0",",7","0",",7","31",",7","20",",7","16.7",",7,16,","","","","","34.3",",,7,08,","39.4",",7,06,","0.0","7","","","0.0",",7","","","","","","","","","","","62.5",",,,7","","","26.93",",7","33.10",",,,7","20.76",",,,7"
"USC00347343","2013-09","35.89889","-98.96028","588.9","PUTNAM 3 N MEOSNET, OK US","1018.2","7","176.5",",7","5",",7","3",",7","1",",7","","","","","0",",7","0",",7","0",",7","29",",7","14",",7","8.9",",7,29,","","","","","28.2",",,7,28,","37.2",",7,07,","3.9","7","","","3.9",",7","","","","","","","","","","","45.0",",,,7","","","24.09",",7","30.87",",,,7","17.30",",,,7"
"USC00347343","2013-10","35.89889","-98.96028","588.9","PUTNAM 3 N MEOSNET, OK US","1048.3","7","30.1",",7","6","2,7","4","2,7","1","2,7","","","","","0",",7","2",",7","0",",7","16",",7","0",",7","-0.6",",7,19,+","","","","","25.9","2,,7,04,","31.7",",7,04,","127.5","7","  20.6",",,,7,3,2","123.6",",7","  28.3",",,,7,3,2","   6.1",",,,7,3,2","  12.8",",,,7,3,2","  13.2",",,,7,3,2","  19.5",",,,7,3,2","50.8",",a,,7","","","15.31",",7","21.90",",,,7","8.73",",,,7"
"USC00347343","2013-11","35.89889","-98.96028","588.9","PUTNAM 3 N MEOSNET, OK US","1050.2","7","1.9",",7","2","4,7","1","4,7","0","4,7","","","","","0",",7","12",",7","2",",7","1",",7","0",",7","-8.9",",7,27,","","","","","8.9","4,,7,21,","27.2",",7,16,","454.3","7","  12.2",",,,7,3,2","326.8",",7","  17.2",",,,7,3,2","   2.2",",,,7,3,2","   3.3",",,,7,3,2","   7.2",",,,7,3,2","  12.0",",,,7,3,2","14.0",",a,,7","","","7.50",",7","13.63",",,,7","1.38",",,,7"
"USC00347343","2013-12","35.89889","-98.96028","588.9","PUTNAM 3 N MEOSNET, OK US","1050.2","7","0.0",",7","","","","","","","","","","","0",",7","23",",7","9",",7","0",",7","0",",7","-15.6",",7,10,+","","","","","","","20.6",",7,16,","977.9","7","   7.2",",,,7,3,2","523.6",",7","  11.7",",,,7,3,2","  -0.6",",,,7,3,2","   0.0",",,,7,3,2","   2.3",",,,7,3,2","   4.9",",,,7,3,2","","","","","1.44",",7","7.69",",,,7","-4.81",",,,7"
"USC00347343","2014-01","35.89889","-98.96028","588.9","PUTNAM 3 N MEOSNET, OK US","0.0","7","0.0",",7","0","5,7","0","5,7","0","5,7","","","","","1",",7","26",",7","5",",7","2",",7","0",",7","-17.8",",7,06,","","","","","0.0","5,,7,31,+","23.3",",7,12,","1478.9","7","   5.0",",,,7,3,2","501.0",",7","   8.3",",,,7,3,2","   0.0",",,,7,3,2","   0.0",",,,7,3,2","   2.3",",,,7,3,2","   5.3",",,,7,3,2","0.8",",a,,7","","","2.17",",7","9.29",",,,7","-4.95",",,,7"
"USC00347343","2014-02","35.89889","-98.96028","588.9","PUTNAM 3 N MEOSNET, OK US","0.0","7","0.0","1,7","","","","","","","","","","","0","1,7","20","1,7","9",",7","1",",7","0",",7","-16.7","1,7,06,","","","","","","","26.1",",7,18,","1935.1","7","   7.2",",,,7,3,2","456.2",",7","  12.2",",,,7,3,2","   0.0",",,,7,3,2","   0.6",",,,7,3,2","   2.9",",,,7,3,2","   6.4",",,,7,3,2","","","","","1.25","1,7","7.21",",,,7","-4.71","1,,,7"
"USC00347343","2014-03","35.89889","-98.96028","588.9","PUTNAM 3 N MEOSNET, OK US","0.0","7","0.0",",7","2","5,7","1","5,7","0","5,7","","","","","1",",7","15",",7","2",",7","8",",7","0",",7","-17.8",",7,03,","","","","","7.9","5,,7,15,","26.1",",7,31,","2277.9","7","  12.2",",,,7,3,2","342.8",",7","  17.8",",,,7,3,2","   0.6",",,,7,3,2","   1.1",",,,7,3,2","   6.0",",,,7,3,2","  11.0",",,,7,3,2","13.5",",a,,7","","","7.28",",7","14.62",",,,7","-0.07",",,,7"
"USC00347343","2014-04","35.89889","-98.96028","588.9","PUTNAM 3 N MEOSNET, OK US","16.9","7","16.9",",7","5",",7","2",",7","0",",7","","","","","0",",7","3",",7","0",",7","19",",7","0",",7","-3.9",",7,15,","","","","","13.5",",,7,23,","31.1",",7,26,+","2404.8","7","  18.3",",,,7,3,2","126.9",",7","  23.9",",,,7,3,2","   9.4",",,,7,3,2","  13.3",",,,7,3,2","  13.0",",,,7,3,2","  18.4",",,,7,3,2","18.6",",,,7","","","14.67",",7","22.39",",,,7","6.94",",,,7"
"USC00347343","2014-05","35.89889","-98.96028","588.9","PUTNAM 3 N MEOSNET, OK US","137.5","7","120.6",",7","7",",7","5",",7","0",",7","","","","","0",",7","0",",7","0",",7","27",",7","11",",7","0.6",",7,01,","","","","","24.9",",,7,23,","38.3",",7,06,","2443.6","7","  21.7",",,,7,3,2","38.8",",7","  30.0",",,,7,3,2","  11.1",",,,7,3,2","  19.4",",,,7,3,2","  17.9",",,,7,3,2","  24.4",",,,7,3,2","57.2",",,,7","","","20.97",",7","28.49",",,,7","13.45",",,,7"
"USC00347343","2014-06","35.89889","-98.96028","588.9","PUTNAM 3 N MEOSNET, OK US","322.8","7","185.3",",7","11",",7","10",",7","5",",7","","","","","0",",7","0",",7","0",",7","30",",7","8",",7","13.3",",7,13,","","","","","39.9",",,7,28,","35.0",",7,04,","2443.9","7","  25.6",",,,7,3,2","0.3",",7","  33.3",",,,7,3,2","  17.8",",,,7,3,2","  22.8",",,,7,3,2","  22.1",",,,7,3,2","  28.8",",,,7,3,2","223.2",",,,7","","","24.50",",7","30.04",",,,7","18.96",",,,7"
"USC00347343","2014-07","35.89889","-98.96028","588.9","PUTNAM 3 N MEOSNET, OK US","537.9","7","215.1",",7","11",",7","4",",7","2",",7","","","","","0",",7","0",",7","0",",7","30",",7","17",",7","14.4",",7,17,","","","","","38.4",",,7,30,","38.3",",7,26,","2.0","7","  27.2",",,,7,3,2","2.0",",7","  35.6",",,,7,3,2","  18.9",",,,7,3,2","  21.7",",,,7,3,2","  23.8",",,,7,3,2","  30.6",",,,7,3,2","88.1",",,,7","","","25.21",",7","30.84",",,,7","19.58",",,,7"
"USC00347343","2014-08","35.89889","-98.96028","588.9","PUTNAM 3 N MEOSNET, OK US","829.3","7","291.4",",7","4",",7","0",",7","0",",7","","","","","0",",7","0",",7","0",",7","31",",7","25",",7","15.0",",7,12,+","","","","","1.3",",,7,08,","38.9",",7,25,+","2.0","7","  27.8",",,,7,3,2","0.0",",7","  34.4",",,,7,3,2","  19.4",",,,7,3,2","  28.9",",,,7,3,2","  25.5",",,,7,3,2","  32.7",",,,7,3,2","2.6",",,,7","","","27.73",",7","35.06",",,,7","20.40",",,,7"
"USC00347343","2014-09","35.89889","-98.96028","588.9","PUTNAM 3 N MEOSNET, OK US","982.9","7","153.6",",7","5",",7","2",",7","0",",7","","","","","0",",7","0",",7","0",",7","27",",7","8",",7","9.4",",7,13,","","","","","21.3",",,7,06,","37.8",",7,01,","11.4","7","  27.2",",,,7,3,2","9.4",",7","  33.3",",,,7,3,2","  16.7",",,,7,3,2","  22.8",",,,7,3,2","  22.0",",,,7,3,2","  28.0",",,,7,3,2","31.8",",,,7","","","23.14",",7","29.56",",,,7","16.72",",,,7"
"USC00347343","2014-10","35.89889","-98.96028","588.9","PUTNAM 3 N MEOSNET, OK US","1037.0","7","54.1",",7","5",",7","4",",7","1",",7","","","","","0",",7","0",",7","0",",7","24",",7","4",",7","0.6",",7,31,","","","","","34.3",",,7,13,","35.6",",7,07,","80.3","7","  21.7",",,,7,3,2","68.9",",7","  27.8",",,,7,3,2","  10.0",",,,7,3,2","  16.1",",,,7,3,2","  15.4",",,,7,3,2","  21.7",",,,7,3,2","71.5",",,,7","","","17.86",",7","25.13",",,,7","10.59",",,,7"
"USC00347343","2014-11","35.89889","-98.96028","588.9","PUTNAM 3 N MEOSNET, OK US","1037.0","7","0.0",",7","3","2,7","2","2,7","1","2,7","","","","","0",",7","16",",7","2",",7","4",",7","0",",7","-10.0",",7,17,","","","","","27.7","2,,7,03,","26.7",",7,10,","444.9","7","  13.3",",,,7,3,2","364.6",",7","  16.1",",,,7,3,2","   1.7",",,,7,3,2","   3.9",",,,7,3,2","   6.1",",,,7,3,2","  10.6",",,,7,3,2","43.0",",a,,7","","","6.18",",7","12.53",",,,7","-0.17",",,,7"
"USC00347343","2014-12","35.89889","-98.96028","588.9","PUTNAM 3 N MEOSNET, OK US","1037.0","7","0.0",",7","10",",7","2",",7","0",",7","","","","","0",",7","12",",7","3",",7","0",",7","0",",7","-12.8",",7,31,+","","","","","3.8",",,7,17,","17.8",",7,14,+","888.5","7","  10.0",",,,7,3,2","443.6",",7","  12.8",",,,7,3,2","   0.0",",,,7,3,2","   0.6",",,,7,3,2","   5.1",",,,7,3,2","   7.9",",,,7,3,2","13.3",",,,7","","","4.02",",7","8.25",",,,7","-0.20",",,,7"
"USC00347343","2015-01","35.89889","-98.96028","588.9","PUTNAM 3 N MEOSNET, OK US","0.0","7","0.0",",7","1","5,7","1","5,7","0","5,7","","","","","0",",7","22",",7","4",",7","5",",7","0",",7","-12.8",",7,08,+","","","","","14.2","5,,7,31,","26.1",",7,27,","1368.0","7","   7.8",",,,7,3,2","479.5",",7","  12.8",",,,7,3,2","   0.0",",,,7,3,2","   0.0",",,,7,3,2","   2.4",",,,7,3,2","   5.3",",,,7,3,2","23.6",",a,,7","","","2.86",",7","9.09",",,,7","-3.36",",,,7"
"USC00347343","2015-02","35.89889","-98.96028","588.9","PUTNAM 3 N MEOSNET, OK US","0.0","7","0.0","1,7","","","","","","","","","","","0","1,7","22","1,7","4",",7","4",",7","0",",7","-11.7","1,7,02,","","","","","","","27.2",",7,14,","1801.8","7","   7.2",",,,7,3,2","433.8",",7","  12.2",",,,7,3,2","   0.6",",,,7,3,2","   0.6",",,,7,3,2","   3.4",",,,7,3,2","   7.1",",,,7,3,2","9.1","4,a,,7","","","2.59","1,7","9.73",",,,7","-4.55","1,,,7"
"USC00347343","2015-03","35.89889","-98.96028","588.9","PUTNAM 3 N MEOSNET, OK US","1.3","7","1.3",",7","3","3,7","1","3,7","0","3,7","","","","","0",",7","6",",7","0",",7","13",",7","0",",7","-10.6",",7,05,","","","","","9.7","3,,7,19,","28.9",",7,16,","2036.8","7","  13.3",",,,7,3,2","235.0",",7","  20.6",",,,7,3,2","   0.6",",,,7,3,2","   0.6",",,,7,3,2","   8.2",",,,7,3,2","  13.0",",,,7,3,2","12.1","1,a,,7","","","10.80",",7","17.95",",,,7","3.64",",,,7"
"USC00347343","2015-04","35.89889","-98.96028","588.9","PUTNAM 3 N MEOSNET, OK US","23.2","7","21.9",",7","14",",7","12",",7","3",",7","","","","","0",",7","1",",7","0",",7","15",",7","2",",7","-0.6",",7,04,","","","","","56.9",",,7,27,","33.3",",7,06,","2149.6","7","  17.8",",,,7,3,2","112.8",",7","  22.8",",,,7,3,2","   8.9",",,,7,3,2","  13.9",",,,7,3,2","  13.1",",,,7,3,2","  18.8",",,,7,3,2","233.7",",,,7","","","15.30",",7","21.55",",,,7","9.05",",,,7"
"USC00347343","2015-05","35.89889","-98.96028","588.9","PUTNAM 3 N MEOSNET, OK US","","","","","18",",7","12",",7","1",",7","","","","","","","","","","","","","","","","","","","","","107.2",",,7,23,","","","","","  18.3",",,,7,3,2","","","  27.2",",,,7,3,2","  11.1",",,,7,3,2","  15.0",",,,7,3,2","  15.2",",,,7,3,2","  21.1",",,,7,3,2","256.9",",,,7","","","","","","","",""
"USC00347343","2015-06","35.89889","-98.96028","588.9","PUTNAM 3 N MEOSNET, OK US","","","","","6",",7","6",",7","1",",7","","","","","","","","","","","","","","","","","","","","","55.9",",,7,12,","","","","","  26.7",",,,7,3,2","","","  35.6",",,,7,3,2","  18.9",",,,7,3,2","  25.6",",,,7,3,2","  23.7",",,,7,3,2","  31.9",",,,7,3,2","79.0",",,,7","","","","","","","",""
"USC00347343","2015-07","35.89889","-98.96028","588.9","PUTNAM 3 N MEOSNET, OK US","","","269.5",",7","7","2,7","4","2,7","1","2,7","","","","","0",",7","0",",7","0",",7","31",",7","22",",7","14.4",",7,08,","","","","","33.8","2,,7,06,","36.1",",7,28,+","0.0","7","  28.9",",,,7,3,2","0.0",",7","  37.8",",,,7,3,2","  20.6",",,,7,3,2","  23.9",",,,7,3,2","  26.0",",,,7,3,2","  33.7",",,,7,3,2","66.5","2,,,7","","","27.02",",7","32.94",",,,7","21.11",",,,7"
"USC00347343","2015-08","35.89889","-98.96028","588.9","PUTNAM 3 N MEOSNET, OK US","","","235.9",",7","6",",7","3",",7","0",",7","","","","","0",",7","0",",7","0",",7","31",",7","19",",7","12.8",",7,20,","","","","","18.5",",,7,04,","37.2",",7,07,","0.0","7","  28.3",",,,7,3,2","0.0",",7","  37.2",",,,7,3,2","  19.4",",,,7,3,2","  26.1",",,,7,3,2","  24.7",",,,7,3,2","  32.0",",,,7,3,2","39.6",",,,7","","","25.94",",7","32.32",",,,7","19.57",",,,7"
"USC00347343","2015-09","35.89889","-98.96028","588.9","PUTNAM 3 N MEOSNET, OK US","","","201.4",",7","9",",7","4",",7","0",",7","","","","","0",",7","0",",7","0",",7","30",",7","15",",7","13.3",",7,12,","","","","","24.6",",,7,26,","38.3",",7,07,","0.0","7","  27.8",",,,7,3,2","0.0",",7","  35.0",",,,7,3,2","  18.9",",,,7,3,2","  25.0",",,,7,3,2","  23.4",",,,7,3,2","  30.0",",,,7,3,2","51.4",",,,7","","","25.05",",7","31.72",",,,7","18.37",",,,7"
"USC00347343","2015-10","35.89889","-98.96028","588.9","PUTNAM 3 N MEOSNET, OK US","","","35.6",",7","9",",7","4",",7","0",",7","","","","","0",",7","0",",7","0",",7","20",",7","4",",7","1.1",",7,25,","","","","","15.2",",,7,30,","33.3",",7,15,+","76.5","7","  20.6",",,,7,3,2","76.5",",7","  27.2",",,,7,3,2","   8.9",",,,7,3,2","  13.3",",,,7,3,2","  15.7",",,,7,3,2","  21.4",",,,7,3,2","47.6",",,,7","","","17.01",",7","23.37",",,,7","10.66",",,,7"
"USC00347343","2015-11","35.89889","-98.96028","588.9","PUTNAM 3 N MEOSNET, OK US","","","0.0",",7","3","5,7","2","5,7","0","5,7","","","","","0",",7","9",",7","3",",7","7",",7","0",",7","-3.3",",7,30,+","","","","","11.9","5,,7,16,","25.6",",7,05,","340.5","7","  15.6",",,,7,3,2","264.0",",7","  21.1",",,,7,3,2","   2.2",",,,7,3,2","   2.8",",,,7,3,2","   8.4",",,,7,3,2","  13.6",",,,7,3,2","18.2","5,,,7","","","9.53",",7","15.66",",,,7","3.40",",,,7"
"USC00347343","2015-12","35.89889","-98.96028","588.9","PUTNAM 3 N MEOSNET, OK US","","","0.0",",7","","","","","","","","","","","0",",7","16",",7","1",",7","1",",7","0",",7","-7.8",",7,29,","","","","","","","21.7",",7,09,","733.1","7","   8.3",",,,7,3,2","392.6",",7","  12.8",",,,7,3,2","   1.7",",,,7,3,2","   1.7",",,,7,3,2","   3.8",",,,7,3,2","   7.5",",,,7,3,2","","","","","5.67",",7","11.67",",,,7","-0.33",",,,7"
"USC00347343","2016-01","35.89889","-98.96028","588.9","PUTNAM 3 N MEOSNET, OK US","","","","","9",",7","5",",7","0",",7","","","","","","","","","","","","","","","","","","","","","9.4",",,7,06,","","","","","   6.7",",,,7,3,2","","","  10.0",",,,7,3,2","   0.0",",,,7,3,2","   0.6",",,,7,3,2","   1.6",",,,7,3,2","   4.0",",,,7,3,2","35.0",",,,7","","","","","","","",""
"USC00347343","2016-02","35.89889","-98.96028","588.9","PUTNAM 3 N MEOSNET, OK US","","","0.0",",7","1",",7","1",",7","0",",7","","","","","0",",7","16",",7","0",",7","7",",7","0",",7","-6.7",",7,04,","","","","","6.9",",,7,01,","27.2",",7,10,","","","  10.6",",,,7,3,2","295.4",",7","  15.6",",,,7,3,2","   1.7",",,,7,3,2","   5.0",",,,7,3,2","   5.6",",,,7,3,2","   9.8",",,,7,3,2","6.9",",,,7","","","8.15",",7","15.80",",,,7","0.49",",,,7"
"USC00347343","2016-03","35.89889","-98.96028","588.9","PUTNAM 3 N MEOSNET, OK US","","","3.4",",7","6",",7","3",",7","1",",7","","","","","0",",7","5",",7","0",",7","8",",7","0",",7","-3.9",",7,20,","","","","","35.8",",,7,13,","28.9",",7,30,","","","  14.4",",,,7,3,2","201.7",",7","  22.2",",,,7,3,2","   4.4",",,,7,3,2","  11.1",",,,7,3,2","   9.5",",,,7,3,2","  15.4",",,,7,3,2","56.2",",,,7","","","11.94",",7","18.96",",,,7","4.91",",,,7"
"USC00347343","2016-04","35.89889","-98.96028","588.9","PUTNAM 3 N MEOSNET, OK US","","","12.3",",7","11",",7","6",",7","2",",7","","","","","0",",7","1",",7","0",",7","18",",7","0",",7","-1.1",",7,02,","","","","","43.7",",,7,17,","30.6",",7,10,","","","  19.4",",,,7,3,2","102.5",",7","  27.8",",,,7,3,2","   8.3",",,,7,3,2","  17.2",",,,7,3,2","  13.6",",,,7,3,2","  20.7",",,,7,3,2","131.8",",,,7","","","15.32",",7","22.09",",,,7","8.56",",,,7"
"USC00347343","2016-05","35.89889","-98.96028","588.9","PUTNAM 3 N MEOSNET, OK US","","","63.6",",7","11",",7","6",",7","1",",7","","","","","0",",7","0",",7","0",",7","24",",7","1",",7","4.4",",7,03,","","","","","35.1",",,7,16,","32.8",",7,25,","","","  22.8",",,,7,3,2","55.3",",7","  31.7",",,,7,3,2","  10.6",",,,7,3,2","  14.4",",,,7,3,2","  17.0",",,,7,3,2","  24.3",",,,7,3,2","66.5",",,,7","","","18.60",",7","24.82",",,,7","12.39",",,,7"
"USC00347343","2016-06","35.89889","-98.96028","588.9","PUTNAM 3 N MEOSNET, OK US","","","220.0",",7","9",",7","6",",7","1",",7","","","","","0",",7","0",",7","0",",7","30",",7","19",",7","13.3",",7,05,","","","","","50.3",",,7,13,","35.6",",7,23,+","","","  27.2",",,,7,3,2","0.0",",7","  36.7",",,,7,3,2","  17.8",",,,7,3,2","  23.3",",,,7,3,2","  23.6",",,,7,3,2","  31.7",",,,7,3,2","123.1",",,,7","","","25.67",",7","32.04",",,,7","19.29",",,,7"
"USC00347343","2016-07","35.89889","-98.96028","588.9","PUTNAM 3 N MEOSNET, OK US","","","299.6",",7","9",",7","6",",7","1",",7","","","","","0",",7","0",",7","0",",7","31",",7","26",",7","17.2",",7,29,","","","","","46.5",",,7,15,","37.8",",7,24,+","0.0","7","  29.4",",,,7,3,2","0.0",",7","  38.9",",,,7,3,2","  22.2",",,,7,3,2","  28.9",",,,7,3,2","  26.4",",,,7,3,2","  34.7",",,,7,3,2","99.4",",,,7","","","28.00",",7","34.43",",,,7","21.56",",,,7"
"USC00347343","2016-08","35.89889","-98.96028","588.9","PUTNAM 3 N MEOSNET, OK US","","","246.8",",7","15",",7","8",",7","2",",7","","","","","0",",7","0",",7","0",",7","31",",7","17",",7","13.9",",7,21,","","","","","52.6",",,7,25,","37.8",",7,03,","0.0","7","  27.2",",,,7,3,2","0.0",",7","  37.8",",,,7,3,2","  19.4",",,,7,3,2","  26.7",",,,7,3,2","  23.9",",,,7,3,2","  31.4",",,,7,3,2","165.2",",,,7","","","26.30",",7","32.58",",,,7","20.01",",,,7"
"USC00347343","2016-09","35.89889","-98.96028","588.9","PUTNAM 3 N MEOSNET, OK US","","","155.9",",7","8",",7","7",",7","1",",7","","","","","0",",7","0",",7","0",",7","29",",7","8",",7","8.3",",7,30,","","","","","34.5",",,7,09,","35.0",",7,09,","9.3","7","  25.6",",,,7,3,2","9.3",",7","  33.9",",,,7,3,2","  14.4",",,,7,3,2","  21.7",",,,7,3,2","  20.8",",,,7,3,2","  27.4",",,,7,3,2","104.4",",,,7","","","23.22",",7","29.08",",,,7","17.36",",,,7"
"USC00347343","2016-10","35.89889","-98.96028","588.9","PUTNAM 3 N MEOSNET, OK US","","","52.0",",7","5",",7","1",",7","0",",7","","","","","0",",7","0",",7","0",",7","25",",7","1",",7","5.0",",7,08,","","","","","19.8",",,7,06,","33.3",",7,17,","55.6","7","  19.4",",,,7,3,2","46.3",",7","  26.7",",,,7,3,2","  11.7",",,,7,3,2","  16.1",",,,7,3,2","  16.3",",,,7,3,2","  22.8",",,,7,3,2","23.2",",,,7","","","18.52",",7","25.45",",,,7","11.58",",,,7"
"USC00347343","2016-11","35.89889","-98.96028","588.9","PUTNAM 3 N MEOSNET, OK US","","","6.4",",7","6",",7","2",",7","0",",7","","","","","0",",7","6",",7","0",",7","10",",7","0",",7","-5.6",",7,19,","","","","","9.9",",,7,06,","28.9",",7,15,","247.1","7","  19.4",",,,7,3,2","191.5",",7","  23.3",",,,7,3,2","   5.6",",,,7,3,2","  11.1",",,,7,3,2","  11.0",",,,7,3,2","  16.5",",,,7,3,2","13.8",",,,7","","","12.16",",7","18.72",",,,7","5.60",",,,7"
"USC00347343","2016-12","35.89889","-98.96028","588.9","PUTNAM 3 N MEOSNET, OK US","","","0.0",",7","","","","","","","","","","","1",",7","27",",7","3",",7","0",",7","0",",7","-18.3",",7,18,","","","","","","","20.6",",7,16,","744.7","7","   7.2",",,,7,3,2","497.6",",7","  11.1",",,,7,3,2","  -1.1",",,,7,3,2","   0.0",",,,7,3,2","   2.7",",,,7,3,2","   5.8",",,,7,3,2","20.4",",a,,7","","","2.28",",7","8.50",",,,7","-3.94",",,,7"
"USC00347343","2017-01","35.89889","-98.96028","588.9","PUTNAM 3 N MEOSNET, OK US","0.0","7","0.0",",7","","","","","","","","","","","0",",7","22",",7","6",",7","3",",7","0",",7","-16.1",",7,07,","","","","","","","24.4",",7,30,","1204.2","7","   6.1",",,,7,3,2","459.5",",7","  11.7",",,,7,3,2","   0.6",",,,7,3,2","   0.6",",,,7,3,2","   2.6",",,,7,3,2","   6.4",",,,7,3,2","","","","","3.51",",7","9.84",",,,7","-2.82",",,,7"
"USC00347343","2017-02","35.89889","-98.96028","588.9","PUTNAM 3 N MEOSNET, OK US","4.2","7","4.2",",7","4","3,7","3","3,7","0","3,7","","","","","0",",7","12",",7","0",",7","9",",7","1",",7","-9.4",",7,25,","","","","","19.6","3,,7,13,","32.8",",7,11,","1466.7","7","  10.0",",,,7,3,2","262.5",",7","  18.3",",,,7,3,2","   1.7",",,,7,3,2","   6.1",",,,7,3,2","   6.0",",,,7,3,2","  11.6",",,,7,3,2","30.5",",a,,7","","","9.11",",7","16.76",",,,7","1.45",",,,7"
"USC00347343","2017-03","35.89889","-98.96028","588.9","PUTNAM 3 N MEOSNET, OK US","22.0","7","17.8",",7","4","2,7","3","2,7","1","2,7","","","","","0",",7","7",",7","0",",7","12",",7","1",",7","-3.9",",7,15,","","","","","64.3","2,,7,28,","35.0",",7,20,","1666.2","7","  15.6",",,,7,3,2","199.5",",7","  23.3",",,,7,3,2","   4.4",",,,7,3,2","   7.2",",,,7,3,2","  10.2",",,,7,3,2","  16.2",",,,7,3,2","91.5",",a,,7","","","12.47",",7","19.51",",,,7","5.43",",,,7"
"USC00347343","2017-04","35.89889","-98.96028","588.9","PUTNAM 3 N MEOSNET, OK US","40.7","7","18.7",",7","13",",7","9",",7","3",",7","","","","","0",",7","0",",7","0",",7","17",",7","0",",7","2.2",",7,30,","","","","","37.1",",,7,21,","28.9",",7,09,","1796.0","7","  18.3",",,,7,3,2","129.8",",7","  24.4",",,,7,3,2","   6.7",",,,7,3,2","  10.6",",,,7,3,2","  12.3",",,,7,3,2","  18.7",",,,7,3,2","140.1",",,,7","","","14.63",",7","20.25",",,,7","9.01",",,,7"
"USC00347343","2017-05","35.89889","-98.96028","588.9","PUTNAM 3 N MEOSNET, OK US","99.4","7","58.7",",7","8",",7","3",",7","1",",7","","","","","0",",7","0",",7","0",",7","27",",7","0",",7","1.7",",7,01,","","","","","28.4",",,7,10,","31.7",",7,31,+","1837.6","7","  22.2",",,,7,3,2","41.6",",7","  31.7",",,,7,3,2","   6.1",",,,7,3,2","  16.1",",,,7,3,2","  16.4",",,,7,3,2","  24.9",",,,7,3,2","48.8",",,,7","","","18.89",",7","25.97",",,,7","11.80",",,,7"
"USC00347343","2017-06","35.89889","-98.96028","588.9","PUTNAM 3 N MEOSNET, OK US","306.1","7","206.7",",7","9",",7","4",",7","0",",7","","","","","0",",7","0",",7","0",",7","30",",7","16",",7","15.0",",7,08,","","","","","15.0",",,7,03,","36.7",",7,17,","1837.6","7","  26.7","1,,,7,3,2","0.0",",7","  35.0","1,,,7,3,2","  19.4","1,,,7,3,2","  24.4","1,,,7,3,2","  24.0","1,,,7,3,2","  31.4","1,,,7,3,2","42.1",",,,7","","","25.22",",7","31.57",",,,7","18.87",",,,7"
"USC00347343","2017-07","35.89889","-98.96028","588.9","PUTNAM 3 N MEOSNET, OK US","608.4","7","302.3",",7","6",",7","2",",7","0",",7","","","","","0",",7","0",",7","0",",7","31",",7","24",",7","15.6",",7,04,","","","","","18.8",",,7,03,","40.0",",7,22,","0.0","7","  29.4",",,,7,3,2","0.0",",7","  37.2",",,,7,3,2","  22.2",",,,7,3,2","  29.4",",,,7,3,2","  26.7",",,,7,3,2","  34.4",",,,7,3,2","35.4",",,,7","","","28.09",",7","34.97",",,,7","21.20",",,,7"
"USC00347343","2017-08","35.89889","-98.96028","588.9","PUTNAM 3 N MEOSNET, OK US","798.3","7","189.9",",7","13",",7","6",",7","2",",7","","","","","0",",7","0",",7","0",",7","31",",7","10",",7","13.3",",7,31,+","","","","","33.0",",,7,12,","38.3",",7,05,","0.0","7","  26.1",",,,7,3,2","0.0",",7","  33.9",",,,7,3,2","  19.4",",,,7,3,2","  26.1",",,,7,3,2","  23.1",",,,7,3,2","  30.3",",,,7,3,2","122.4",",,,7","","","24.46",",7","30.51",",,,7","18.41",",,,7"
"USC00347343","2017-09","35.89889","-98.96028","588.9","PUTNAM 3 N MEOSNET, OK US","928.9","7","130.6",",7","7",",7","4",",7","1",",7","","","","","0",",7","0",",7","0",",7","28",",7","10",",7","7.2",",7,06,","","","","","35.8",",,7,25,","36.1",",7,14,","7.8","7","  23.9",",,,7,3,2","7.8",",7","  32.2",",,,7,3,2","  16.1",",,,7,3,2","  18.3",",,,7,3,2","  21.1",",,,7,3,2","  27.6",",,,7,3,2","68.3",",,,7","","","22.43",",7","28.82",",,,7","16.04",",,,7"
"USC00347343","2017-10","35.89889","-98.96028","588.9","PUTNAM 3 N MEOSNET, OK US","969.9","7","41.0",",7","5",",7","4",",7","0",",7","","","","","0",",7","3",",7","0",",7","24",",7","0",",7","-5.6",",7,28,","","","","","19.8",",,7,06,","31.7",",7,14,","115.9","7","  21.7",",,,7,3,2","108.1",",7","  26.7",",,,7,3,2","   6.7",",,,7,3,2","  13.3",",,,7,3,2","  14.2",",,,7,3,2","  20.5",",,,7,3,2","56.2",",,,7","","","16.17",",7","23.23",",,,7","9.10",",,,7"
"USC00347343","2017-11","35.89889","-98.96028","588.9","PUTNAM 3 N MEOSNET, OK US","973.5","7","3.6",",7","4",",7","1",",7","0",",7","","","","","0",",7","4",",7","0",",7","7",",7","0",",7","-4.4",",7,22,","","","","","3.8",",,7,08,","31.1",",7,17,","348.9","7","  13.3",",,,7,3,2","233.0",",7","  18.3",",,,7,3,2","   5.0",",,,7,3,2","   9.4",",,,7,3,2","   9.3",",,,7,3,2","  14.3",",,,7,3,2","5.2",",,,7","","","10.69",",7","17.35",",,,7","4.02",",,,7"
"USC00347343","2017-12","35.89889","-98.96028","588.9","PUTNAM 3 N MEOSNET, OK US","973.5","7","0.0",",7","4",",7","0",",7","0",",7","","","","","0",",7","19",",7","4",",7","2",",7","0",",7","-13.9",",7,31,","","","","","0.5",",,7,19,","23.3",",7,03,","814.2","7","  11.7",",,,7,3,2","465.3",",7","  15.6",",,,7,3,2","  -0.6",",,,7,3,2","   0.6",",,,7,3,2","   4.3",",,,7,3,2","   8.2",",,,7,3,2","1.4",",,,7","","","3.32",",7","9.61",",,,7","-2.96",",,,7"
"USC00347343","2018-01","35.89889","-98.96028","588.9","PUTNAM 3 N MEOSNET, OK US","0.0","7","0.0",",7","0",",7","0",",7","0",",7","","","","","1",",7","24",",7","3",",7","0",",7","0",",7","-18.9",",7,01,","","","","","0.0",",,7,31,+","20.0",",7,21,","1297.8","7","   6.7",",,,7,3,2","483.6",",7","  11.1",",,,7,3,2","  -2.8",",,,7,3,2","  -0.6",",,,7,3,2","   1.5",",,,7,3,2","   5.7",",,,7,3,2","0.0",",,,7","","","2.73",",7","10.63",",,,7","-5.16",",,,7"
"USC00347343","2018-02","35.89889","-98.96028","588.9","PUTNAM 3 N MEOSNET, OK US","0.0","7","0.0","1,7","","","","","","","","","","","0",",7","22",",7","3","1,7","3","1,7","0","1,7","-13.3",",7,05,","","","","","","","25.6","1,7,14,","1701.1","7","  10.6",",,,7,3,2","403.3","1,7","  14.4",",,,7,3,2","   0.0",",,,7,3,2","   1.7",",,,7,3,2","   3.1",",,,7,3,2","   7.8",",,,7,3,2","","","","","3.43","1,7","10.62","1,,,7","-3.75",",,,7"
"USC00347343","2018-03","35.89889","-98.96028","588.9","PUTNAM 3 N MEOSNET, OK US","1.4","7","1.4",",7","4",",7","2",",7","0",",7","","","","","0",",7","9",",7","0",",7","13",",7","0",",7","-5.0",",7,12,+","","","","","19.3",",,7,18,","26.1",",7,26,+","1928.9","7","  16.1",",,,7,3,2","227.8",",7","  21.1",",,,7,3,2","   4.4",",,,7,3,2","  11.7",",,,7,3,2","   8.7",",,,7,3,2","  15.4",",,,7,3,2","24.2",",,,7","","","11.03",",7","18.75",",,,7","3.31",",,,7"
"USC00347343","2018-04","35.89889","-98.96028","588.9","PUTNAM 3 N MEOSNET, OK US","22.8","7","21.4",",7","4","2,7","3","2,7","0","2,7","","","","","0",",7","11",",7","0",",7","15",",7","2",",7","-7.2",",7,07,","","","","","17.0","2,,7,21,","37.8",",7,12,","2138.7","7","  17.2",",,,7,3,2","209.8",",7","  24.4",",,,7,3,2","   5.6",",,,7,3,2","  13.3",",,,7,3,2","  10.6",",,,7,3,2","  18.7",",,,7,3,2","33.0",",a,,7","","","12.05",",7","20.24",",,,7","3.87",",,,7"
"USC00347343","2018-05","35.89889","-98.96028","588.9","PUTNAM 3 N MEOSNET, OK US","214.9","7","192.1",",7","9",",7","4",",7","0",",7","","","","","0",",7","0",",7","0",",7","31",",7","16",",7","11.1",",7,05,+","","","","","12.2",",,7,29,","36.7",",7,26,","2139.3","7","  26.1",",,,7,3,2","0.6",",7","  35.0",",,,7,3,2","  15.6",",,,7,3,2","  23.3",",,,7,3,2","  21.6",",,,7,3,2","  29.4",",,,7,3,2","32.3",",,,7","","","24.51",",7","31.44",",,,7","17.58",",,,7"
"USC00347343","2018-06","35.89889","-98.96028","588.9","PUTNAM 3 N MEOSNET, OK US","479.6","7","264.7",",7","9",",7","7",",7","2",",7","","","","","0",",7","0",",7","0",",7","30",",7","23",",7","13.3",",7,03,","","","","","61.7",",,7,24,","37.8",",7,01,","2139.3","7","  27.8",",,,7,3,2","0.0",",7","  35.6",",,,7,3,2","  18.9",",,,7,3,2","  25.6",",,,7,3,2","  24.9",",,,7,3,2","  32.7",",,,7,3,2","148.3",",,,7","","","27.16",",7","33.68",",,,7","20.63",",,,7"
"USC00347343","2018-07","35.89889","-98.96028","588.9","PUTNAM 3 N MEOSNET, OK US","779.5","7","299.9",",7","10",",7","5",",7","0",",7","","","","","0",",7","0",",7","0",",7","31",",7","27",",7","15.0",",7,31,","","","","","14.2",",,7,06,","42.8",",7,20,","0.0","7","  29.4",",,,7,3,2","0.0",",7","  38.3",",,,7,3,2","  21.7",",,,7,3,2","  30.6",",,,7,3,2","  26.8",",,,7,3,2","  35.2",",,,7,3,2","47.1",",,,7","","","28.01",",7","34.69",",,,7","21.32",",,,7"
"USC00347343","2018-08","35.89889","-98.96028","588.9","PUTNAM 3 N MEOSNET, OK US","1036.1","7","256.6",",7","11",",7","7",",7","1",",7","","","","","0",",7","0",",7","0",",7","31",",7","17",",7","15.0",",7,21,","","","","","32.8",",,7,14,","37.2",",7,05,","0.0","7","  27.8",",,,7,3,2","0.0",",7","  35.6",",,,7,3,2","  19.4",",,,7,3,2","  25.6",",,,7,3,2","  24.4",",,,7,3,2","  31.7",",,,7,3,2","95.6",",,,7","","","26.61",",7","32.55",",,,7","20.67",",,,7"
"USC00347343","2018-09","35.89889","-98.96028","588.9","PUTNAM 3 N MEOSNET, OK US","1172.4","7","136.3","1,7","12",",7","5",",7","0",",7","","","","","0","1,7","0","1,7","0","1,7","28","1,7","6","1,7","9.4","1,7,26,","","","","","19.3",",,7,21,","35.6","1,7,01,","7.5","7","  26.7","1,,,7,3,2","7.5","1,7","  33.3","1,,,7,3,2","  16.1","1,,,7,3,2","  22.8","1,,,7,3,2","  21.7","1,,,7,3,2","  27.6","1,,,7,3,2","54.4",",,,7","","","22.77","1,7","27.69","1,,,7","17.86","1,,,7"
"USC00347343","2018-10","35.89889","-98.96028","588.9","PUTNAM 3 N MEOSNET, OK US","1196.0","7","23.6",",7","13",",7","6",",7","3",",7","","","","","0",",7","1",",7","0",",7","13",",7","0",",7","-1.1",",7,15,","","","","","58.7",",,7,07,","31.1",",7,03,","149.7","7","  22.2",",,,7,3,2","142.2",",7","  28.9",",,,7,3,2","   6.1",",,,7,3,2","  12.2",",,,7,3,2","  13.3",",,,7,3,2","  18.7",",,,7,3,2","192.1",",,,7","","","14.51",",7","20.16",",,,7","8.85",",,,7"
"USC00347343","2018-11","35.89889","-98.96028","588.9","PUTNAM 3 N MEOSNET, OK US","1196.0","7","0.0",",7","2","3,7","0","3,7","0","3,7","","","","","0",",7","15",",7","0",",7","0",",7","0",",7","-11.7",",7,13,","","","","","1.0","3,,7,08,","20.6",",7,15,+","519.1","7","  10.6",",,,7,3,2","369.4",",7","  17.2",",,,7,3,2","   1.7",",,,7,3,2","   3.9",",,,7,3,2","   5.5",",,,7,3,2","  10.4",",,,7,3,2","7.7",",a,,7","","","6.02",",7","12.39",",,,7","-0.35",",,,7"
"USC00347343","2018-12","35.89889","-98.96028","588.9","PUTNAM 3 N MEOSNET, OK US","1196.0","7","0.0",",7","1","1,7","1","1,7","1","1,7","","","","","0",",7","24",",7","3",",7","0",",7","0",",7","-7.8",",7,09,","","","","","62.2","1,,7,26,","16.1",",7,01,","971.9","7","   7.2",",,,7,3,2","452.8",",7","  10.6",",,,7,3,2","   1.1",",,,7,3,2","   1.7",",,,7,3,2","   3.7",",,,7,3,2","   7.0",",,,7,3,2","62.2","1,,,7","","","3.73",",7","9.33",",,,7","-1.88",",,,7"
"USC00347343","2019-01","35.89889","-98.96028","588.9","PUTNAM 3 N MEOSNET, OK US","0.0","7","0.0",",7","3","5,7","1","5,7","0","5,7","","","","","0",",7","25",",7","5",",7","0",",7","0",",7","-9.4",",7,30,","","","","","6.6","5,,7,11,","18.3",",7,07,","1452.3","7","   5.6",",,,7,3,2","480.4",",7","  10.6",",,,7,3,2","   0.6",",,,7,3,2","   1.1",",,,7,3,2","   2.1",",,,7,3,2","   5.1",",,,7,3,2","7.9","5,,,7","","","2.84",",7","8.71",",,,7","-3.03",",,,7"
"USC00347343","2019-02","35.89889","-98.96028","588.9","PUTNAM 3 N MEOSNET, OK US","0.0","7","0.0",",7","","","","","","","","","","","0",",7","21",",7","7",",7","1",",7","0",",7","-13.3",",7,08,","","","","","","","23.9",",7,03,","1904.7","7","   8.3",",,,7,3,2","452.4",",7","  12.2",",,,7,3,2","   0.0",",,,7,3,2","   1.1",",,,7,3,2","   2.8",",,,7,3,2","   5.8",",,,7,3,2","","","","","2.18",",7","7.66",",,,7","-3.31",",,,7"
"USC00347343","2019-03","35.89889","-98.96028","588.9","PUTNAM 3 N MEOSNET, OK US","0.6","7","0.6",",7","9",",7","4",",7","0",",7","","","","","0",",7","9",",7","2",",7","3",",7","0",",7","-13.3",",7,04,","","","","","18.5",",,7,12,","25.0",",7,28,","2242.1","7","","","337.4",",7","","","","","","","","","","","62.4",",,,7","","","7.47",",7","13.60",",,,7","1.33",",,,7"
"USC00347343","2019-04","35.89889","-98.96028","588.9","PUTNAM 3 N MEOSNET, OK US","6.1","7","5.5",",7","11",",7","6",",7","1",",7","","","","","0",",7","1",",7","0",",7","18",",7","0",",7","-0.6",",7,12,","","","","","39.9",",,7,23,","28.9",",7,10,+","2356.7","7","  16.7",",,,7,3,2","114.6",",7","  23.3",",,,7,3,2","   6.7",",,,7,3,2","  13.3",",,,7,3,2","  12.2",",,,7,3,2","  19.4",",,,7,3,2","90.4",",,,7","","","14.70",",7","21.07",",,,7","8.33",",,,7"
"USC00347343","2019-05","35.89889","-98.96028","588.9","PUTNAM 3 N MEOSNET, OK US","52.1","7","46.0",",7","18",",7","9",",7","3",",7","","","","","0",",7","0",",7","0",",7","22",",7","0",",7","3.9",",7,10,","","","","","76.7",",,7,20,","30.0",",7,28,+","2417.0","7","  20.0",",,,7,3,2","60.3",",7","  30.0",",,,7,3,2","  10.0",",,,7,3,2","  15.0",",,,7,3,2","  15.6",",,,7,3,2","  22.0",",,,7,3,2","253.2",",,,7","","","17.87",",7","23.28",",,,7","12.46",",,,7"
"USC00347343","2019-06","35.89889","-98.96028","588.9","PUTNAM 3 N MEOSNET, OK US","205.9","7","153.8",",7","14",",7","9",",7","1",",7","","","","","0",",7","0",",7","0",",7","30",",7","9",",7","11.1",",7,10,","","","","","54.4",",,7,15,","36.1",",7,21,","2417.6","7","  26.7",",,,7,3,2","0.6",",7","  36.7",",,,7,3,2","  16.1",",,,7,3,2","  23.3",",,,7,3,2","  21.5",",,,7,3,2","  29.8",",,,7,3,2","123.0",",,,7","","","23.44",",7","29.68",",,,7","17.20",",,,7"
"USC00347343","2019-07","35.89889","-98.96028","588.9","PUTNAM 3 N MEOSNET, OK US","474.2","7","268.3",",7","4",",7","2",",7","0",",7","","","","","0",",7","0",",7","0",",7","31",",7","22",",7","12.2",",7,24,","","","","","13.7",",,7,06,","38.3",",7,31,","0.0","7","  27.8",",,,7,3,2","0.0",",7","  36.7",",,,7,3,2","  23.3",",,,7,3,2","  31.1",",,,7,3,2","  26.1",",,,7,3,2","  34.7",",,,7,3,2","22.1",",,,7","","","26.99",",7","33.81",",,,7","20.17",",,,7"
"USC00347343","2019-08","35.89889","-98.96028","588.9","PUTNAM 3 N MEOSNET, OK US","797.7","7","323.5",",7","11",",7","6",",7","0",",7","","","","","0",",7","0",",7","0",",7","31",",7","25",",7","16.7",",7,28,","","","","","23.6",",,7,30,","41.1",",7,12,","0.0","7","  29.4",",,,7,3,2","0.0",",7","  37.8",",,,7,3,2","  22.8",",,,7,3,2","  28.3",",,,7,3,2","  27.3",",,,7,3,2","  35.5",",,,7,3,2","52.9",",,,7","","","28.77",",7","35.85",",,,7","21.69",",,,7"
"USC00347343","2019-09","35.89889","-98.96028","588.9","PUTNAM 3 N MEOSNET, OK US","1044.9","7","247.2",",7","5",",7","4",",7","1",",7","","","","","0",",7","0",",7","0",",7","30",",7","20",",7","16.7",",7,23,","","","","","109.5",",,7,12,","37.2",",7,07,+","0.0","7","  26.7",",,,7,3,2","0.0",",7","  35.0",",,,7,3,2","  21.1",",,,7,3,2","  26.7",",,,7,3,2","  23.4",",,,7,3,2","  30.0",",,,7,3,2","132.8",",,,7","","","26.57",",7","32.66",",,,7","20.48",",,,7"
"USC00347343","2019-10","35.89889","-98.96028","588.9","PUTNAM 3 N MEOSNET, OK US","1067.4","7","22.5",",7","","","","","","","","","","","0",",7","8",",7","0",",7","18",",7","1",",7","-10.0",",7,31,","","","","","","","32.2",",7,02,","203.6","7","  23.9",",,,7,3,2","203.6",",7","  30.0",",,,7,3,2","   2.2",",,,7,3,2","   5.6",",,,7,3,2","  12.8",",,,7,3,2","  19.2",",,,7,3,2","32.0",",a,,7","","","12.49",",7","19.60",",,,7","5.38",",,,7"
"USC00347343","2019-11","35.89889","-98.96028","588.9","PUTNAM 3 N MEOSNET, OK US","1067.4","7","0.0",",7","8",",7","3",",7","0",",7","","","","","0",",7","12",",7","0",",7","5",",7","0",",7","-12.2",",7,12,","","","","","12.7",",,7,20,","25.0",",7,18,","529.7","7","","","326.1",",7","","","","","","","","","","","27.0",",,,7","","","7.46",",7","14.62",",,,7","0.30",",,,7"
"USC00347343","2019-12","35.89889","-98.96028","588.9","PUTNAM 3 N MEOSNET, OK US","1067.4","7","0.0",",7","4",",7","2",",7","0",",7","","","","","0",",7","21",",7","2",",7","0",",7","0",",7","-6.7",",7,31,+","","","","","24.1",",,7,28,","20.6",",7,25,+","934.4","7","","","404.7",",7","","","","","","","","","","","36.6",",,,7","","","5.28",",7","11.80",",,,7","-1.25",",,,7"
"USC00347343","2020-01","35.89889","-98.96028","588.9","PUTNAM 3 N MEOSNET, OK US","0.0","7","0.0",",7","","","","","","","","","","","0",",7","26",",7","1",",7","0",",7","0",",7","-8.3",",7,11,","","","","","","","20.0",",7,09,","1357.9","7","   5.6",",,,7,3,2","423.5",",7","   8.9",",,,7,3,2","   2.2",",,,7,3,2","   3.9",",,,7,3,2","   3.1",",,,7,3,2","   6.0",",,,7,3,2","60.3",",a,,7","","","4.67",",7","11.08",",,,7","-1.74",",,,7"
"USC00347343","2020-02","35.89889","-98.96028","588.9","PUTNAM 3 N MEOSNET, OK US","0.0","7","0.0",",7","","","","","","","","","","","0",",7","22",",7","2",",7","2",",7","0",",7","-9.4",",7,06,","","","","","","","25.6",",7,02,","1761.6","7","   6.7",",,,7,3,2","403.7",",7","   8.9",",,,7,3,2","   1.1",",,,7,3,2","   2.8",",,,7,3,2","   3.6",",,,7,3,2","   6.4",",,,7,3,2","19.5",",a,,7","","","4.41",",7","10.74",",,,7","-1.92",",,,7"
"USC00347343","2020-03","35.89889","-98.96028","588.9","PUTNAM 3 N MEOSNET, OK US","7.8","7","7.8",",7","12","3,7","8","3,7","0","3,7","","","","","0",",7","4",",7","0",",7","9",",7","1",",7","-3.9",",7,21,","","","","","22.9","3,,7,13,","32.8",",7,26,","1982.9","7","  15.0","1,,,7,3,2","221.3",",7","  18.9","1,,,7,3,2","   6.1","1,,,7,3,2","   8.9","1,,,7,3,2","   9.5","1,,,7,3,2","  13.0","1,,,7,3,2","62.2",",a,,7","","","11.45",",7","17.63",",,,7","5.26",",,,7"
"USC00347343","2020-04","35.89889","-98.96028","588.9","PUTNAM 3 N MEOSNET, OK US","22.6","7","14.8",",7","2","4,7","2","4,7","0","4,7","","","","","0",",7","8",",7","0",",7","19",",7","0",",7","-2.8",",7,03,","","","","","7.9","4,,7,22,","31.7",",7,07,","2137.9","7","  17.8",",,,7,3,2","155.0",",7","  23.9",",,,7,3,2","   7.2",",,,7,3,2","  13.9",",,,7,3,2","  13.1",",,,7,3,2","  18.7",",,,7,3,2","13.1",",a,,7","","","13.66",",7","21.52",",,,7","5.80",",,,7"
"USC00347343","2020-05","35.89889","-98.96028","588.9","PUTNAM 3 N MEOSNET, OK US","92.7","7","70.1",",7","7",",7","5",",7","0",",7","","","","","0",",7","0",",7","0",",7","26",",7","3",",7","4.4",",7,09,","","","","","25.1",",,7,07,","33.3",",7,02,","2177.1","7","  21.7",",,,7,3,2","39.2",",7","  28.9",",,,7,3,2","  12.8",",,,7,3,2","  15.6",",,,7,3,2","  18.5",",,,7,3,2","  23.9",",,,7,3,2","64.0",",,,7","","","19.33",",7","25.95",",,,7","12.71",",,,7"
"USC00347343","2020-06","35.89889","-98.96028","588.9","PUTNAM 3 N MEOSNET, OK US","331.0","7","238.3",",7","5",",7","2",",7","0",",7","","","","","0",",7","0",",7","0",",7","30",",7","24",",7","12.2",",7,10,","","","","","18.8",",,7,19,","40.6",",7,30,","2177.1","7","  26.7",",,,7,3,2","0.0",",7","  33.3",",,,7,3,2","  21.1",",,,7,3,2","  28.3",",,,7,3,2","  24.4",",,,7,3,2","  30.5",",,,7,3,2","34.6",",,,7","","","26.28",",7","33.56",",,,7","18.99",",,,7"
"USC00347343","2020-07","35.89889","-98.96028","588.9","PUTNAM 3 N MEOSNET, OK US","649.0","7","318.0",",7","9",",7","7",",7","1",",7","","","","","0",",7","0",",7","0",",7","31",",7","26",",7","17.2",",7,31,","","","","","34.8",",,7,28,","41.7",",7,11,","0.0","7","  28.9",",,,7,3,2","0.0",",7","  35.0",",,,7,3,2","  23.3",",,,7,3,2","  28.3",",,,7,3,2","  27.2",",,,7,3,2","  32.7",",,,7,3,2","102.4",",,,7","","","28.59",",7","35.52",",,,7","21.66",",,,7"
"USC00347343","2020-08","35.89889","-98.96028","588.9","PUTNAM 3 N MEOSNET, OK US","905.0","7","256.0",",7","5",",7","4",",7","0",",7","","","","","0",",7","0",",7","0",",7","31",",7","23",",7","15.0",",7,01,","","","","","16.5",",,7,10,","41.1",",7,28,","0.0","7","  28.3",",,,7,3,2","0.0",",7","  33.9",",,,7,3,2","  22.2",",,,7,3,2","  28.9",",,,7,3,2","  25.7",",,,7,3,2","  31.6",",,,7,3,2","35.8",",,,7","","","26.59",",7","33.85",",,,7","19.34",",,,7"
"USC00347343","2020-09","35.89889","-98.96028","588.9","PUTNAM 3 N MEOSNET, OK US","1007.0","7","102.0",",7","8",",7","2",",7","1",",7","","","","","0",",7","0",",7","0",",7","28",",7","8",",7","5.0",",7,29,","","","","","38.9",",,7,09,","35.6",",7,07,+","22.8","7","  26.1",",,,7,3,2","22.8",",7","  31.1",",,,7,3,2","  15.6",",,,7,3,2","  18.3",",,,7,3,2","  20.6",",,,7,3,2","  26.0",",,,7,3,2","49.7",",,,7","","","20.98",",7","27.94",",,,7","14.01",",,,7"
"USC00347343","2020-10","35.89889","-98.96028","588.9","PUTNAM 3 N MEOSNET, OK US","1044.8","7","37.8",",7","","","","","","","","","","","0",",7","6",",7","2",",7","17",",7","3",",7","-5.0",",7,27,+","","","","","","","35.0",",7,14,","205.4","7","  21.1",",,,7,3,2","182.6",",7","  25.6",",,,7,3,2","   3.9",",,,7,3,2","   6.1",",,,7,3,2","  14.8",",,,7,3,2","  19.2",",,,7,3,2","","","","","13.66",",7","20.78",",,,7","6.54",",,,7"
"USC00347343","2020-11","35.89889","-98.96028","588.9","PUTNAM 3 N MEOSNET, OK US","1044.8","7","0.0",",7","4","2,7","2","2,7","1","2,7","","","","","0",",7","6",",7","0",",7","10",",7","0",",7","-6.7",",7,30,","","","","","28.2","2,,7,24,","26.7",",7,14,","429.2","7","  15.0",",,,7,3,2","223.8",",7","  17.2",",,,7,3,2","   3.9",",,,7,3,2","   6.7",",,,7,3,2","   9.2",",,,7,3,2","  13.1",",,,7,3,2","35.9",",a,,7","","","10.87",",7","17.46",",,,7","4.29",",,,7"
"USC00347343","2020-12","35.89889","-98.96028","588.9","PUTNAM 3 N MEOSNET, OK US","1044.8","7","0.0",",7","","","","","","","","","","","0",",7","23",",7","2",",7","1",",7","0",",7","-9.4",",7,14,","","","","","","","21.7",",7,09,","873.1","7","   6.7",",,,7,3,2","443.9",",7","   8.9",",,,7,3,2","   2.2",",,,7,3,2","   2.8",",,,7,3,2","   3.8",",,,7,3,2","   6.2",",,,7,3,2","","","","","4.01",",7","10.23",",,,7","-2.20",",,,7"
"USC00347343","2021-01","35.89889","-98.96028","588.9","PUTNAM 3 N MEOSNET, OK US","0.0","","0.0",",7","3","3,7","3","3,7","0","3,7","","","","","0",",7","23",",7","1",",7","0",",7","0",",7","-6.1",",7,28,","","","","","12.2","3,,7,24,","16.7",",7,30,","1329.0","","   5.6",",,,7,3,2","455.9",",7","   8.3",",,,7,3,2","   1.7",",,,7,3,2","   2.8",",,,7,3,2","   3.2",",,,7,3,2","   5.3",",,,7,3,2","27.5","3,,,7","","","3.63",",7","8.96",",,,7","-1.71",",,,7"
"USC00347343","2021-02","35.89889","-98.96028","588.9","PUTNAM 3 N MEOSNET, OK US","0.0","","0.0",",7","","","","","","","","","","","3",",7","23",",7","13",",7","1",",7","0",",7","-23.3",",7,16,","","","","","","","21.7",",7,23,","1890.2","","   5.6",",,,7,3,2","561.2",",7","   8.3",",,,7,3,2","  -4.4",",,,7,3,2","  -1.7",",,,7,3,2","   0.9",",,,7,3,2","   2.9",",,,7,3,2","","","","","-1.71",",7","3.83",",,,7","-7.25",",,,7"
"USC00347343","2021-03","35.89889","-98.96028","588.9","PUTNAM 3 N MEOSNET, OK US","2.2","","2.2",",7","10",",7","5",",7","2",",7","","","","","0",",7","3",",7","0",",7","6",",7","0",",7","-3.9",",7,01,","","","","","43.9",",,7,17,","27.8",",7,10,","2119.4","","  12.2",",,,7,3,2","229.2",",7","  16.7",",,,7,3,2","   3.3",",,,7,3,2","   8.9",",,,7,3,2","   7.9",",,,7,3,2","  12.4",",,,7,3,2","97.1",",,,7","","","11.01",",7","17.68",",,,7","4.34",",,,7"
"USC00347343","2021-04","35.89889","-98.96028","588.9","PUTNAM 3 N MEOSNET, OK US","10.3","","8.1",",7","6",",7","2",",7","0",",7","","","","","0",",7","2",",7","0",",7","14",",7","0",",7","-1.7",",7,21,","","","","","19.3",",,7,23,","27.8",",7,11,+","2285.5","","  16.7",",,,7,3,2","166.1",",7","  23.9",",,,7,3,2","   7.2",",,,7,3,2","  10.6",",,,7,3,2","  12.1",",,,7,3,2","  17.4",",,,7,3,2","26.5",",,,7","","","13.07",",7","19.78",",,,7","6.35",",,,7"
"USC00347343","2021-05","35.89889","-98.96028","588.9","PUTNAM 3 N MEOSNET, OK US","53.5","","43.2",",7","15",",7","8",",7","2",",7","","","","","0",",7","0",",7","0",",7","24",",7","0",",7","5.6",",7,12,","","","","","32.8",",,7,31,","31.7",",7,27,","2336.0","","  20.6",",,,7,3,2","50.5",",7","  24.4",",,,7,3,2","  11.7",",,,7,3,2","  16.7",",,,7,3,2","  17.4",",,,7,3,2","  21.8",",,,7,3,2","119.6",",,,7","","","18.10",",7","23.55",",,,7","12.65",",,,7"
"USC00347343","2021-06","35.89889","-98.96028","588.9","PUTNAM 3 N MEOSNET, OK US","254.5","","201.0",",7","8",",7","7",",7","1",",7","","","","","0",",7","0",",7","0",",7","30",",7","15",",7","12.2",",7,01,","","","","","53.1",",,7,26,","37.2",",7,24,","2337.1","","  27.2",",,,7,3,2","1.1",",7","  33.3",",,,7,3,2","  17.2",",,,7,3,2","  21.7",",,,7,3,2","  23.7",",,,7,3,2","  29.2",",,,7,3,2","137.2",",,,7","","","25.00",",7","31.33",",,,7","18.66",",,,7"
"USC00347343","2021-07","35.89889","-98.96028","588.9","PUTNAM 3 N MEOSNET, OK US","492.7","","238.2",",7","8",",7","4",",7","1",",7","","","","","0",",7","0",",7","0",",7","31",",7","16",",7","15.0",",7,12,","","","","","44.7",",,7,18,","35.6",",7,31,","0.0","","  27.8",",,,7,3,2","0.0",",7","  34.4",",,,7,3,2","  22.8",",,,7,3,2","  26.1",",,,7,3,2","  24.7",",,,7,3,2","  30.2",",,,7,3,2","79.2",",,,7","","","26.02",",7","31.89",",,,7","20.15",",,,7"
"USC00347343","2021-08","35.89889","-98.96028","588.9","PUTNAM 3 N MEOSNET, OK US","746.8","","254.1",",7","7",",7","4",",7","1",",7","","","","","0",",7","0",",7","0",",7","31",",7","21",",7","14.4",",7,03,","","","","","36.1",",,7,21,","36.1",",7,12,","0.0","","  28.3",",,,7,3,2","0.0",",7","  32.8",",,,7,3,2","  22.8",",,,7,3,2","  27.2",",,,7,3,2","  25.1",",,,7,3,2","  30.6",",,,7,3,2","75.3",",,,7","","","26.53",",7","32.78",",,,7","20.28",",,,7"
"USC00347343","2021-09","35.89889","-98.96028","588.9","PUTNAM 3 N MEOSNET, OK US","951.8","","205.0",",7","3",",7","1",",7","0",",7","","","","","0",",7","0",",7","0",",7","30",",7","19",",7","7.8",",7,22,","","","","","4.3",",,7,15,","36.7",",7,07,+","1.1","","  27.8",",,,7,3,2","1.1",",7","  32.8",",,,7,3,2","  21.1",",,,7,3,2","  26.1",",,,7,3,2","  24.3",",,,7,3,2","  29.4",",,,7,3,2","5.1",",,,7","","","25.13",",7","32.80",",,,7","17.46",",,,7"
"USC00347343","2021-10","35.89889","-98.96028","588.9","PUTNAM 3 N MEOSNET, OK US","989.2","","37.4",",7","7",",7","3",",7","0",",7","","","","","0",",7","0",",7","0",",7","26",",7","2",",7","2.8",",7,16,","","","","","24.1",",,7,02,","35.0",",7,09,+","60.3","","  22.2",",,,7,3,2","59.2",",7","  26.1",",,,7,3,2","  11.1",",,,7,3,2","  16.7",",,,7,3,2","  16.6",",,,7,3,2","  21.3",",,,7,3,2","52.4",",,,7","","","17.63",",7","24.84",",,,7","10.43",",,,7"
