"STATION","DATE","LATITUDE","LONGITUDE","ELEVATION","NAME","CDSD","CDSD_ATTRIBUTES","CLDD","CLDD_ATTRIBUTES","DP01","DP01_ATTRIBUTES","DP10","DP10_ATTRIBUTES","DP1X","DP1X_ATTRIBUTES","DSND","DSND_ATTRIBUTES","DSNW","DSNW_ATTRIBUTES","DT00","DT00_ATTRIBUTES","DT32","DT32_ATTRIBUTES","DX32","DX32_ATTRIBUTES","DX70","DX70_ATTRIBUTES","DX90","DX90_ATTRIBUTES","DYFG","DYFG_ATTRIBUTES","DYTS","DYTS_ATTRIBUTES","EMNT","EMNT_ATTRIBUTES","EMSD","EMSD_ATTRIBUTES","EMSN","EMSN_ATTRIBUTES","EMXP","EMXP_ATTRIBUTES","EMXT","EMXT_ATTRIBUTES","HDSD","HDSD_ATTRIBUTES","HTDD","HTDD_ATTRIBUTES","PRCP","PRCP_ATTRIBUTES","SNOW","SNOW_ATTRIBUTES","TAVG","TAVG_ATTRIBUTES","TMAX","TMAX_ATTRIBUTES","TMIN","TMIN_ATTRIBUTES"
"USC00236739","1966-06","39.5669","-94.4544","275.8","PLATTSBURG, MO US","","","105.1","1,0","11",",0","8",",0","1",",0","0",",0","0",",0","0",",0","0",",0","0","1,0","28","1,0","3","1,0","","","","","6.7",",0,01,","0",",,0,30,+","0",",,0,30,+","35.3",",,0,12,","34.4","1,0,29,","","","11.3","1,0","138.3",",,,0","0",",,,0","21.61","1,0","27.96","1,,,0","15.26",",,,0"
"USC00236739","1966-07","39.5669","-94.4544","275.8","PLATTSBURG, MO US","","","251.4",",0","7",",0","3",",0","0",",0","0",",0","0",",0","0",",0","0",",0","0",",0","31",",0","22",",0","","","","","13.9",",0,31,","0",",,0,31,+","0",",,0,31,+","16.5",",,0,06,","38.9",",0,18,","0.0","","0.0",",0","50.1",",,,0","0",",,,0","26.44",",0","33.28",",,,0","19.60",",,,0"
"USC00236739","1966-08","39.5669","-94.4544","275.8","PLATTSBURG, MO US","","","112.6",",0","8",",0","6",",0","2",",0","0",",0","0",",0","0",",0","0",",0","0",",0","31",",0","6",",0","","","","","7.2",",0,25,+","0",",,0,31,+","0",",,0,31,+","32.0",",,0,09,","35.0",",0,06,","7.6","","7.6",",0","94.2",",,,0","0",",,,0","21.72",",0","28.94",",,,0","14.50",",,,0"
"USC00236739","1966-09","39.5669","-94.4544","275.8","PLATTSBURG, MO US","","","31.6",",0","6",",0","5",",0","2",",0","0",",0","0",",0","0",",0","0",",0","0",",0","25",",0","0",",0","","","","","5.0",",0,24,","0",",,0,30,+","0",",,0,30,+","66.8",",,0,18,","31.1",",0,05,","61.4","","53.8",",0","108.2",",,,0","0",",,,0","17.59",",0","24.68",",,,0","10.50",",,,0"
"USC00236739","1966-10","39.5669","-94.4544","275.8","PLATTSBURG, MO US","","","9.8",",0","4",",0","4",",0","0",",0","0",",0","0",",0","0",",0","9",",0","0",",0","16",",0","0",",0","","","","","-3.9",",0,23,+","0",",,0,31,+","0",",,0,31,+","6.4",",,0,12,","30.6",",0,14,","256.2","","194.8",",0","18.5",",,,0","0",",,,0","12.36",",0","21.07",",,,0","3.66",",,,0"
"USC00236739","1966-11","39.5669","-94.4544","275.8","PLATTSBURG, MO US","","","0.6",",0","2",",0","0",",0","0",",0","0",",0","0",",0","0",",0","15",",0","0",",0","6",",0","0",",0","","","","","-11.7",",0,03,","0",",,0,30,+","0",",,0,30,+","1.3",",,0,08,","23.9",",0,22,+","601.4","","345.2",",0","1.6",",,,0","0",",,,0","6.85",",0","13.85",",,,0","-0.16",",,,0"
"USC00236739","1966-12","39.5669","-94.4544","275.8","PLATTSBURG, MO US","","","0.0","1,0","3",",0","2",",0","0",",0","","","1",",0","2","1,0","27","1,0","9",",0","0",",0","0",",0","","","","","-20.6","1,0,30,","","","165",",,0,27,","17.3",",,0,27,","16.7",",0,18,+","1200.2","","598.8",",0","22.4",",,,0","165",",,,0","-1.43","1,0","4.83",",,,0","-7.69","1,,,0"
"USC00236739","1967-02","39.5669","-94.4544","275.8","PLATTSBURG, MO US","","","0.0","3,0","2",",0","2",",0","0",",0","0","1,0","1",",0","1","3,0","23","3,0","7",",0","0",",0","0",",0","","","","","-17.8","3,0,25,","0","1,,0,28,+","25",",,0,18,","3.6",",,0,18,","20.6",",0,14,+","","","505.2",",0","6.1",",,,0","25",",,,0","-1.80","3,0","5.16",",,,0","-8.76","3,,,0"
"USC00236739","1967-03","39.5669","-94.4544","275.8","PLATTSBURG, MO US","","","6.9",",0","5",",0","4",",0","1",",0","0",",0","0",",0","1",",0","17",",0","1",",0","9",",0","0",",0","","","","","-19.4",",0,08,","0",",,0,31,+","0",",,0,31,+","62.2",",,0,31,","28.9",",0,24,","","","362.0",",0","99.1",",,,0","0",",,,0","6.88",",0","13.72",",,,0","0.04",",,,0"
"USC00236739","1967-04","39.5669","-94.4544","275.8","PLATTSBURG, MO US","","","17.0","2,0","12",",0","8",",0","1",",0","0",",0","0",",0","0","1,0","2","1,0","0","2,0","14","2,0","0","2,0","","","","","-5.0","1,0,25,","0",",,0,30,+","0",",,0,30,+","28.7",",,0,13,","30.6","2,0,17,","","","133.7","2,0","103.2",",,,0","0",",,,0","14.07","2,0","20.15","2,,,0","7.99","1,,,0"
"USC00236739","1967-05","39.5669","-94.4544","275.8","PLATTSBURG, MO US","","","40.0",",0","9",",0","7",",0","2",",0","0",",0","0",",0","0",",0","2",",0","0",",0","18",",0","3",",0","","","","","0.0",",0,21,+","0",",,0,31,+","0",",,0,31,+","45.2",",,0,31,","36.7",",0,26,","","","130.4",",0","153.8",",,,0","0",",,,0","15.42",",0","22.29",",,,0","8.55",",,,0"
"USC00236739","1967-06","39.5669","-94.4544","275.8","PLATTSBURG, MO US","","","113.6",",0","16",",0","13",",0","4",",0","0",",0","0",",0","0",",0","0",",0","0",",0","28",",0","2",",0","","","","","7.8",",0,03,+","0",",,0,30,+","0",",,0,30,+","68.8",",,0,28,","32.2",",0,19,+","","","12.7",",0","263.9",",,,0","0",",,,0","21.70",",0","27.28",",,,0","16.12",",,,0"
"USC00236739","1967-07","39.5669","-94.4544","275.8","PLATTSBURG, MO US","","","156.1",",0","5",",0","3",",0","0",",0","0",",0","0",",0","0",",0","0",",0","0",",0","31",",0","14",",0","","","","","8.9",",0,14,","0",",,0,31,+","0",",,0,31,+","10.9",",,0,26,","37.2",",0,23,","2.4","0","2.4",",0","23.7",",,,0","0",",,,0","23.29",",0","30.48",",,,0","16.09",",,,0"
"USC00236739","1967-08","39.5669","-94.4544","275.8","PLATTSBURG, MO US","","","113.4",",0","3",",0","3",",0","0",",0","0",",0","0",",0","0",",0","0",",0","0",",0","31",",0","7",",0","","","","","6.7",",0,28,+","0",",,0,31,+","0",",,0,31,+","11.2",",,0,08,","36.1",",0,29,","8.5","0","6.1",",0","19.1",",,,0","0",",,,0","21.80",",0","29.45",",,,0","14.15",",,,0"
"USC00236739","1967-10","39.5669","-94.4544","275.8","PLATTSBURG, MO US","","","22.6",",0","12",",0","11",",0","1",",0","0",",0","0",",0","0",",0","5",",0","0",",0","11",",0","0",",0","","","","","-4.4",",0,28,","0",",T,0,27,","0",",T,0,27,","40.1",",,0,06,","31.1",",0,04,","","","202.1",",0","176.1",",,,0","0",",T,,0","12.54",",0","18.78",",,,0","6.30",",,,0"
"USC00236739","1967-11","39.5669","-94.4544","275.8","PLATTSBURG, MO US","","","0.0",",0","3",",0","1",",0","0",",0","0",",0","0",",0","0",",0","17",",0","0",",0","0",",0","0",",0","","","","","-9.4",",0,28,","0",",,0,30,+","0",",,0,30,+","8.6",",,0,02,","18.3",",0,11,","","","409.0",",0","10.4",",,,0","0",",,,0","4.70",",0","10.60",",,,0","-1.20",",,,0"
"USC00236739","1967-12","39.5669","-94.4544","275.8","PLATTSBURG, MO US","","","0.0",",0","9",",0","7",",0","0",",0","","","3",",0","0",",0","22",",0","9",",0","0",",0","0",",0","","","","","-17.2",",0,31,","","","140",",,0,26,","10.9",",,0,26,","16.7",",0,20,","","","551.4",",0","39.7",",,,0","292",",,,0","0.55",",0","5.00",",,,0","-3.91",",,,0"
"USC00236739","1968-01","39.5669","-94.4544","275.8","PLATTSBURG, MO US","0.0","0","0.0","4,0","4",",0","3",",0","0",",0","","","1",",0","7","1,0","27","1,0","12","3,0","0","3,0","0","3,0","","","","","-30.0","1,0,07,","","","51",",,0,12,","7.6",",,0,31,","16.1","3,0,29,","","","592.7","3,0","19.5",",,,0","64",",,,0","-3.90","4,0","2.76","3,,,0","-10.57","1,,,0"
"USC00236739","1968-02","39.5669","-94.4544","275.8","PLATTSBURG, MO US","0.0","0","0.0",",0","3",",0","0",",0","0",",0","","","1",",0","0",",0","27",",0","7",",0","0",",0","0",",0","","","","","-16.1",",0,21,","","","38",",,0,27,","1.3",",,0,24,","12.8",",0,03,","","","580.9",",0","3.1",",,,0","51",",,,0","-1.70",",0","4.04",",,,0","-7.43",",,,0"
"USC00236739","1968-03","39.5669","-94.4544","275.8","PLATTSBURG, MO US","0.0","0","0.0","1,0","3",",0","3",",0","0",",0","0",",0","0",",0","0",",0","20",",0","0","1,0","8","1,0","0","1,0","","","","","-11.1",",0,03,","0",",,0,31,+","0",",,0,31,+","9.1",",,0,08,","27.8","1,0,31,","","","352.1","1,0","22.3",",,,0","0",",,,0","6.46","1,0","15.02","1,,,0","-2.09",",,,0"
"USC00236739","1968-04","39.5669","-94.4544","275.8","PLATTSBURG, MO US","0.0","0","0.0",",0","11",",0","11",",0","1",",0","0",",0","0",",0","0",",0","9",",0","0",",0","13",",0","0",",0","","","","","-6.7",",0,06,+","0",",,0,30,+","0",",,0,30,+","32.3",",,0,14,","28.3",",0,11,","","","210.2",",0","139.3",",,,0","0",",,,0","11.33",",0","19.77",",,,0","2.88",",,,0"
"USC00236739","1968-05","39.5669","-94.4544","275.8","PLATTSBURG, MO US","12.5","0","12.5",",0","11",",0","8",",0","0",",0","0",",0","0",",0","0",",0","1",",0","0",",0","20",",0","1",",0","","","","","0.0",",0,21,","0",",,0,31,+","0",",,0,31,+","21.8",",,0,22,","32.2",",0,02,","","","119.8",",0","85.9",",,,0","0",",,,0","14.87",",0","22.27",",,,0","7.47",",,,0"
"USC00236739","1968-06","39.5669","-94.4544","275.8","PLATTSBURG, MO US","164.6","0","152.1",",0","4",",0","3",",0","0",",0","0",",0","0",",0","0",",0","0",",0","0",",0","30",",0","12",",0","","","","","8.3",",0,27,","0",",,0,30,+","0",",,0,30,+","8.4",",,0,14,","34.4",",0,21,","","","1.7",",0","17.8",",,,0","0",",,,0","23.35",",0","30.21",",,,0","16.49",",,,0"
"USC00236739","1968-07","39.5669","-94.4544","275.8","PLATTSBURG, MO US","348.0","0","183.4",",0","9",",0","8",",0","1",",0","0",",0","0",",0","0",",0","0",",0","0",",0","31",",0","17",",0","","","","","7.2",",0,03,","0",",,0,31,+","0",",,0,31,+","36.1",",,0,16,","36.7",",0,12,","0.0","0","0.0",",0","120.8",",,,0","0",",,,0","24.25",",0","31.54",",,,0","16.96",",,,0"
"USC00236739","1968-08","39.5669","-94.4544","275.8","PLATTSBURG, MO US","513.8","0","165.8",",0","10",",0","9",",0","1",",0","0",",0","0",",0","0",",0","0",",0","0",",0","30",",0","12",",0","","","","","11.7",",0,26,+","0",",,0,31,+","0",",,0,31,+","47.0",",,0,09,","35.0",",0,21,","1.4","0","1.4",",0","152.9",",,,0","0",",,,0","23.64",",0","29.65",",,,0","17.63",",,,0"
"USC00236739","1968-09","39.5669","-94.4544","275.8","PLATTSBURG, MO US","538.2","0","24.4","1,0","8",",0","4",",0","1",",0","0",",0","0",",0","0",",0","0",",0","0","1,0","26","1,0","0","1,0","","","","","3.9",",0,12,+","0",",,0,30,+","0",",,0,30,+","38.1",",,0,16,","31.1","1,0,02,","34.7","0","33.3","1,0","69.4",",,,0","0",",,,0","18.06","1,0","25.97","1,,,0","10.16",",,,0"
"USC00236739","1968-10","39.5669","-94.4544","275.8","PLATTSBURG, MO US","556.7","0","18.5",",0","7",",0","4",",0","1",",0","0",",0","0",",0","0",",0","9",",0","0",",0","15",",0","0",",0","","","","","-4.4",",0,29,","0",",,0,31,+","0",",,0,31,+","43.4",",,0,08,","29.4",",0,15,+","233.2","0","198.5",",0","79.8",",,,0","0",",,,0","12.53",",0","20.30",",,,0","4.75",",,,0"
"USC00236739","1968-11","39.5669","-94.4544","275.8","PLATTSBURG, MO US","556.7","0","0.0","2,0","6",",0","4",",0","0",",0","1","1,0","1",",0","0","1,0","19","1,0","0","1,0","1","1,0","0","1,0","","","","","-9.4","1,0,20,","25","1,,0,11,","25",",,0,11,","21.6",",,0,15,","21.1","1,0,01,","660.0","0","426.8","1,0","47.7",",,,0","25",",,,0","3.25","2,0","9.03","1,,,0","-2.52","1,,,0"
"USC00236739","1968-12","39.5669","-94.4544","275.8","PLATTSBURG, MO US","556.7","0","0.0",",0","5",",0","5",",0","0",",0","1","3,0","1",",0","1",",0","28",",0","10",",0","0",",0","0",",0","","","","","-23.9",",0,31,","76","3,,0,28,","76",",,0,28,","20.1",",,0,18,","18.3",",0,12,","1298.9","0","638.9",",0","48.0",",,,0","76",",,,0","-2.28",",0","3.65",",,,0","-8.20",",,,0"
"USC00236739","1969-01","39.5669","-94.4544","275.8","PLATTSBURG, MO US","0.0","0","0.0","3,0","9",",0","5",",0","0",",0","","","","","4","3,0","26","3,0","15",",0","0",",0","0",",0","","","","","-22.2","3,0,31,+","","","","","19.6",",,0,15,","11.1",",0,22,","1939.1","0","640.2",",0","45.5",",,,0","","","-4.65","3,0","0.54",",,,0","-9.84","3,,,0"
"USC00236739","1969-02","39.5669","-94.4544","275.8","PLATTSBURG, MO US","0.0","0","0.0",",0","2",",0","1",",0","0",",0","","","","","3",",0","25",",0","3",",0","0",",0","0",",0","","","","","-21.7",",0,02,+","","","","","3.3",",,0,27,","10.0",",0,25,","2484.7","0","545.6",",0","3.8",",,,0","","","-1.15",",0","4.14",",,,0","-6.44",",,,0"
"USC00236739","1969-03","39.5669","-94.4544","275.8","PLATTSBURG, MO US","0.0","0","0.0",",0","7",",0","3",",0","0",",0","1",",0","1",",0","0",",0","28",",0","1",",0","4",",0","0",",0","","","","","-15.0",",0,09,","51",",,0,07,","51",",,0,07,","24.1",",,0,23,","24.4",",0,19,","2998.1","0","513.4",",0","39.4",",,,0","51",",,,0","1.77",",0","9.28",",,,0","-5.74",",,,0"
"USC00236739","1969-04","39.5669","-94.4544","275.8","PLATTSBURG, MO US","0.0","0","0.0",",0","11",",0","9",",0","2",",0","0",",0","0",",0","0",",0","8",",0","0",",0","13",",0","0",",0","","","","","-1.7",",0,06,","0",",,0,30,+","0",",,0,30,+","59.7",",,0,27,","26.1",",0,16,","3203.7","0","205.6",",0","170.3",",,,0","0",",,,0","11.48",",0","19.48",",,,0","3.48",",,,0"
"USC00236739","1969-05","39.5669","-94.4544","275.8","PLATTSBURG, MO US","36.6","0","36.6",",0","9",",0","7",",0","2",",0","0",",0","0",",0","0",",0","0",",0","0",",0","22",",0","0",",0","","","","","0.6",",0,13,+","0",",,0,31,+","0",",,0,31,+","53.3",",,0,21,","31.1",",0,29,+","3277.9","0","74.2",",0","141.2",",,,0","0",",,,0","17.12",",0","24.25",",,,0","9.99",",,,0"
"USC00236739","1969-06","39.5669","-94.4544","275.8","PLATTSBURG, MO US","112.3","0","75.7",",0","11",",0","10",",0","3",",0","0",",0","0",",0","0",",0","0",",0","0",",0","26",",0","5",",0","","","","","4.4",",0,03,","0",",,0,30,+","0",",,0,30,+","65.3",",,0,22,","33.9",",0,29,+","3312.2","0","34.3",",0","216.1",",,,0","0",",,,0","19.71",",0","26.45",",,,0","12.98",",,,0"
"USC00236739","1969-07","39.5669","-94.4544","275.8","PLATTSBURG, MO US","344.9","0","232.6",",0","8",",0","7",",0","0",",0","0",",0","0",",0","0",",0","0",",0","0",",0","31",",0","18",",0","","","","","13.9",",0,29,","0",",,0,31,+","0",",,0,31,+","20.8",",,0,27,","36.7",",0,13,","0.0","0","0.0",",0","88.9",",,,0","0",",,,0","25.84",",0","32.19",",,,0","19.48",",,,0"
"USC00236739","1969-08","39.5669","-94.4544","275.8","PLATTSBURG, MO US","512.9","0","168.0",",0","7",",0","6",",0","1",",0","0",",0","0",",0","0",",0","0",",0","0",",0","31",",0","10",",0","","","","","12.8",",0,05,+","0",",,0,31,+","0",",,0,31,+","45.5",",,0,16,","35.0",",0,08,","0.0","0","0.0",",0","74.2",",,,0","0",",,,0","23.75",",0","30.59",",,,0","16.91",",,,0"
"USC00236739","1969-09","39.5669","-94.4544","275.8","PLATTSBURG, MO US","565.9","0","53.0",",0","7",",0","6",",0","1",",0","0",",0","0",",0","0",",0","0",",0","0",",0","28",",0","0",",0","","","","","5.6",",0,25,+","0",",,0,30,+","0",",,0,30,+","27.7",",,0,07,","31.7",",0,06,","24.7","0","24.7",",0","58.1",",,,0","0",",,,0","19.28",",0","26.04",",,,0","12.51",",,,0"
"USC00236739","1969-10","39.5669","-94.4544","275.8","PLATTSBURG, MO US","581.2","0","15.3","1,0","12",",0","10",",0","1",",0","0",",0","0",",0","0",",0","7",",0","0","1,0","10","1,0","1","1,0","","","","","-7.2",",0,29,+","0",",,0,31,+","0",",,0,31,+","30.2",",,0,10,","32.8","1,0,04,","267.9","0","243.2","1,0","134.0",",,,0","0",",,,0","10.81","1,0","17.39","1,,,0","4.22",",,,0"
"USC00236739","1969-11","39.5669","-94.4544","275.8","PLATTSBURG, MO US","581.2","0","0.0","2,0","1",",0","0",",0","0",",0","1",",0","0",",0","0","1,0","22","1,0","0","1,0","4","1,0","0","1,0","","","","","-11.7","1,0,28,","25",",,0,14,","13",",,0,14,","0.3",",,0,14,","23.3","1,0,17,","655.0","0","387.1","1,0","0.3",",,,0","13",",,,0","4.75","2,0","13.34","1,,,0","-3.85","1,,,0"
"USC00236739","1969-12","39.5669","-94.4544","275.8","PLATTSBURG, MO US","581.2","0","0.0","1,0","6",",0","3",",0","0",",0","3",",","","","0",",0","30",",0","6","1,0","0","1,0","0","1,0","","","","","-13.9",",0,31,","76",",,0,11,","","","8.1",",,0,07,","13.9","1,0,02,","1266.5","0","611.5","1,0","21.9",",,,0","","","-2.06","1,0","2.73","1,,,0","-6.85",",,,0"
"USC00236739","1970-01","39.5669","-94.4544","275.8","PLATTSBURG, MO US","0.0","0","0.0",",0","2",",0","1",",0","0",",0","1","1,0","0","2,0","9",",0","30",",0","15",",0","0",",0","0",",0","","","","","-23.9",",0,21,","25","1,,0,01,","0","2,,0,31,+","2.5",",,0,01,","14.4",",0,27,","2040.2","0","773.7",",0","4.5",",,,0","0","2,,,0","-6.63",",0","-0.51",",,,0","-12.74",",,,0"
"USC00236739","1970-02","39.5669","-94.4544","275.8","PLATTSBURG, MO US","0.0","0","0.0","1,0","1",",0","1",",0","0",",0","1",",0","1",",0","2",",0","27",",0","3","1,0","0","1,0","0","1,0","","","","","-20.0",",0,03,","51",",,0,14,","51",",,0,14,","4.1",",,0,14,","20.6","1,0,18,","2558.5","0","518.3","1,0","4.1",",,,0","51",",,,0","-0.67","1,0","8.19","1,,,0","-9.53",",,,0"
"USC00236739","1970-03","39.5669","-94.4544","275.8","PLATTSBURG, MO US","0.0","0","0.0","2,0","6",",0","4",",0","0",",0","1",",0","1",",0","0","1,0","26","1,0","0","1,0","1","1,0","0","1,0","","","","","-9.4","1,0,14,","76",",,0,28,","76",",,0,28,","8.1",",,0,02,","25.0","1,0,08,","2997.1","0","438.6","1,0","23.8",",,,0","76",",,,0","3.05","2,0","9.63","1,,,0","-3.53","1,,,0"
"USC00236739","1970-04","39.5669","-94.4544","275.8","PLATTSBURG, MO US","9.8","0","9.8","1,0","8",",0","6",",0","1",",0","1",",0","1",",0","0","1,0","14","1,0","0",",0","12",",0","0",",0","","","","","-8.3","1,0,03,+","102",",,0,01,","102",",,0,01,","30.2",",,0,18,","31.7",",0,28,","3238.6","0","241.5",",0","86.5",",,,0","102",",,,0","10.52","1,0","19.07",",,,0","1.98","1,,,0"
"USC00236739","1970-05","39.5669","-94.4544","275.8","PLATTSBURG, MO US","65.1","0","55.3","1,0","10",",0","9",",0","3",",0","0",",0","0",",0","0",",0","2",",0","0","1,0","28","1,0","0","1,0","","","","","-1.7",",0,03,+","0",",,0,31,+","0",",,0,31,+","34.8",",,0,11,","31.1","1,0,22,","3275.2","0","36.6","1,0","164.0",",,,0","0",",,,0","18.86","1,0","26.28","1,,,0","11.44",",,,0"
"USC00236739","1970-06","39.5669","-94.4544","275.8","PLATTSBURG, MO US","164.7","0","99.6","1,0","12",",0","11",",0","1",",0","0",",0","0",",0","0",",0","0",",0","0","1,0","26","1,0","4","1,0","","","","","7.8",",0,05,","0",",,0,30,+","0",",,0,30,+","43.2",",,0,12,","34.4","1,0,30,+","3288.8","0","13.6","1,0","165.0",",,,0","0",",,,0","21.34","1,0","27.83","1,,,0","14.84",",,,0"
"USC00236739","1970-07","39.5669","-94.4544","275.8","PLATTSBURG, MO US","342.5","0","177.8",",0","2",",0","2",",0","0",",0","0",",0","0",",0","0",",0","0",",0","0",",0","31",",0","18",",0","","","","","7.8",",0,21,","0",",,0,31,+","0",",,0,31,+","17.8",",,0,19,","38.9",",0,31,","1.1","0","1.1",",0","32.5",",,,0","0",",,,0","24.03",",0","32.36",",,,0","15.70",",,,0"
"USC00236739","1970-08","39.5669","-94.4544","275.8","PLATTSBURG, MO US","532.3","0","189.8","1,0","9",",0","8",",0","1",",0","0",",0","0",",0","0",",0","0",",0","0","1,0","30","1,0","17","1,0","","","","","10.0",",0,25,+","0",",,0,31,+","0",",,0,31,+","34.8",",,0,22,","38.9","1,0,19,","1.1","0","0.0","1,0","81.9",",,,0","0",",,,0","24.72","1,0","32.20","1,,,0","17.24",",,,0"
"USC00236739","1970-09","39.5669","-94.4544","275.8","PLATTSBURG, MO US","609.3","0","77.0",",0","13",",0","12",",0","4",",0","0",",0","0",",0","0",",0","0",",0","0",",0","27",",0","5",",0","","","","","3.3",",0,27,","0",",,0,30,+","0",",,0,30,+","106.7",",,0,22,","35.6",",0,09,","38.9","0","37.8",",0","305.6",",,,0","0",",,,0","19.64",",0","26.39",",,,0","12.89",",,,0"
"USC00236739","1970-10","39.5669","-94.4544","275.8","PLATTSBURG, MO US","611.0","0","1.7",",0","9",",0","7",",0","1",",0","0",",0","0",",0","0",",0","8",",0","0",",0","9",",0","0",",0","","","","","-2.8",",0,17,+","0",",,0,31,+","0",",T,0,10,","27.7",",,0,09,","28.3",",0,05,+","253.5","0","214.6",",0","76.5",",,,0","0",",T,,0","11.47",",0","17.99",",,,0","4.95",",,,0"
"USC00236739","1970-11","39.5669","-94.4544","275.8","PLATTSBURG, MO US","611.0","0","0.0","4,0","6",",0","3",",0","0",",0","0",",0","0",",0","0","1,0","17","1,0","0","3,0","0","3,0","0","3,0","","","","","-14.4","1,0,23,","0",",,0,30,+","0",",,0,30,+","10.7",",,0,19,","18.3","3,0,06,","614.6","0","361.1","3,0","25.4",",,,0","0",",,,0","4.25","4,0","10.29","3,,,0","-1.78","1,,,0"
"USC00236739","1970-12","39.5669","-94.4544","275.8","PLATTSBURG, MO US","611.0","0","0.0",",0","4",",0","3",",0","1",",0","1","2,","","","0",",0","28",",0","4",",0","0",",0","0",",0","","","","","-13.3",",0,24,","76","2,,0,15,","","","26.2",",,0,11,","18.3",",0,03,+","1162.8","0","548.2",",0","44.2",",,,0","","","0.65",",0","6.83",",,,0","-5.54",",,,0"
"USC00236739","1971-01","39.5669","-94.4544","275.8","PLATTSBURG, MO US","0.0","0","0.0","1,0","2",",0","2",",0","1",",0","1","5,0","1",",0","5","1,0","30","1,0","17",",0","0",",0","0",",0","","","","","-23.9","1,0,06,","102","5,,0,02,","102",",,0,02,","27.2",",,0,02,","11.7",",0,29,","1882.0","0","719.2",",0","34.8",",,,0","102",",,,0","-5.72","1,0","-0.14",",,,0","-11.30","1,,,0"
"USC00236739","1971-02","39.5669","-94.4544","275.8","PLATTSBURG, MO US","0.0","0","0.0",",0","5",",0","4",",0","0",",0","2",",","","","3",",0","27",",0","12",",0","0",",0","0",",0","","","","","-25.6",",0,08,","127",",,0,21,","","","25.1",",,0,22,","19.4",",0,18,","2490.8","0","608.8",",0","47.4",",,,0","","","-3.41",",0","2.88",",,,0","-9.70",",,,0"
"USC00236739","1971-03","39.5669","-94.4544","275.8","PLATTSBURG, MO US","0.0","0","0.0",",0","4",",0","3",",0","0",",0","","","2",",0","0",",0","29",",0","2",",0","4",",0","0",",0","","","","","-12.8",",0,04,+","","","140",",,0,10,","15.2",",,0,10,","24.4",",0,31,","2965.8","0","475.0",",0","20.7",",,,0","191",",,,0","3.01",",0","10.68",",,,0","-4.66",",,,0"
"USC00236739","1971-04","39.5669","-94.4544","275.8","PLATTSBURG, MO US","5.0","0","5.0","1,0","8",",0","5",",0","1",",0","0",",0","0",",0","0","1,0","9","1,0","0",",0","16",",0","0",",0","","","","","-6.7","1,0,08,+","0",",,0,30,+","0",",,0,30,+","30.0",",,0,26,","30.0",",0,12,","3156.4","0","190.6",",0","51.0",",,,0","0",",,,0","11.84","1,0","20.22",",,,0","3.47","1,,,0"
"USC00236739","1971-05","39.5669","-94.4544","275.8","PLATTSBURG, MO US","18.1","0","13.1","1,0","13",",0","8",",0","0",",0","0",",0","0",",0","0","1,0","4","1,0","0",",0","23",",0","0",",0","","","","","-1.7","1,0,04,+","0",",,0,31,+","0",",,0,31,+","23.6",",,0,19,","31.1",",0,31,","3262.7","0","106.3",",0","90.4",",,,0","0",",,,0","15.19","1,0","23.23",",,,0","7.16","1,,,0"
"USC00236739","1971-06","39.5669","-94.4544","275.8","PLATTSBURG, MO US","193.4","0","175.3",",0","6",",0","5",",0","1",",0","0",",0","0",",0","0",",0","0",",0","0",",0","30",",0","12",",0","","","","","12.8",",0,04,+","0",",,0,30,+","0",",,0,30,+","33.0",",,0,07,","35.6",",0,18,","3263.3","0","0.6",",0","101.1",",,,0","0",",,,0","24.16",",0","31.03",",,,0","17.28",",,,0"
"USC00236739","1971-07","39.5669","-94.4544","275.8","PLATTSBURG, MO US","322.5","0","129.1",",0","11",",0","8",",0","2",",0","0",",0","0",",0","0",",0","0",",0","0",",0","30",",0","8",",0","","","","","6.7",",0,31,","0",",,0,31,+","0",",,0,31,+","47.0",",,0,12,","35.0",",0,07,","8.9","0","8.9",",0","151.6",",,,0","0",",,,0","22.21",",0","29.37",",,,0","15.05",",,,0"
"USC00236739","1971-08","39.5669","-94.4544","275.8","PLATTSBURG, MO US","440.3","0","117.8",",0","3",",0","2",",0","1",",0","0",",0","0",",0","0",",0","0",",0","0",",0","31",",0","12",",0","","","","","6.7",",0,01,","0",",,0,31,+","0",",,0,31,+","26.4",",,0,08,","35.6",",0,23,","10.9","0","2.0",",0","34.8",",,,0","0",",,,0","22.07",",0","30.47",",,,0","13.66",",,,0"
"USC00236739","1971-09","39.5669","-94.4544","275.8","PLATTSBURG, MO US","541.5","0","101.2","1,0","7",",0","6",",0","1",",0","0",",0","0",",0","0",",0","0",",0","0","1,0","25","1,0","8","1,0","","","","","1.1",",0,21,+","0",",,0,30,+","0",",,0,30,+","48.0",",,0,05,","36.1","1,0,09,","73.2","0","62.3","1,0","93.6",",,,0","0",",,,0","19.68","1,0","27.59","1,,,0","11.77",",,,0"
"USC00236739","1971-10","39.5669","-94.4544","275.8","PLATTSBURG, MO US","560.1","0","18.6",",0","9",",0","6",",0","1",",0","0",",0","0",",0","0",",0","4",",0","0",",0","21",",0","0",",0","","","","","-1.7",",0,31,+","0",",,0,31,+","0",",,0,31,+","45.2",",,0,21,","31.1",",0,01,","179.1","0","105.9",",0","100.7",",,,0","0",",,,0","15.52",",0","23.13",",,,0","7.90",",,,0"
"USC00236739","1971-11","39.5669","-94.4544","275.8","PLATTSBURG, MO US","560.1","0","0.0",",0","7",",0","6",",0","1",",0","0",",0","2",",0","0",",0","23",",0","0",",0","6",",0","0",",0","","","","","-10.6",",0,08,+","0",",,0,30,+","25",",,0,29,+","33.5",",,0,02,","24.4",",0,16,","558.2","0","379.1",",0","66.3",",,,0","50",",,,0","5.70",",0","12.59",",,,0","-1.20",",,,0"
"USC00236739","1971-12","39.5669","-94.4544","275.8","PLATTSBURG, MO US","560.1","0","0.0",",0","10",",0","5",",0","1",",0","0",",0","0",",0","0",",0","25",",0","4",",0","0",",0","0",",0","","","","","-11.1",",0,29,+","0",",,0,31,+","0",",,0,31,+","36.8",",,0,15,","12.8",",0,26,","1105.7","0","547.5",",0","83.4",",,,0","0",",,,0","0.67",",0","5.18",",,,0","-3.84",",,,0"
"USC00236739","1972-01","39.5669","-94.4544","275.8","PLATTSBURG, MO US","0.0","0","0.0","1,0","4",",0","3",",0","0",",0","3",",","","","8","1,0","29","1,0","9",",0","0",",0","0",",0","","","","","-28.9","1,0,15,","51",",,0,27,+","","","10.2",",,0,27,","15.6",",0,18,","1787.6","0","681.9",",0","19.3",",,,0","","","-4.39","1,0","2.82",",,,0","-11.60","1,,,0"
"USC00236739","1972-02","39.5669","-94.4544","275.8","PLATTSBURG, MO US","0.0","0","0.0",",0","7",",0","3",",0","0",",0","4",",","","","4",",0","29",",0","8",",0","2",",0","0",",0","","","","","-20.6",",0,04,","76",",,0,09,","","","4.8",",,0,10,+","26.1",",0,29,","2376.3","0","588.7",",0","16.2",",,,0","","","-1.97",",0","5.43",",,,0","-9.37",",,,0"
"USC00236739","1972-03","39.5669","-94.4544","275.8","PLATTSBURG, MO US","0.0","0","0.0",",0","6",",0","5",",0","1",",0","1",",0","1",",0","0",",0","20",",0","0",",0","5",",0","0",",0","","","","","-11.1",",0,06,+","102",",,0,31,","102",",,0,31,","40.9",",,0,13,","28.3",",0,12,","2768.1","0","391.8",",0","85.1",",,,0","102",",,,0","5.70",",0","12.97",",,,0","-1.58",",,,0"
"USC00236739","1972-04","39.5669","-94.4544","275.8","PLATTSBURG, MO US","4.1","0","4.1",",0","7",",0","5",",0","1",",0","0",",0","0",",0","0",",0","11",",0","0",",0","9",",0","0",",0","","","","","-7.2",",0,05,+","0",",,0,30,+","0",",,0,30,+","31.2",",,0,21,","31.1",",0,15,","3012.9","0","244.8",",0","85.6",",,,0","0",",,,0","10.31",",0","17.68",",,,0","2.95",",,,0"
"USC00236739","1972-05","39.5669","-94.4544","275.8","PLATTSBURG, MO US","29.5","0","25.4","2,0","7",",0","6",",0","1",",0","0",",0","0",",0","0","2,0","0","2,0","0",",0","22",",0","0",",0","","","","","3.9","2,0,31,+","0",",,0,31,+","0",",,0,31,+","25.4",",,0,01,","31.1",",0,27,","3090.1","0","77.2",",0","86.5",",,,0","0",",,,0","16.67","2,0","24.00",",,,0","9.34","2,,,0"
"USC00236739","1972-06","39.5669","-94.4544","275.8","PLATTSBURG, MO US","142.7","0","113.2",",0","5",",0","4",",0","1",",0","0",",0","0",",0","0",",0","0",",0","0",",0","30",",0","12",",0","","","","","3.9",",0,01,","0",",,0,30,+","0",",,0,30,+","37.1",",,0,15,","35.6",",0,10,","3107.8","0","17.7",",0","61.7",",,,0","0",",,,0","21.52",",0","29.82",",,,0","13.21",",,,0"
"USC00236739","1972-07","39.5669","-94.4544","275.8","PLATTSBURG, MO US","302.8","0","160.1",",0","12",",0","8",",0","2",",0","0",",0","0",",0","0",",0","0",",0","0",",0","31",",0","13",",0","","","","","5.0",",0,05,","0",",,0,31,+","0",",,0,31,+","37.6",",,0,24,","37.8",",0,15,","6.1","0","6.1",",0","105.4",",,,0","0",",,,0","23.30",",0","30.01",",,,0","16.59",",,,0"
"USC00236739","1972-08","39.5669","-94.4544","275.8","PLATTSBURG, MO US","431.4","0","128.6","2,0","7",",0","6",",0","1",",0","0",",0","0",",0","0","2,0","0","2,0","0",",0","31",",0","13",",0","","","","","9.4","2,0,09,+","0",",,0,31,+","0",",,0,31,+","47.0",",,0,03,","36.7",",0,21,","8.1","0","2.0",",0","95.5",",,,0","0",",,,0","22.88","2,0","29.92",",,,0","15.83","2,,,0"
"USC00236739","1972-09","39.5669","-94.4544","275.8","PLATTSBURG, MO US","502.8","0","71.4","1,0","10",",0","8",",0","1",",0","0",",0","0",",0","0","1,0","1","1,0","0",",0","27",",0","7",",0","","","","","-1.1","1,0,30,","0",",,0,30,+","0",",,0,30,+","38.9",",,0,14,","33.9",",0,20,","43.2","0","35.1",",0","113.8",",,,0","0",",,,0","19.69","1,0","26.12",",,,0","13.26","1,,,0"
"USC00236739","1972-10","39.5669","-94.4544","275.8","PLATTSBURG, MO US","504.2","0","1.4",",0","8",",0","7",",0","0",",0","0",",0","0",",0","0",",0","5",",0","0",",0","10",",0","0",",0","","","","","-7.8",",0,20,+","0",",,0,31,+","0",",,0,31,+","17.3",",,0,31,","27.8",",0,12,","282.4","0","239.2",",0","58.8",",,,0","0",",,,0","10.66",",0","17.30",",,,0","4.02",",,,0"
"USC00236739","1972-11","39.5669","-94.4544","275.8","PLATTSBURG, MO US","504.2","0","0.0","2,0","9",",0","8",",0","1",",0","0",",0","4",",0","0","2,0","19","2,0","2",",0","0",",0","0",",0","","","","","-8.9","2,0,29,","0",",,0,30,+","38",",,0,19,+","31.8",",,0,07,","20.0",",0,06,","698.0","0","415.6",",0","124.5",",,,0","126",",,,0","3.37","2,0","7.76",",,,0","-1.01","2,,,0"
"USC00236739","1972-12","39.5669","-94.4544","275.8","PLATTSBURG, MO US","504.2","0","0.0","1,0","8",",0","5",",0","0",",0","5",",0","3",",0","7","1,0","29","1,0","15",",0","0",",0","0",",0","","","","","-21.7","1,0,11,","51",",,0,12,","51",",,0,12,","18.3",",,0,12,","17.8",",0,03,","1371.6","0","673.6",",0","41.9",",,,0","101",",,,0","-4.14","1,0","1.29",",,,0","-9.58","1,,,0"
"USC00236739","1973-01","39.5669","-94.4544","275.8","PLATTSBURG, MO US","0.0","0","0.0",",0","8",",0","7",",0","0",",0","4",",","","","9",",0","29",",0","12",",0","0",",0","0",",0","","","","","-23.9",",0,11,","152",",,0,04,","","","22.6",",,0,04,","16.1",",0,17,","2079.5","0","707.9",",0","68.9",",,,0","","","-4.50",",0","1.67",",,,0","-10.68",",,,0"
"USC00236739","1973-02","39.5669","-94.4544","275.8","PLATTSBURG, MO US","0.0","0","0.0",",0","6",",0","5",",0","0",",0","2",",0","2",",0","2",",0","27",",0","6",",0","0",",0","0",",0","","","","","-17.8",",0,10,+","76",",,0,18,","76",",,0,18,","19.1",",,0,01,","16.7",",0,25,","2613.8","0","534.3",",0","53.6",",,,0","101",",,,0","-0.75",",0","5.16",",,,0","-6.65",",,,0"
"USC00236739","1973-03","39.5669","-94.4544","275.8","PLATTSBURG, MO US","0.0","0","0.0",",0","17",",0","13",",0","4",",0","0",",0","0",",0","0",",0","12",",0","0",",0","0",",0","0",",0","","","","","-5.0",",0,18,","0",",,0,31,+","0",",,0,31,+","37.6",",,0,31,+","18.9",",0,15,+","2955.4","0","341.6",",0","233.3",",,,0","0",",,,0","7.31",",0","12.41",",,,0","2.22",",,,0"
"USC00236739","1973-04","39.5669","-94.4544","275.8","PLATTSBURG, MO US","0.0","0","0.0",",0","9",",0","7",",0","1",",0","2",",0","1",",0","0",",0","9",",0","1",",0","10",",0","0",",0","","","","","-5.6",",0,11,","76",",,0,09,","76",",,0,09,","28.7",",,0,16,","26.1",",0,22,","3221.2","0","265.8",",0","94.0",",,,0","89",",,,0","9.47",",0","16.00",",,,0","2.95",",,,0"
"USC00236739","1973-05","39.5669","-94.4544","275.8","PLATTSBURG, MO US","12.5","0","12.5","2,0","10",",0","9",",0","4",",0","0",",0","0",",0","0","2,0","0","2,0","0",",0","22",",0","1",",0","","","","","0.6","2,0,16,+","0",",,0,31,+","0",",,0,31,+","56.9",",,0,02,","32.2",",0,22,","3312.6","0","91.4",",0","206.9",",,,0","0",",,,0","15.60","2,0","22.88",",,,0","8.32","2,,,0"
"USC00236739","1973-06","39.5669","-94.4544","275.8","PLATTSBURG, MO US","154.1","0","141.6",",0","9",",0","6",",0","0",",0","0",",0","0",",0","0",",0","0",",0","0",",0","30",",0","8",",0","","","","","8.3",",0,06,","0",",,0,30,+","0",",,0,30,+","18.3",",,0,04,","35.0",",0,27,+","3314.8","0","2.2",",0","64.7",",,,0","0",",,,0","22.98",",0","30.10",",,,0","15.86",",,,0"
"USC00236739","1973-07","39.5669","-94.4544","275.8","PLATTSBURG, MO US","292.8","0","138.7","5,0","7","2,0","6","2,0","3","2,0","0",",0","0",",0","0","5,0","0","5,0","0",",0","31",",0","15",",0","","","","","11.1","5,0,15,","0",",,0,31,+","0",",,0,31,+","57.9","2,,0,21,","35.0",",0,19,+","0.3","0","0.3",",0","195.8",",a,,0","0",",,,0","23.80","5,0","31.15",",,,0","16.46","5,,,0"
"USC00236739","1973-08","39.5669","-94.4544","275.8","PLATTSBURG, MO US","","","","","6",",0","4",",0","1",",0","0",",0","0",",0","","","","","0","2,0","29","2,0","14","2,0","","","","","","","0",",,0,31,+","0",",,0,31,+","67.3",",,0,08,","36.1","2,0,27,","","","","","124.6",",,,0","0",",,,0","","","31.24","2,,,0","",""
"USC00236739","1973-09","39.5669","-94.4544","275.8","PLATTSBURG, MO US","","","57.7","2,0","17",",0","14",",0","5",",0","0",",0","0",",0","0","2,0","1","2,0","0",",0","26",",0","2",",0","","","","","0.0","2,0,18,","0",",,0,30,+","0",",,0,30,+","71.1",",,0,26,","32.2",",0,22,+","","","35.9",",0","282.6",",,,0","0",",,,0","19.17","2,0","24.51",",,,0","13.83","2,,,0"
"USC00236739","1973-10","39.5669","-94.4544","275.8","PLATTSBURG, MO US","","","13.3",",0","7",",0","4",",0","2",",0","0",",0","0",",0","0",",0","3",",0","0",",0","21",",0","0",",0","","","","","-3.9",",0,31,+","0",",,0,31,+","0",",,0,31,+","103.6",",,0,11,","29.4",",0,09,","","","145.2",",0","190.0",",,,0","0",",,,0","14.08",",0","22.19",",,,0","5.96",",,,0"
"USC00236739","1973-11","39.5669","-94.4544","275.8","PLATTSBURG, MO US","","","0.0",",0","4",",0","3",",0","1",",0","0",",0","0",",0","0",",0","22",",0","0",",0","2",",0","0",",0","","","","","-8.3",",0,11,+","0",",,0,30,+","0",",,0,30,+","28.2",",,0,21,","22.8",",0,15,+","","","394.0",",0","55.6",",,,0","0",",,,0","5.20",",0","12.45",",,,0","-2.05",",,,0"
"USC00236739","1973-12","39.5669","-94.4544","275.8","PLATTSBURG, MO US","","","0.0",",0","10",",0","7",",0","0",",0","4",",0","4",",0","3",",0","29",",0","8",",0","1",",0","0",",0","","","","","-24.4",",0,31,","127",",,0,31,","127",",,0,31,","20.8",",,0,04,","21.1",",0,03,","","","628.9",",0","70.6",",,,0","215",",,,0","-1.95",",0","4.05",",,,0","-7.96",",,,0"
"USC00236739","1974-01","39.5669","-94.4544","275.8","PLATTSBURG, MO US","0.0","0","0.0",",0","9",",0","7",",0","0",",0","","","","","13",",0","31",",0","14",",0","0",",0","0",",0","","","","","-34.4",",0,13,+","","","","","11.4",",,0,27,","17.2",",0,31,","","","781.7",",0","43.7",",,,0","","","-6.88",",0","0.11",",,,0","-13.88",",,,0"
"USC00236739","1974-02","39.5669","-94.4544","275.8","PLATTSBURG, MO US","0.0","0","0.0",",0","4",",0","2",",0","0",",0","2",",0","2",",0","0",",0","27",",0","5",",0","0",",0","0",",0","","","","","-14.4",",0,26,+","25",",,0,24,+","25",",,0,24,+","24.1",",,0,22,","19.4",",0,13,","","","527.9",",0","32.5",",,,0","50",",,,0","-0.52",",0","6.51",",,,0","-7.55",",,,0"
"USC00236739","1974-03","39.5669","-94.4544","275.8","PLATTSBURG, MO US","1.1","0","1.1",",0","7",",0","4",",0","0",",0","0",",0","0",",0","0",",0","20",",0","1",",0","7",",0","0",",0","","","","","-12.2",",0,25,+","0",",,0,31,+","0",",,0,31,+","12.4",",,0,04,","28.3",",0,08,","","","374.8",",0","31.8",",,,0","0",",,,0","6.28",",0","14.05",",,,0","-1.49",",,,0"
"USC00236739","1974-04","39.5669","-94.4544","275.8","PLATTSBURG, MO US","11.7","0","10.6",",0","9",",0","6",",0","3",",0","0",",0","0",",0","0",",0","9",",0","0",",0","15",",0","0",",0","","","","","-6.7",",0,06,","0",",,0,30,+","0",",T,0,04,","31.2",",,0,29,","27.8",",0,26,","","","186.4",",0","112.0",",,,0","0",",T,,0","12.47",",0","20.14",",,,0","4.81",",,,0"
"USC00236739","1974-05","39.5669","-94.4544","275.8","PLATTSBURG, MO US","51.7","0","40.0",",0","12",",0","11",",0","5",",0","0",",0","0",",0","0",",0","0",",0","0",",0","24",",0","1",",0","","","","","1.7",",0,05,+","0",",,0,31,+","0",",,0,31,+","102.9",",,0,17,","32.2",",0,31,","","","87.1",",0","323.9",",,,0","0",",,,0","16.82",",0","24.30",",,,0","9.34",",,,0"
"USC00236739","1974-06","39.5669","-94.4544","275.8","PLATTSBURG, MO US","129.3","0","77.6",",0","8",",0","4",",0","2",",0","0",",0","0",",0","0",",0","0",",0","0",",0","28",",0","6",",0","","","","","5.6",",0,17,","0",",,0,30,+","0",",,0,30,+","32.8",",,0,07,","36.1",",0,21,","","","27.3",",0","100.9",",,,0","0",",,,0","20.01",",0","27.64",",,,0","12.38",",,,0"
"USC00236739","1974-07","39.5669","-94.4544","275.8","PLATTSBURG, MO US","","","","","2",",0","1",",0","1",",0","0",",0","0",",0","","","","","0",",0","31",",0","27",",0","","","","","","","0",",,0,31,+","0",",,0,31,+","32.3",",,0,04,","42.2",",0,22,","","","","","33.3",",,,0","0",",,,0","","","35.45",",,,0","",""
"USC00236739","1974-08","39.5669","-94.4544","275.8","PLATTSBURG, MO US","","","94.8",",0","9",",0","7",",0","2",",0","0",",0","0",",0","0",",0","0",",0","0",",0","30",",0","6",",0","","","","","4.4",",0,04,","0",",,0,31,+","0",",,0,31,+","28.2",",,0,22,+","35.6",",0,01,","","","12.2",",0","110.2",",,,0","0",",,,0","21.00",",0","29.08",",,,0","12.92",",,,0"
"USC00236739","1974-09","39.5669","-94.4544","275.8","PLATTSBURG, MO US","","","","","","","","","","","0",",0","0",",0","","","","","","","","","","","","","","","","","0",",,0,30,+","0",",,0,30,+","","","","","","","","","","","0",",,,0","","","","","",""
"USC00236739","1974-10","39.5669","-94.4544","275.8","PLATTSBURG, MO US","","","1.4","1,0","8",",0","6",",0","3",",0","0",",0","0",",0","0",",0","7",",0","0","1,0","13","1,0","0","1,0","","","","","-3.9",",0,03,+","0",",,0,31,+","0",",,0,31,+","82.8",",,0,31,","26.7","1,0,11,","","","170.6","1,0","205.6",",,,0","0",",,,0","12.57","1,0","19.73","1,,,0","5.42",",,,0"
"USC00236739","1974-11","39.5669","-94.4544","275.8","PLATTSBURG, MO US","","","0.0",",0","10",",0","6",",0","0",",0","3",",0","2",",0","0",",0","21",",0","1",",0","1",",0","0",",0","","","","","-7.8",",0,26,+","51",",,0,28,","51",",,0,28,","22.4",",,0,02,","21.1",",0,24,","","","402.2",",0","59.3",",,,0","89",",,,0","4.93",",0","11.15",",,,0","-1.30",",,,0"
"USC00236739","1974-12","39.5669","-94.4544","275.8","PLATTSBURG, MO US","","","0.0",",0","7",",0","5",",0","0",",0","2",",0","2",",0","0",",0","29",",0","2",",0","0",",0","0",",0","","","","","-15.6",",0,26,+","51",",,0,25,","51",",,0,25,","11.4",",,0,07,","14.4",",0,23,","","","603.9",",0","34.7",",,,0","76",",,,0","-1.15",",0","4.46",",,,0","-6.76",",,,0"
"USC00236739","1975-01","39.5669","-94.4544","275.8","PLATTSBURG, MO US","0.0","0","0.0",",0","8",",0","6",",0","0",",0","3","2,0","2",",0","3",",0","30",",0","5",",0","0",",0","0",",0","","","","","-20.6",",0,20,","102","2,,0,03,","102",",,0,03,","12.4",",,0,31,","11.7",",0,10,","","","630.4",",0","44.6",",,,0","166",",,,0","-2.00",",0","3.80",",,,0","-7.81",",,,0"
"USC00236739","1975-02","39.5669","-94.4544","275.8","PLATTSBURG, MO US","0.0","0","0.0",",0","8",",0","7",",0","0",",0","","","4",",0","2",",0","28",",0","11",",0","0",",0","0",",0","","","","","-19.4",",0,10,+","","","76",",,0,17,","19.6",",,0,17,","10.6",",0,22,","","","598.3",",0","44.8",",,,0","177",",,,0","-3.03",",0","1.19",",,,0","-7.26",",,,0"
"USC00236739","1975-03","39.5669","-94.4544","275.8","PLATTSBURG, MO US","0.0","0","0.0",",0","4",",0","4",",0","0",",0","1","1,0","1",",0","0",",0","27",",0","3",",0","4",",0","0",",0","","","","","-13.3",",0,14,+","178","1,,0,10,","165",",,0,10,","14.2",",,0,10,","26.7",",0,24,","","","523.5",",0","35.8",",,,0","165",",,,0","1.45",",0","8.16",",,,0","-5.26",",,,0"
"USC00236739","1975-04","39.5669","-94.4544","275.8","PLATTSBURG, MO US","9.4","0","9.4",",0","9",",0","7",",0","2",",0","0","2,0","2",",0","0",",0","10",",0","1",",0","11",",0","0",",0","","","","","-14.4",",0,04,+","0","2,,0,30,+","89",",,0,03,","37.6",",,0,24,","30.6",",0,18,","","","260.8",",0","103.3",",,,0","127",",,,0","9.95",",0","17.22",",,,0","2.69",",,,0"
"USC00236739","1975-05","39.5669","-94.4544","275.8","PLATTSBURG, MO US","60.5","0","51.1",",0","10",",0","10",",0","2",",0","0",",0","0",",0","0",",0","0",",0","0",",0","27",",0","2",",0","","","","","1.1",",0,02,+","0",",,0,31,+","0",",,0,31,+","60.7",",,0,29,","32.2",",0,20,+","","","60.1",",0","142.9",",,,0","0",",,,0","18.04",",0","25.88",",,,0","10.21",",,,0"
"USC00236739","1975-06","39.5669","-94.4544","275.8","PLATTSBURG, MO US","180.0","0","119.5",",0","11",",0","8",",0","1",",0","0",",0","0",",0","0",",0","0",",0","0",",0","30",",0","6",",0","","","","","7.2",",0,01,","0",",,0,30,+","0",",,0,30,+","28.2",",,0,11,","34.4",",0,28,","","","7.8",",0","78.0",",,,0","0",",,,0","22.06",",0","28.95",",,,0","15.17",",,,0"
"USC00236739","1975-07","39.5669","-94.4544","275.8","PLATTSBURG, MO US","386.6","0","206.6",",0","2",",0","1",",0","0",",0","0",",0","0",",0","0",",0","0",",0","0",",0","31",",0","24",",0","","","","","7.2",",0,14,+","0",",,0,31,+","0",",,0,31,+","3.0",",,0,20,","38.3",",0,29,+","2.2","0","2.2",",0","4.8",",,,0","0",",,,0","24.93",",0","33.68",",,,0","16.17",",,,0"
"USC00236739","1975-08","39.5669","-94.4544","275.8","PLATTSBURG, MO US","596.8","0","210.2","1,0","7",",0","6",",0","0",",0","0",",0","0",",0","0","1,0","0","1,0","0",",0","31",",0","22",",0","","","","","11.7","1,0,04,+","0",",,0,31,+","0",",,0,31,+","23.1",",,0,26,","38.3",",0,13,","2.2","0","0.0",",0","77.1",",,,0","0",",,,0","25.33","1,0","33.04",",,,0","17.61","1,,,0"
"USC00236739","1975-09","39.5669","-94.4544","275.8","PLATTSBURG, MO US","653.0","0","56.2",",0","6",",0","5",",0","2",",0","0",",0","0",",0","0",",0","0",",0","0",",0","21",",0","3",",0","","","","","0.6",",0,26,+","0",",,0,30,+","0",",,0,30,+","52.1",",,0,05,","37.2",",0,02,","95.6","0","93.4",",0","106.7",",,,0","0",",,,0","17.09",",0","24.39",",,,0","9.80",",,,0"
"USC00236739","1975-10","39.5669","-94.4544","275.8","PLATTSBURG, MO US","669.2","0","16.2",",0","2",",0","2",",0","0",",0","0",",0","0",",0","0",",0","11",",0","0",",0","17",",0","0",",0","","","","","-3.9",",0,26,+","0",",,0,31,+","0",",,0,31,+","10.2",",,0,01,","31.7",",0,13,","279.3","0","183.7",",0","18.3",",,,0","0",",,,0","12.93",",0","21.52",",,,0","4.34",",,,0"
"USC00236739","1975-11","39.5669","-94.4544","275.8","PLATTSBURG, MO US","669.2","0","0.0",",0","10",",0","7",",0","0",",0","0","4,0","2",",0","0",",0","14",",0","4",",0","5",",0","0",",0","","","","","-14.4",",0,28,","0","4,,0,30,+","122",",,0,27,","21.3",",,0,30,","22.8",",0,08,","625.7","0","346.4",",0","75.6",",,,0","219",",,,0","6.79",",0","13.65",",,,0","-0.07",",,,0"
"USC00236739","1975-12","39.5669","-94.4544","275.8","PLATTSBURG, MO US","669.2","0","0.0",",0","5",",0","2",",0","1",",0","1",",0","1",",0","0",",0","28",",0","5",",0","0",",0","0",",0","","","","","-17.2",",0,19,+","51",",,0,28,","38",",,0,28,","26.2",",,0,14,","19.4",",0,06,","1179.1","0","553.4",",0","34.1",",,,0","38",",,,0","0.48",",0","5.64",",,,0","-4.68",",,,0"
"USC00236739","1976-01","39.5669","-94.4544","275.8","PLATTSBURG, MO US","0.0","0","0.0",",0","4",",0","3",",0","0",",0","","","3",",0","7",",0","31",",0","8",",0","0",",0","0",",0","","","","","-25.0",",0,09,","","","127",",,0,26,","10.2",",,0,07,","13.9",",0,24,","1870.3","0","691.2",",0","22.4",",,,0","293",",,,0","-3.96",",0","2.35",",,,0","-10.27",",,,0"
"USC00236739","1976-02","39.5669","-94.4544","275.8","PLATTSBURG, MO US","0.0","0","0.0",",0","5",",0","3",",0","0",",0","","","2",",0","1",",0","21",",0","4",",0","5",",0","0",",0","","","","","-18.9",",0,03,","","","114",",,0,02,","6.9",",,0,02,","22.2",",0,28,","2279.7","0","409.4",",0","18.1",",,,0","178",",,,0","4.22",",0","11.63",",,,0","-3.20",",,,0"
"USC00236739","1976-03","39.5669","-94.4544","275.8","PLATTSBURG, MO US","0.0","0","0.0",",0","10",",0","7",",0","1",",0","1",",0","1",",0","0",",0","18",",0","1",",0","4",",0","0",",0","","","","","-10.0",",0,06,","76",",,0,16,","76",",,0,16,","26.7",",,0,30,","24.4",",0,20,","2664.3","0","384.6",",0","96.0",",,,0","76",",,,0","5.93",",0","12.94",",,,0","-1.08",",,,0"
"USC00236739","1976-04","39.5669","-94.4544","275.8","PLATTSBURG, MO US","12.3","0","12.3",",0","9",",0","7",",0","1",",0","0",",0","0",",0","0",",0","10",",0","0",",0","13",",0","0",",0","","","","","-4.4",",0,02,+","0",",,0,30,+","0",",,0,30,+","31.0",",,0,18,","28.3",",0,03,","2860.8","0","196.5",",0","105.3",",,,0","0",",,,0","12.20",",0","19.71",",,,0","4.68",",,,0"
"USC00236739","1976-05","39.5669","-94.4544","275.8","PLATTSBURG, MO US","22.8","0","10.5",",0","9",",0","7",",0","2",",0","0",",0","0",",0","0",",0","5",",0","0",",0","21",",0","0",",0","","","","","-3.9",",0,04,+","0",",,0,31,+","0",",,0,31,+","44.5",",,0,06,","29.4",",0,22,+","2988.0","0","127.2",",0","136.0",",,,0","0",",,,0","14.57",",0","22.33",",,,0","6.81",",,,0"
"USC00236739","1976-06","39.5669","-94.4544","275.8","PLATTSBURG, MO US","102.2","0","79.4",",0","6",",0","5",",0","1",",0","0",",0","0",",0","0",",0","0",",0","0",",0","30",",0","4",",0","","","","","5.6",",0,21,+","0",",,0,30,+","0",",,0,30,+","38.1",",,0,24,","33.9",",0,14,","3001.6","0","13.6",",0","72.7",",,,0","0",",,,0","20.53",",0","28.49",",,,0","12.57",",,,0"
"USC00236739","1976-07","39.5669","-94.4544","275.8","PLATTSBURG, MO US","296.0","0","193.8","1,0","2",",0","2",",0","0",",0","0",",0","0",",0","0","1,0","0","1,0","0",",0","31",",0","22",",0","","","","","10.0","1,0,02,+","0",",,0,31,+","0",",,0,31,+","7.1",",,0,16,","38.3",",0,31,+","0.3","0","0.3",",0","10.7",",,,0","0",",,,0","24.87","1,0","33.13",",,,0","16.61","1,,,0"
"USC00236739","1976-08","39.5669","-94.4544","275.8","PLATTSBURG, MO US","459.6","0","163.6",",0","4",",0","3",",0","0",",0","0",",0","0",",0","0",",0","0",",0","0",",0","31",",0","16",",0","","","","","7.8",",0,30,+","0",",,0,31,+","0",",,0,31,+","11.9",",,0,15,","40.6",",0,11,","0.3","0","0.0",",0","24.1",",,,0","0",",,,0","23.61",",0","32.26",",,,0","14.96",",,,0"
"USC00236739","1976-09","39.5669","-94.4544","275.8","PLATTSBURG, MO US","530.0","0","70.4",",0","4",",0","1",",0","1",",0","0",",0","0",",0","0",",0","0",",0","0",",0","25",",0","4",",0","","","","","2.2",",0,30,+","0",",,0,30,+","0",",,0,30,+","35.8",",,0,26,","33.9",",0,04,","56.0","0","55.7",",0","39.1",",,,0","0",",,,0","18.83",",0","27.09",",,,0","10.56",",,,0"
"USC00236739","1976-10","39.5669","-94.4544","275.8","PLATTSBURG, MO US","534.2","0","4.2",",0","9",",0","8",",0","1",",0","0",",0","0",",0","0",",0","15",",0","0",",0","10",",0","2",",0","","","","","-7.2",",0,18,+","0",",,0,31,+","0",",,0,31,+","31.2",",,0,05,","32.2",",0,03,+","377.3","0","321.3",",0","89.8",",,,0","0",",,,0","8.10",",0","16.04",",,,0","0.16",",,,0"
"USC00236739","1976-11","39.5669","-94.4544","275.8","PLATTSBURG, MO US","534.2","0","0.0",",0","2",",0","1",",0","0",",0","","","0","2,0","3",",0","29",",0","4",",0","1",",0","0",",0","","","","","-21.7",",0,30,+","","","0","2,,0,30,+","7.4",",,0,26,","23.3",",0,19,","914.1","0","536.8",",0","8.4",",,,0","0","2,,,0","0.44",",0","7.85",",,,0","-6.98",",,,0"
"USC00236739","1976-12","39.5669","-94.4544","275.8","PLATTSBURG, MO US","534.2","0","0.0",",0","3",",0","1",",0","0",",0","1","3,0","2",",0","3",",0","31",",0","12",",0","0",",0","0",",0","","","","","-25.6",",0,31,","25","3,,0,08,","33",",,0,08,","3.3",",,0,08,","17.8",",0,19,","1607.3","0","693.2",",0","5.8",",,,0","58",",,,0","-4.03",",0","3.59",",,,0","-11.65",",,,0"
"USC00236739","1977-01","39.5669","-94.4544","275.8","PLATTSBURG, MO US","0.0","0","0.0","1,0","12",",0","6",",0","0",",0","","","","","15","1,0","30","1,0","23",",0","0",",0","0",",0","","","","","-30.6","1,0,18,+","","","","","8.4",",,0,05,","6.1",",0,28,","2504.3","0","897.0",",0","35.7",",,,0","","","-11.47","1,0","-4.72",",,,0","-18.22","1,,,0"
"USC00236739","1977-02","39.5669","-94.4544","275.8","PLATTSBURG, MO US","0.0","0","0.0",",0","3",",0","1",",0","0",",0","1",",0","1",",0","3",",0","27",",0","7",",0","0",",0","0",",0","","","","","-23.3",",0,01,","25",",,0,02,","25",",,0,02,","17.0",",,0,23,","18.9",",0,22,","3029.5","0","525.2",",0","19.6",",,,0","25",",,,0","-0.43",",0","5.97",",,,0","-6.82",",,,0"
"USC00236739","1977-03","39.5669","-94.4544","275.8","PLATTSBURG, MO US","0.0","0","0.0",",0","7",",0","5",",0","1",",0","0",",0","0",",0","0",",0","12",",0","0",",0","4",",0","0",",0","","","","","-8.9",",0,07,+","0",",,0,31,+","0",",,0,31,+","30.0",",,0,12,","24.4",",0,15,+","3371.6","0","342.1",",0","75.7",",,,0","0",",,,0","7.30",",0","13.59",",,,0","1.00",",,,0"
"USC00236739","1977-04","39.5669","-94.4544","275.8","PLATTSBURG, MO US","10.4","0","10.4","3,0","7",",0","5",",0","1",",0","0",",0","0",",0","0","3,0","5","3,0","0",",0","17",",0","0",",0","","","","","-3.3","3,0,07,+","0",",,0,30,+","0",",,0,30,+","28.2",",,0,21,","28.3",",0,28,+","3496.2","0","124.6",",0","47.5",",,,0","0",",,,0","14.11","3,0","20.82",",,,0","7.39","3,,,0"
"USC00236739","1977-05","39.5669","-94.4544","275.8","PLATTSBURG, MO US","83.2","0","72.8",",0","15",",0","14",",0","2",",0","0",",0","0",",0","0",",0","0",",0","0",",0","29",",0","0",",0","","","","","3.9",",0,12,","0",",,0,31,+","0",",,0,31,+","54.9",",,0,06,","30.0",",0,27,+","3519.0","0","22.8",",0","184.4",",,,0","0",",,,0","19.94",",0","25.96",",,,0","13.93",",,,0"
"USC00236739","1977-06","39.5669","-94.4544","275.8","PLATTSBURG, MO US","231.0","0","147.8",",0","9",",0","8",",0","2",",0","0",",0","0",",0","0",",0","0",",0","0",",0","30",",0","7",",0","","","","","8.3",",0,08,","0",",,0,30,+","0",",,0,30,+","45.2",",,0,22,","36.1",",0,06,","3519.6","0","0.6",",0","124.9",",,,0","0",",,,0","23.24",",0","29.96",",,,0","16.53",",,,0"
"USC00236739","1977-07","39.5669","-94.4544","275.8","PLATTSBURG, MO US","461.4","0","230.4",",0","6","2,0","5","2,0","1","2,0","0",",0","0",",0","0",",0","0",",0","0",",0","31",",0","16",",0","","","","","11.1",",0,01,","0",",,0,31,+","0",",,0,31,+","44.5","2,,0,08,","35.6",",0,31,+","0.0","0","0.0",",0","154.2",",a,,0","0",",,,0","25.77",",0","32.03",",,,0","19.51",",,,0"
"USC00236739","1977-08","39.5669","-94.4544","275.8","PLATTSBURG, MO US","623.9","0","162.5",",0","15",",0","12",",0","5",",0","0",",0","0",",0","0",",0","0",",0","0",",0","31",",0","6",",0","","","","","10.6",",0,12,","0",",,0,31,+","0",",,0,31,+","87.6",",,0,05,","34.4",",0,08,","2.5","0","2.5",",0","304.5",",,,0","0",",,,0","23.50",",0","29.02",",,,0","17.97",",,,0"
"USC00236739","1977-09","39.5669","-94.4544","275.8","PLATTSBURG, MO US","704.0","0","80.1",",0","11",",0","6",",0","2",",0","0",",0","0",",0","0",",0","0",",0","0",",0","28",",0","0",",0","","","","","8.3",",0,28,+","0",",,0,30,+","0",",,0,30,+","120.9",",,0,13,","30.6",",0,17,+","16.5","0","14.0",",0","204.3",",,,0","0",",,,0","20.54",",0","26.00",",,,0","15.08",",,,0"
"USC00236739","1977-10","39.5669","-94.4544","275.8","PLATTSBURG, MO US","706.0","0","2.0",",0","10","2,0","8","2,0","4","2,0","0",",0","0",",0","0",",0","7",",0","0",",0","8",",0","0",",0","","","","","-2.8",",0,16,","0",",,0,31,+","0",",,0,31,+","53.3","2,,0,24,","27.8",",0,22,","226.2","0","209.7",",0","233.1",",a,,0","0",",,,0","11.63",",0","17.94",",,,0","5.32",",,,0"
"USC00236739","1977-11","39.5669","-94.4544","275.8","PLATTSBURG, MO US","","","","","","","","","","","0",",0","0",",0","","","","","","","","","","","","","","","","","0",",,0,30,+","0",",,0,30,+","","","","","","","","","","","0",",,,0","","","","","",""
"USC00236739","1977-12","39.5669","-94.4544","275.8","PLATTSBURG, MO US","","","0.0","3,0","7",",0","4",",0","0",",0","","","2",",0","2","2,0","26","2,0","11","3,0","0","3,0","0","3,0","","","","","-18.9","2,0,10,+","","","51",",,0,06,","5.8",",,0,06,","17.2","3,0,17,","","","597.1","3,0","17.7",",,,0","89",",,,0","-2.83","3,0","2.69","3,,,0","-8.35","2,,,0"
"USC00236739","1978-01","39.5669","-94.4544","275.8","PLATTSBURG, MO US","0.0","0","0.0",",0","4",",0","2",",0","0",",0","","","2",",0","10",",0","29",",0","24",",0","0",",0","0",",0","","","","","-27.2",",0,21,","","","38",",,0,16,","6.4",",,0,16,","8.9",",0,04,","","","825.5",",0","11.0",",,,0","76",",,,0","-8.30",",0","-3.58",",,,0","-13.01",",,,0"
"USC00236739","1978-02","39.5669","-94.4544","275.8","PLATTSBURG, MO US","0.0","0","0.0",",0","6",",0","4",",0","0",",0","3","4,0","4",",0","11",",0","28",",0","21",",0","0",",0","0",",0","","","","","-29.4",",0,19,+","305","4,,0,14,","191",",,0,13,","19.8",",,0,13,","7.2",",0,25,","","","768.4",",0","39.8",",,,0","381",",,,0","-9.11",",0","-2.48",",,,0","-15.74",",,,0"
"USC00236739","1978-03","39.5669","-94.4544","275.8","PLATTSBURG, MO US","0.6","0","0.6",",0","7",",0","5",",0","0",",0","","","3",",0","3",",0","23",",0","6",",0","3",",0","0",",0","","","","","-26.1",",0,05,","","","152",",,0,02,","17.0",",,0,25,","27.2",",0,31,","","","546.7",",0","52.6",",,,0","343",",,,0","0.71",",0","6.85",",,,0","-5.42",",,,0"
"USC00236739","1978-04","39.5669","-94.4544","275.8","PLATTSBURG, MO US","2.5","0","1.9",",0","12",",0","11",",0","2",",0","0",",0","0",",0","0",",0","3",",0","0",",0","7",",0","0",",0","","","","","-0.6",",0,26,+","0",",,0,30,+","0",",,0,30,+","67.6",",,0,10,","28.3",",0,09,+","","","200.1",",0","198.7",",,,0","0",",,,0","11.73",",0","17.53",",,,0","5.92",",,,0"
"USC00236739","1978-05","39.5669","-94.4544","275.8","PLATTSBURG, MO US","43.6","0","41.1",",0","10",",0","10",",0","1",",0","0",",0","0",",0","0",",0","1",",0","0",",0","16",",0","0",",0","","","","","0.0",",0,02,","0",",,0,31,+","0",",,0,31,+","26.9",",,0,12,","31.1",",0,27,","","","114.6",",0","138.7",",,,0","0",",,,0","15.96",",0","21.61",",,,0","10.31",",,,0"
"USC00236739","1978-06","39.5669","-94.4544","275.8","PLATTSBURG, MO US","169.3","0","125.7",",0","9",",0","8",",0","1",",0","0",",0","0",",0","0",",0","0",",0","0",",0","29",",0","9",",0","","","","","8.3",",0,10,+","0",",,0,30,+","0",",,0,30,+","61.2",",,0,01,","35.0",",0,26,+","","","6.7",",0","127.8",",,,0","0",",,,0","22.30",",0","29.22",",,,0","15.38",",,,0"
"USC00236739","1978-07","39.5669","-94.4544","275.8","PLATTSBURG, MO US","378.2","0","208.9",",0","9",",0","7",",0","1",",0","0",",0","0",",0","0",",0","0",",0","0",",0","31",",0","19",",0","","","","","14.4",",0,29,+","0",",,0,31,+","0",",,0,31,+","39.4",",,0,14,","37.2",",0,06,","0.0","0","0.0",",0","100.5",",,,0","0",",,,0","25.07",",0","31.64",",,,0","18.50",",,,0"
"USC00236739","1978-08","39.5669","-94.4544","275.8","PLATTSBURG, MO US","521.3","0","143.1","2,0","11",",0","9",",0","2",",0","0",",0","0",",0","0","2,0","0","2,0","0",",0","31",",0","10",",0","","","","","9.4","2,0,21,+","0",",,0,31,+","0",",,0,31,+","85.1",",,0,02,","36.1",",0,25,","3.6","0","3.6",",0","172.1",",,,0","0",",,,0","22.99","2,0","30.05",",,,0","15.94","2,,,0"
"USC00236739","1978-09","39.5669","-94.4544","275.8","PLATTSBURG, MO US","639.3","0","118.0",",0","7",",0","6",",0","2",",0","0",",0","0",",0","0",",0","0",",0","0",",0","28",",0","8",",0","","","","","5.0",",0,24,+","0",",,0,30,+","0",",,0,30,+","82.6",",,0,18,","35.0",",0,08,","32.4","0","28.8",",0","182.2",",,,0","0",",,,0","21.31",",0","28.63",",,,0","13.98",",,,0"
"USC00236739","1978-10","39.5669","-94.4544","275.8","PLATTSBURG, MO US","640.7","0","1.4",",0","3",",0","1",",0","0",",0","0",",0","0",",0","0",",0","13",",0","0",",0","11",",0","0",",0","","","","","-3.9",",0,24,","0",",,0,31,+","0",",,0,31,+","6.1",",,0,23,","30.6",",0,22,","268.3","0","235.9",",0","9.4",",,,0","0",",,,0","10.77",",0","19.32",",,,0","2.22",",,,0"
"USC00236739","1978-11","39.5669","-94.4544","275.8","PLATTSBURG, MO US","640.7","0","0.0",",0","8",",0","8",",0","1",",0","0",",0","0",",0","0",",0","16",",0","4",",0","5",",0","0",",0","","","","","-8.3",",0,29,+","0",",,0,30,+","0",",,0,30,+","30.0",",,0,06,","27.2",",0,04,","645.7","0","377.4",",0","112.2",",,,0","0",",,,0","5.75",",0","11.29",",,,0","0.21",",,,0"
"USC00236739","1978-12","39.5669","-94.4544","275.8","PLATTSBURG, MO US","640.7","0","0.0",",0","3",",0","2",",0","0",",0","0","2,0","1",",0","0",",0","30",",0","8",",0","0",",0","0",",0","","","","","-17.2",",0,09,","0","2,,0,31,+","152",",,0,31,","13.0",",,0,31,","13.9",",0,20,+","1286.0","0","640.3",",0","18.6",",,,0","167",",,,0","-2.32",",0","4.19",",,,0","-8.84",",,,0"
"USC00236739","1979-01","39.5669","-94.4544","275.8","PLATTSBURG, MO US","0.0","0","0.0",",0","13",",0","6",",0","0",",0","","","8",",0","20",",0","31",",0","26",",0","0",",0","0",",0","","","","","-33.3",",0,15,","","","216",",,0,13,","20.3",",,0,13,","5.0",",0,23,+","2243.1","0","957.1",",0","77.2",",,,0","584",",,,0","-12.54",",0","-5.84",",,,0","-19.25",",,,0"
"USC00236739","1979-02","39.5669","-94.4544","275.8","PLATTSBURG, MO US","0.0","0","0.0",",0","4",",0","4",",0","0",",0","","","2",",0","14",",0","27",",0","15",",0","0",",0","0",",0","","","","","-34.4",",0,10,+","","","89",",,0,18,","13.7",",,0,21,","8.3",",0,28,","3025.7","0","782.6",",0","28.1",",,,0","153",",,,0","-9.62",",0","-2.01",",,,0","-17.22",",,,0"
"USC00236739","1979-03","39.5669","-94.4544","275.8","PLATTSBURG, MO US","0.0","0","0.0",",0","9",",0","9",",0","0",",0","0","2,0","2",",0","0",",0","22",",0","1",",0","1",",0","0",",0","","","","","-10.0",",0,16,","0","2,,0,31,+","51",",,0,09,","14.7",",,0,23,","25.6",",0,29,","3467.2","0","441.5",",0","73.5",",,,0","89",",,,0","4.09",",0","10.12",",,,0","-1.94",",,,0"
"USC00236739","1979-04","39.5669","-94.4544","275.8","PLATTSBURG, MO US","0.0","0","0.0","1,0","11",",0","8",",0","0",",0","0",",0","1",",0","0",",0","10",",0","0","1,0","8","1,0","0","1,0","","","","","-4.4",",0,07,","0",",,0,30,+","51",",,0,04,","18.0",",,0,11,","25.6","1,0,08,","3728.4","0","261.2","1,0","68.5",",,,0","51",",,,0","9.31","1,0","15.99","1,,,0","2.63",",,,0"
"USC00236739","1979-05","39.5669","-94.4544","275.8","PLATTSBURG, MO US","22.2","0","22.2","1,0","7",",0","4",",0","1",",0","0",",0","0",",0","0","1,0","0","1,0","0",",0","22",",0","0",",0","","","","","1.7","1,0,01,","0",",,0,31,+","0",",,0,31,+","32.3",",,0,03,","30.0",",0,29,+","3817.4","0","89.0",",0","87.0",",,,0","0",",,,0","16.11","1,0","23.84",",,,0","8.38","1,,,0"
"USC00236739","1979-06","39.5669","-94.4544","275.8","PLATTSBURG, MO US","113.3","0","91.1","2,0","9",",0","8",",0","3",",0","0",",0","0",",0","0","2,0","0","2,0","0",",0","29",",0","1",",0","","","","","5.6","2,0,02,","0",",,0,30,+","0",",,0,30,+","45.0",",,0,05,","33.3",",0,22,","3824.5","0","7.1",",0","135.3",",,,0","0",",,,0","21.39","2,0","27.84",",,,0","14.93","2,,,0"
"USC00236739","1979-07","39.5669","-94.4544","275.8","PLATTSBURG, MO US","269.6","0","156.3",",0","11",",0","8",",0","3",",0","0",",0","0",",0","0",",0","0",",0","0",",0","30",",0","4",",0","","","","","12.8",",0,21,+","0",",,0,31,+","0",",,0,31,+","58.4",",,0,25,","34.4",",0,14,","2.5","0","2.5",",0","179.0",",,,0","0",",,,0","23.30",",0","29.30",",,,0","17.29",",,,0"
"USC00236739","1979-08","39.5669","-94.4544","275.8","PLATTSBURG, MO US","424.0","0","154.4",",0","9",",0","5",",0","2",",0","0",",0","0",",0","0",",0","0",",0","0",",0","29",",0","11",",0","","","","","7.8",",0,12,","0",",,0,31,+","0",",,0,31,+","46.5",",,0,20,","34.4",",0,08,+","10.8","0","8.3",",0","127.4",",,,0","0",",,,0","23.05",",0","28.70",",,,0","17.39",",,,0"
"USC00236739","1979-09","39.5669","-94.4544","275.8","PLATTSBURG, MO US","477.4","0","53.4",",0","4",",0","3",",0","1",",0","0",",0","0",",0","0",",0","0",",0","0",",0","28",",0","0",",0","","","","","2.2",",0,23,","0",",,0,30,+","0",",,0,30,+","27.9",",,0,01,","31.7",",0,06,","54.7","0","43.9",",0","54.8",",,,0","0",",,,0","18.65",",0","26.35",",,,0","10.94",",,,0"
"USC00236739","1979-10","39.5669","-94.4544","275.8","PLATTSBURG, MO US","","","","","5",",0","4",",0","2",",0","0",",0","0",",0","","","","","0",",0","14",",0","0",",0","","","","","","","0",",,0,31,+","0",",,0,31,+","68.8",",,0,19,","30.0",",0,09,","","","","","107.9",",,,0","0",",,,0","","","20.47",",,,0","",""
"USC00236739","1979-11","39.5669","-94.4544","275.8","PLATTSBURG, MO US","","","0.0",",0","7",",0","2",",0","1",",0","0",",0","0",",0","0",",0","19",",0","2",",0","1",",0","0",",0","","","","","-8.9",",0,30,","0",",,0,30,+","0",",,0,30,+","36.8",",,0,21,","21.1",",0,18,","","","413.1",",0","48.3",",,,0","0",",,,0","4.56",",0","10.09",",,,0","-0.96",",,,0"
"USC00236739","1979-12","39.5669","-94.4544","275.8","PLATTSBURG, MO US","","","0.0",",0","1",",0","1",",0","0",",0","0",",0","0",",0","2",",0","29",",0","5",",0","0",",0","0",",0","","","","","-18.9",",0,18,+","0",",,0,31,+","0",",,0,31,+","2.5",",,0,29,","17.8",",0,11,","","","565.1",",0","2.5",",,,0","0",",,,0","0.10",",0","7.12",",,,0","-6.91",",,,0"
"USC00236739","1980-01","39.5669","-94.4544","275.8","PLATTSBURG, MO US","0.0","0","0.0",",0","8",",0","4",",0","0",",0","","","1",",0","1",",0","30",",0","10",",0","0",",0","0",",0","","","","","-26.1",",0,31,","","","64",",,0,30,","16.3",",,0,16,","14.4",",0,15,","","","648.7",",0","48.6",",,,0","103",",,,0","-2.59",",0","2.93",",,,0","-8.12",",,,0"
"USC00236739","1980-02","39.5669","-94.4544","275.8","PLATTSBURG, MO US","0.0","0","0.0",",0","7","2,0","3","2,0","0","2,0","","","2",",0","8",",0","26",",0","15",",0","0",",0","0",",0","","","","","-27.2",",0,02,+","","","51",",,0,08,","10.2","2,,0,15,","11.1",",0,28,","","","696.0",",0","32.2",",a,,0","216",",a,,0","-5.67",",0","0.52",",,,0","-11.86",",,,0"
"USC00236739","1980-03","39.5669","-94.4544","275.8","PLATTSBURG, MO US","0.0","0","0.0",",0","9",",0","8",",0","1",",0","","","2",",0","2",",0","21",",0","4",",0","0",",0","0",",0","","","","","-25.6",",0,03,+","","","64",",,0,12,","28.4",",,0,30,","20.0",",0,20,+","","","516.6",",0","91.8",",,,0","102",",,,0","1.67",",0","7.61",",,,0","-4.27",",,,0"
"USC00236739","1980-04","39.5669","-94.4544","275.8","PLATTSBURG, MO US","3.1","0","3.1",",0","3",",0","2",",0","0",",0","0",",0","0",",0","0",",0","11",",0","0",",0","10",",0","0",",0","","","","","-3.3",",0,13,","0",",,0,30,+","0",",,0,30,+","11.9",",,0,03,","31.1",",0,22,","","","245.2",",0","20.6",",,,0","0",",,,0","10.26",",0","17.83",",,,0","2.69",",,,0"
"USC00236739","1980-05","39.5669","-94.4544","275.8","PLATTSBURG, MO US","25.3","0","22.2",",0","5","2,0","3","2,0","1","2,0","0",",0","0",",0","0",",0","2",",0","0",",0","24",",0","0",",0","","","","","-1.7",",0,10,+","0",",,0,31,+","0",",,0,31,+","58.9","2,,0,31,","31.1",",0,26,","","","89.8",",0","104.6",",a,,0","0",",,,0","16.15",",0","24.24",",,,0","8.07",",,,0"
"USC00236739","1980-06","39.5669","-94.4544","275.8","PLATTSBURG, MO US","146.7","0","121.4",",0","3",",0","2",",0","0",",0","0",",0","0",",0","0",",0","0",",0","0",",0","30",",0","7",",0","","","","","8.9",",0,22,+","0",",,0,30,+","0",",,0,30,+","24.1",",,0,23,","38.9",",0,28,","","","7.0",",0","33.2",",,,0","0",",,,0","22.15",",0","29.73",",,,0","14.57",",,,0"
"USC00236739","1980-07","39.5669","-94.4544","275.8","PLATTSBURG, MO US","419.5","0","272.8",",0","6",",0","3",",0","2",",0","0",",0","0",",0","0",",0","0",",0","0",",0","31",",0","23",",0","","","","","12.8",",0,24,+","0",",,0,31,+","0",",,0,31,+","64.3",",,0,03,","41.1",",0,31,","0.0","0","0.0",",0","101.6",",,,0","0",",,,0","27.13",",0","35.29",",,,0","18.98",",,,0"
"USC00236739","1980-08","39.5669","-94.4544","275.8","PLATTSBURG, MO US","642.4","0","222.9",",0","7",",0","5",",0","2",",0","0",",0","0",",0","0",",0","0",",0","0",",0","31",",0","20",",0","","","1","","11.7",",0,23,+","0",",,0,31,+","0",",,0,31,+","38.4",",,0,16,","38.3",",0,02,","0.0","0","0.0",",0","108.7",",,,0","0",",,,0","25.52",",0","32.90",",,,0","18.15",",,,0"
"USC00236739","1980-09","39.5669","-94.4544","275.8","PLATTSBURG, MO US","728.4","0","86.0",",0","6",",0","4",",0","1",",0","0",",0","0",",0","0",",0","0",",0","0",",0","26",",0","8",",0","","","","","1.1",",0,27,+","0",",,0,30,+","0",",,0,30,+","43.9",",,0,01,","35.0",",0,13,","60.7","0","60.7",",0","61.7",",,,0","0",",,,0","19.18",",0","26.90",",,,0","11.45",",,,0"
"USC00236739","1980-10","39.5669","-94.4544","275.8","PLATTSBURG, MO US","729.0","0","0.6",",0","7",",0","6",",0","1",",0","0",",0","0",",0","0",",0","13",",0","0",",0","14",",0","0",",0","","","","","-6.7",",0,30,+","0",",,0,31,+","0",",,0,31,+","36.1",",,0,24,","31.1",",0,08,","301.3","0","240.6",",0","103.9",",,,0","0",",,,0","10.59",",0","19.30",",,,0","1.88",",,,0"
"USC00236739","1980-11","39.5669","-94.4544","275.8","PLATTSBURG, MO US","729.0","0","0.0","1,0","3",",0","2",",0","0",",0","0",",0","0",",0","0",",0","19",",0","0","1,0","5","1,0","0","1,0","","","","","-11.1",",0,24,","0",",,0,30,+","0",",,0,30,+","6.6",",,0,23,","27.8","1,0,09,","682.5","0","381.2","1,0","14.7",",,,0","0",",,,0","5.20","1,0","13.18","1,,,0","-2.78",",,,0"
"USC00236739","1980-12","39.5669","-94.4544","275.8","PLATTSBURG, MO US","729.0","0","0.0",",0","4",",0","4",",0","2",",0","0","5,0","1",",0","2",",0","29",",0","6",",0","0",",0","0",",0","","","","","-24.4",",0,25,","0","5,,0,31,+","38",",,0,24,","52.8",",,0,08,","20.6",",0,06,","1280.5","0","598.0",",0","106.4",",,,0","51",",,,0","-0.96",",0","4.54",",,,0","-6.45",",,,0"
"USC00236739","1981-01","39.5669","-94.4544","275.8","PLATTSBURG, MO US","0.0","0","0.0",",0","0",",0","0",",0","0",",0","0",",0","0",",0","1",",0","30",",0","7",",0","0",",0","0",",0","","","","","-17.8",",0,17,","0",",,0,31,+","0",",,0,31,+","0.0",",,0,31,+","19.4",",0,25,","1917.4","0","636.9",",0","0.0",",,,0","0",",,,0","-2.21",",0","5.07",",,,0","-9.50",",,,0"
"USC00236739","1981-02","39.5669","-94.4544","275.8","PLATTSBURG, MO US","0.0","0","0.0",",0","4",",0","3",",0","0",",0","","","3",",0","6",",0","23",",0","8",",0","2",",0","0",",0","","","","","-26.1",",0,04,+","","","114",",,0,01,","10.9",",,0,01,","23.9",",0,26,","2468.9","0","551.5",",0","21.3",",,,0","190",",,,0","-1.36",",0","6.45",",,,0","-9.18",",,,0"
"USC00236739","1981-03","39.5669","-94.4544","275.8","PLATTSBURG, MO US","0.0","0","0.0",",0","6",",0","4",",0","0",",0","0",",0","0",",0","0",",0","23",",0","0",",0","3",",0","0",",0","","","","","-9.4",",0,09,+","0",",,0,31,+","0",",,0,31,+","18.0",",,0,29,","25.0",",0,28,","2873.1","0","404.2",",0","37.1",",,,0","0",",,,0","5.30",",0","13.54",",,,0","-2.95",",,,0"
"USC00236739","1981-04","39.5669","-94.4544","275.8","PLATTSBURG, MO US","40.9","0","40.9",",0","8",",0","6",",0","0",",0","0",",0","0",",0","0",",0","3",",0","0",",0","19",",0","0",",0","","","","","-3.3",",0,06,","0",",,0,30,+","0",",,0,30,+","17.5",",,0,14,","30.0",",0,28,+","2995.4","0","122.3",",0","60.2",",,,0","0",",,,0","15.62",",0","22.05",",,,0","9.19",",,,0"
"USC00236739","1981-05","39.5669","-94.4544","275.8","PLATTSBURG, MO US","59.5","0","18.6",",0","12",",0","11",",0","5",",0","0",",0","0",",0","0",",0","1",",0","0",",0","16",",0","0",",0","","","1","","-2.2",",0,11,","0",",,0,31,+","0",",,0,31,+","45.2",",,0,14,","28.3",",0,30,","3120.0","0","124.6",",0","234.5",",,,0","0",",,,0","14.91",",0","20.99",",,,0","8.84",",,,0"
"USC00236739","1981-06","39.5669","-94.4544","275.8","PLATTSBURG, MO US","193.7","0","134.2",",0","12",",0","12",",0","2",",0","0",",0","0",",0","0",",0","0",",0","0",",0","30",",0","3",",0","","","","","8.3",",0,01,","0",",,0,30,+","0",",,0,30,+","29.2",",,0,16,","34.4",",0,09,","3125.2","0","5.2",",0","138.3",",,,0","0",",,,0","22.63",",0","28.61",",,,0","16.65",",,,0"
"USC00236739","1981-07","39.5669","-94.4544","275.8","PLATTSBURG, MO US","394.6","0","200.9",",0","12",",0","9",",0","4",",0","0",",0","0",",0","0",",0","0",",0","0",",0","30",",0","8",",0","","","","","12.8",",0,30,+","0",",,0,31,+","0",",,0,31,+","96.8",",,0,26,","35.6",",0,15,+","1.6","0","1.6",",0","277.1",",,,0","0",",,,0","24.76",",0","30.04",",,,0","19.48",",,,0"
"USC00236739","1981-08","39.5669","-94.4544","275.8","PLATTSBURG, MO US","500.1","0","105.5",",0","12",",0","7",",0","1",",0","0",",0","0",",0","0",",0","0",",0","0",",0","31",",0","3",",0","","","","","10.0",",0,22,+","0",",,0,31,+","0",",,0,31,+","34.3",",,0,07,","32.8",",0,31,","5.1","0","3.5",",0","106.0",",,,0","0",",,,0","21.62",",0","27.35",",,,0","15.89",",,,0"
"USC00236739","1981-09","39.5669","-94.4544","275.8","PLATTSBURG, MO US","546.0","0","45.9",",0","5",",0","4",",0","2",",0","0",",0","0",",0","0",",0","0",",0","0",",0","26",",0","0",",0","","","","","1.7",",0,19,+","0",",,0,30,+","0",",,0,30,+","28.7",",,0,07,","31.7",",0,30,","52.8","0","47.7",",0","69.4",",,,0","0",",,,0","18.27",",0","25.39",",,,0","11.15",",,,0"
"USC00236739","1981-10","39.5669","-94.4544","275.8","PLATTSBURG, MO US","551.0","0","5.0",",0","10",",0","6",",0","1",",0","0",",0","0",",0","0",",0","8",",0","0",",0","9",",0","0",",0","","","","","-5.0",",0,24,","0",",,0,31,+","0",",,0,31,+","75.4",",,0,14,","31.7",",0,01,","269.4","0","216.6",",0","117.8",",,,0","0",",,,0","11.51",",0","17.76",",,,0","5.25",",,,0"
"USC00236739","1981-11","39.5669","-94.4544","275.8","PLATTSBURG, MO US","551.0","0","0.0",",0","7",",0","5",",0","0",",0","0",",0","0",",0","0",",0","21",",0","1",",0","0",",0","0",",0","","","","","-10.6",",0,21,","0",",,0,30,+","0",",T,0,20,","15.7",",,0,02,","20.0",",0,19,","641.6","0","372.2",",0","46.2",",,,0","0",",T,,0","5.93",",0","12.96",",,,0","-1.11",",,,0"
"USC00236739","1981-12","39.5669","-94.4544","275.8","PLATTSBURG, MO US","551.0","0","0.0",",0","4",",0","2",",0","0",",0","","","0","3,0","6",",0","27",",0","7",",0","0",",0","0",",0","","","","","-28.9",",0,20,+","","","13","3,,0,16,","13.0",",,0,17,","15.6",",0,08,","1308.5","0","666.9",",0","18.3",",,,0","13","3,,,0","-3.18",",0","2.13",",,,0","-8.49",",,,0"
"USC00236739","1982-01","39.5669","-94.4544","275.8","PLATTSBURG, MO US","","","","","7",",0","4",",0","1",",0","","","0","4,0","","","","","","","","","","","","","","","","","","","0","4,,0,31,+","54.6",",,0,30,","","","","","","","84.1",",,,0","0","4,,,0","","","","","",""
"USC00236739","1982-02","39.5669","-94.4544","275.8","PLATTSBURG, MO US","","","","","7",",0","5",",0","0",",0","","","3",",0","","","","","6","2,0","1","2,0","0","2,0","3","","","","","","","","102",",,0,04,","7.4",",,0,17,+","22.2","2,0,22,","","","","","31.1",",,,0","216",",,,0","","","3.91","2,,,0","",""
"USC00236739","1982-03","39.5669","-94.4544","275.8","PLATTSBURG, MO US","","","","","9",",0","8",",0","1",",0","0",",0","0",",0","","","","","3","2,0","2","2,0","0","2,0","","","","","","","0",",T,0,04,","0",",T,0,04,","34.3",",,0,29,","22.2","2,0,12,","","","","","85.1",",,,0","0",",T,,0","","","11.67","2,,,0","",""
"USC00236739","1982-04","39.5669","-94.4544","275.8","PLATTSBURG, MO US","","","","","6",",0","4",",0","0",",0","0",",0","0",",0","","","","","0","2,0","7","2,0","0","2,0","","","","","","","0",",,0,30,+","0",",T,0,08,","11.2",",,0,28,","27.8","2,0,16,","","","","","33.0",",,,0","0",",T,,0","","","16.51","2,,,0","",""
"USC00236739","1982-05","39.5669","-94.4544","275.8","PLATTSBURG, MO US","","","","","14",",0","14",",0","3",",0","0",",0","0",",0","","","","","0","1,0","25","1,0","0","1,0","","","","","","","0",",,0,31,+","0",",,0,31,+","41.4",",,0,30,","28.9","1,0,04,","","","","","210.6",",,,0","0",",,,0","","","23.58","1,,,0","",""
"USC00236739","1982-06","39.5669","-94.4544","275.8","PLATTSBURG, MO US","","","","","11",",0","8",",0","2",",0","0",",0","0",",0","","","","","0",",0","25",",0","2",",0","1","","1","","","","0",",,0,30,+","0",",,0,30,+","117.1",",,0,08,","35.6",",0,28,","","","","","219.3",",,,0","0",",,,0","","","25.85",",,,0","",""
"USC00236739","1982-07","39.5669","-94.4544","275.8","PLATTSBURG, MO US","","","","","9",",0","6",",0","3",",0","0",",0","0",",0","","","","","0",",0","31",",0","9",",0","","","","","","","0",",,0,31,+","0",",,0,31,+","46.0",",,0,13,","34.4",",0,20,+","","","","","131.1",",,,0","0",",,,0","","","30.84",",,,0","",""
"USC00236739","1982-08","39.5669","-94.4544","275.8","PLATTSBURG, MO US","","","","","12",",0","10",",0","4",",0","0",",0","0",",0","","","","","0",",0","28",",0","4",",0","","","","","","","0",",,0,31,+","0",",,0,31,+","93.2",",,0,12,","35.6",",0,04,+","","","","","241.5",",,,0","0",",,,0","","","27.54",",,,0","",""
"USC00236739","1982-09","39.5669","-94.4544","275.8","PLATTSBURG, MO US","","","","","7",",0","6",",0","0",",0","0",",0","0",",0","","","","","0",",0","21",",0","0",",0","","","","","","","0",",,0,30,+","0",",,0,30,+","13.5",",,0,06,","29.4",",0,13,+","","","","","51.0",",,,0","0",",,,0","","","24.29",",,,0","",""
"USC00236739","1982-10","39.5669","-94.4544","275.8","PLATTSBURG, MO US","","","","","4",",0","3",",0","1",",0","0",",0","0",",0","","","","","0","1,0","15","1,0","0","1,0","","","","","","","0",",,0,31,+","0",",,0,31,+","38.1",",,0,08,","30.0","1,0,05,","","","","","65.3",",,,0","0",",,,0","","","19.88","1,,,0","",""
"USC00236739","1982-11","39.5669","-94.4544","275.8","PLATTSBURG, MO US","","","","","8",",0","4",",0","0",",0","0",",0","0",",0","","","","","","","","","","","","","","","","","0",",,0,30,+","0",",T,0,23,","22.9",",,0,11,","","","","","","","54.0",",,,0","0",",T,,0","","","","","",""
"USC00236739","1982-12","39.5669","-94.4544","275.8","PLATTSBURG, MO US","","","","","8",",0","7",",0","2",",0","0",",0","1",",0","","","","","","","","","","","","","","","","","0",",,0,31,+","38",",,0,27,","32.5",",,0,27,","","","","","","","119.7",",,,0","38",",,,0","","","","","",""
"USC00236739","1983-01","39.5669","-94.4544","275.8","PLATTSBURG, MO US","","","","","8","3,0","7","3,0","0","3,0","","","2",",0","","","","","6","1,0","0","1,0","0","1,0","","","","","","","","","89",",,0,30,","9.9","3,,0,30,","13.3","1,0,13,","","","","","39.6","3,,,0","136",",,,0","","","2.91","1,,,0","",""
"USC00236739","1983-02","39.5669","-94.4544","275.8","PLATTSBURG, MO US","","","","","5",",0","1",",0","0",",0","","","3",",0","","","","","5","2,0","0","2,0","0","2,0","","","","","","","","","64",",,0,01,","5.1",",,0,01,","17.8","2,0,19,","","","","","10.9",",,,0","127",",,,0","","","7.08","2,,,0","",""
"USC00236739","1983-03","39.5669","-94.4544","275.8","PLATTSBURG, MO US","","","","","10",",0","6",",0","0",",0","","","1",",0","","","","","0","4,0","3","4,0","0","4,0","","","","","","","","","51",",,0,19,","18.3",",,0,26,","26.7","4,0,03,","","","","","69.5",",,,0","51",",,,0","","","11.77","4,,,0","",""
"USC00236739","1983-04","39.5669","-94.4544","275.8","PLATTSBURG, MO US","","","","","11",",0","10",",0","2",",0","0",",0","0",",0","","","","","0","1,0","3","1,0","0","1,0","","","","","","","0",",,0,30,+","0",",,0,30,+","45.5",",,0,04,","25.6","1,0,26,","","","","","154.5",",,,0","0",",,,0","","","13.03","1,,,0","",""
"USC00236739","1983-05","39.5669","-94.4544","275.8","PLATTSBURG, MO US","","","","","14",",0","11",",0","1",",0","0",",0","0",",0","","","","","0","2,0","14","2,0","0","2,0","","","","","","","0",",,0,31,+","0",",,0,31,+","78.5",",,0,12,","27.8","2,0,28,+","","","","","155.1",",,,0","0",",,,0","","","21.41","2,,,0","",""
"USC00236739","1983-06","39.5669","-94.4544","275.8","PLATTSBURG, MO US","","","","","11",",0","9",",0","1",",0","0",",0","0",",0","","","","","0",",0","29",",0","4",",0","","","","","","","0",",,0,30,+","0",",,0,30,+","27.9",",,0,26,","33.3",",0,30,","","","","","122.8",",,,0","0",",,,0","","","27.90",",,,0","",""
"USC00236739","1983-07","39.5669","-94.4544","275.8","PLATTSBURG, MO US","","","","","2",",0","2",",0","0",",0","0",",0","0",",0","","","","","0",",0","31",",0","17",",0","","","","","","","0",",,0,31,+","0",",,0,31,+","22.9",",,0,03,","38.3",",0,28,+","","","","","29.5",",,,0","0",",,,0","","","32.86",",,,0","",""
"USC00236739","1983-08","39.5669","-94.4544","275.8","PLATTSBURG, MO US","","","","","5",",0","3",",0","0",",0","0",",0","0",",0","","","","","0",",0","31",",0","26",",0","","","","","","","0",",,0,31,+","0",",,0,31,+","3.3",",,0,23,","40.0",",0,17,","","","","","12.7",",,,0","0",",,,0","","","34.64",",,,0","",""
"USC00236739","1983-09","39.5669","-94.4544","275.8","PLATTSBURG, MO US","","","","","7",",0","4",",0","1",",0","0",",0","0",",0","","","","","0","1,0","26","1,0","9","1,0","","","","","","","0",",,0,30,+","0",",,0,30,+","35.6",",,0,10,","36.1","1,0,08,","","","","","82.6",",,,0","0",",,,0","","","28.31","1,,,0","",""
"USC00236739","1983-10","39.5669","-94.4544","275.8","PLATTSBURG, MO US","","","","","10",",0","8",",0","1",",0","0",",0","0",",0","","","","","0","4,0","12","4,0","0","4,0","","","","","","","0",",,0,31,+","0",",,0,31,+","41.1",",,0,18,","31.7","4,0,02,","","","","","120.1",",,,0","0",",,,0","","","19.67","4,,,0","",""
"USC00236739","1983-11","39.5669","-94.4544","275.8","PLATTSBURG, MO US","","","","","12",",0","7",",0","0",",0","0",",0","1",",0","","","","","1","5,0","1","5,0","0","5,0","","","","","","","0",",,0,30,+","25",",,0,23,","23.1",",,0,03,","21.1","5,0,02,","","","","","114.0",",,,0","25",",,,0","","","12.31","5,,,0","",""
"USC00236739","1983-12","39.5669","-94.4544","275.8","PLATTSBURG, MO US","","","","","8",",0","7",",0","0",",0","","","5","2,0","","","","","","","","","","","","","","","","","","","76","2,,0,21,","13.2",",,0,03,","","","","","","","47.2",",,,0","241","2,,,0","","","","","",""
"USC00236739","1984-01","39.5669","-94.4544","275.8","PLATTSBURG, MO US","","","","","4",",0","0",",0","0",",0","","","1",",0","","","","","11","3,0","0","3,0","0","3,0","","","","","","","","","25",",,0,15,","2.0",",,0,15,","12.8","3,0,29,","","","","","3.6",",,,0","25",",,,0","","","1.73","3,,,0","",""
"USC00236739","1984-02","39.5669","-94.4544","275.8","PLATTSBURG, MO US","","","","","7",",0","4",",0","0",",0","0",",0","0",",0","","","","","0","2,0","0","2,0","0","2,0","","","","","","","0",",,0,29,+","0",",T,0,05,","15.0",",,0,16,","20.0","2,0,11,","","","","","43.6",",,,0","0",",T,,0","","","10.21","2,,,0","",""
"USC00236739","1984-03","39.5669","-94.4544","275.8","PLATTSBURG, MO US","","","","","13",",0","10",",0","1",",0","","","4",",0","","","","","4","2,0","0","2,0","0","2,0","","","","","","","","","127",",,0,11,","25.9",",,0,18,","18.9","2,0,15,","","","","","112.7",",,,0","215",",,,0","","","6.69","2,,,0","",""
"USC00236739","1984-04","39.5669","-94.4544","275.8","PLATTSBURG, MO US","","","","","14",",0","11",",0","1",",0","0",",0","0",",0","","","","","0",",0","2",",0","0",",0","1","","","","","","0",",,0,30,+","0",",,0,30,+","34.5",",,0,29,","28.3",",0,26,","","","","","144.0",",,,0","0",",,,0","","","14.94",",,,0","",""
"USC00236739","1984-05","39.5669","-94.4544","275.8","PLATTSBURG, MO US","","","","","7",",0","5",",0","1",",0","0",",0","0",",0","","","","","0",",0","17",",0","0",",0","","","","","","","0",",,0,31,+","0",",,0,31,+","32.5",",,0,27,","29.4",",0,18,","","","","","83.9",",,,0","0",",,,0","","","21.41",",,,0","",""
"USC00236739","1984-06","39.5669","-94.4544","275.8","PLATTSBURG, MO US","","","","","10",",0","8",",0","2",",0","0",",0","0",",0","","","","","0",",0","30",",0","3",",0","","","","","","","0",",,0,30,+","0",",,0,30,+","45.7",",,0,06,","32.2",",0,22,+","","","","","133.1",",,,0","0",",,,0","","","28.70",",,,0","",""
"USC00236739","1984-07","39.5669","-94.4544","275.8","PLATTSBURG, MO US","","","","","4",",0","4",",0","2",",0","0",",0","0",",0","","","","","0",",0","31",",0","10",",0","","","","","","","0",",,0,31,+","0",",,0,31,+","63.0",",,0,04,","34.4",",0,14,+","","","","","145.1",",,,0","0",",,,0","","","30.27",",,,0","",""
"USC00236739","1984-08","39.5669","-94.4544","275.8","PLATTSBURG, MO US","","","","","2",",0","1",",0","0",",0","0",",0","0",",0","","","","","0",",0","31",",0","16",",0","","","","","","","0",",,0,31,+","0",",,0,31,+","7.1",",,0,21,","41.7",",0,29,","","","","","8.4",",,,0","0",",,,0","","","32.66",",,,0","",""
"USC00236739","1984-09","39.5669","-94.4544","275.8","PLATTSBURG, MO US","","","","","8",",0","7",",0","0",",0","0",",0","0",",0","","","","","0","3,0","19","3,0","4","3,0","","","","","","","0",",,0,30,+","0",",,0,30,+","18.3",",,0,13,","36.1","3,0,01,","","","","","81.9",",,,0","0",",,,0","","","25.21","3,,,0","",""
"USC00236739","1984-10","39.5669","-94.4544","275.8","PLATTSBURG, MO US","","","","","15",",0","10",",0","1",",0","0",",0","0",",0","","","","","0","1,0","13","1,0","0","1,0","","","","","","","0",",,0,31,+","0",",,0,31,+","39.6",",,0,31,","26.7","1,0,03,","","","","","154.0",",,,0","0",",,,0","","","18.94","1,,,0","",""
"USC00236739","1984-11","39.5669","-94.4544","275.8","PLATTSBURG, MO US","","","","","5",",0","4",",0","0",",0","0",",0","0",",0","","","","","0","3,0","0","3,0","0","3,0","","","","","","","0",",,0,30,+","0",",T,0,17,+","9.1",",,0,17,","20.0","3,0,09,+","","","","","26.3",",,,0","0",",T,,0","","","11.54","3,,,0","",""
"USC00236739","1984-12","39.5669","-94.4544","275.8","PLATTSBURG, MO US","","","","","11",",0","6",",0","1",",0","1",",0","1","4,0","","","","","","","","","","","","","","","","","203",",,0,31,","191","4,,0,31,","29.7",",,0,31,","","","","","","","87.9",",,,0","191","4,,,0","","","","","",""
"USC00236739","1985-01","39.5669","-94.4544","275.8","PLATTSBURG, MO US","","","","","3",",0","2",",0","0",",0","","","3",",0","","","","","","","","","","","","","","","","","","","89",",,0,09,","8.6",",,0,09,","","","","","","","15.5",",,,0","190",",,,0","","","","","",""
"USC00236739","1985-02","39.5669","-94.4544","275.8","PLATTSBURG, MO US","","","","","7",",0","6",",0","0",",0","","","3",",0","","","","","11","2,0","0","2,0","0","2,0","","","","","","","","","178",",,0,10,","24.4",",,0,22,","13.3","2,0,21,","","","","","73.5",",,,0","279",",,,0","","","1.68","2,,,0","",""
"USC00236739","1985-03","39.5669","-94.4544","275.8","PLATTSBURG, MO US","","","","","7",",0","3",",0","1",",0","0",",0","0",",0","","","","","0","4,0","4","4,0","0","4,0","","","","","","","0",",,0,31,+","0",",,0,31,+","33.5",",,0,03,","22.8","4,0,26,+","","","","","51.8",",,,0","0",",,,0","","","14.88","4,,,0","",""
"USC00236739","1985-04","39.5669","-94.4544","275.8","PLATTSBURG, MO US","","","","","7",",0","5",",0","0",",0","0",",0","0",",0","","","","","0",",0","16",",0","0",",0","","","","","","","0",",,0,30,+","0",",,0,30,+","11.9",",,0,26,","30.0",",0,18,","","","","","28.6",",,,0","0",",,,0","","","20.26",",,,0","",""
"USC00236739","1985-05","39.5669","-94.4544","275.8","PLATTSBURG, MO US","","","","","7",",0","6",",0","2",",0","0",",0","0",",0","","","","","0",",0","26",",0","1",",0","","","","","","","0",",,0,31,+","0",",,0,31,+","71.6",",,0,31,","32.8",",0,26,","","","","","144.3",",,,0","0",",,,0","","","24.20",",,,0","",""
"USC00236739","1985-06","39.5669","-94.4544","275.8","PLATTSBURG, MO US","","","","","8",",0","7",",0","2",",0","0",",0","0",",0","","","","","0",",0","25",",0","1",",0","","","","","","","0",",,0,30,+","0",",,0,30,+","37.6",",,0,23,","32.8",",0,08,","","","","","116.1",",,,0","0",",,,0","","","25.89",",,,0","",""
"USC00236739","1985-07","39.5669","-94.4544","275.8","PLATTSBURG, MO US","","","","","6",",0","5",",0","1",",0","0",",0","0",",0","","","","","0",",0","31",",0","10",",0","","","","","","","0",",,0,31,+","0",",,0,31,+","50.8",",,0,19,","34.4",",0,13,+","","","","","105.8",",,,0","0",",,,0","","","30.84",",,,0","",""
"USC00236739","1985-08","39.5669","-94.4544","275.8","PLATTSBURG, MO US","","","","","9",",0","9",",0","2",",0","0",",0","0",",0","","","","","0","1,0","28","1,0","3","1,0","","","","","","","0",",,0,31,+","0",",,0,31,+","37.3",",,0,19,","33.9","1,0,31,","","","","","147.4",",,,0","0",",,,0","","","26.70","1,,,0","",""
"USC00236739","1985-09","39.5669","-94.4544","275.8","PLATTSBURG, MO US","","","","","9",",0","9",",0","5",",0","0",",0","0",",0","","","","","0","2,0","20","2,0","5","2,0","","","","","","","0",",,0,30,+","0",",,0,30,+","82.6",",,0,20,","33.3","2,0,08,+","","","","","236.1",",,,0","0",",,,0","","","23.61","2,,,0","",""
"USC00236739","1985-10","39.5669","-94.4544","275.8","PLATTSBURG, MO US","","","","","9",",0","7",",0","1",",0","0",",0","0",",0","","","","","0","1,0","15","1,0","0","1,0","","","","","","","0",",,0,31,+","0",",,0,31,+","68.1",",,0,09,","26.1","1,0,03,","","","","","144.8",",,,0","0",",,,0","","","19.10","1,,,0","",""
"USC00236739","1985-11","39.5669","-94.4544","275.8","PLATTSBURG, MO US","","","","","13",",0","9",",0","0",",0","0","2,0","2",",0","","","","","5","4,0","0","4,0","0","4,0","","","","","","","0","2,,0,30,+","51",",,0,30,","20.6",",,0,12,","17.8","4,0,18,","","","","","88.8",",,,0","76",",,,0","","","7.66","4,,,0","",""
"USC00236739","1985-12","39.5669","-94.4544","275.8","PLATTSBURG, MO US","","","","","5",",0","3",",0","0",",0","","","3",",0","","","","","13","4,0","0","4,0","0","4,0","","","","","","","","","64",",,0,19,","17.8",",,0,10,","8.9","4,0,30,","","","","","26.4",",,,0","140",",,,0","","","0.40","4,,,0","",""
"USC00236739","1986-01","39.5669","-94.4544","275.8","PLATTSBURG, MO US","","","","","0",",0","0",",0","0",",0","0",",0","0",",0","","","","","3","3,0","0","3,0","0","3,0","","","","","","","0",",,0,31,+","0",",,0,31,+","0.0",",,0,31,+","17.2","3,0,31,","","","","","0.0",",,,0","0",",,,0","","","7.93","3,,,0","",""
"USC00236739","1986-02","39.5669","-94.4544","275.8","PLATTSBURG, MO US","","","","","7",",0","5",",0","0",",0","","","4",",0","","","","","","","","","","","","","","","","","","","89",",,0,20,","9.1",",,0,13,","","","","","","","38.1",",,,0","203",",,,0","","","","","",""
"USC00236739","1986-03","39.5669","-94.4544","275.8","PLATTSBURG, MO US","","","","","4",",0","3",",0","0",",0","0",",0","0",",0","","","","","1","3,0","9","3,0","0","3,0","","","","","","","0",",,0,31,+","0",",,0,31,+","17.3",",,0,17,","29.4","3,0,29,","","","","","33.1",",,,0","0",",,,0","","","15.91","3,,,0","",""
"USC00236739","1986-04","39.5669","-94.4544","275.8","PLATTSBURG, MO US","","","","","7",",0","6",",0","0",",0","0",",0","0",",0","","","","","0",",0","14",",0","0",",0","","","","","","","0",",,0,30,+","0",",,0,30,+","17.8",",,0,02,","28.9",",0,26,+","","","","","66.6",",,,0","0",",,,0","","","19.81",",,,0","",""
"USC00236739","1986-05","39.5669","-94.4544","275.8","PLATTSBURG, MO US","","","","","13",",0","10",",0","1",",0","0",",0","0",",0","","","","","0","1,0","24","1,0","0","1,0","","","","","","","0",",,0,31,+","0",",,0,31,+","32.5",",,0,16,","29.4","1,0,31,","","","","","110.7",",,,0","0",",,,0","","","24.04","1,,,0","",""
"USC00236739","1986-06","39.5669","-94.4544","275.8","PLATTSBURG, MO US","","","","","6",",0","5",",0","1",",0","0",",0","0",",0","","","","","0",",0","30",",0","8",",0","","","","","","","0",",,0,30,+","0",",,0,30,+","48.8",",,0,22,","33.3",",0,29,+","","","","","98.9",",,,0","0",",,,0","","","29.96",",,,0","",""
"USC00236739","1986-07","39.5669","-94.4544","275.8","PLATTSBURG, MO US","","","","","11",",0","10",",0","2",",0","0",",0","0",",0","","","","","0",",0","31",",0","14",",0","","","","","","","0",",,0,31,+","0",",,0,31,+","89.4",",,0,06,","33.9",",0,30,+","","","","","171.4",",,,0","0",",,,0","","","30.89",",,,0","",""
"USC00236739","1986-08","39.5669","-94.4544","275.8","PLATTSBURG, MO US","","","","","7",",0","4",",0","0",",0","0",",0","0",",0","","","","","0",",0","30",",0","1",",0","","","","","","","0",",,0,31,+","0",",,0,31,+","23.1",",,0,09,","33.3",",0,25,","","","","","64.2",",,,0","0",",,,0","","","26.86",",,,0","",""
"USC00236739","1986-09","39.5669","-94.4544","275.8","PLATTSBURG, MO US","","","","","10",",0","10",",0","3",",0","0",",0","0",",0","","","","","0","1,0","26","1,0","0","1,0","","","","","","","0",",,0,30,+","0",",,0,30,+","57.7",",,0,10,","31.1","1,0,20,","","","","","203.8",",,,0","0",",,,0","","","26.46","1,,,0","",""
"USC00236739","1986-10","39.5669","-94.4544","275.8","PLATTSBURG, MO US","","","","","10",",0","7",",0","1",",0","0",",0","0",",0","","","","","0","2,0","11","2,0","0","2,0","","","","","","","0",",,0,31,+","0",",,0,31,+","41.4",",,0,24,","24.4","2,0,28,","","","","","115.2",",,,0","0",",,,0","","","18.39","2,,,0","",""
"USC00236739","1986-11","39.5669","-94.4544","275.8","PLATTSBURG, MO US","","","","","4",",0","4",",0","0",",0","1",",0","0",",0","","","","","3",",0","0",",0","0",",0","","","","","","","25",",,0,10,","13",",,0,10,","5.8",",,0,10,","16.7",",0,21,","","","","","19.0",",,,0","13",",,,0","","","7.70",",,,0","",""
"USC00236739","1986-12","39.5669","-94.4544","275.8","PLATTSBURG, MO US","","","","","4",",0","4",",0","1",",0","0",",0","1",",0","","","","","2","2,0","0","2,0","0","2,0","","","","","","","0",",,0,31,+","25",",,0,08,","25.7",",,0,01,","9.4","2,0,20,+","","","","","56.7",",,,0","25",",,,0","","","5.34","2,,,0","",""
"USC00236739","1987-01","39.5669","-94.4544","275.8","PLATTSBURG, MO US","","","","","3",",0","3",",0","0",",0","","","3",",0","","","","","7","3,0","0","3,0","0","3,0","","","","","","","","","127",",,0,10,","11.4",",,0,10,","15.6","3,0,13,","","","","","21.0",",,,0","254",",,,0","","","3.50","3,,,0","",""
"USC00236739","1987-02","39.5669","-94.4544","275.8","PLATTSBURG, MO US","","","","","4",",0","4",",0","1",",0","0","2,0","1",",0","","","","","0","1,0","0","1,0","0","1,0","","","","","","","0","2,,0,28,+","25",",,0,15,","34.5",",,0,28,","17.8","1,0,11,","","","","","58.1",",,,0","38",",,,0","","","9.40","1,,,0","",""
"USC00236739","1987-03","39.5669","-94.4544","275.8","PLATTSBURG, MO US","","","","","8",",0","8",",0","0",",0","0",",0","0",",0","","","","","0","1,0","6","1,0","0","1,0","","","","","","","0",",,0,31,+","0",",,0,31,+","19.8",",,0,17,","23.3","1,0,23,","","","","","73.7",",,,0","0",",,,0","","","13.68","1,,,0","",""
"USC00236739","1987-04","39.5669","-94.4544","275.8","PLATTSBURG, MO US","","","","","5",",0","4",",0","1",",0","0",",0","0",",0","","","","","0","1,0","16","1,0","1","1,0","","","","","","","0",",,0,30,+","0",",,0,30,+","27.2",",,0,13,","32.8","1,0,29,","","","","","62.5",",,,0","0",",,,0","","","20.10","1,,,0","",""
"USC00236739","1987-05","39.5669","-94.4544","275.8","PLATTSBURG, MO US","","","","","7",",0","6",",0","2",",0","0",",0","0",",0","","","","","0","1,0","28","1,0","0","1,0","","","","","","","0",",,0,31,+","0",",,0,31,+","90.9",",,0,02,","31.7","1,0,26,","","","","","164.6",",,,0","0",",,,0","","","26.80","1,,,0","",""
"USC00236739","1987-06","39.5669","-94.4544","275.8","PLATTSBURG, MO US","","","","","11",",0","9",",0","1",",0","0",",0","0",",0","","","","","0",",0","30",",0","9",",0","","","","","","","0",",,0,30,+","0",",,0,30,+","36.8",",,0,29,","35.6",",0,14,","","","","","87.8",",,,0","0",",,,0","","","29.68",",,,0","",""
"USC00236739","1987-07","39.5669","-94.4544","275.8","PLATTSBURG, MO US","","","","","5","3,0","4","3,0","1","3,0","0",",0","0",",0","","","","","","","","","","","","","","","","","0",",,0,31,+","0",",,0,31,+","96.0","3,,0,07,","","","","","","","157.2",",a,,0","0",",,,0","","","","","",""
"USC00236739","1987-08","39.5669","-94.4544","275.8","PLATTSBURG, MO US","","","","","9",",0","8",",0","3",",0","0",",0","0",",0","","","","","0","2,0","28","2,0","7","2,0","","","","","","","0",",,0,31,+","0",",,0,31,+","32.3",",,0,19,","38.3","2,0,02,","","","","","167.8",",,,0","0",",,,0","","","29.66","2,,,0","",""
"USC00236739","1987-09","39.5669","-94.4544","275.8","PLATTSBURG, MO US","","","","","7",",0","6",",0","0",",0","0",",0","0",",0","","","","","0",",0","29",",0","0",",0","","","","","","","0",",,0,30,+","0",",,0,30,+","18.5",",,0,15,","31.7",",0,04,","","","","","57.6",",,,0","0",",,,0","","","25.15",",,,0","",""
"USC00236739","1987-10","39.5669","-94.4544","275.8","PLATTSBURG, MO US","","","","","5",",0","3",",0","0",",0","0",",0","0",",0","","","","","0","1,0","8","1,0","0","1,0","","","","","","","0",",,0,31,+","0",",,0,31,+","25.1",",,0,16,","27.8","1,0,01,","","","","","46.9",",,,0","0",",,,0","","","17.35","1,,,0","",""
"USC00236739","1987-11","39.5669","-94.4544","275.8","PLATTSBURG, MO US","","","","","6",",0","6",",0","0",",0","0","1,0","1",",0","","","","","0","1,0","4","1,0","0","1,0","","","","","","","0","1,,0,30,+","51",",,0,29,","10.2",",,0,16,","23.3","1,0,02,+","","","","","45.0",",,,0","51",",,,0","","","11.80","1,,,0","",""
"USC00236739","1987-12","39.5669","-94.4544","275.8","PLATTSBURG, MO US","","","","","6","1,0","5","1,0","1","1,0","","","1","1,0","","","","","6","2,0","0","2,0","0","2,0","","","","","","","","","229","1,,0,14,","26.2","1,,0,19,","13.3","2,0,10,+","","","","","56.7","1,,,0","229","1,,,0","","","5.94","2,,,0","",""
"USC00236739","1988-01","39.5669","-94.4544","275.8","PLATTSBURG, MO US","0.0","0","0.0","5,0","4",",0","2",",0","0",",0","0",",0","0",",0","6",",0","29",",0","9","5,0","0","5,0","0","5,0","","","","","-18.3",",0,11,+","0",",T,0,08,","0",",T,0,19,+","15.7",",,0,30,","16.7","5,0,30,","","","593.9","5,0","27.2",",,,0","0",",T,,0","-4.08","5,0","3.06","5,,,0","-11.22",",,,0"
"USC00236739","1988-02","39.5669","-94.4544","275.8","PLATTSBURG, MO US","","","","","2",",0","2",",0","0",",0","","","2",",0","5","3,0","26","3,0","8","5,0","1","5,0","0","5,0","","","","","-32.8","3,0,12,","","","140",",,0,10,","9.4",",,0,10,","21.7","5,0,26,","","","","","17.8",",,,0","242",",,,0","-3.45","8,0","4.73","5,,,0","-11.62","3,,,0"
"USC00236739","1988-03","39.5669","-94.4544","275.8","PLATTSBURG, MO US","","","0.0","3,0","3",",0","2",",0","0",",0","0",",0","0",",0","0","1,0","26","1,0","0","2,0","5","2,0","0","2,0","","","","","-10.0","1,0,16,+","0",",,0,31,+","0",",T,0,17,","14.5",",,0,28,","28.9","2,0,22,","","","385.0","2,0","24.2",",,,0","0",",T,,0","4.80","3,0","13.52","2,,,0","-3.92","1,,,0"
"USC00236739","1988-04","39.5669","-94.4544","275.8","PLATTSBURG, MO US","","","0.0","1,0","3",",0","3",",0","1",",0","0",",0","0",",0","0","1,0","14","1,0","0",",0","10",",0","0",",0","","","","","-4.4","1,0,17,+","0",",,0,30,+","0",",,0,30,+","39.4",",,0,01,","26.1",",0,08,+","","","241.0",",0","47.8",",,,0","0",",,,0","9.94","1,0","18.75",",,,0","1.12","1,,,0"
"USC00236739","1988-05","39.5669","-94.4544","275.8","PLATTSBURG, MO US","","","27.2","2,0","7",",0","5",",0","1",",0","0",",0","0",",0","0","2,0","0","2,0","0",",0","29",",0","0",",0","","","","","5.0","2,0,18,+","0",",,0,31,+","0",",,0,31,+","30.5",",,0,03,","31.1",",0,14,","","","25.4",",0","69.6",",,,0","0",",,,0","18.26","2,0","26.27",",,,0","10.26","2,,,0"
"USC00236739","1988-06","39.5669","-94.4544","275.8","PLATTSBURG, MO US","","","124.9","2,0","3",",0","3",",0","0",",0","0",",0","0",",0","0","1,0","0","1,0","0","1,0","29","1,0","14","1,0","","","","","3.9","1,0,11,+","0",",,0,30,+","0",",,0,30,+","22.9",",,0,02,","38.9","1,0,25,+","","","5.0","1,0","36.7",",,,0","0",",,,0","22.63","2,0","32.07","1,,,0","13.19","1,,,0"
"USC00236739","1988-07","39.5669","-94.4544","275.8","PLATTSBURG, MO US","","","190.2",",0","5",",0","4",",0","1",",0","0",",0","0",",0","0",",0","0",",0","0",",0","30",",0","21",",0","","","","","10.6",",0,22,+","0",",,0,31,+","0",",,0,31,+","40.1",",,0,11,","37.8",",0,31,+","2.6","0","2.6",",0","63.7",",,,0","0",",,,0","24.39",",0","32.37",",,,0","16.40",",,,0"
"USC00236739","1988-08","39.5669","-94.4544","275.8","PLATTSBURG, MO US","","","196.1","1,0","6",",0","6",",0","1",",0","0",",0","0",",0","0","1,0","0","1,0","0",",0","31",",0","18",",0","","","","","5.6","1,0,30,+","0",",,0,31,+","0",",,0,31,+","29.0",",,0,22,","40.0",",0,08,","12.3","0","9.7",",0","101.4",",,,0","0",",,,0","24.65","1,0","32.71",",,,0","16.60","1,,,0"
"USC00236739","1988-09","39.5669","-94.4544","275.8","PLATTSBURG, MO US","","","29.0","1,0","4",",0","4",",0","1",",0","0",",0","0",",0","0","1,0","0","1,0","0",",0","27",",0","3",",0","","","","","3.3","1,0,07,+","0",",,0,30,+","0",",,0,30,+","104.1",",,0,15,","34.4",",0,12,","49.9","0","37.6",",0","147.8",",,,0","0",",,,0","18.17","1,0","26.37",",,,0","9.98","1,,,0"
"USC00236739","1988-10","39.5669","-94.4544","275.8","PLATTSBURG, MO US","","","0.0","4,0","1",",0","1",",0","0",",0","0",",0","0",",0","0","4,0","16","4,0","0",",0","7",",0","0",",0","","","","","-6.7","4,0,13,","0",",,0,31,+","0",",,0,31,+","11.2",",,0,22,","26.7",",0,17,","316.8","0","266.9",",0","11.2",",,,0","0",",,,0","8.29","4,0","16.83",",,,0","-0.25","4,,,0"
"USC00236739","1988-11","39.5669","-94.4544","275.8","PLATTSBURG, MO US","","","0.0","1,0","7",",0","5",",0","1",",0","0",",0","0",",0","0",",0","24",",0","0","1,0","3","1,0","0","1,0","","","","","-11.1",",0,22,+","0",",,0,30,+","0",",,0,30,+","29.0",",,0,25,","22.8","1,0,15,","715.2","0","398.4","1,0","55.2",",,,0","0",",,,0","4.60","1,0","12.28","1,,,0","-3.08",",,,0"
"USC00236739","1988-12","39.5669","-94.4544","275.8","PLATTSBURG, MO US","","","0.0","2,0","3",",0","2",",0","0",",0","0",",0","0",",0","2",",0","29",",0","3","2,0","0","2,0","0","2,0","","","","","-17.8",",0,17,+","0",",,0,31,+","0",",,0,31,+","15.5",",,0,26,","17.8","2,0,22,","1269.7","0","554.5","2,0","20.6",",,,0","0",",,,0","-0.65","2,0","7.42","2,,,0","-8.72",",,,0"
"USC00236739","1989-01","39.5669","-94.4544","275.8","PLATTSBURG, MO US","0.0","0","0.0","3,0","4",",0","2",",0","0",",0","0",",0","0",",0","0","1,0","28","1,0","0","2,0","1","2,0","0","2,0","1","","","","-15.6","1,0,10,+","0",",,0,31,+","0",",,0,31,+","15.2",",,0,28,","21.1","2,0,31,","1753.9","0","484.2","2,0","26.1",",,,0","0",",,,0","0.81","3,0","8.79","2,,,0","-7.16","1,,,0"
"USC00236739","1989-02","39.5669","-94.4544","275.8","PLATTSBURG, MO US","0.0","0","0.0","4,0","4",",0","3",",0","0",",0","","","3",",0","10","1,0","26","1,0","8","3,0","0","3,0","0","3,0","","","","","-27.2","1,0,10,+","","","64",",,0,04,","5.6",",,0,04,","16.1","3,0,25,","2364.8","0","610.9","3,0","13.9",",,,0","127",",,,0","-7.13","4,0","-0.26","3,,,0","-14.00","1,,,0"
"USC00236739","1989-03","39.5669","-94.4544","275.8","PLATTSBURG, MO US","0.0","0","0.0","2,0","3",",0","2",",0","0",",0","0",",0","0",",0","0","2,0","23","2,0","1","1,0","7","1,0","0","1,0","","","","","-11.1","2,0,06,+","0",",,0,31,+","0",",,0,31,+","22.9",",,0,30,","27.8","1,0,26,","2758.0","0","393.2","1,0","43.5",",,,0","0",",,,0","4.75","2,0","13.30","1,,,0","-3.81","2,,,0"
"USC00236739","1989-04","39.5669","-94.4544","275.8","PLATTSBURG, MO US","25.1","0","25.1",",0","7",",0","5",",0","0",",0","0",",0","0",",0","0",",0","16",",0","0",",0","11",",0","1",",0","","","","","-6.7",",0,11,+","0",",,0,30,+","0",",,0,30,+","11.4",",,0,01,","32.8",",0,26,","3001.3","0","243.3",",0","36.1",",,,0","0",",,,0","11.06",",0","19.27",",,,0","2.85",",,,0"
"USC00236739","1989-05","39.5669","-94.4544","275.8","PLATTSBURG, MO US","42.7","0","17.6","2,0","10",",0","9",",0","2",",0","0",",0","0",",0","0","2,0","5","2,0","0",",0","22",",0","0",",0","","","","","-5.0","2,0,06,","0",",,0,31,+","0",",,0,31,+","43.2",",,0,21,","31.7",",0,30,+","3128.7","0","127.4",",0","155.7",",,,0","0",",,,0","14.41","2,0","22.85",",,,0","5.97","2,,,0"
"USC00236739","1989-06","39.5669","-94.4544","275.8","PLATTSBURG, MO US","98.7","0","56.0","3,0","5",",0","5",",0","1",",0","0",",0","0",",0","0","3,0","0","3,0","0",",0","28",",0","1",",0","","","","","6.7","3,0,17,+","0",",,0,30,+","0",",,0,30,+","32.5",",,0,17,","32.8",",0,26,","3140.9","0","12.2",",0","65.2",",,,0","0",",,,0","19.92","3,0","26.51",",,,0","13.34","3,,,0"
"USC00236739","1989-07","39.5669","-94.4544","275.8","PLATTSBURG, MO US","261.1","0","162.4","2,0","3",",0","3",",0","0",",0","0",",0","0",",0","0","1,0","0","1,0","0","1,0","29","1,0","12","1,0","","","","","13.9","1,0,22,+","0",",,0,31,+","0",",,0,31,+","16.5",",,0,15,","35.0","1,0,10,+","0.0","0","0.0","1,0","35.0",",,,0","0",",,,0","23.82","2,0","30.61","1,,,0","17.03","1,,,0"
"USC00236739","1989-08","39.5669","-94.4544","275.8","PLATTSBURG, MO US","384.3","0","123.2","1,0","8",",0","8",",0","2",",0","0",",0","0",",0","0","1,0","0","1,0","0",",0","31",",0","5",",0","","","","","6.7","1,0,09,","0",",,0,31,+","0",",,0,31,+","47.0",",,0,27,","35.0",",0,04,","2.5","0","2.5",",0","153.0",",,,0","0",",,,0","22.33","1,0","29.43",",,,0","15.23","1,,,0"
"USC00236739","1989-09","39.5669","-94.4544","275.8","PLATTSBURG, MO US","409.4","0","25.1","1,0","7",",0","7",",0","1",",0","0",",0","0",",0","0","1,0","6","1,0","0",",0","20",",0","0",",0","","","","","-2.8","1,0,25,+","0",",,0,30,+","0",",,0,30,+","28.7",",,0,08,","31.1",",0,07,","121.1","0","118.6",",0","92.7",",,,0","0",",,,0","15.21","1,0","22.56",",,,0","7.86","1,,,0"
"USC00236739","1989-10","39.5669","-94.4544","275.8","PLATTSBURG, MO US","410.5","0","1.1","1,0","4",",0","4",",0","1",",0","0",",0","0",",0","0","1,0","9","1,0","0",",0","16",",0","0",",0","","","","","-7.2","1,0,21,+","0",",,0,31,+","0",",,0,31,+","38.4",",,0,27,","31.1",",0,14,","324.1","0","203.0",",0","85.7",",,,0","0",",,,0","11.72","1,0","20.21",",,,0","3.22","1,,,0"
"USC00236739","1989-11","39.5669","-94.4544","275.8","PLATTSBURG, MO US","410.5","0","0.0","3,0","0",",0","0",",0","0",",0","0",",0","0",",0","0","2,0","23","2,0","0","1,0","1","1,0","0","1,0","","","","","-15.6","2,0,29,","0",",,0,30,+","0",",,0,30,+","0.0",",,0,30,+","23.3","1,0,11,","693.1","0","369.0","1,0","0.0",",,,0","0",",,,0","4.40","3,0","13.94","1,,,0","-5.14","2,,,0"
"USC00236739","1989-12","39.5669","-94.4544","275.8","PLATTSBURG, MO US","410.5","0","0.0","2,0","4",",0","3",",0","0",",0","","","2",",0","11","1,0","30","1,0","14","1,0","0","1,0","0","1,0","","","","","-37.8","1,0,23,","","","64",",,0,18,","5.1",",,0,18,","17.8","1,0,05,+","1418.6","0","725.5","1,0","13.8",",,,0","128",",,,0","-6.87","2,0","0.78","1,,,0","-14.52","1,,,0"
"USC00236739","1995-06","39.5669","-94.4544","275.8","PLATTSBURG, MO US","","","","","7",",0","7",",0","0",",0","0","1,0","0",",0","","","","","","","","","","","","","","","","","0","1,,0,30,+","0",",,0,30,+","22.4",",,0,08,","","","","","","","93.1",",,,0","0",",,,0","","","","","",""
"USC00236739","1995-07","39.5669","-94.4544","275.8","PLATTSBURG, MO US","","","","","5",",0","5",",0","3",",0","0",",0","0",",0","","","","","","","","","","","","","","","","","0",",,0,31,+","0",",,0,31,+","68.6",",,0,20,","","","","","","","182.9",",,,0","0",",,,0","","","","","",""
"USC00236739","1995-08","39.5669","-94.4544","275.8","PLATTSBURG, MO US","","","","","4",",0","4",",0","1",",0","0",",0","0",",0","","","","","","","","","","","","","","","","","0",",,0,31,+","0",",,0,31,+","48.8",",,0,16,","","","","","","","65.6",",,,0","0",",,,0","","","","","",""
"USC00236739","1995-09","39.5669","-94.4544","275.8","PLATTSBURG, MO US","","","","","8",",0","8",",0","1",",0","0",",0","0",",0","","","","","","","","","","","","","","","","","0",",,0,30,+","0",",,0,30,+","46.2",",,0,01,","","","","","","","106.6",",,,0","0",",,,0","","","","","",""
"USC00236739","1995-10","39.5669","-94.4544","275.8","PLATTSBURG, MO US","","","","","2",",0","2",",0","0",",0","0",",0","0",",0","","","","","","","","","","","","","","","","","0",",,0,31,+","0",",,0,31,+","8.4",",,0,31,","","","","","","","10.9",",,,0","0",",,,0","","","","","",""
"USC00236739","1995-11","39.5669","-94.4544","275.8","PLATTSBURG, MO US","","","","","1","1,0","1","1,0","1","1,0","1","2,0","1",",0","","","","","","","","","","","","","","","","","25","2,,0,11,","28",",,0,11,","28.7","1,,0,02,","","","","","","","28.7","1,,,0","28",",,,0","","","","","",""
"USC00236739","1995-12","39.5669","-94.4544","275.8","PLATTSBURG, MO US","","","","","5",",0","1",",0","0",",0","","","2",",0","","","","","","","","","","","","","","","","","","","102",",,0,15,","7.6",",,0,15,","","","","","","","14.4",",,,0","140",",,,0","","","","","",""
"USC00236739","1996-01","39.5669","-94.4544","275.8","PLATTSBURG, MO US","","","","","4",",0","4",",0","0",",0","3","5,0","0","3,0","","","","","","","","","","","","","","","","","102","5,,0,04,","0","3,,0,31,+","18.5",",,0,18,","","","","","","","34.5",",,,0","0","3,,,0","","","","","",""
"USC00236739","1996-02","39.5669","-94.4544","275.8","PLATTSBURG, MO US","","","","","1",",0","1",",0","0",",0","0",",0","0",",0","","","","","","","","","","","","","","","","","0",",,0,29,+","0",",,0,29,+","6.9",",,0,27,","","","","","","","6.9",",,,0","0",",,,0","","","","","",""
"USC00236739","1996-03","39.5669","-94.4544","275.8","PLATTSBURG, MO US","","","","","5",",0","4",",0","0",",0","1","5,0","0","2,0","","","","","","","","","","","","","","","","","25","5,,0,03,","0","2,,0,31,+","13.2",",,0,31,","","","","","","","27.7",",,,0","0","2,,,0","","","","","",""
"USC00236739","1996-04","39.5669","-94.4544","275.8","PLATTSBURG, MO US","","","","","5",",0","5",",0","0",",0","1","2,0","0","1,0","","","","","","","","","","","","","","","","","25","2,,0,15,","0","1,,0,30,+","21.8",",,0,28,","","","","","","","43.4",",,,0","0","1,,,0","","","","","",""
"USC00236739","1996-05","39.5669","-94.4544","275.8","PLATTSBURG, MO US","","","","","12",",0","9",",0","2",",0","0",",0","0",",0","","","","","","","","","","","","","","","","","0",",,0,31,+","0",",,0,31,+","78.7",",,0,27,","","","","","","","157.1",",,,0","0",",,,0","","","","","",""
"USC00236739","1996-06","39.5669","-94.4544","275.8","PLATTSBURG, MO US","","","","","6",",0","6",",0","3",",0","0",",0","0",",0","","","","","","","","","","","","","","","","","0",",,0,30,+","0",",,0,30,+","55.9",",,0,17,","","","","","","","152.4",",,,0","0",",,,0","","","","","",""
"USC00236739","1996-07","39.5669","-94.4544","275.8","PLATTSBURG, MO US","","","","","8",",0","7",",0","2",",0","0",",0","0",",0","","","","","","","","","","","","","","","","","0",",,0,31,+","0",",,0,31,+","62.0",",,0,21,","","","","","","","179.8",",,,0","0",",,,0","","","","","",""
"USC00236739","1996-08","39.5669","-94.4544","275.8","PLATTSBURG, MO US","","","","","5",",0","5",",0","0",",0","0",",0","0",",0","","","","","","","","","","","","","","","","","0",",,0,31,+","0",",,0,31,+","20.6",",,0,23,","","","","","","","52.3",",,,0","0",",,,0","","","","","",""
"USC00236739","1996-09","39.5669","-94.4544","275.8","PLATTSBURG, MO US","","","","","6",",0","6",",0","1",",0","0",",0","0",",0","","","","","","","","","","","","","","","","","0",",,0,30,+","0",",,0,30,+","40.6",",,0,26,","","","","","","","94.7",",,,0","0",",,,0","","","","","",""
"USC00236739","1996-10","39.5669","-94.4544","275.8","PLATTSBURG, MO US","","","","","6",",0","5",",0","1",",0","0","4,0","0","1,0","","","","","","","","","","","","","","","","","0","4,,0,31,+","0","1,,0,31,+","37.1",",,0,23,","","","","","","","80.3",",,,0","0","1,,,0","","","","","",""
"USC00236739","1996-11","39.5669","-94.4544","275.8","PLATTSBURG, MO US","","","","","4",",0","3",",0","1",",0","0",",0","1",",0","","","","","","","","","","","","","","","","","0",",,0,30,+","25",",,0,30,","33.0",",,0,17,","","","","","","","79.7",",,,0","25",",,,0","","","","","",""
"USC00236739","1996-12","39.5669","-94.4544","275.8","PLATTSBURG, MO US","","","","","1","1,0","0","1,0","0","1,0","0","2,0","1",",0","","","","","","","","","","","","","","","","","0","2,,0,31,+","25",",,0,17,","0.3","1,,0,17,","","","","","","","0.3","1,,,0","25",",,,0","","","","","",""
"USC00236739","1997-01","39.5669","-94.4544","275.8","PLATTSBURG, MO US","","","","","4",",0","4",",0","0",",0","","","0","4,0","","","","","","","","","","","","","","","","","","","0","4,,0,31,+","6.4",",,0,27,","","","","","","","21.4",",,,0","0","4,,,0","","","","","",""
"USC00236739","1997-02","39.5669","-94.4544","275.8","PLATTSBURG, MO US","","","","","2","4,0","2","4,0","1","4,0","","","0","2,0","","","","","","","","","","","","","","","","","","","18","2,,0,27,","46.7","4,,0,21,","","","","","","","57.9","4,,,0","28","2,,,0","","","","","",""
"USC00236739","1997-03","39.5669","-94.4544","275.8","PLATTSBURG, MO US","","","","","1","2,0","1","2,0","0","2,0","0",",0","0",",0","","","","","","","","","","","","","","","","","0",",,0,31,+","0",",,0,31,+","7.9","2,,0,09,","","","","","","","7.9","2,,,0","0",",,,0","","","","","",""
"USC00236739","1997-04","39.5669","-94.4544","275.8","PLATTSBURG, MO US","","","","","10",",0","9",",0","1",",0","0",",0","0",",0","","","","","","","","","","","","","","","","","0",",,0,30,+","0",",,0,30,+","83.8",",,0,11,","","","","","","","155.2",",,,0","0",",,,0","","","","","",""
"USC00236739","1997-05","39.5669","-94.4544","275.8","PLATTSBURG, MO US","","","","","8",",0","7",",0","0",",0","0",",0","0",",0","","","","","","","","","","","","","","","","","0",",,0,31,+","0",",,0,31,+","19.1",",,0,26,","","","","","","","76.2",",,,0","0",",,,0","","","","","",""
"USC00236739","1997-06","39.5669","-94.4544","275.8","PLATTSBURG, MO US","","","","","3",",0","3",",0","1",",0","0",",0","0",",0","","","","","","","","","","","","","","","","","0",",,0,30,+","0",",,0,30,+","29.0",",,0,16,","","","","","","","61.0",",,,0","0",",,,0","","","","","",""
"USC00236739","1997-07","39.5669","-94.4544","275.8","PLATTSBURG, MO US","","","","","4",",0","4",",0","3",",0","0",",0","0",",0","","","","","","","","","","","","","","","","","0",",,0,31,+","0",",,0,31,+","55.6",",,0,10,","","","","","","","122.1",",,,0","0",",,,0","","","","","",""
"USC00236739","1997-08","39.5669","-94.4544","275.8","PLATTSBURG, MO US","","","","","3","3,0","3","3,0","0","3,0","0","1,0","0",",0","","","","","","","","","","","","","","","","","0","1,,0,31,+","0",",,0,31,+","16.8","3,,0,17,","","","","","","","28.8","3,,,0","0",",,,0","","","","","",""
"USC00236739","1997-09","39.5669","-94.4544","275.8","PLATTSBURG, MO US","","","","","5",",0","5",",0","2",",0","0",",0","0",",0","","","","","","","","","","","","","","","","","0",",,0,30,+","0",",,0,30,+","27.2",",,0,13,","","","","","","","93.6",",,,0","0",",,,0","","","","","",""
"USC00236739","1997-10","39.5669","-94.4544","275.8","PLATTSBURG, MO US","","","","","5","1,0","5","1,0","2","1,0","0",",0","0",",0","","","","","","","","","","","","","","","","","0",",,0,31,+","0",",,0,31,+","39.1","1,,0,13,","","","","","","","96.7","1,,,0","0",",,,0","","","","","",""
"USC00236739","1997-11","39.5669","-94.4544","275.8","PLATTSBURG, MO US","","","","","3",",0","3",",0","1",",0","0",",0","0",",0","","","","","","","","","","","","","","","","","0",",,0,30,+","0",",,0,30,+","30.2",",,0,28,","","","","","","","59.6",",,,0","0",",,,0","","","","","",""
"USC00236739","1997-12","39.5669","-94.4544","275.8","PLATTSBURG, MO US","","","","","3","2,0","3","2,0","0","2,0","","","0","2,0","","","","","","","","","","","","","","","","","","","13","2,,0,10,","23.1","2,,0,25,","","","","","","","45.7","2,,,0","13","2,,,0","","","","","",""
"USC00236739","1998-01","39.5669","-94.4544","275.8","PLATTSBURG, MO US","","","","","3",",0","3",",0","0",",0","1","2,0","0","3,0","","","","","","","","","","","","","","","","","51","2,,0,17,","0","3,,0,31,+","10.9",",,0,04,","","","","","","","25.1",",,,0","0","3,,,0","","","","","",""
"USC00236739","1998-02","39.5669","-94.4544","275.8","PLATTSBURG, MO US","","","","","6",",0","6",",0","0",",0","2","2,0","0","1,0","","","","","","","","","","","","","","","","","51","2,,0,12,+","0","1,,0,28,+","9.4",",,0,01,","","","","","","","37.6",",,,0","0","1,,,0","","","","","",""
"USC00236739","1998-03","39.5669","-94.4544","275.8","PLATTSBURG, MO US","","","","","6",",0","5",",0","2",",0","0","5,0","3",",0","","","","","","","","","","","","","","","","","0","5,,0,31,+","165",",,0,09,","33.5",",,0,08,","","","","","","","99.8",",,,0","215",",,,0","","","","","",""
"USC00236739","1998-04","39.5669","-94.4544","275.8","PLATTSBURG, MO US","","","","","9",",0","9",",0","0",",0","0",",0","0",",0","","","","","","","","","","","","","","","","","0",",,0,30,+","0",",,0,30,+","20.1",",,0,27,","","","","","","","104.6",",,,0","0",",,,0","","","","","",""
"USC00236739","1998-05","39.5669","-94.4544","275.8","PLATTSBURG, MO US","","","","","5",",0","4",",0","0",",0","0",",0","0",",0","","","","","","","","","","","","","","","","","0",",,0,31,+","0",",,0,31,+","11.7",",,0,29,","","","","","","","36.1",",,,0","0",",,,0","","","","","",""
"USC00236739","1998-06","39.5669","-94.4544","275.8","PLATTSBURG, MO US","","","","","11",",0","11",",0","1",",0","0",",0","0",",0","","","","","","","","","","","","","","","","","0",",,0,30,+","0",",,0,30,+","30.5",",,0,23,","","","","","","","157.1",",,,0","0",",,,0","","","","","",""
"USC00236739","1998-07","39.5669","-94.4544","275.8","PLATTSBURG, MO US","","","","","6",",0","6",",0","1",",0","0",",0","0",",0","","","","","","","","","","","","","","","","","0",",,0,31,+","0",",,0,31,+","33.0",",,0,30,","","","","","","","93.9",",,,0","0",",,,0","","","","","",""
"USC00236739","1998-08","39.5669","-94.4544","275.8","PLATTSBURG, MO US","","","","","3",",0","3",",0","3",",0","0",",0","0",",0","","","","","","","","","","","","","","","","","0",",,0,31,+","0",",,0,31,+","48.8",",,0,14,","","","","","","","117.9",",,,0","0",",,,0","","","","","",""
"USC00236739","1998-09","39.5669","-94.4544","275.8","PLATTSBURG, MO US","","","","","10",",0","10",",0","1",",0","0",",0","0",",0","","","","","","","","","","","","","","","","","0",",,0,30,+","0",",,0,30,+","72.9",",,0,13,","","","","","","","182.8",",,,0","0",",,,0","","","","","",""
"USC00236739","1998-10","39.5669","-94.4544","275.8","PLATTSBURG, MO US","","","","","8",",0","8",",0","1",",0","","","0",",0","","","","","","","","","","","","","","","","","","","0",",,0,31,+","106.2",",,0,05,","","","","","","","188.6",",,,0","0",",,,0","","","","","",""
"USC00236739","1998-11","39.5669","-94.4544","275.8","PLATTSBURG, MO US","","","","","7",",0","7",",0","2",",0","0",",0","0",",0","","","","","","","","","","","","","","","","","0",",,0,30,+","0",",,0,30,+","54.6",",,0,02,","","","","","","","128.5",",,,0","0",",,,0","","","","","",""
"USC00236739","1998-12","39.5669","-94.4544","275.8","PLATTSBURG, MO US","","","","","3",",0","2",",0","1",",0","1",",0","0","1,0","","","","","","","","","","","","","","","","","51",",,0,31,","0","1,,0,31,+","26.2",",,0,06,","","","","","","","31.3",",,,0","0","1,,,0","","","","","",""
"USC00236739","1999-01","39.5669","-94.4544","275.8","PLATTSBURG, MO US","","","","","3",",0","3",",0","0",",0","","","0","1,0","","","","","","","","","","","","","","","","","","","0","1,,0,31,+","17.8",",,0,31,","","","","","","","29.2",",,,0","0","1,,,0","","","","","",""
"USC00236739","1999-02","39.5669","-94.4544","275.8","PLATTSBURG, MO US","","","","","4",",0","4",",0","0",",0","0","3,0","1",",0","","","","","","","","","","","","","","","","","0","3,,0,28,+","76",",,0,23,","22.1",",,0,07,","","","","","","","46.5",",,,0","76",",,,0","","","","","",""
"USC00236739","1999-03","39.5669","-94.4544","275.8","PLATTSBURG, MO US","","","","","6",",0","4",",0","0",",0","1","2,0","0","1,0","","","","","","","","","","","","","","","","","51","2,,0,13,","0","1,,0,31,+","20.8",",,0,09,","","","","","","","39.6",",,,0","0","1,,,0","","","","","",""
"USC00236739","1999-04","39.5669","-94.4544","275.8","PLATTSBURG, MO US","","","","","10",",0","9",",0","2",",0","0",",0","0",",0","","","","","","","","","","","","","","","","","0",",,0,30,+","0",",,0,30,+","43.9",",,0,15,","","","","","","","156.9",",,,0","0",",,,0","","","","","",""
"USC00236739","1999-05","39.5669","-94.4544","275.8","PLATTSBURG, MO US","","","","","11",",0","8",",0","2",",0","0",",0","0",",0","","","","","","","","","","","","","","","","","0",",,0,31,+","0",",,0,31,+","41.1",",,0,31,","","","","","","","166.4",",,,0","0",",,,0","","","","","",""
"USC00236739","1999-06","39.5669","-94.4544","275.8","PLATTSBURG, MO US","","","","","10",",0","10",",0","0",",0","0",",0","0",",0","","","","","","","","","","","","","","","","","0",",,0,30,+","0",",,0,30,+","14.0",",,0,24,","","","","","","","75.1",",,,0","0",",,,0","","","","","",""
"USC00236739","1999-07","39.5669","-94.4544","275.8","PLATTSBURG, MO US","","","","","7",",0","6",",0","3",",0","0",",0","0",",0","","","","","","","","","","","","","","","","","0",",,0,31,+","0",",,0,31,+","36.1",",,0,24,","","","","","","","127.2",",,,0","0",",,,0","","","","","",""
"USC00236739","1999-08","39.5669","-94.4544","275.8","PLATTSBURG, MO US","","","","","4",",0","2",",0","0",",0","0",",0","0",",0","","","","","","","","","","","","","","","","","0",",,0,31,+","0",",,0,31,+","5.6",",,0,17,","","","","","","","13.3",",,,0","0",",,,0","","","","","",""
"USC00236739","1999-09","39.5669","-94.4544","275.8","PLATTSBURG, MO US","","","","","4",",0","4",",0","3",",0","0",",0","0",",0","","","","","","","","","","","","","","","","","0",",,0,30,+","0",",,0,30,+","36.1",",,0,28,","","","","","","","98.3",",,,0","0",",,,0","","","","","",""
"USC00236739","1999-10","39.5669","-94.4544","275.8","PLATTSBURG, MO US","","","","","3",",0","2",",0","0",",0","0",",0","0",",0","","","","","","","","","","","","","","","","","0",",,0,31,+","0",",,0,31,+","7.9",",,0,02,","","","","","","","12.5",",,,0","0",",,,0","","","","","",""
"USC00236739","1999-11","39.5669","-94.4544","275.8","PLATTSBURG, MO US","","","","","1",",0","1",",0","1",",0","0",",0","0",",0","","","","","","","","","","","","","","","","","0",",,0,30,+","0",",,0,30,+","35.6",",,0,23,","","","","","","","35.6",",,,0","0",",,,0","","","","","",""
"USC00236739","1999-12","39.5669","-94.4544","275.8","PLATTSBURG, MO US","","","","","4",",0","4",",0","1",",0","","","0","3,0","","","","","","","","","","","","","","","","","","","0","3,,0,31,+","30.5",",,0,05,","","","","","","","44.4",",,,0","0","3,,,0","","","","","",""
"USC00236739","2000-01","39.5669","-94.4544","275.8","PLATTSBURG, MO US","","","","","4",",0","3",",0","0",",0","0","2,0","1",",0","","","","","","","","","","","","","","","","","0","2,,0,31,+","51",",,0,04,","3.8",",,0,04,","","","","","","","10.1",",,,0","64",",,,0","","","","","",""
"USC00236739","2000-02","39.5669","-94.4544","275.8","PLATTSBURG, MO US","","","","","5",",0","4",",0","0",",0","0","3,0","1",",0","","","","","","","","","","","","","","","","","0","3,,0,29,+","89",",,0,11,","19.8",",,0,18,","","","","","","","35.1",",,,0","89",",,,0","","","","","",""
"USC00236739","2000-03","39.5669","-94.4544","275.8","PLATTSBURG, MO US","","","","","7",",0","7",",0","1",",0","0",",0","1",",0","","","","","","","","","","","","","","","","","0",",,0,31,+","51",",,0,20,","29.7",",,0,01,","","","","","","","94.1",",,,0","51",",,,0","","","","","",""
"USC00236739","2000-04","39.5669","-94.4544","275.8","PLATTSBURG, MO US","","","","","4",",0","4",",0","0",",0","0",",0","0",",0","","","","","","","","","","","","","","","","","0",",,0,30,+","0",",,0,30,+","14.0",",,0,27,","","","","","","","33.0",",,,0","0",",,,0","","","","","",""
"USC00236739","2000-05","39.5669","-94.4544","275.8","PLATTSBURG, MO US","","","","","6",",0","6",",0","2",",0","0",",0","0",",0","","","","","","","","","","","","","","","","","0",",,0,31,+","0",",,0,31,+","39.1",",,0,12,","","","","","","","114.6",",,,0","0",",,,0","","","","","",""
"USC00236739","2000-06","39.5669","-94.4544","275.8","PLATTSBURG, MO US","","","","","9",",0","9",",0","4",",0","0",",0","0",",0","","","","","","","","","","","","","","","","","0",",,0,30,+","0",",,0,30,+","68.3",",,0,24,","","","","","","","238.5",",,,0","0",",,,0","","","","","",""
"USC00236739","2000-07","39.5669","-94.4544","275.8","PLATTSBURG, MO US","","","","","7",",0","6",",0","1",",0","0",",0","0",",0","","","","","","","","","","","","","","","","","0",",,0,31,+","0",",,0,31,+","33.0",",,0,11,","","","","","","","60.9",",,,0","0",",,,0","","","","","",""
"USC00236739","2000-08","39.5669","-94.4544","275.8","PLATTSBURG, MO US","","","","","3",",0","2",",0","1",",0","0",",0","0",",0","","","","","","","","","","","","","","","","","0",",,0,31,+","0",",,0,31,+","68.6",",,0,20,","","","","","","","72.9",",,,0","0",",,,0","","","","","",""
"USC00236739","2000-09","39.5669","-94.4544","275.8","PLATTSBURG, MO US","","","","","7",",0","6",",0","2",",0","0",",0","0",",0","","","","","","","","","","","","","","","","","0",",,0,30,+","0",",,0,30,+","50.0",",,0,23,","","","","","","","121.2",",,,0","0",",,,0","","","","","",""
"USC00236739","2000-10","39.5669","-94.4544","275.8","PLATTSBURG, MO US","","","","","6",",0","5",",0","3",",0","0",",0","0",",0","","","","","","","","","","","","","","","","","0",",,0,31,+","0",",,0,31,+","36.8",",,0,15,","","","","","","","108.2",",,,0","0",",,,0","","","","","",""
"USC00236739","2000-11","39.5669","-94.4544","275.8","PLATTSBURG, MO US","","","","","1",",0","1",",0","0",",0","0",",0","0",",0","","","","","","","","","","","","","","","","","0",",,0,30,+","0",",,0,30,+","17.8",",,0,02,","","","","","","","17.8",",,,0","0",",,,0","","","","","",""
"USC00236739","2000-12","39.5669","-94.4544","275.8","PLATTSBURG, MO US","","","","","3","2,0","3","2,0","0","2,0","","","1","2,0","","","","","","","","","","","","","","","","","","","25","2,,0,21,","7.6","2,,0,19,","","","","","","","12.9","2,,,0","25","2,,,0","","","","","",""
"USC00236739","2001-01","39.5669","-94.4544","275.8","PLATTSBURG, MO US","","","","","5",",0","5",",0","0",",0","0","1,0","0",",0","","","","","","","","","","","","","","","","","0","1,,0,31,+","13",",,0,30,+","19.8",",,0,29,","","","","","","","54.0",",,,0","39",",,,0","","","","","",""
"USC00236739","2001-02","39.5669","-94.4544","275.8","PLATTSBURG, MO US","","","","","0",",0","0",",0","0",",0","0",",0","0",",0","","","","","","","","","","","","","","","","","0",",,0,28,+","0",",,0,28,+","0.0",",,0,28,+","","","","","","","0.0",",,,0","0",",,,0","","","","","",""
"USC00236739","2001-03","39.5669","-94.4544","275.8","PLATTSBURG, MO US","","","","","4",",0","3",",0","1",",0","0",",0","0",",0","","","","","","","","","","","","","","","","","0",",,0,31,+","0",",,0,31,+","43.9",",,0,15,","","","","","","","68.7",",,,0","0",",,,0","","","","","",""
"USC00236739","2001-04","39.5669","-94.4544","275.8","PLATTSBURG, MO US","","","","","7",",0","6",",0","2",",0","0",",0","0",",0","","","","","","","","","","","","","","","","","0",",,0,30,+","0",",,0,30,+","33.3",",,0,15,+","","","","","","","115.4",",,,0","0",",,,0","","","","","",""
"USC00236739","2001-05","39.5669","-94.4544","275.8","PLATTSBURG, MO US","","","","","10",",0","10",",0","2",",0","0",",0","0",",0","","","","","","","","","","","","","","","","","0",",,0,31,+","0",",,0,31,+","48.3",",,0,31,","","","","","","","175.5",",,,0","0",",,,0","","","","","",""
"USC00236739","2001-06","39.5669","-94.4544","275.8","PLATTSBURG, MO US","","","","","9",",0","9",",0","4",",0","0",",0","0",",0","","","","","","","","","","","","","","","","","0",",,0,30,+","0",",,0,30,+","53.8",",,0,04,","","","","","","","212.0",",,,0","0",",,,0","","","","","",""
"USC00236739","2001-07","39.5669","-94.4544","275.8","PLATTSBURG, MO US","","","","","11",",0","9",",0","2",",0","0",",0","0",",0","","","","","","","","","","","2","","10","","","","0",",,0,31,+","0",",,0,31,+","88.1",",,0,28,","","","","","","","223.3",",,,0","0",",,,0","","","","","",""
"USC00236739","2001-08","39.5669","-94.4544","275.8","PLATTSBURG, MO US","","","","","6",",0","6",",0","1",",0","0",",0","0",",0","","","","","","","","","","","","","","","","","0",",,0,31,+","0",",,0,31,+","26.4",",,0,30,","","","","","","","102.7",",,,0","0",",,,0","","","","","",""
"USC00236739","2001-09","39.5669","-94.4544","275.8","PLATTSBURG, MO US","","","","","8",",0","8",",0","1",",0","0",",0","0",",0","","","","","","","","","","","","","","","","","0",",,0,30,+","0",",,0,30,+","30.7",",,0,17,","","","","","","","132.5",",,,0","0",",,,0","","","","","",""
"USC00236739","2001-10","39.5669","-94.4544","275.8","PLATTSBURG, MO US","","","","","8",",0","6",",0","0",",0","0",",0","0",",0","","","","","","","","","","","3","","2","","","","0",",,0,31,+","0",",,0,31,+","25.1",",,0,05,","","","","","","","66.7",",,,0","0",",,,0","","","","","",""
"USC00236739","2001-12","39.5669","-94.4544","275.8","PLATTSBURG, MO US","","","","","3",",0","2",",0","0",",0","0",",0","0",",0","","","","","","","","","","","2","","","","","","0",",,0,31,+","0",",T,0,24,","12.4",",,0,13,","","","","","","","17.3",",,,0","0",",T,,0","","","","","",""
"USC00236739","2002-01","39.5669","-94.4544","275.8","PLATTSBURG, MO US","0.0","0","0.0","3,0","4",",0","3",",0","0",",0","4",",0","3",",0","2","2,0","27","2,0","4","3,0","0","3,0","0","3,0","2","","","","-18.9","2,0,03,","102",",,0,31,","64",",,0,31,+","22.4",",,0,31,","18.3","3,0,28,","","","532.7","3,0","41.5",",,,0","156",",,,0","-0.89","3,0","6.09","3,,,0","-7.87","2,,,0"
"USC00236739","2002-02","39.5669","-94.4544","275.8","PLATTSBURG, MO US","0.0","0","0.0",",0","4",",0","2",",0","0",",0","7",",0","0",",0","0",",0","25",",0","6",",0","0",",0","0",",0","4","","","","-14.4",",0,28,+","102",",,0,02,+","0",",T,0,27,+","7.9",",,0,20,","20.0",",0,25,","","","508.2",",0","14.3",",,,0","0",",T,,0","0.18",",0","7.07",",,,0","-6.70",",,,0"
"USC00236739","2002-03","39.5669","-94.4544","275.8","PLATTSBURG, MO US","0.0","0","0.0","2,0","8",",0","4",",0","0",",0","4",",0","2",",0","2","2,0","26","2,0","5","2,0","2","2,0","0","2,0","3","","2","","-21.1","2,0,04,","152",",,0,04,+","102",",,0,02,","9.1",",,0,09,+","25.6","2,0,15,","","","475.8","2,0","31.3",",,,0","140",",,,0","1.93","2,0","9.46","2,,,0","-5.60","2,,,0"
"USC00236739","2002-04","39.5669","-94.4544","275.8","PLATTSBURG, MO US","7.8","0","7.8",",0","9",",0","5",",0","2",",0","0",",0","0",",0","0",",0","7",",0","0",",0","10",",0","0",",0","5","","5","","-6.7",",0,04,","0",",,0,30,+","0",",,0,30,+","27.9",",,0,21,","28.9",",0,16,","","","227.6",",0","97.3",",,,0","0",",,,0","11.01",",0","17.68",",,,0","4.33",",,,0"
"USC00236739","2002-05","39.5669","-94.4544","275.8","PLATTSBURG, MO US","21.6","0","13.8",",0","13",",0","10",",0","2",",0","0",",0","0",",0","0",",0","1",",0","0",",0","16",",0","0",",0","1","","9","","-1.7",",0,03,","0",",,0,31,+","0",",T,0,09,","52.6",",,0,06,","29.4",",0,31,","","","140.6",",0","171.5",",,,0","0",",T,,0","14.24",",0","20.89",",,,0","7.60",",,,0"
"USC00236739","2002-06","39.5669","-94.4544","275.8","PLATTSBURG, MO US","133.3","0","111.7","5,0","4","1,0","3","1,0","0","1,0","","","0","3,0","0","5,0","0","5,0","0","4,0","26","4,0","2","4,0","1","","3","","8.9","5,0,15,","","","0","3,,0,30,+","23.1","1,,0,12,","32.8","4,0,30,","","","3.1","4,0","42.9","1,,,0","0","3,,,0","22.72","5,0","28.98","4,,,0","16.46","5,,,0"
"USC00236739","2002-07","39.5669","-94.4544","275.8","PLATTSBURG, MO US","","","","","6",",0","5",",0","1",",0","0",",0","0",",0","","","","","","","","","","","","","3","","","","0",",,0,31,+","0",",,0,31,+","76.2",",,0,29,","","","","","","","92.9",",,,0","0",",,,0","","","","","",""
"USC00236739","2002-08","39.5669","-94.4544","275.8","PLATTSBURG, MO US","","","126.3","4,0","13",",0","7",",0","0",",0","0",",0","0",",0","0","3,0","0","3,0","0","4,0","26","4,0","5","4,0","","","7","","8.9","3,0,14,","0",",,0,31,+","0",",,0,31,+","16.3",",,0,21,","34.4","4,0,06,+","","","3.9","4,0","61.3",",,,0","0",",,,0","22.90","4,0","29.31","4,,,0","16.49","3,,,0"
"USC00236739","2002-09","39.5669","-94.4544","275.8","PLATTSBURG, MO US","","","","","3",",0","2",",0","0",",0","0",",0","0",",0","","","","","","","","","","","","","","","","","0",",,0,30,+","0",",,0,30,+","11.4",",,0,19,","","","","","","","17.0",",,,0","0",",,,0","","","","","",""
"USC00236739","2002-10","39.5669","-94.4544","275.8","PLATTSBURG, MO US","","","14.2","5,0","12","1,0","12","1,0","0","1,0","0","5,0","0","2,0","0","5,0","12","5,0","0","5,0","6","5,0","0","5,0","2","","2","","-4.4","5,0,17,+","0","5,,0,31,+","0","2,,0,31,+","14.7","1,,0,24,","31.7","5,0,02,+","","","259.4","5,0","74.2","1,,,0","0","2,,,0","8.90","5,0","15.57","5,,,0","2.23","5,,,0"
"USC00236739","2002-11","39.5669","-94.4544","275.8","PLATTSBURG, MO US","","","0.0","3,0","4",",0","2",",0","0",",0","0",",0","0",",0","0","3,0","25","3,0","1","3,0","0","3,0","0","3,0","","","","","-8.9","3,0,27,","0",",,0,30,+","0",",T,0,01,","4.3",",,0,15,","20.6","3,0,08,","","","417.3","3,0","8.9",",,,0","0",",T,,0","2.88","3,0","9.43","3,,,0","-3.68","3,,,0"
"USC00236739","2002-12","39.5669","-94.4544","275.8","PLATTSBURG, MO US","","","","","0","1,0","0","1,0","0","1,0","0","1,0","0","1,0","","","","","","","","","","","1","","","","","","0","1,,0,31,+","0","1,,0,31,+","0.0","1,T,0,18,","","","","","","","0.0","1,T,,0","0","1,,,0","","","","","",""
"USC00236739","2003-01","39.5669","-94.4544","275.8","PLATTSBURG, MO US","0.0","","0.0","4,0","4",",0","1",",0","0",",0","7",",0","2",",0","4","4,0","27","4,0","12","4,0","1","4,0","0","4,0","1","","","","-23.3","4,0,24,+","51",",,0,25,+","53",",,0,23,","5.3",",,0,31,","21.7","4,0,09,","","","625.1","4,0","8.9",",,,0","102",",,,0","-4.82","4,0","1.66","4,,,0","-11.29","4,,,0"
"USC00236739","2003-02","39.5669","-94.4544","275.8","PLATTSBURG, MO US","0.0","","0.0","2,0","7",",0","3",",0","0",",0","6",",0","2",",0","4","1,0","26","1,0","10","1,0","0","1,0","0","1,0","","","","","-21.7","1,0,25,+","51",",,0,08,+","46",",,0,06,","5.6",",,0,15,","15.6","1,0,03,","","","576.0","1,0","15.8",",,,0","87",",,,0","-3.54","2,0","3.17","1,,,0","-10.26","1,,,0"
"USC00236739","2003-03","39.5669","-94.4544","275.8","PLATTSBURG, MO US","","","","","4",",0","3",",0","0",",0","3",",0","1",",0","","","","","","","","","","","","","1","","","","51",",,0,06,+","46",",,0,05,","16.3",",,0,20,","","","","","","","29.7",",,,0","54",",,,0","","","","","",""
"USC00236739","2003-04","39.5669","-94.4544","275.8","PLATTSBURG, MO US","","","","","9",",0","8",",0","2",",0","","","0","2,0","","","","","","","","","","","1","","3","","","","","","0","2,T,0,28,+","48.5",",,0,20,","","","","","","","137.7",",,,0","0","2,T,,0","","","","","",""
"USC00236739","2003-05","39.5669","-94.4544","275.8","PLATTSBURG, MO US","","","","","11","1,0","7","1,0","1","1,0","0",",0","0",",0","","","","","","","","","","","","","1","","","","0",",,0,31,+","0",",,0,31,+","34.8","1,,0,10,","","","","","","","102.6","1,,,0","0",",,,0","","","","","",""
"USC00236739","2003-06","39.5669","-94.4544","275.8","PLATTSBURG, MO US","","","","","","","","","","","0",",0","0",",0","","","","","","","","","","","","","1","","","","0",",,0,30,+","0",",,0,30,+","","","","","","","","","","","0",",,,0","","","","","",""
"USC00236739","2003-07","39.5669","-94.4544","275.8","PLATTSBURG, MO US","","","","","","","","","","","0",",0","0",",0","","","","","","","","","","","2","","2","","","","0",",,0,31,+","0",",,0,31,+","","","","","","","","","","","0",",,,0","","","","","",""
"USC00236739","2003-08","39.5669","-94.4544","275.8","PLATTSBURG, MO US","","","","","3",",0","2",",0","1",",0","0",",0","0",",0","","","","","","","","","","","","","","","","","0",",,0,31,+","0",",,0,31,+","112.0",",,0,31,","","","","","","","116.4",",,,0","0",",,,0","","","","","",""
"USC00236739","2003-09","39.5669","-94.4544","275.8","PLATTSBURG, MO US","","","","","3","3,0","3","3,0","2","3,0","0",",0","0",",0","","","","","","","","","","","","","","","","","0",",,0,30,+","0",",,0,30,+","35.1","3,,0,14,","","","","","","","74.5","3,,,0","0",",,,0","","","","","",""
"USC00236739","2003-10","39.5669","-94.4544","275.8","PLATTSBURG, MO US","","","","","0","2,0","0","2,0","0","2,0","0",",0","0",",0","","","","","","","","","","","1","","","","","","0",",,0,31,+","0",",,0,31,+","0.0","2,T,0,28,","","","","","","","0.0","2,T,,0","0",",,,0","","","","","",""
"USC00236739","2004-02","39.5669","-94.4544","275.8","PLATTSBURG, MO US","","","0.0","3,0","6",",0","5",",0","0",",0","","","0","1,0","2","1,0","22","1,0","8","2,0","0","2,0","0","2,0","","","","","-19.4","1,0,08,","","","0","1,,0,29,+","10.4",",,0,02,","17.2","2,0,19,+","","","467.2","2,0","27.4",",,,0","0","1,,,0","-0.04","3,0","6.09","2,,,0","-6.17","1,,,0"
"USC00236739","2004-03","39.5669","-94.4544","275.8","PLATTSBURG, MO US","","","","","5",",0","4",",0","1",",0","","","0","1,0","","","","","","","","","","","","","","","","","","","0","1,,0,31,+","47.0",",,0,05,","","","","","","","69.6",",,,0","0","1,,,0","","","","","",""
"USC00236739","2004-04","39.5669","-94.4544","275.8","PLATTSBURG, MO US","","","","","3",",0","1",",0","1",",0","0",",0","0",",0","0","2,0","9","2,0","","","","","","","","","","","-4.4","2,0,12,+","0",",,0,30,+","0",",,0,30,+","37.6",",,0,30,","","","","","","","41.4",",,,0","0",",,,0","","","","","5.96","2,,,0"
"USC00236739","2004-05","39.5669","-94.4544","275.8","PLATTSBURG, MO US","","","","","12","2,0","11","2,0","3","2,0","0",",0","0",",0","","","","","","","","","","","","","","","","","0",",,0,31,+","0",",,0,31,+","61.5","2,,0,19,","","","","","","","207.2",",a,,0","0",",,,0","","","","","",""
"USC00236739","2004-06","39.5669","-94.4544","275.8","PLATTSBURG, MO US","","","","","6","4,0","6","4,0","3","4,0","0",",0","0",",0","0",",0","0",",0","","","","","","","","","","","9.4",",0,29,+","0",",,0,30,+","0",",,0,30,+","33.0","4,,0,14,","","","","","","","124.6","4,,,0","0",",,,0","","","","","15.06",",,,0"
"USC00236739","2004-07","39.5669","-94.4544","275.8","PLATTSBURG, MO US","","","","","6","2,0","6","2,0","2","2,0","0",",0","0",",0","","","","","","","","","","","","","","","","","0",",,0,31,+","0",",,0,31,+","78.0","2,,0,16,","","","","","","","176.8",",a,,0","0",",,,0","","","","","",""
"USC00236739","2004-08","39.5669","-94.4544","275.8","PLATTSBURG, MO US","","","","","6",",0","6",",0","2",",0","0",",0","0",",0","0","2,","0","2,0","","","","","","","","","","","7.8","2,0,12,","0",",,0,31,+","0",",,0,31,+","48.3",",,0,24,","","","","","","","112.8",",,,0","0",",,,0","","","","","16.23","2,,,0"
"USC00236739","2004-09","39.5669","-94.4544","275.8","PLATTSBURG, MO US","","","","","2",",0","2",",0","2",",0","0",",0","0",",0","","","","","","","","","","","","","","","","","0",",,0,30,+","0",",,0,30,+","74.2",",,0,18,","","","","","","","122.5",",,,0","0",",,,0","","","","","",""
"USC00236739","2004-10","39.5669","-94.4544","275.8","PLATTSBURG, MO US","","","","","9","1,0","8","1,0","0","1,0","0",",0","0",",0","0",",","1",",0","","","","","","","","","","","0.0",",0,02,","0",",,0,31,+","0",",,0,31,+","25.1","1,,0,08,","","","","","","","99.1","1,,,0","0",",,,0","","","","","9.45",",,,0"
"USC00236739","2004-11","39.5669","-94.4544","275.8","PLATTSBURG, MO US","","","","","2",",0","2",",0","0",",0","0",",0","0",",0","","","","","","","","","","","","","","","","","0",",,0,30,+","0",",,0,30,+","20.3",",,0,04,","","","","","","","27.9",",,,0","0",",,,0","","","","","",""
"USC00236739","2006-04","39.5669","-94.4544","275.8","PLATTSBURG, MO US","","","19.7",",0","10",",0","8",",0","2",",0","0",",0","0",",0","0",",0","4",",0","0",",0","19",",0","2",",0","","","","","-1.7",",0,10,+","0",",,0,30,+","0",",,0,30,+","29.5",",,0,29,","33.9",",0,15,","","","128.1",",0","110.2",",,,0","0",",,,0","14.72",",0","22.28",",,,0","7.16",",,,0"
"USC00236739","2006-05","39.5669","-94.4544","275.8","PLATTSBURG, MO US","","","53.3",",0","9",",0","4",",0","0",",0","0",",0","0",",0","0",",0","0",",0","0",",0","21",",0","4",",0","","","","","3.9",",0,07,","0",",,0,31,+","0",",,0,31,+","20.8",",,0,31,","34.4",",0,25,+","","","77.7",",0","56.6",",,,0","0",",,,0","17.55",",0","24.61",",,,0","10.48",",,,0"
"USC00236739","2006-06","39.5669","-94.4544","275.8","PLATTSBURG, MO US","","","","","7",",0","5",",0","0",",0","0",",0","0",",0","","","","","","","","","","","","","","","","","0",",,0,30,+","0",",,0,30,+","13.5",",,0,11,","","","","","","","40.8",",,,0","0",",,,0","","","","","",""
"USC00236739","2006-07","39.5669","-94.4544","275.8","PLATTSBURG, MO US","","","238.6","3,0","7",",0","5",",0","2",",0","0",",0","0",",0","0","3,0","0","3,0","0","3,0","28","3,0","18","3,0","","","","","13.3","3,0,07,+","0",",,0,31,+","0",",,0,31,+","63.5",",,0,04,","40.0","3,0,20,","0.0","0","0.0","3,0","106.5",",,,0","0",",,,0","26.85","3,0","33.60","3,,,0","20.11","3,,,0"
"USC00236739","2006-08","39.5669","-94.4544","275.8","PLATTSBURG, MO US","","","243.1","1,0","12",",0","8",",0","3",",0","0",",0","0",",0","0","1,0","0","1,0","0","1,0","30","1,0","16","1,0","","","","","12.2","1,0,15,","0",",,0,31,+","0",",,0,31,+","74.2",",,0,14,","40.6","1,0,10,+","0.0","0","0.0","1,0","192.9",",,,0","0",",,,0","26.44","1,0","32.41","1,,,0","20.46","1,,,0"
"USC00236739","2006-09","39.5669","-94.4544","275.8","PLATTSBURG, MO US","","","","","4","4,0","2","4,0","0","4,0","","","","","","","","","","","","","","","","","","","","","","","","","6.9","4,,0,11,","","","","","","","11.8","4,,,0","","","","","","","",""
"USC00236739","2006-12","39.5669","-94.4544","275.8","PLATTSBURG, MO US","","","","","4",",0","3",",0","1",",0","0","1,0","0",",0","","","","","","","","","","","","","","","","","0","1,,0,31,+","0",",,0,31,+","31.2",",,0,20,","","","","","","","57.6",",,,0","0",",,,0","","","","","",""
"USC00236739","2007-01","39.5669","-94.4544","275.8","PLATTSBURG, MO US","0.0","0","0.0","2,0","6",",0","4",",0","0",",0","1","1,0","1","2,0","2","1,0","29","1,0","9","2,0","0","2,0","0","2,0","","","","","-19.4","1,0,17,+","127","1,,0,21,","132","2,,0,21,","13.0",",,0,21,","14.4","2,0,12,","","","607.8","2,0","32.3",",,,0","132","2,,,0","-2.54","2,0","3.34","2,,,0","-8.42","1,,,0"
"USC00236739","2007-02","39.5669","-94.4544","275.8","PLATTSBURG, MO US","0.0","0","0.0",",0","6",",0","3",",0","1",",0","2","4,0","1",",0","3",",0","26",",0","14",",0","0",",0","0",",0","","","","","-19.4",",0,17,+","178","4,,0,13,","183",",,0,13,","26.4",",,0,13,","15.6",",0,22,","","","629.1",",0","58.8",",,,0","198",",,,0","-4.13",",0","1.42",",,,0","-9.69",",,,0"
"USC00236739","2007-03","39.5669","-94.4544","275.8","PLATTSBURG, MO US","5.6","0","5.6",",0","10",",0","7",",0","1",",0","0",",0","0",",0","0",",0","14",",0","0",",0","11",",0","0",",0","","","","","-10.6",",0,05,+","0",",T,0,03,+","0",",T,0,03,+","26.9",",,0,30,","25.6",",0,26,","","","245.6",",0","87.1",",,,0","0",",T,,0","10.59",",0","17.30",",,,0","3.89",",,,0"
"USC00236739","2007-04","39.5669","-94.4544","275.8","PLATTSBURG, MO US","11.7","0","6.1","1,0","12",",0","7",",0","0",",0","0",",0","0",",0","0","1,0","7","1,0","0",",0","12",",0","0",",0","","","1","","-7.8","1,0,09,+","0",",T,0,10,+","0",",T,0,10,+","24.4",",,0,11,","30.6",",0,30,","","","251.4",",0","65.5",",,,0","0",",T,,0","9.98","1,0","16.59",",,,0","3.37","1,,,0"
"USC00236739","2007-05","39.5669","-94.4544","275.8","PLATTSBURG, MO US","66.1","0","54.4","1,0","13",",0","9",",0","2",",0","0",",0","0",",0","0","1,0","0","1,0","0",",0","27",",0","1",",0","2","","","","6.1","1,0,18,","0",",,0,31,+","0",",,0,31,+","102.6",",,0,07,","33.3",",0,13,","","","23.7",",0","218.6",",,,0","0",",,,0","19.43","1,0","25.08",",,,0","13.78","1,,,0"
"USC00236739","2007-06","39.5669","-94.4544","275.8","PLATTSBURG, MO US","166.0","0","99.9",",0","9",",0","7",",0","1",",0","0",",0","0",",0","0",",0","0",",0","0",",0","29",",0","0",",0","","","","","11.7",",0,22,+","0",",,0,30,+","0",",,0,30,+","28.7",",,0,23,","31.7",",0,22,+","","","0.6",",0","109.0",",,,0","0",",,,0","21.64",",0","27.31",",,,0","15.97",",,,0"
"USC00236739","2007-07","39.5669","-94.4544","275.8","PLATTSBURG, MO US","353.7","0","187.7",",0","4",",0","2",",0","0",",0","0",",0","0",",0","0",",0","0",",0","0",",0","31",",0","8",",0","","","","","15.6",",0,03,+","0",",,0,31,+","0",",,0,31,+","14.2",",,0,24,","34.4",",0,10,","0.0","0","0.0",",0","22.8",",,,0","0",",,,0","24.39",",0","29.79",",,,0","18.99",",,,0"
"USC00236739","2007-08","39.5669","-94.4544","275.8","PLATTSBURG, MO US","594.1","0","240.4","3,0","7",",0","4",",0","2",",0","0",",0","0",",0","0","3,0","0","3,0","0","3,0","28","3,0","22","3,0","","","","","16.7","3,0,31,+","0",",,0,31,+","0",",,0,31,+","67.8",",,0,24,","38.3","3,0,16,+","0.0","0","0.0","3,0","138.0",",,,0","0",",,,0","26.92","3,0","33.11","3,,,0","20.73","3,,,0"
"USC00236739","2007-09","39.5669","-94.4544","275.8","PLATTSBURG, MO US","678.1","0","84.0",",0","5",",0","4",",0","0",",0","0",",0","0",",0","0",",0","0",",0","0",",0","26",",0","3",",0","","","","","4.4",",0,16,+","0",",,0,30,+","0",",,0,30,+","24.4",",,0,19,","33.9",",0,04,","33.1","0","33.1",",0","51.9",",,,0","0",",,,0","20.03",",0","27.21",",,,0","12.85",",,,0"
"USC00236739","2007-10","39.5669","-94.4544","275.8","PLATTSBURG, MO US","689.5","0","11.4","2,0","12",",0","11",",0","1",",0","0",",0","0",",0","0","2,0","3","2,0","0",",0","14",",0","0",",0","","","","","-0.6","2,0,29,+","0",",,0,31,+","0",",,0,31,+","46.7",",,0,18,","30.0",",0,07,+","180.7","0","147.6",",0","184.5",",,,0","0",",,,0","13.70","2,0","19.74",",,,0","7.66","2,,,0"
"USC00236739","2007-11","39.5669","-94.4544","275.8","PLATTSBURG, MO US","689.5","0","0.0","2,0","3",",0","3",",0","0",",0","0",",0","0",",0","0","2,0","22","2,0","2",",0","2",",0","0",",0","","","","","-9.4","2,0,24,+","0",",T,0,23,+","0",",T,0,22,","5.1",",,0,21,","23.3",",0,20,","549.4","0","368.7",",0","11.2",",,,0","0",",T,,0","5.20","2,0","12.11",",,,0","-1.71","2,,,0"
"USC00236739","2007-12","39.5669","-94.4544","275.8","PLATTSBURG, MO US","689.5","0","0.0","3,0","11",",0","7",",0","1",",0","9","4,0","4",",0","0","3,0","28","3,0","13",",0","0",",0","0",",0","","","","","-12.2","3,0,17,+","178","4,,0,23,","180",",,0,23,","26.7",",,0,11,","17.2",",0,02,","1133.2","0","583.8",",0","82.8",",,,0","294",",,,0","-2.23","3,0","2.49",",,,0","-6.96","3,,,0"
"USC00236739","2008-01","39.5669","-94.4544","275.8","PLATTSBURG, MO US","0.0","0","0.0","1,0","5",",0","4",",0","0",",0","9",",0","1",",0","4",",0","27",",0","13","1,0","0","1,0","0","1,0","","","","","-20.6",",0,25,+","102",",,0,19,+","107",",,0,17,","16.8",",,0,11,","16.1","1,0,29,","1807.4","0","674.2","1,0","35.6",",,,0","127",",,,0","-4.17","1,0","1.68","1,,,0","-10.02",",,,0"
"USC00236739","2008-02","39.5669","-94.4544","275.8","PLATTSBURG, MO US","0.0","0","0.0","1,0","6","1,0","4","1,0","2","1,0","6","1,0","3","1,0","1","1,0","28","1,0","11","1,0","0","1,0","0","1,0","","","","","-17.8","1,0,21,","152","1,,0,07,+","145","1,,0,06,","76.7","1,,0,17,","17.2","1,0,05,","2441.2","0","633.8","1,0","137.0","1,,,0","361","1,,,0","-4.30","1,0","0.98","1,,,0","-9.58","1,,,0"
"USC00236739","2008-03","39.5669","-94.4544","275.8","PLATTSBURG, MO US","","","","","","","","","","","","","","","","","","","","","","","","","","","","","","","","","","","","","","","","","","","59.7","4,a,,0","30","5,a,,0","","","","","",""
"USC00236739","2008-04","39.5669","-94.4544","275.8","PLATTSBURG, MO US","","","0.0","1,0","12",",0","9",",0","1",",0","0",",0","0",",0","0","1,0","8","1,0","0","1,0","8","1,0","0","1,0","","","","","-1.1","1,0,15,+","0",",,0,30,+","0",",T,0,13,+","26.4",",,0,24,","23.9","1,0,24,+","","","257.7","1,0","116.5",",,,0","0",",T,,0","9.45","1,0","15.50","1,,,0","3.40","1,,,0"
"USC00236739","2008-05","39.5669","-94.4544","275.8","PLATTSBURG, MO US","","","24.7","4,0","10","2,0","6","2,0","1","2,0","0",",0","0",",0","0","4,0","0","4,0","0","4,0","18","4,0","1","4,0","","","","","3.9","4,0,04,","0",",,0,31,+","0",",,0,31,+","29.2","2,,0,02,","32.2","4,0,26,","","","76.6","4,0","117.7","2,,,0","0",",,,0","16.41","4,0","22.57","4,,,0","10.25","4,,,0"
"USC00236739","2008-06","39.5669","-94.4544","275.8","PLATTSBURG, MO US","","","110.0","2,0","12","1,0","9","1,0","2","1,0","0",",0","0",",0","0","2,0","0","2,0","0","2,0","28","2,0","2","2,0","","","3","","12.8","2,0,30,+","0",",,0,30,+","0",",,0,30,+","33.5","1,,0,09,","32.2","2,0,26,+","","","0.8","2,0","147.4","1,,,0","0",",,,0","22.23","2,0","27.95","2,,,0","16.51","2,,,0"
"USC00236739","2008-07","39.5669","-94.4544","275.8","PLATTSBURG, MO US","","","195.3",",0","10","1,0","7","1,0","1","1,0","0",",0","0",",0","0",",0","0",",0","0",",0","31",",0","9",",0","","","","","12.8",",0,14,","0",",,0,31,+","0",",,0,31,+","42.2","1,,0,03,","35.6",",0,21,","0.0","0","0.0",",0","110.1","1,,,0","0",",,,0","24.63",",0","30.57",",,,0","18.69",",,,0"
"USC00236739","2008-08","39.5669","-94.4544","275.8","PLATTSBURG, MO US","","","129.6","2,0","3","3,0","1","3,0","0","3,0","0","2,0","0","2,0","0","2,0","0","2,0","0","2,0","29","2,0","3","2,0","","","","","12.2","2,0,27,","0","2,,0,31,+","0","2,,0,31,+","4.8","3,,0,21,","36.7","2,0,05,+","0.0","0","0.0","2,0","36.9","1,a,,0","0","2,,,0","22.80","2,0","28.57","2,,,0","17.04","2,,,0"
"USC00236739","2008-09","39.5669","-94.4544","275.8","PLATTSBURG, MO US","","","","","13","2,0","10","2,0","2","2,0","0","2,0","0","2,0","","","","","","","","","","","","","","","","","0","2,,0,30,+","0","2,,0,30,+","97.3","2,,0,13,","","","","","","","218.4","2,,,0","0","2,,,0","","","","","",""
"USC00236739","2008-10","39.5669","-94.4544","275.8","PLATTSBURG, MO US","","","7.3","4,0","10","2,0","8","2,0","1","2,0","0","2,0","0","2,0","0","4,0","3","4,0","0","4,0","9","4,0","0","4,0","","","","","-3.9","4,0,29,+","0","2,,0,31,+","0","2,,0,31,+","48.0","2,,0,23,","26.1","4,0,06,","","","181.8","4,0","111.9","2,,,0","0","2,,,0","11.87","4,0","17.97","4,,,0","5.76","4,,,0"
"USC00236739","2008-11","39.5669","-94.4544","275.8","PLATTSBURG, MO US","","","0.0","2,0","5",",0","3",",0","0",",0","0",",0","0",",0","0","2,0","16","2,0","1","2,0","5","2,0","0","2,0","","","","","-10.0","2,0,22,+","0",",T,0,30,","0",",T,0,30,+","17.3",",,0,06,","23.9","2,0,04,+","","","339.0","2,0","31.6",",,,0","0",",T,,0","6.23","2,0","11.51","2,,,0","0.95","2,,,0"
"USC00236739","2008-12","39.5669","-94.4544","275.8","PLATTSBURG, MO US","","","0.0","4,0","11","2,0","4","2,0","0","2,0","5","2,0","3","2,0","4","4,0","26","4,0","9","4,0","0","4,0","0","4,0","","","","","-19.4","4,0,23,+","127","2,,0,17,","132","2,,0,17,","25.1","2,,0,27,","18.9","4,0,27,","","","578.1","4,0","52.3","2,,,0","211","2,,,0","-3.08","4,0","3.25","4,,,0","-9.41","4,,,0"
"USC00236739","2009-01","39.5669","-94.4544","275.8","PLATTSBURG, MO US","0.0","","0.0","1,0","1","1,0","0","1,0","0","1,0","1","1,0","0","1,0","3","1,0","30","1,0","13","1,0","0","1,0","0","1,0","","","","","-22.2","1,0,16,+","25","1,,0,28,","10","1,,0,28,","1.0","1,,0,28,","15.6","1,0,23,","","","701.8","1,0","1.0","1,,,0","13","1,,,0","-5.06","1,0","0.78","1,,,0","-10.90","1,,,0"
"USC00236739","2009-02","39.5669","-94.4544","275.8","PLATTSBURG, MO US","0.0","","0.0","1,0","5","1,0","2","1,0","0","1,0","1","1,0","1","1,0","0","1,0","22","1,0","2","1,0","0","1,0","0","1,0","","","","","-15.6","1,0,03,","102","1,,0,28,","99","1,,0,28,","10.7","1,,0,28,","20.0","1,0,08,+","","","431.9","1,0","25.0","1,,,0","99","1,,,0","2.34","1,0","9.46","1,,,0","-4.79","1,,,0"
"USC00236739","2009-03","39.5669","-94.4544","275.8","PLATTSBURG, MO US","0.0","","0.0","2,0","7","2,0","5","2,0","1","2,0","5","1,0","2","1,0","0","2,0","21","2,0","3","2,0","4","2,0","0","2,0","","","","","-12.2","2,0,03,+","152","1,,0,01,","71","1,,0,29,","39.1","2,,0,10,","27.8","2,0,18,","","","377.2","2,0","133.4",",a,,0","119","1,,,0","5.33","2,0","12.14","2,,,0","-1.49","2,,,0"
"USC00236739","2009-04","39.5669","-94.4544","275.8","PLATTSBURG, MO US","8.4","","8.4",",0","12",",0","10",",0","2",",0","0",",0","0",",0","0",",0","11",",0","0",",0","5",",0","0",",0","","","","","-3.3",",0,08,","0",",,0,30,+","0",",T,0,06,","59.2",",,0,27,","27.8",",0,25,","","","256.9",",0","161.9",",,,0","0",",T,,0","10.05",",0","15.83",",,,0","4.27",",,,0"
"USC00236739","2009-05","39.5669","-94.4544","275.8","PLATTSBURG, MO US","41.7","","33.3",",0","8",",0","3",",0","1",",0","0",",0","0",",0","0",",0","0",",0","0",",0","22",",0","0",",0","","","","","4.4",",0,18,","0",",,0,31,+","0",",,0,31,+","56.6",",,0,16,","31.1",",0,29,+","","","63.6",",0","82.0",",,,0","0",",,,0","17.36",",0","23.71",",,,0","11.00",",,,0"
"USC00236739","2009-06","39.5669","-94.4544","275.8","PLATTSBURG, MO US","192.1","","150.4","4,0","8","4,0","5","4,0","1","4,0","0","3,0","0","3,0","0","4,0","0","4,0","0","4,0","25","4,0","11","4,0","","","","","12.2","4,0,15,","0","3,,0,30,+","0","3,,0,30,+","26.2","4,,0,16,","37.2","4,0,24,","","","2.8","4,0","93.4","1,a,,0","0","3,,,0","24.01","4,0","29.55","4,,,0","18.47","4,,,0"
"USC00236739","2009-07","39.5669","-94.4544","275.8","PLATTSBURG, MO US","317.4","","125.3","2,0","11","1,0","8","1,0","0","1,0","0","1,0","0","1,0","0","2,0","0","2,0","0","2,0","29","2,0","2","2,0","","","","","12.8","2,0,18,","0","1,,0,31,+","0","1,,0,31,+","25.1","1,,0,29,","32.2","2,0,12,+","0.0","","0.0","2,0","102.3","1,,,0","0","1,,,0","22.66","2,0","27.76","2,,,0","17.56","2,,,0"
"USC00236739","2009-08","39.5669","-94.4544","275.8","PLATTSBURG, MO US","433.5","","116.1","2,0","13","1,0","9","1,0","2","1,0","0","1,0","0","1,0","0","2,0","0","2,0","0","2,0","28","2,0","5","2,0","","","","","10.6","2,0,31,+","0","1,,0,31,+","0","1,,0,31,+","138.2","1,,0,17,","34.4","2,0,10,+","7.2","","7.2","2,0","248.7","1,,,0","0","1,,,0","22.09","2,0","27.52","2,,,0","16.66","2,,,0"
"USC00236739","2009-09","39.5669","-94.4544","275.8","PLATTSBURG, MO US","461.3","","27.8","2,0","8","1,0","4","1,0","0","1,0","0","1,0","0","1,0","0","2,0","0","2,0","0","2,0","23","2,0","0","2,0","","","","","3.9","2,0,30,","0","1,,0,30,+","0","1,,0,30,+","21.1","1,,0,26,","28.9","2,0,28,","36.2","","29.0","2,0","51.1","1,,,0","0","1,,,0","18.29","2,0","23.67","2,,,0","12.91","2,,,0"
"USC00236739","2009-10","39.5669","-94.4544","275.8","PLATTSBURG, MO US","461.3","","0.0","2,0","15","1,0","8","1,0","3","1,0","0","1,0","0","1,0","0","2,0","2","2,0","0","2,0","3","2,0","0","2,0","","","","","0.0","2,0,25,+","0","1,,0,31,+","0","1,,0,31,+","32.5","1,,0,01,","21.7","2,0,21,+","310.7","","274.5","2,0","158.5","1,,,0","0","1,,,0","8.87","2,0","13.83","2,,,0","3.90","2,,,0"
