"STATION","DATE","LATITUDE","LONGITUDE","ELEVATION","NAME","CDSD","CDSD_ATTRIBUTES","CLDD","CLDD_ATTRIBUTES","DP01","DP01_ATTRIBUTES","DP10","DP10_ATTRIBUTES","DP1X","DP1X_ATTRIBUTES","DSND","DSND_ATTRIBUTES","DSNW","DSNW_ATTRIBUTES","DT00","DT00_ATTRIBUTES","DT32","DT32_ATTRIBUTES","DX32","DX32_ATTRIBUTES","DX70","DX70_ATTRIBUTES","DX90","DX90_ATTRIBUTES","DYFG","DYFG_ATTRIBUTES","DYTS","DYTS_ATTRIBUTES","EMNT","EMNT_ATTRIBUTES","EMSD","EMSD_ATTRIBUTES","EMSN","EMSN_ATTRIBUTES","EMXP","EMXP_ATTRIBUTES","EMXT","EMXT_ATTRIBUTES","HDSD","HDSD_ATTRIBUTES","HTDD","HTDD_ATTRIBUTES","PRCP","PRCP_ATTRIBUTES","SNOW","SNOW_ATTRIBUTES","TAVG","TAVG_ATTRIBUTES","TMAX","TMAX_ATTRIBUTES","TMIN","TMIN_ATTRIBUTES"
"USC00105859","1910-04","44.61667","-116.43333","987.9","MESA, ID US","","","0.6","1,6","6",",6","4",",6","0",",6","","","0",",6","0","1,6","9","1,6","0","1,6","12","1,6","0","1,6","","","","","-3.3","1,6,14,","","","0",",T,6,03,+","14.7",",,6,11,","31.1","1,6,25,","","","205.2","1,6","28.4",",,,6","0",",T,,6","11.28","1,6","19.39","1,,,6","3.17","1,,,6"
"USC00105859","1910-05","44.61667","-116.43333","987.9","MESA, ID US","","","12.8",",6","6",",6","5",",6","0",",6","","","0",",6","0",",6","2",",6","0",",6","20",",6","2",",6","","","","","-0.6",",6,03,+","","","0",",,6,31,+","9.1",",,6,27,+","33.3",",6,31,","","","151.2",",6","39.5",",,,6","0",",,,6","13.87",",6","22.29",",,,6","5.45",",,,6"
"USC00105859","1910-06","44.61667","-116.43333","987.9","MESA, ID US","","","46.5",",6","2",",6","1",",6","0",",6","","","","","0",",6","0",",6","0",",6","30",",6","4",",6","","","","","0.6",",6,08,","","","","","3.6",",,6,07,","36.7",",6,27,+","","","43.0",",6","5.6",",,,6","","","18.45",",6","27.47",",,,6","9.43",",,,6"
"USC00105859","1910-07","44.61667","-116.43333","987.9","MESA, ID US","","","189.5",",6","2",",6","2",",6","0",",6","","","0",",6","0",",6","0",",6","0",",6","31",",6","23",",6","","","","","6.7",",6,23,","","","0",",,6,31,+","7.1",",,6,20,","38.3",",6,13,","0.3","6","0.3",",6","11.2",",,,6","0",",,,6","24.44",",6","33.80",",,,6","15.07",",,,6"
"USC00105859","1910-08","44.61667","-116.43333","987.9","MESA, ID US","","","94.0","2,6","0",",6","0",",6","0",",6","","","0",",6","0","2,6","0","2,6","0","2,6","29","2,6","11","2,6","","","","","2.2","2,6,25,","","","0",",,6,31,+","0.0",",T,6,11,+","38.9","2,6,19,","23.1","6","22.8","2,6","0.0",",T,,6","0",",,,6","20.79","2,6","30.71","2,,,6","10.87","2,,,6"
"USC00105859","1910-09","44.61667","-116.43333","987.9","MESA, ID US","","","13.4","2,6","2",",6","2",",6","0",",6","","","0",",6","0","2,6","1","2,6","0","2,6","28","2,6","1","2,6","","","","","-1.7","2,6,26,","","","0",",,6,30,+","7.6",",,6,16,","33.9","2,6,19,","87.2","6","64.1","2,6","12.2",",,,6","0",",,,6","16.52","2,6","25.42","2,,,6","7.63","2,,,6"
"USC00105859","1910-10","44.61667","-116.43333","987.9","MESA, ID US","","","","","","","","","","","","","0",",6","","","","","","","","","","","","","","","","","","","0",",,6,31,+","","","","","","","","","","","0",",,,6","","","","","",""
"USC00105859","1910-11","44.61667","-116.43333","987.9","MESA, ID US","","","0.0","5,6","13","1,6","11","1,6","0","1,6","","","","","0","3,6","15","3,6","1","4,6","0","4,6","0","4,6","2","","","","-10.6","3,6,26,","","","","","22.1","1,,6,28,","18.9","4,6,02,","","","370.6","4,6","134.2","1,,,6","","","3.47","5,6","7.93","4,,,6","-0.99","3,,,6"
"USC00105859","1910-12","44.61667","-116.43333","987.9","MESA, ID US","","","0.0",",6","","","","","","","","","4",",6","0",",6","31",",6","5",",6","0",",6","0",",6","7","","","","-8.9",",6,22,","","","127",",,6,31,","","","6.7",",6,26,","","","613.9",",6","","","289",",,,6","-1.47",",6","2.31",",,,6","-5.25",",,,6"
"USC00105859","1911-01","44.61667","-116.43333","987.9","MESA, ID US","0.0","6","0.0","1,6","10",",6","6",",6","0",",6","","","3",",6","3","1,6","30","1,6","10",",6","0",",6","0",",6","","","","","-18.3","1,6,18,","","","117",",,6,16,","19.3",",,6,31,","9.4",",6,26,","","","671.6",",6","61.9",",,,6","345",",,,6","-4.02","1,6","1.33",",,,6","-9.37","1,,,6"
"USC00105859","1911-02","44.61667","-116.43333","987.9","MESA, ID US","0.0","6","0.0","1,6","6",",6","4",",6","0",",6","","","4",",6","0",",6","28",",6","7","1,6","0","1,6","0","1,6","2","","","","-17.2",",6,08,","","","132",",,6,05,","18.0",",,6,01,","5.0","1,6,21,","","","630.2","1,6","38.1",",,,6","277",",,,6","-4.88","1,6","1.34","1,,,6","-11.11",",,,6"
"USC00105859","1911-03","44.61667","-116.43333","987.9","MESA, ID US","0.0","6","0.0","1,6","4",",6","3",",6","1",",6","","","0",",6","0",",6","22",",6","0","1,6","2","1,6","0","1,6","","","","","-14.4",",6,01,","","","13",",,6,05,","27.9",",,6,08,","22.2","1,6,31,","","","415.5","1,6","48.5",",,,6","13",",,,6","4.46","1,6","11.81","1,,,6","-2.88",",,,6"
"USC00105859","1911-04","44.61667","-116.43333","987.9","MESA, ID US","0.0","6","0.0","2,6","0",",6","0",",6","0",",6","","","0",",6","0","1,6","16","1,6","0","1,6","3","1,6","0","1,6","","","","","-6.1","1,6,13,+","","","0",",T,6,19,+","0.0",",T,6,19,+","22.2","1,6,02,","","","316.1","1,6","0.0",",T,,6","0",",T,,6","7.13","2,6","14.22","1,,,6","0.03","1,,,6"
"USC00105859","1911-05","44.61667","-116.43333","987.9","MESA, ID US","","","","","","","","","","","","","0",",6","","","","","","","","","","","","","","","","","","","0",",,6,31,+","","","","","","","","","","","0",",,,6","","","","","",""
"USC00105859","1911-07","44.61667","-116.43333","987.9","MESA, ID US","","","141.5","1,6","1",",6","1",",6","0",",6","","","","","0",",6","0",",6","0","1,6","29","1,6","16","1,6","","","","","7.8",",6,10,+","","","","","6.4",",,6,01,","37.2","1,6,17,","7.7","6","7.7","1,6","6.4",",,,6","","","22.70","1,6","31.30","1,,,6","14.09",",,,6"
"USC00105859","1911-08","44.61667","-116.43333","987.9","MESA, ID US","","","","","0",",6","0",",6","0",",6","","","0",",6","0","3,6","0","3,6","0","3,6","28","3,6","5","3,6","","","","","4.4","3,6,15,","","","0",",,6,31,+","0.0",",,6,31,+","35.0","3,6,17,","","","","","0.0",",,,6","0",",,,6","20.31","6,6","29.24","3,,,6","11.39","3,,,6"
"USC00105859","1911-09","44.61667","-116.43333","987.9","MESA, ID US","","","19.0","4,6","0",",6","0",",6","0",",6","","","","","0","3,6","0","3,6","0","1,6","18","1,6","2","1,6","","","","","0.6","3,6,17,","","","","","0.0",",T,6,22,+","33.9","1,6,02,","","","99.4","1,6","0.0",",T,,6","","","15.26","4,6","22.80","1,,,6","7.72","3,,,6"
"USC00105859","1911-10","44.61667","-116.43333","987.9","MESA, ID US","","","0.0","3,6","3",",6","2",",6","0",",6","","","","","0","1,6","10","1,6","0","2,6","3","2,6","0","2,6","","","","","-3.3","1,6,28,","","","","","16.8",",,6,11,","27.8","2,6,08,","","","259.3","2,6","31.5",",,,6","","","9.25","3,6","16.37","2,,,6","2.13","1,,,6"
"USC00105859","1911-11","44.61667","-116.43333","987.9","MESA, ID US","","","0.0","5,6","11",",6","10",",6","0",",6","","","","","0","3,6","23","3,6","1","3,6","0","3,6","0","3,6","","","","","-14.4","3,6,12,","","","","","16.8",",,6,13,","15.0","3,6,01,","","","427.0","3,6","84.0",",,,6","","","1.52","5,6","6.74","3,,,6","-3.70","3,,,6"
"USC00105859","1911-12","44.61667","-116.43333","987.9","MESA, ID US","","","","","","","","","","","","","","","0","4,6","27","4,6","9","3,6","0","3,6","0","3,6","","","","","-16.1","4,6,26,","","","","","","","10.6","3,6,04,","","","","","","","","","-1.91","7,6","2.74","3,,,6","-6.55","4,,,6"
"USC00105859","1912-01","44.61667","-116.43333","987.9","MESA, ID US","","","","","","","","","","","","","","","3","3,6","28","3,6","11","3,6","0","3,6","0","3,6","","","","","-20.6","3,6,04,","","","","","","","7.2","3,6,26,+","","","","","","","","","-5.24","6,6","0.17","3,,,6","-10.66","3,,,6"
"USC00105859","1912-02","44.61667","-116.43333","987.9","MESA, ID US","","","0.0","3,6","6",",6","5",",6","0",",6","","","2",",6","0","3,6","26","3,6","6",",6","0",",6","0",",6","","","","","-12.2","3,6,25,","","","117",",,6,23,","18.8",",,6,16,","8.9",",6,29,","","","510.7",",6","58.2",",,,6","147",",,,6","-1.21","3,6","3.49",",,,6","-5.91","3,,,6"
"USC00105859","1912-03","44.61667","-116.43333","987.9","MESA, ID US","","","0.0","3,6","","","","","","","","","","","0","2,6","29","2,6","1","1,6","0","1,6","0","1,6","","","","","-12.2","2,6,04,","","","","","","","15.6","1,6,18,","","","477.1","1,6","","","","","1.10","3,6","8.16","1,,,6","-5.96","2,,,6"
"USC00105859","1912-04","44.61667","-116.43333","987.9","MESA, ID US","","","0.0","2,6","8",",6","5",",6","0",",6","","","2",",6","0","1,6","13","1,6","0","1,6","0","1,6","0","1,6","","","","","-6.1","1,6,14,+","","","25",",,6,15,+","7.6",",,6,22,","20.0","1,6,18,+","","","283.8","1,6","36.3",",,,6","50",",,,6","8.19","2,6","15.99","1,,,6","0.40","1,,,6"
"USC00105859","1912-05","44.61667","-116.43333","987.9","MESA, ID US","","","0.3","2,6","7",",6","5",",6","0",",6","","","0",",6","0","1,6","0","1,6","0","1,6","21","1,6","0","1,6","","","","","1.7","1,6,31,+","","","0",",,6,31,+","8.6",",,6,01,","24.4","1,6,29,+","","","152.5","1,6","32.0",",,,6","0",",,,6","13.08","2,6","20.27","1,,,6","5.90","1,,,6"
"USC00105859","1912-06","44.61667","-116.43333","987.9","MESA, ID US","","","","","","","","","","","","","0",",6","0","5,","0","5,6","","","","","","","","","","","2.2","5,6,15,+","","","0",",,6,30,+","","","","","","","","","","","0",",,,6","","","","","10.45","5,,,6"
"USC00105859","1912-07","44.61667","-116.43333","987.9","MESA, ID US","","","","","","","","","","","","","0",",6","","","","","","","","","","","","","","","","","","","0",",,6,31,+","","","","","","","","","","","0",",,,6","","","","","",""
"USC00105859","1912-08","44.61667","-116.43333","987.9","MESA, ID US","","","59.8","4,6","","","","","","","","","0",",6","0","2,6","0","2,6","0","2,6","26","2,6","7","2,6","","","","","1.7","2,6,30,","","","0",",,6,31,+","","","35.6","2,6,23,","","","31.1","2,6","","","0",",,,6","19.68","4,6","27.53","2,,,6","11.82","2,,,6"
"USC00105859","1912-09","44.61667","-116.43333","987.9","MESA, ID US","","","","","6",",6","5",",6","0",",6","","","0",",6","0","3,6","0","3,6","0","4,6","15","4,6","0","4,6","","","","","0.6","3,6,25,","","","0",",,6,30,+","11.7",",,6,07,","28.3","4,6,15,","","","","","36.9",",,,6","0",",,,6","14.05","6,6","21.84","4,,,6","6.26","3,,,6"
"USC00105859","1912-10","44.61667","-116.43333","987.9","MESA, ID US","","","0.0","3,6","5",",6","5",",6","0",",6","","","0",",6","0","2,6","8","2,6","0","2,6","6","2,6","0","2,6","","","","","-5.0","2,6,21,+","","","0",",T,6,21,+","8.6",",,6,08,","23.9","2,6,03,","","","275.3","2,6","24.1",",,,6","0",",T,,6","8.49","3,6","15.14","2,,,6","1.83","2,,,6"
"USC00105859","1912-11","44.61667","-116.43333","987.9","MESA, ID US","","","0.0","1,6","5",",6","5",",6","0",",6","","","","","0",",6","22",",6","0","1,6","0","1,6","0","1,6","","","","","-5.6",",6,29,","","","","","24.4",",,6,05,","17.8","1,6,09,","","","412.1","1,6","48.3",",,,6","","","4.05","1,6","9.06","1,,,6","-0.95",",,,6"
"USC00105859","1912-12","44.61667","-116.43333","987.9","MESA, ID US","","","0.0","1,6","","","","","","","","","7",",6","0","1,6","30","1,6","10",",6","0",",6","0",",6","","","","","-17.2","1,6,27,","","","84",",,6,30,","","","7.8",",6,10,","","","627.8",",6","","","450",",,,6","-2.64","1,6","2.21",",,,6","-7.50","1,,,6"
"USC00105859","1913-01","44.61667","-116.43333","987.9","MESA, ID US","","","","","","","","","","","","","","","3","3,6","27","3,6","14","5,6","0","5,6","0","5,6","","","","","-23.3","3,6,06,","","","","","","","6.1","5,6,25,","","","","","","","","","-5.94","8,6","-0.37","5,,,6","-11.51","3,,,6"
"USC00105859","1913-02","44.61667","-116.43333","987.9","MESA, ID US","","","0.0","5,6","2",",6","2",",6","0",",6","","","1",",6","0","2,6","26","2,6","3","3,6","0","3,6","0","3,6","","","","","-17.2","2,6,23,+","","","94",",,6,03,","7.9",",,6,03,","9.4","3,6,16,","","","519.6","3,6","13.7",",,,6","94",",,,6","-4.31","5,6","2.90","3,,,6","-11.51","2,,,6"
"USC00105859","1913-03","44.61667","-116.43333","987.9","MESA, ID US","","","0.0",",6","","","","","","","","","1",",6","0",",6","27",",6","5",",6","0",",6","0",",6","","","","","-15.0",",6,26,","","","25",",,6,18,","","","10.0",",6,31,+","","","584.5",",6","","","58",",,,6","-0.52",",6","4.65",",,,6","-5.69",",,,6"
"USC00105859","1913-04","44.61667","-116.43333","987.9","MESA, ID US","","","","","5","1,6","5","1,6","0","1,6","","","1",",6","0","3,6","10","3,6","0","3,6","5","3,6","0","3,6","","","","","-4.4","3,6,03,","","","81",",,6,01,","20.3","1,,6,15,","23.9","3,6,13,+","","","","","41.5","1,,,6","94",",,,6","8.35","6,6","14.65","3,,,6","2.05","3,,,6"
"USC00105859","1913-05","44.61667","-116.43333","987.9","MESA, ID US","","","","","5",",6","5",",6","0",",6","","","0",",6","0","2,6","4","2,6","0","2,6","13","2,6","1","2,6","","","","","-1.1","2,6,01,","","","0",",,6,31,+","13.7",",,6,19,","32.8","2,6,26,","","","","","33.6",",,,6","0",",,,6","13.89","4,6","20.98","2,,,6","6.80","2,,,6"
"USC00105859","1913-06","44.61667","-116.43333","987.9","MESA, ID US","","","29.7","1,6","","","","","","","","","0",",6","0","1,6","0","1,6","0",",6","21",",6","1",",6","","","","","5.6","1,6,25,","","","0",",,6,30,+","","","32.2",",6,02,","","","58.1",",6","","","0",",,,6","17.31","1,6","23.64",",,,6","10.98","1,,,6"
"USC00105859","1913-08","44.61667","-116.43333","987.9","MESA, ID US","","","139.0",",6","1",",6","1",",6","0",",6","","","0",",6","0",",6","0",",6","0",",6","31",",6","14",",6","","","","","7.8",",6,19,","","","0",",,6,31,+","3.8",",,6,12,","36.7",",6,21,","","","3.3",",6","3.8",",,,6","0",",,,6","22.71",",6","31.19",",,,6","14.23",",,,6"
"USC00105859","1913-09","44.61667","-116.43333","987.9","MESA, ID US","","","32.6","2,6","1",",6","1",",6","0",",6","","","0",",6","0",",6","0",",6","0","2,6","24","2,6","2","2,6","","","","","1.1",",6,25,","","","0",",T,6,13,+","6.6",",,6,22,","33.9","2,6,07,","","","54.7","2,6","6.6",",,,6","0",",T,,6","17.42","2,6","26.16","2,,,6","8.68",",,,6"
"USC00105859","1913-10","44.61667","-116.43333","987.9","MESA, ID US","","","0.0","2,6","3",",6","3",",6","1",",6","","","0",",6","0","1,6","9","1,6","0","1,6","4","1,6","0","1,6","","","","","-2.8","1,6,15,","","","0",",T,6,06,","45.0",",,6,07,","25.0","1,6,02,","","","294.9","1,6","52.4",",,,6","0",",T,,6","8.16","2,6","14.50","1,,,6","1.82","1,,,6"
"USC00105859","1913-11","44.61667","-116.43333","987.9","MESA, ID US","","","0.0","2,6","","","","","","","","","4",",6","0",",6","15",",6","1","2,6","0","2,6","0","2,6","","","","","-7.2",",6,25,+","","","76",",,6,20,","","","16.7","2,6,09,","","","399.6","2,6","","","224",",,,6","4.07","2,6","8.30","2,,,6","-0.16",",,,6"
"USC00105859","1913-12","44.61667","-116.43333","987.9","MESA, ID US","","","0.0",",6","7",",6","7",",6","0",",6","","","7",",6","0",",6","31",",6","13",",6","0",",6","0",",6","","","","","-12.2",",6,25,","","","132",",,6,31,","14.7",",,6,31,","9.4",",6,08,+","","","638.0",",6","54.4",",,,6","564",",,,6","-2.25",",6","2.45",",,,6","-6.95",",,,6"
"USC00105859","1914-01","44.61667","-116.43333","987.9","MESA, ID US","0.0","6","0.0","1,6","14",",6","10",",6","1",",6","","","7",",6","0",",6","31",",6","5","1,6","0","1,6","0","1,6","","","","","-16.7",",6,12,","","","239",",,6,21,","25.4",",,6,21,","7.2","1,6,15,","","","601.9","1,6","100.2",",,,6","604",",,,6","-1.71","1,6","2.51","1,,,6","-5.94",",,,6"
"USC00105859","1914-02","44.61667","-116.43333","987.9","MESA, ID US","0.0","6","0.0","1,6","10",",6","7",",6","0",",6","","","3",",6","1",",6","26",",6","4","1,6","0","1,6","0","1,6","","","","","-20.0",",6,06,","","","51",",,6,11,","7.1",",,6,20,","9.4","1,6,22,","","","537.6","1,6","35.4",",,,6","109",",,,6","-1.68","1,6","3.47","1,,,6","-6.83",",,,6"
"USC00105859","1914-03","44.61667","-116.43333","987.9","MESA, ID US","0.0","6","0.0",",6","4",",6","1",",6","0",",6","","","","","0",",6","19",",6","0",",6","0",",6","0",",6","","","","","-6.1",",6,02,","","","","","6.1",",,6,30,","19.4",",6,17,","","","390.5",",6","9.4",",,,6","","","5.74",",6","12.18",",,,6","-0.71",",,,6"
"USC00105859","1914-04","44.61667","-116.43333","987.9","MESA, ID US","0.0","6","0.0",",6","15",",6","12",",6","0",",6","","","0",",6","0",",6","3",",6","0",",6","3",",6","0",",6","","","","","-1.7",",6,17,","","","0",",,6,30,+","11.4",",,6,27,+","21.7",",6,04,","","","266.2",",6","64.7",",,,6","0",",,,6","9.46",",6","15.92",",,,6","3.00",",,,6"
"USC00105859","1914-05","44.61667","-116.43333","987.9","MESA, ID US","10.2","6","10.2","1,6","2",",6","2",",6","0",",6","","","0",",6","0","1,6","2","1,6","0",",6","24",",6","1",",6","","","","","-1.1","1,6,04,","","","0",",,6,31,+","19.3",",,6,25,","33.9",",6,31,","","","98.9",",6","23.4",",,,6","0",",,,6","15.51","1,6","23.49",",,,6","7.53","1,,,6"
"USC00105859","1914-06","44.61667","-116.43333","987.9","MESA, ID US","48.8","6","38.6","3,6","8",",6","6",",6","0",",6","","","0",",6","0",",6","2",",6","0","3,6","20","3,6","3","3,6","","","","","-0.6",",6,05,","","","0",",T,6,05,","12.7",",,6,25,+","34.4","3,6,18,","","","70.6","3,6","54.4",",,,6","0",",T,,6","16.82","3,6","24.26","3,,,6","9.38",",,,6"
"USC00105859","1914-07","44.61667","-116.43333","987.9","MESA, ID US","214.7","6","165.9","1,6","4",",6","3",",6","0",",6","","","0",",6","0",",6","0",",6","0","1,6","30","1,6","21","1,6","","","","","10.0",",6,22,","","","0",",,6,31,+","10.7",",,6,21,","37.8","1,6,30,","0.0","6","0.0","1,6","23.4",",,,6","0",",,,6","23.87","1,6","32.14","1,,,6","15.60",",,,6"
"USC00105859","1914-08","44.61667","-116.43333","987.9","MESA, ID US","366.5","6","151.8",",6","1",",6","0",",6","0",",6","","","0",",6","0",",6","0",",6","0",",6","31",",6","15",",6","","","","","8.9",",6,18,","","","0",",,6,31,+","2.0",",,6,04,","37.8",",6,14,","2.5","6","2.5",",6","2.0",",,,6","0",",,,6","23.15",",6","31.90",",,,6","14.40",",,,6"
"USC00105859","1914-09","44.61667","-116.43333","987.9","MESA, ID US","377.9","6","11.4","3,6","","","","","","","","","0",",6","0","1,6","0","1,6","0","2,6","23","2,6","1","2,6","","","","","0.6","1,6,13,","","","0",",,6,30,+","","","32.8","2,6,02,","86.4","6","83.9","2,6","","","0",",,,6","15.55","3,6","24.02","2,,,6","7.07","1,,,6"
"USC00105859","1914-10","44.61667","-116.43333","987.9","MESA, ID US","377.9","6","0.0","1,6","8",",6","5",",6","0",",6","","","0",",6","0",",6","1",",6","0","1,6","11","1,6","0","1,6","","","","","0.0",",6,04,","","","0",",,6,31,+","12.7",",,6,03,","27.8","1,6,15,+","281.3","6","194.9","1,6","38.2",",,,6","0",",,,6","11.90","1,6","18.84","1,,,6","4.96",",,,6"
"USC00105859","1914-11","44.61667","-116.43333","987.9","MESA, ID US","377.9","6","0.0","2,6","4",",6","2",",6","0",",6","","","1",",6","0","1,6","22","1,6","0","1,6","0","1,6","0","1,6","","","","","-7.2","1,6,30,+","","","25",",,6,30,","3.8",",,6,02,","18.9","1,6,06,+","644.0","6","362.7","1,6","8.9",",,,6","25",",,,6","5.19","2,6","12.36","1,,,6","-1.97","1,,,6"
"USC00105859","1914-12","44.61667","-116.43333","987.9","MESA, ID US","377.9","6","0.0","2,6","3",",6","1",",6","0",",6","","","2",",6","3","2,6","29","2,6","16",",6","0",",6","0",",6","","","","","-18.9","2,6,17,+","","","71",",,6,28,","4.6",",,6,28,","7.8",",6,08,+","1333.6","6","689.6",",6","7.4",",,,6","109",",,,6","-5.44","2,6","0.14",",,,6","-11.02","2,,,6"
"USC00105859","1915-01","44.61667","-116.43333","987.9","MESA, ID US","0.0","","0.0","2,6","9","1,6","7","1,6","0","1,6","","","7",",6","2",",6","31",",6","18","2,6","0","2,6","0","2,6","","","","","-20.0",",6,25,","","","97",",,6,02,","10.9","1,,6,09,","5.6","2,6,31,+","2031.1","","697.5","2,6","47.8","1,,,6","462",",,,6","-5.68","2,6","-1.09","2,,,6","-10.27",",,,6"
"USC00105859","1915-02","44.61667","-116.43333","987.9","MESA, ID US","0.0","","0.0","1,6","10",",6","10",",6","0",",6","","","2",",6","0","1,6","20","1,6","0",",6","0",",6","0",",6","","","","","-7.2","1,6,15,","","","46",",,6,01,","19.6",",,6,02,","11.1",",6,08,","2472.8","","441.7",",6","86.7",",,,6","105",",,,6","1.94","1,6","6.04",",,,6","-2.15","1,,,6"
"USC00105859","1915-03","44.61667","-116.43333","987.9","MESA, ID US","0.0","","0.0","1,6","5",",6","3",",6","0",",6","","","0",",6","0",",6","12",",6","0","1,6","1","1,6","0","1,6","","","","","-2.8",",6,29,","","","0",",,6,31,+","16.3",",,6,29,","21.1","1,6,22,","2808.2","","335.4","1,6","33.8",",,,6","0",",,,6","7.07","1,6","12.28","1,,,6","1.87",",,,6"
"USC00105859","1915-05","44.61667","-116.43333","987.9","MESA, ID US","","","","","","","","","","","","","","","","","","","","","","","","","","","2","","","","","","","","","","","","","","","","","","","","","","","","",""
"USC00105859","1915-06","44.61667","-116.43333","987.9","MESA, ID US","","","","","4",",6","2",",6","0",",6","","","0",",6","","","","","","","","","","","","","","","","","","","0",",,6,30,+","6.1",",,6,26,","","","","","","","12.2",",,,6","0",",,,6","","","","","",""
"USC00105859","1915-07","44.61667","-116.43333","987.9","MESA, ID US","","","","","","","","","","","","","0",",6","","","","","","","","","","","","","","","","","","","0",",,6,31,+","","","","","","","","","","","0",",,,6","","","","","",""
"USC00105859","1915-08","44.61667","-116.43333","987.9","MESA, ID US","","","240.5",",6","1",",6","1",",6","0",",6","","","0",",6","0",",6","0",",6","0",",6","31",",6","30",",6","","","","","11.1",",6,01,","","","0",",,6,31,+","9.7",",,6,01,","39.4",",6,28,+","","","0.0",",6","9.7",",,,6","0",",,,6","26.09",",6","35.68",",,,6","16.51",",,,6"
"USC00105859","1944-05","44.61667","-116.43333","987.9","MESA, ID US","","","24.0","2,6","4",",6","3",",6","0",",6","","","0",",6","0",",6","2",",6","0","2,6","21","2,6","0","2,6","","","","","-3.3",",6,23,","","","0",",T,6,22,","15.2",",,6,18,","31.7","2,6,29,","","","101.7","2,6","32.7",",,,6","0",",T,,6","15.62","2,6","23.93","2,,,6","7.32",",,,6"
"USC00105859","1944-06","44.61667","-116.43333","987.9","MESA, ID US","","","18.0",",6","16",",6","10",",6","0",",6","","","0",",6","0",",6","0",",6","0",",6","23",",6","3",",6","","","","","5.0",",6,08,","","","0",",,6,30,+","14.2",",,6,17,","34.4",",6,30,","","","73.4",",6","94.0",",,,6","0",",,,6","16.49",",6","24.33",",,,6","8.64",",,,6"
"USC00105859","1944-07","44.61667","-116.43333","987.9","MESA, ID US","","","119.3",",6","1",",6","0",",6","0",",6","","","0",",6","0",",6","0",",6","0",",6","31",",6","12",",6","","","","","6.1",",6,02,","","","0",",,6,31,+","0.8",",,6,29,","37.2",",6,28,+","5.3","6","5.3",",6","0.8",",,,6","0",",,,6","22.01",",6","31.01",",,,6","13.01",",,,6"
"USC00105859","1944-08","44.61667","-116.43333","987.9","MESA, ID US","","","97.6",",6","2",",6","2",",6","0",",6","","","0",",6","0",",6","0",",6","0",",6","31",",6","10",",6","","","","","7.2",",6,15,","","","0",",,6,31,+","7.1",",,6,02,","35.0",",6,05,","10.0","6","4.7",",6","9.9",",,,6","0",",,,6","21.33",",6","30.64",",,,6","12.02",",,,6"
"USC00105859","1944-09","44.61667","-116.43333","987.9","MESA, ID US","","","52.8","2,6","3",",6","2",",6","0",",6","","","0",",6","0","1,6","0","1,6","0","2,6","22","2,6","8","2,6","","","","","0.6","1,6,19,","","","0",",,6,30,+","7.9",",,6,02,","36.1","2,6,09,","63.2","6","53.2","2,6","14.3",",,,6","0",",,,6","18.35","2,6","27.33","2,,,6","9.37","1,,,6"
"USC00105859","1944-10","44.61667","-116.43333","987.9","MESA, ID US","","","2.6","1,6","2",",6","2",",6","0",",6","","","0",",6","0","1,6","0","1,6","0",",6","25",",6","0",",6","","","","","1.7","1,6,07,","","","0",",,6,31,+","18.3",",,6,31,","27.8",",6,12,+","192.4","6","129.2",",6","24.7",",,,6","0",",,,6","14.08","1,6","22.67",",,,6","5.50","1,,,6"
"USC00105859","1944-11","44.61667","-116.43333","987.9","MESA, ID US","","","0.0",",6","12",",6","7",",6","1",",6","","","2",",6","0",",6","22",",6","0",",6","0",",6","0",",6","","","","","-8.9",",6,28,","","","38",",,6,26,+","35.8",",,6,05,","15.0",",6,04,","660.5","6","468.1",",6","86.7",",,,6","102",",,,6","2.73",",6","6.47",",,,6","-1.01",",,,6"
"USC00105859","1944-12","44.61667","-116.43333","987.9","MESA, ID US","","","","","7",",6","6",",6","0",",6","","","4",",6","","","","","","","","","","","","","","","","","","","163",",,6,20,","17.8",",,6,20,","","","","","","","58.3",",,,6","379",",,,6","","","","","",""
"USC00105859","1945-01","44.61667","-116.43333","987.9","MESA, ID US","0.0","6","0.0",",6","11",",6","8",",6","0",",6","","","4",",6","0",",6","30",",6","10",",6","0",",6","0",",6","","","","","-15.0",",6,27,+","","","76",",,6,18,","14.2",",,6,13,","7.2",",6,15,+","","","650.7",",6","61.7",",,,6","268",",,,6","-2.66",",6","1.37",",,,6","-6.68",",,,6"
"USC00105859","1945-02","44.61667","-116.43333","987.9","MESA, ID US","0.0","6","0.0",",6","","","","","","","","","4",",6","0",",6","26",",6","0",",6","0",",6","0",",6","","","","","-10.0",",6,21,","","","165",",,6,18,","","","13.3",",6,09,","","","476.9",",6","","","344",",,,6","1.30",",6","5.54",",,,6","-2.94",",,,6"
"USC00105859","1945-03","44.61667","-116.43333","987.9","MESA, ID US","0.0","6","0.0",",6","12",",6","9",",6","0",",6","","","2",",6","0",",6","22",",6","1",",6","0",",6","0",",6","","","","","-12.8",",6,05,","","","51",",,6,28,","16.0",",,6,20,","15.0",",6,30,+","","","459.7",",6","66.3",",,,6","76",",,,6","3.50",",6","8.67",",,,6","-1.66",",,,6"
"USC00105859","1945-04","44.61667","-116.43333","987.9","MESA, ID US","0.0","6","0.0",",6","3",",6","3",",6","0",",6","","","0",",6","0",",6","14",",6","0",",6","5",",6","0",",6","","","","","-5.0",",6,09,+","","","0",",T,6,11,","9.4",",,6,08,","25.6",",6,20,","","","329.9",",6","25.4",",,,6","0",",T,,6","7.34",",6","13.66",",,,6","1.01",",,,6"
"USC00105859","1945-05","44.61667","-116.43333","987.9","MESA, ID US","2.8","6","2.8",",6","17",",6","11",",6","0",",6","","","0",",6","0",",6","0",",6","0",",6","14",",6","0",",6","","","","","0.6",",6,17,","","","0",",,6,31,+","21.6",",,6,24,","28.9",",6,03,","","","153.0",",6","102.3",",,,6","0",",,,6","13.49",",6","20.83",",,,6","6.15",",,,6"
"USC00105859","1945-06","44.61667","-116.43333","987.9","MESA, ID US","","","","","10",",6","6",",6","0",",6","","","0",",6","","","","","0",",6","20",",6","1",",6","","","","","","","","","0",",,6,30,+","21.3",",,6,05,","33.3",",6,21,","","","","","73.7",",,,6","0",",,,6","","","23.02",",,,6","",""
"USC00105859","1945-07","44.61667","-116.43333","987.9","MESA, ID US","","","171.0",",6","0",",6","0",",6","0",",6","","","0",",6","0",",6","0",",6","0",",6","31",",6","23",",6","","","","","7.8",",6,01,","","","0",",,6,31,+","0.0",",T,6,17,+","37.2",",6,24,","0.3","6","0.3",",6","0.0",",T,,6","0",",,,6","23.84",",6","33.60",",,,6","14.08",",,,6"
"USC00105859","1945-08","44.61667","-116.43333","987.9","MESA, ID US","","","147.6","1,6","2",",6","1",",6","0",",6","","","0",",6","0",",6","0",",6","0","1,6","30","1,6","19","1,6","","","","","4.4",",6,26,","","","0",",,6,31,+","7.6",",,6,07,","36.7","1,6,23,+","7.5","6","7.2","1,6","8.4",",,,6","0",",,,6","22.99","1,6","32.82","1,,,6","13.15",",,,6"
"USC00105859","1945-09","44.61667","-116.43333","987.9","MESA, ID US","","","26.9",",6","7",",6","5",",6","1",",6","","","0",",6","0",",6","1",",6","0",",6","16",",6","5",",6","","","","","0.0",",6,29,","","","0",",,6,30,+","29.5",",,6,21,","37.2",",6,01,","147.6","6","140.1",",6","51.7",",,,6","0",",,,6","14.56",",6","23.01",",,,6","6.11",",,,6"
"USC00105859","1945-10","44.61667","-116.43333","987.9","MESA, ID US","","","1.4",",6","5",",6","4",",6","0",",6","","","0",",6","0",",6","9",",6","0",",6","15",",6","0",",6","","","","","-4.4",",6,21,","","","0",",,6,31,+","17.3",",,6,30,","29.4",",6,09,","348.7","6","201.1",",6","32.4",",,,6","0",",,,6","11.89",",6","19.96",",,,6","3.82",",,,6"
"USC00105859","1945-11","44.61667","-116.43333","987.9","MESA, ID US","","","0.0",",6","15",",6","11",",6","0",",6","","","5",",6","0",",6","22",",6","1",",6","0",",6","0",",6","","","","","-8.9",",6,22,+","","","127",",,6,12,","20.1",",,6,26,","16.7",",6,03,","840.9","6","492.2",",6","89.2",",,,6","433",",,,6","1.93",",6","6.08",",,,6","-2.23",",,,6"
"USC00105859","1945-12","44.61667","-116.43333","987.9","MESA, ID US","","","0.0",",6","14",",6","10",",6","1",",6","","","2",",6","0",",6","25",",6","11",",6","0",",6","0",",6","","","","","-16.1",",6,20,","","","127",",,6,21,","27.9",",,6,28,","6.1",",6,30,+","1472.6","6","631.7",",6","101.9",",,,6","178",",,,6","-2.05",",6","1.96",",,,6","-6.05",",,,6"
"USC00105859","1946-01","44.61667","-116.43333","987.9","MESA, ID US","0.0","6","0.0",",6","8",",6","7",",6","0",",6","28","3,6","","","0",",6","31",",6","4",",6","0",",6","0",",6","","","","","-16.7",",6,30,","457","3,,6,31,","","","23.4",",,6,22,","8.9",",6,03,","2145.1","6","672.5",",6","67.3",",,,6","","","-3.36",",6","2.74",",,,6","-9.46",",,,6"
"USC00105859","1946-02","44.61667","-116.43333","987.9","MESA, ID US","0.0","6","0.0",",6","10",",6","6",",6","0",",6","28",",6","7",",6","0",",6","28",",6","6",",6","0",",6","0",",6","","","","","-16.1",",6,12,+","686",",,6,06,","117",",,6,06,","24.9",",,6,01,","8.3",",6,28,+","2725.4","6","580.3",",6","82.1",",,,6","434",",,,6","-2.39",",6","3.55",",,,6","-8.33",",,,6"
"USC00105859","1946-03","44.61667","-116.43333","987.9","MESA, ID US","0.0","6","0.0",",6","13",",6","9",",6","1",",6","","","1",",6","0",",6","26",",6","0",",6","0",",6","0",",6","","","","","-7.2",",6,16,+","","","76",",,6,15,","27.9",",,6,11,","20.0",",6,26,","3167.1","6","441.7",",6","93.9",",,,6","76",",,,6","4.08",",6","10.08",",,,6","-1.92",",,,6"
"USC00105859","1946-04","44.61667","-116.43333","987.9","MESA, ID US","0.0","6","0.0",",6","6",",6","4",",6","0",",6","","","0",",6","0",",6","8",",6","0",",6","10",",6","0",",6","","","","","-2.8",",6,30,","","","0",",,6,30,+","7.1",",,6,29,","31.1",",6,25,","3404.3","6","237.2",",6","22.8",",,,6","0",",,,6","10.43",",6","18.19",",,,6","2.67",",,,6"
"USC00105859","1946-05","44.61667","-116.43333","987.9","MESA, ID US","0.0","6","0.0",",6","6",",6","5",",6","0",",6","","","0",",6","0",",6","2",",6","0",",6","19",",6","0",",6","","","","","-2.2",",6,02,","","","0",",,6,31,+","13.5",",,6,26,","27.8",",6,17,+","3546.3","6","142.0",",6","43.3",",,,6","0",",,,6","13.75",",6","21.72",",,,6","5.79",",,,6"
"USC00105859","1946-06","44.61667","-116.43333","987.9","MESA, ID US","22.2","6","22.2",",6","5",",6","2",",6","0",",6","","","0",",6","0",",6","0",",6","0",",6","25",",6","2",",6","","","","","3.9",",6,24,","","","0",",,6,30,+","5.3",",,6,23,","32.8",",6,21,","3601.4","6","55.1",",6","10.2",",,,6","0",",,,6","17.24",",6","25.18",",,,6","9.29",",,,6"
"USC00105859","1946-07","44.61667","-116.43333","987.9","MESA, ID US","177.0","6","154.8",",6","7",",6","2",",6","0",",6","","","0",",6","0",",6","0",",6","0",",6","30",",6","15",",6","","","","","7.8",",6,09,","","","0",",,6,31,+","13.2",",,6,08,","40.0",",6,21,","7.5","6","7.5",",6","26.3",",,,6","0",",,,6","23.08",",6","32.08",",,,6","14.09",",,,6"
"USC00105859","1946-08","44.61667","-116.43333","987.9","MESA, ID US","305.5","6","128.5",",6","3",",6","1",",6","0",",6","","","0",",6","0",",6","0",",6","0",",6","31",",6","16",",6","","","","","7.2",",6,13,+","","","0",",,6,31,+","20.8",",,6,23,","40.0",",6,19,","8.6","6","1.1",",6","22.1",",,,6","0",",,,6","22.44",",6","32.02",",,,6","12.86",",,,6"
"USC00105859","1946-09","44.61667","-116.43333","987.9","MESA, ID US","314.7","6","9.2",",6","9",",6","5",",6","0",",6","","","0",",6","0",",6","2",",6","0",",6","19",",6","0",",6","","","","","-0.6",",6,23,+","","","0",",,6,30,+","11.9",",,6,16,","31.7",",6,02,","137.9","6","129.3",",6","35.4",",,,6","0",",,,6","14.33",",6","23.30",",,,6","5.36",",,,6"
"USC00105859","1946-10","44.61667","-116.43333","987.9","MESA, ID US","314.7","6","0.0",",6","9",",6","7",",6","0",",6","","","0",",6","0",",6","21",",6","0",",6","0",",6","0",",6","","","","","-7.2",",6,29,","","","0",",T,6,30,","16.5",",,6,22,","18.3",",6,13,+","525.9","6","388.0",",6","45.7",",,,6","0",",T,,6","5.82",",6","12.49",",,,6","-0.86",",,,6"
"USC00105859","1946-11","44.61667","-116.43333","987.9","MESA, ID US","314.7","6","0.0",",6","13",",6","11",",6","1",",6","","","3",",6","0",",6","28",",6","0",",6","0",",6","0",",6","","","","","-8.9",",6,02,","","","178",",,6,26,","33.3",",,6,19,","11.7",",6,14,+","1026.7","6","500.8",",6","155.7",",,,6","419",",,,6","1.64",",6","6.55",",,,6","-3.28",",,,6"
"USC00105859","1946-12","44.61667","-116.43333","987.9","MESA, ID US","314.7","6","0.0",",6","11",",6","7",",6","0",",6","","","1",",6","0",",6","27",",6","4",",6","0",",6","0",",6","","","","","-12.8",",6,30,","","","30",",,6,27,","17.3",",,6,11,","10.0",",6,04,","1586.9","6","560.2",",6","79.5",",,,6","30",",,,6","0.26",",6","4.80",",,,6","-4.28",",,,6"
"USC00105859","1947-01","44.61667","-116.43333","987.9","MESA, ID US","0.0","6","0.0",",6","10",",6","7",",6","0",",6","","","6",",6","4",",6","31",",6","16",",6","0",",6","0",",6","","","","","-23.3",",6,15,","","","114",",,6,12,","6.4",",,6,12,","7.2",",6,27,","2336.9","6","750.0",",6","30.4",",,,6","351",",,,6","-5.86",",6","0.05",",,,6","-11.77",",,,6"
"USC00105859","1947-02","44.61667","-116.43333","987.9","MESA, ID US","0.0","6","0.0",",6","2",",6","2",",6","1",",6","","","1",",6","0",",6","27",",6","0",",6","0",",6","0",",6","","","","","-11.1",",6,09,","","","127",",,6,01,","27.2",",,6,12,","14.4",",6,23,","2819.4","6","482.5",",6","38.9",",,,6","127",",,,6","1.10",",6","6.83",",,,6","-4.63",",,,6"
"USC00105859","1947-03","44.61667","-116.43333","987.9","MESA, ID US","0.0","6","0.0",",6","9",",6","7",",6","0",",6","","","1",",6","0",",6","20",",6","0",",6","2",",6","0",",6","","","","","-7.2",",6,06,","","","53",",,6,02,","13.7",",,6,10,","22.2",",6,16,","3198.4","6","379.0",",6","52.2",",,,6","66",",,,6","6.11",",6","12.89",",,,6","-0.68",",,,6"
"USC00105859","1947-04","44.61667","-116.43333","987.9","MESA, ID US","0.0","6","0.0",",6","8",",6","4",",6","0",",6","","","0",",6","0",",6","8",",6","0",",6","7",",6","0",",6","","","","","-5.0",",6,04,","","","0",",T,6,06,","5.1",",,6,08,","26.1",",6,27,+","3477.9","6","279.5",",6","19.8",",,,6","0",",T,,6","9.02",",6","16.12",",,,6","1.91",",,,6"
"USC00105859","1947-05","44.61667","-116.43333","987.9","MESA, ID US","26.5","6","26.5",",6","6",",6","5",",6","0",",6","","","0",",6","0",",6","0",",6","0",",6","23",",6","2",",6","","","","","3.3",",6,14,","","","0",",,6,31,+","17.8",",,6,09,","32.8",",6,26,","3569.4","6","91.5",",6","50.1",",,,6","0",",,,6","16.24",",6","23.75",",,,6","8.73",",,,6"
"USC00105859","1947-06","44.61667","-116.43333","987.9","MESA, ID US","36.5","6","10.0",",6","","","","","","","","","0",",6","0",",6","0",",6","0",",6","18",",6","1",",6","","","","","2.8",",6,28,","","","0",",,6,30,+","","","33.9",",6,17,","3666.5","6","97.1",",6","","","0",",,,6","15.43",",6","22.38",",,,6","8.48",",,,6"
"USC00105859","1947-07","44.61667","-116.43333","987.9","MESA, ID US","212.6","6","176.1","1,6","0",",6","0",",6","0",",6","","","0",",6","0","1,6","0","1,6","0",",6","31",",6","22",",6","","","","","10.0","1,6,01,","","","0",",,6,31,+","0.0",",,6,31,+","37.8",",6,14,","0.0","6","0.0",",6","0.0",",,,6","0",",,,6","24.14","1,6","33.01",",,,6","15.28","1,,,6"
"USC00105859","1947-08","44.61667","-116.43333","987.9","MESA, ID US","331.2","6","118.6",",6","2",",6","0",",6","0",",6","","","0",",6","0",",6","0",",6","0",",6","30",",6","14",",6","","","","","6.7",",6,23,","","","0",",,6,31,+","1.8",",,6,22,+","38.3",",6,02,","7.8","6","7.8",",6","3.6",",,,6","0",",,,6","21.91",",6","31.00",",,,6","12.81",",,,6"
"USC00105859","1947-09","44.61667","-116.43333","987.9","MESA, ID US","365.7","6","34.5",",6","6",",6","3",",6","0",",6","","","0",",6","0",",6","1",",6","0",",6","22",",6","3",",6","","","","","0.0",",6,19,","","","0",",,6,30,+","11.7",",,6,07,","35.6",",6,01,","94.8","6","87.0",",6","23.4",",,,6","0",",,,6","16.59",",6","25.11",",,,6","8.06",",,,6"
"USC00105859","1947-10","44.61667","-116.43333","987.9","MESA, ID US","365.7","6","0.0",",6","11",",6","8",",6","0",",6","","","0",",6","0",",6","4",",6","0",",6","8",",6","0",",6","","","","","-1.7",",6,25,","","","0",",,6,31,+","21.1",",,6,08,","26.7",",6,03,","313.0","6","218.2",",6","85.4",",,,6","0",",,,6","11.29",",6","17.38",",,,6","5.21",",,,6"
"USC00105859","1947-11","44.61667","-116.43333","987.9","MESA, ID US","365.7","6","0.0",",6","13",",6","9",",6","0",",6","","","2",",6","0",",6","26",",6","1",",6","0",",6","0",",6","","","","","-10.6",",6,22,","","","152",",,6,15,","14.5",",,6,15,","14.4",",6,01,","819.0","6","506.0",",6","55.7",",,,6","238",",,,6","1.47",",6","5.55",",,,6","-2.62",",,,6"
"USC00105859","1947-12","44.61667","-116.43333","987.9","MESA, ID US","365.7","6","0.0",",6","10",",6","6",",6","0",",6","24","5,6","4",",6","0",",6","30",",6","4",",6","0",",6","0",",6","","","","","-13.9",",6,31,","152","5,,6,19,+","102",",,6,28,","11.2",",,6,28,","7.2",",6,02,","1424.9","6","605.9",",6","38.7",",,,6","281",",,,6","-1.21",",6","3.06",",,,6","-5.49",",,,6"
"USC00105859","1948-01","44.61667","-116.43333","987.9","MESA, ID US","0.0","0","0.0",",6","7",",6","5",",6","0",",6","","","2",",6","0",",6","29",",6","6",",6","0",",6","0",",6","","","","","-15.0",",6,28,","","","305",",,6,01,","22.4",",,6,01,","7.8",",6,08,","2064.7","0","639.8",",6","60.0",",,,6","330",",,,6","-2.31",",6","2.87",",,,6","-7.48",",,,6"
"USC00105859","1948-02","44.61667","-116.43333","987.9","MESA, ID US","0.0","0","0.0",",6","10",",6","7",",6","0",",6","24","3,6","3",",6","0",",6","28",",6","1",",6","0",",6","0",",6","","","","","-16.1",",6,12,","152","3,,6,08,","114",",,6,21,+","22.9",",,6,21,","10.6",",6,17,","2601.0","0","536.3",",6","67.6",",,,6","279",",,,6","-0.16",",6","4.80",",,,6","-5.12",",,,6"
"USC00105859","1948-03","44.61667","-116.43333","987.9","MESA, ID US","0.0","0","0.0",",6","13",",6","5",",6","0",",6","","","2",",6","0",",6","28",",6","0",",6","0",",6","0",",6","","","","","-10.0",",6,11,+","","","64",",,6,02,","22.1",",,6,25,","14.4",",6,28,","3112.5","0","511.5",",6","52.6",",,,6","115",",,,6","1.83",",6","6.80",",,,6","-3.14",",,,6"
"USC00105859","1948-04","44.61667","-116.43333","987.9","MESA, ID US","0.0","0","0.0",",6","16",",6","11",",6","0",",6","","","1",",6","0",",6","14",",6","0",",6","3",",6","0",",6","","","","","-3.3",",6,07,","","","102",",,6,30,","20.3",",,6,30,","22.2",",6,28,+","3452.4","0","339.9",",6","104.5",",,,6","102",",,,6","7.00",",6","12.77",",,,6","1.23",",,,6"
"USC00105859","1948-05","44.61667","-116.43333","987.9","MESA, ID US","13.8","0","13.8",",6","13",",6","7",",6","0",",6","","","0",",6","0",",6","4",",6","0",",6","13",",6","1",",6","","","","","-3.3",",6,02,","","","0",",,6,31,+","16.8",",,6,03,","32.2",",6,27,","3649.0","0","196.6",",6","53.7",",,,6","0",",,,6","12.44",",6","19.26",",,,6","5.61",",,,6"
"USC00105859","1948-06","44.61667","-116.43333","987.9","MESA, ID US","65.2","0","51.4",",6","10",",6","6",",6","1",",6","","","0",",6","0",",6","0",",6","0",",6","26",",6","3",",6","","","","","8.3",",6,17,","","","0",",,6,30,+","35.1",",,6,03,","35.0",",6,29,","3675.1","0","26.1",",6","78.2",",,,6","0",",,,6","19.18",",6","26.35",",,,6","12.00",",,,6"
"USC00105859","1948-07","44.61667","-116.43333","987.9","MESA, ID US","157.1","0","91.9",",6","3",",6","1",",6","0",",6","","","0",",6","0",",6","0",",6","0",",6","30",",6","10",",6","","","","","5.6",",6,28,","","","0",",,6,31,+","9.7",",,6,01,","36.1",",6,22,","9.9","0","9.9",",6","11.0",",,,6","0",",,,6","20.98",",6","29.43",",,,6","12.52",",,,6"
"USC00105859","1948-08","44.61667","-116.43333","987.9","MESA, ID US","263.8","0","106.7",",0","1",",0","1",",0","0",",0","0",",0","0",",0","0",",0","0",",0","0",",0","30",",0","12",",0","","","1","","6.1",",0,24,+","0",",,0,31,+","0",",,0,31,+","7.1",",,0,23,","36.1",",0,29,","20.8","0","10.9",",0","7.1",",,,0","0",",,,0","21.42",",0","30.43",",,,0","12.42",",,,0"
"USC00105859","1948-09","44.61667","-116.43333","987.9","MESA, ID US","301.0","0","37.2",",0","4",",0","2",",0","0",",0","0",",0","0",",0","0",",0","0",",0","0",",0","23",",0","8",",0","","","","","0.6",",0,24,","0",",,0,30,+","0",",,0,30,+","6.4",",,0,26,","34.4",",0,01,","109.9","0","89.1",",0","15.5",",,,0","0",",,,0","16.60",",0","25.25",",,,0","7.95",",,,0"
"USC00105859","1948-10","44.61667","-116.43333","987.9","MESA, ID US","301.0","0","0.0",",0","4",",0","3",",0","0",",0","0",",0","0",",0","0",",0","13",",0","0",",0","12",",0","0",",0","","","","","-5.0",",0,18,","0",",,0,31,+","0",",,0,31,+","13.2",",,0,04,","28.3",",0,03,","361.7","0","251.8",",0","27.1",",,,0","0",",,,0","10.21",",0","18.84",",,,0","1.58",",,,0"
"USC00105859","1948-11","44.61667","-116.43333","987.9","MESA, ID US","301.0","0","0.0",",0","12",",0","7",",0","0",",0","7",",0","3",",0","0",",0","27",",0","1",",0","0",",0","0",",0","","","","","-12.2",",0,27,","152",",,0,30,","114",",,0,25,","22.1",",,0,01,","12.8",",0,02,","883.0","0","521.3",",0","78.7",",,,0","288",",,,0","0.96",",0","6.26",",,,0","-4.35",",,,0"
"USC00105859","1948-12","44.61667","-116.43333","987.9","MESA, ID US","301.0","0","0.0",",0","16",",0","14",",0","0",",0","31",",0","11",",0","9",",0","31",",0","19",",0","0",",0","0",",0","","","","","-25.6",",0,26,","711",",,0,31,","152",",,0,10,","22.9",",,0,10,","5.0",",0,12,+","1681.8","0","798.8",",0","123.1",",,,0","940",",,,0","-7.43",",0","-1.41",",,,0","-13.46",",,,0"
"USC00105859","1949-01","44.61667","-116.43333","987.9","MESA, ID US","0.0","0","0.0",",0","5",",0","3",",0","0",",0","31",",0","4",",0","22",",0","31",",0","30",",0","0",",0","0",",0","","","","","-27.2",",0,12,+","787",",,0,03,+","89",",,0,21,","12.2",",,0,01,","0.6",",0,01,","2665.3","0","983.5",",0","25.9",",,,0","241",",,,0","-13.39",",0","-7.16",",,,0","-19.63",",,,0"
"USC00105859","1949-02","44.61667","-116.43333","987.9","MESA, ID US","0.0","0","0.0",",0","14",",0","13",",0","1",",0","26","2,0","8",",0","3",",0","23",",0","11",",0","0",",0","0",",0","","","","","-20.0",",0,01,","1168","2,,0,09,","368",",,0,06,","31.8",",,0,06,","9.4",",0,19,","3255.4","0","590.1",",0","120.0",",,,0","1143",",,,0","-2.74",",0","1.82",",,,0","-7.30",",,,0"
"USC00105859","1949-03","44.61667","-116.43333","987.9","MESA, ID US","0.0","0","0.0",",0","9",",0","5",",0","0",",0","12","2,0","0",",0","0",",0","18",",0","0",",0","0",",0","0",",0","1","","","","-7.8",",0,01,","483","2,,0,01,","0",",T,0,27,+","11.2",",,0,18,","14.4",",0,07,","3680.9","0","425.5",",0","38.1",",,,0","0",",T,,0","4.61",",0","9.68",",,,0","-0.47",",,,0"
"USC00105859","1949-04","44.61667","-116.43333","987.9","MESA, ID US","0.0","0","0.0",",0","5",",0","1",",0","0",",0","0",",0","0",",0","0",",0","4",",0","0",",0","14",",0","0",",0","","","","","-3.3",",0,13,","0",",,0,30,+","0",",,0,30,+","3.3",",,0,19,","26.7",",0,27,","3881.5","0","200.6",",0","7.9",",,,0","0",",,,0","11.65",",0","19.85",",,,0","3.44",",,,0"
"USC00105859","1949-05","44.61667","-116.43333","987.9","MESA, ID US","32.8","0","32.8","1,0","8",",0","6",",0","0",",0","0",",0","0",",0","0","1,0","0","1,0","0","1,0","20","1,0","2","1,0","","","","","0.6","1,0,04,+","0",",,0,31,+","0",",,0,31,+","17.8",",,0,20,","32.8","1,0,26,+","3980.9","0","99.4","1,0","58.5",",,,0","0",",,,0","16.11","1,0","23.88","1,,,0","8.35","1,,,0"
"USC00105859","1949-06","44.61667","-116.43333","987.9","MESA, ID US","76.0","0","43.2",",0","3",",0","1",",0","0",",0","0",",0","0",",0","0",",0","0",",0","0",",0","27",",0","4",",0","","","","","1.1",",0,17,","0",",,0,30,+","0",",,0,30,+","3.8",",,0,07,","36.1",",0,06,","4026.7","0","45.8",",0","7.6",",,,0","0",",,,0","18.24",",0","27.32",",,,0","9.17",",,,0"
"USC00105859","1949-07","44.61667","-116.43333","987.9","MESA, ID US","229.3","0","153.3",",0","0",",0","0",",0","0",",0","0",",0","0",",0","0",",0","0",",0","0",",0","31",",0","19",",0","","","","","6.7",",0,20,","0",",,0,31,+","0",",,0,31,+","0.0",",,0,31,+","40.6",",0,31,","2.8","0","2.8",",0","0.0",",,,0","0",",,,0","23.19",",0","33.20",",,,0","13.18",",,,0"
"USC00105859","1949-08","44.61667","-116.43333","987.9","MESA, ID US","384.3","0","155.0",",0","2",",0","1",",0","0",",0","0","1,0","0",",0","0",",0","0",",0","0",",0","31",",0","20",",0","","","1","","8.3",",0,25,+","0","1,,0,31,+","0",",T,0,18,","8.6",",,0,18,","40.0",",0,03,","3.1","0","0.3",",0","9.1",",,,0","0",",T,,0","23.32",",0","33.17",",,,0","13.48",",,,0"
"USC00105859","1949-09","44.61667","-116.43333","987.9","MESA, ID US","437.4","0","53.1",",0","4",",0","1",",0","0",",0","0","1,0","0",",0","0",",0","2",",0","0",",0","26",",0","7",",0","","","2","","-2.8",",0,12,","0","1,,0,30,+","0",",,0,30,+","12.7",",,0,28,","36.1",",0,01,","63.5","0","60.4",",0","16.8",",,,0","0",",,,0","18.09",",0","27.87",",,,0","8.31",",,,0"
"USC00105859","1949-10","44.61667","-116.43333","987.9","MESA, ID US","437.4","0","0.0",",0","5","2,0","2","2,0","0","2,0","0",",0","0",",0","0",",0","20",",0","0",",0","2",",0","0",",0","","","","","-5.0",",0,31,","0",",,0,31,+","0",",T,0,05,","5.1","2,,0,09,","21.7",",0,02,","410.2","0","346.7",",0","29.5",",a,,0","0",",T,,0","7.15",",0","15.00",",,,0","-0.70",",,,0"
"USC00105859","1949-11","44.61667","-116.43333","987.9","MESA, ID US","437.4","0","0.0",",0","9",",0","8",",0","0",",0","0",",0","0",",0","0",",0","26",",0","0",",0","0",",0","0",",0","3","","","","-6.1",",0,22,","0",",,0,30,+","0",",,0,30,+","21.1",",,0,09,","19.4",",0,05,+","806.7","0","396.5",",0","81.0",",,,0","0",",,,0","5.12",",0","12.20",",,,0","-1.97",",,,0"
"USC00105859","1949-12","44.61667","-116.43333","987.9","MESA, ID US","437.4","0","0.0",",0","9",",0","7",",0","0",",0","15","1,0","7",",0","0",",0","31",",0","7",",0","0",",0","0",",0","","","","","-16.7",",0,20,","356","1,,0,25,","127",",,0,17,","13.0",",,0,17,","9.4",",0,02,+","1470.4","0","663.7",",0","53.0",",,,0","537",",,,0","-3.08",",0","2.37",",,,0","-8.52",",,,0"
"USC00105859","1950-01","44.61667","-116.43333","987.9","MESA, ID US","0.0","0","0.0",",0","19",",0","10",",0","0",",0","31",",0","10","1,0","7",",0","31",",0","18",",0","0",",0","0",",0","","","","","-25.6",",0,31,","584",",,0,31,+","160","1,,0,26,","17.0",",,0,23,","7.2",",0,22,","2266.2","0","795.8",",0","78.1",",,,0","757","1,,,0","-7.34",",0","-1.91",",,,0","-12.76",",,,0"
"USC00105859","1950-02","44.61667","-116.43333","987.9","MESA, ID US","0.0","0","0.0",",0","12",",0","6",",0","0",",0","","","3",",0","4",",0","27",",0","4",",0","0",",0","0",",0","1","","","","-29.4",",0,03,","","","152",",,0,04,","14.5",",,0,05,","13.3",",0,25,","2853.9","0","587.7",",0","59.8",",,,0","338",",,,0","-2.66",",0","3.36",",,,0","-8.67",",,,0"
"USC00105859","1950-03","44.61667","-116.43333","987.9","MESA, ID US","0.0","0","0.0",",0","15",",0","10",",0","0",",0","","","1",",0","0",",0","31",",0","0",",0","0",",0","0",",0","1","","","","-13.3",",0,12,","","","25",",,0,10,","23.6",",,0,17,","16.7",",0,31,","3379.3","0","525.4",",0","96.7",",,,0","38",",,,0","1.39",",0","7.11",",,,0","-4.34",",,,0"
"USC00105859","1950-04","44.61667","-116.43333","987.9","MESA, ID US","0.0","0","0.0",",0","7",",0","3",",0","1",",0","0",",0","0",",0","0",",0","18",",0","0",",0","1",",0","0",",0","","","","","-5.6",",0,24,","0",",,0,30,+","0",",T,0,27,+","25.4",",,0,13,","21.7",",0,20,","3708.6","0","329.3",",0","45.0",",,,0","0",",T,,0","7.36",",0","15.34",",,,0","-0.62",",,,0"
"USC00105859","1950-05","44.61667","-116.43333","987.9","MESA, ID US","0.0","0","0.0",",0","3",",0","2",",0","0",",0","0",",0","0",",0","0",",0","7",",0","0",",0","19",",0","0",",0","","","","","-4.4",",0,06,","0",",,0,31,+","0",",T,0,02,","15.5",",,0,01,","27.2",",0,22,+","3924.0","0","215.4",",0","26.2",",,,0","0",",T,,0","11.38",",0","20.24",",,,0","2.53",",,,0"
"USC00105859","1950-06","44.61667","-116.43333","987.9","MESA, ID US","22.5","0","22.5",",0","9",",0","9",",0","0",",0","0",",0","0",",0","0",",0","0",",0","0",",0","26",",0","2",",0","","","1","","1.1",",0,07,","0",",,0,30,+","0",",T,0,16,+","23.6",",,0,15,","35.6",",0,30,","4009.3","0","85.3",",0","75.5",",,,0","0",",T,,0","16.24",",0","25.19",",,,0","7.29",",,,0"
"USC00105859","1950-07","44.61667","-116.43333","987.9","MESA, ID US","150.8","0","128.3",",0","1",",0","0",",0","0",",0","0",",0","0",",0","0",",0","0",",0","0",",0","31",",0","17",",0","","","1","","6.7",",0,31,+","0",",,0,31,+","0",",,0,31,+","0.3",",,0,10,","37.2",",0,26,","6.8","0","6.8",",0","0.3",",,,0","0",",,,0","22.25",",0","31.79",",,,0","12.71",",,,0"
"USC00105859","1950-08","44.61667","-116.43333","987.9","MESA, ID US","305.3","0","154.5",",0","4",",0","1",",0","0",",0","0",",0","0",",0","0",",0","0",",0","0",",0","30",",0","17",",0","","","3","","7.8",",0,06,","0",",,0,31,+","0",",,0,31,+","12.4",",,0,04,","38.3",",0,18,","12.1","0","5.3",",0","15.0",",,,0","0",",,,0","23.15",",0","32.40",",,,0","13.89",",,,0"
"USC00105859","1950-09","44.61667","-116.43333","987.9","MESA, ID US","363.7","0","58.4",",0","4",",0","1",",0","0",",0","0",",0","0",",0","0",",0","2",",0","0",",0","24",",0","6",",0","","","","","-0.6",",0,28,","0",",,0,30,+","0",",T,0,26,","6.4",",,0,25,","38.9",",0,02,+","85.9","0","73.8",",0","9.0",",,,0","0",",T,,0","17.82",",0","26.08",",,,0","9.56",",,,0"
"USC00105859","1950-10","44.61667","-116.43333","987.9","MESA, ID US","364.5","0","0.8",",0","11",",0","9",",0","0",",0","0",",0","0",",0","0",",0","1",",0","0",",0","8",",0","0",",0","","","","","-3.3",",0,01,","0",",,0,31,+","0",",,0,31,+","17.8",",,0,06,","28.3",",0,12,","288.1","0","202.2",",0","82.0",",,,0","0",",,,0","11.84",",0","18.48",",,,0","5.19",",,,0"
"USC00105859","1950-11","44.61667","-116.43333","987.9","MESA, ID US","364.5","0","0.0",",0","7",",0","3",",0","0",",0","2",",0","1",",0","0",",0","16",",0","0",",0","0",",0","0",",0","","","","","-8.9",",0,10,","76",",,0,14,","76",",,0,14,","15.7",",,0,01,","16.7",",0,04,+","707.9","0","419.8",",0","36.1",",,,0","76",",,,0","4.34",",0","9.02",",,,0","-0.34",",,,0"
"USC00105859","1950-12","44.61667","-116.43333","987.9","MESA, ID US","364.5","0","0.0",",0","13",",0","9",",0","0",",0","9",",0","4",",0","0",",0","28",",0","1",",0","0",",0","0",",0","5","","","","-9.4",",0,02,","76",",,0,03,","76",",,0,28,+","17.3",",,0,04,","10.6",",0,12,","1239.9","0","532.0",",0","82.1",",,,0","215",",,,0","1.17",",0","3.91",",,,0","-1.56",",,,0"
"USC00105859","1951-01","44.61667","-116.43333","987.9","MESA, ID US","0.0","0","0.0",",0","12",",0","11",",0","0",",0","30",",0","10",",0","3",",0","31",",0","11",",0","0",",0","0",",0","1","","","","-23.9",",0,30,","330",",,0,26,+","178",",,0,02,","24.6",",,0,02,","7.8",",0,17,","1919.2","0","679.3",",0","85.1",",,,0","646",",,,0","-3.58",",0","0.45",",,,0","-7.61",",,,0"
"USC00105859","1951-02","44.61667","-116.43333","987.9","MESA, ID US","0.0","0","0.0",",0","11",",0","7",",0","0",",0","28",",0","5",",0","1",",0","23",",0","2",",0","0",",0","0",",0","","","","","-18.9",",0,01,","381",",,0,02,","152",",,0,04,","24.9",",,0,04,","10.0",",0,08,","2451.7","0","532.5",",0","89.1",",,,0","520",",,,0","-0.68",",0","4.11",",,,0","-5.48",",,,0"
"USC00105859","1951-03","44.61667","-116.43333","987.9","MESA, ID US","0.0","0","0.0",",0","10",",0","4",",0","0",",0","","","3",",0","0",",0","27",",0","1",",0","0",",0","0",",0","1","","","","-15.6",",0,10,","","","76",",,0,04,","10.4",",,0,15,","14.4",",0,24,","2982.0","0","530.3",",0","30.4",",,,0","191",",,,0","1.23",",0","6.91",",,,0","-4.46",",,,0"
"USC00105859","1951-04","44.61667","-116.43333","987.9","MESA, ID US","0.0","0","0.0",",0","2",",0","1",",0","1",",0","0",",0","0",",0","0",",0","5",",0","0",",0","11",",0","0",",0","","","","","-4.4",",0,21,","0",",,0,30,+","0",",,0,30,+","27.7",",,0,28,","25.6",",0,13,","3211.4","0","229.4",",0","29.7",",,,0","0",",,,0","10.69",",0","18.72",",,,0","2.65",",,,0"
"USC00105859","1951-05","44.61667","-116.43333","987.9","MESA, ID US","2.5","0","2.5",",0","7",",0","4",",0","0",",0","0",",0","0",",0","0",",0","1",",0","0",",0","20",",0","0",",0","","","","","-2.2",",0,01,","0",",,0,31,+","0",",T,0,27,","22.1",",,0,11,","28.3",",0,27,+","3359.2","0","147.8",",0","51.6",",,,0","0",",T,,0","13.65",",0","21.31",",,,0","5.99",",,,0"
"USC00105859","1951-06","44.61667","-116.43333","987.9","MESA, ID US","16.4","0","13.9",",0","3",",0","2",",0","0",",0","0",",0","0",",0","0",",0","0",",0","0",",0","22",",0","1",",0","","","","","1.7",",0,07,+","0",",,0,30,+","0",",T,0,06,","15.7",",,0,05,","32.8",",0,15,","3436.8","0","77.6",",0","21.8",",,,0","0",",T,,0","16.21",",0","24.51",",,,0","7.91",",,,0"
"USC00105859","1951-07","44.61667","-116.43333","987.9","MESA, ID US","193.0","0","176.6",",0","1",",0","1",",0","0",",0","0",",0","0",",0","0",",0","0",",0","0",",0","31",",0","20",",0","","","1","","7.2",",0,11,","0",",,0,31,+","0",",,0,31,+","4.8",",,0,04,","40.0",",0,26,","0.0","0","0.0",",0","4.8",",,,0","0",",,,0","24.03",",0","34.06",",,,0","14.00",",,,0"
"USC00105859","1951-08","44.61667","-116.43333","987.9","MESA, ID US","315.0","0","122.0",",0","3",",0","2",",0","0",",0","0",",0","0",",0","0",",0","0",",0","0",",0","29",",0","16",",0","","","","","2.8",",0,30,","0",",,0,31,+","0",",,0,31,+","15.5",",,0,23,","38.9",",0,02,","23.1","0","23.1",",0","26.4",",,,0","0",",,,0","21.52",",0","31.17",",,,0","11.88",",,,0"
"USC00105859","1951-09","44.61667","-116.43333","987.9","MESA, ID US","345.1","0","30.1",",0","2",",0","2",",0","0",",0","0",",0","0",",0","0",",0","0",",0","0",",0","25",",0","2",",0","","","","","1.7",",0,12,","0",",,0,30,+","0",",,0,30,+","12.4",",,0,30,","32.8",",0,06,","81.4","0","58.3",",0","16.7",",,,0","0",",,,0","17.39",",0","26.72",",,,0","8.06",",,,0"
"USC00105859","1951-10","44.61667","-116.43333","987.9","MESA, ID US","345.1","0","0.0",",0","12",",0","10",",0","1",",0","0",",0","1",",0","0",",0","4",",0","0",",0","4",",0","0",",0","","","1","","-2.8",",0,31,","0",",,0,31,+","25",",,0,22,","26.4",",,0,23,","25.6",",0,09,","377.1","0","295.7",",0","131.0",",,,0","25",",,,0","8.79",",0","14.25",",,,0","3.34",",,,0"
"USC00105859","1951-11","44.61667","-116.43333","987.9","MESA, ID US","345.1","0","0.0",",0","10",",0","9",",0","0",",0","0","1,0","2",",0","0",",0","26",",0","0",",0","0",",0","0",",0","2","","","","-9.4",",0,17,","0","1,T,0,25,","76",",,0,14,","18.3",",,0,30,","13.3",",0,09,+","863.1","0","486.0",",0","101.2",",,,0","114",",,,0","2.13",",0","6.96",",,,0","-2.69",",,,0"
"USC00105859","1951-12","44.61667","-116.43333","987.9","MESA, ID US","345.1","0","0.0",",0","","","","","","","","","5","3,0","2",",0","31",",0","15",",0","0",",0","0",",0","","","","","-20.6",",0,09,","","","152","3,,0,28,","","","11.1",",0,01,","1540.6","0","677.5",",0","","","424","3,,,0","-3.52",",0","0.50",",,,0","-7.55",",,,0"
"USC00105859","1952-01","44.61667","-116.43333","987.9","MESA, ID US","0.0","0","0.0","1,0","12","2,0","11","2,0","1","2,0","","","12",",0","4",",0","31",",0","12","1,0","0","1,0","0","1,0","7","","","","-22.8",",0,18,","","","254",",,0,10,","32.8","2,,0,24,","5.6","1,0,25,","2220.8","0","680.2","1,0","167.8",",a,,0","1205",",,,0","-4.47","1,0","-0.23","1,,,0","-8.72",",,,0"
"USC00105859","1952-02","44.61667","-116.43333","987.9","MESA, ID US","0.0","0","0.0",",0","6",",0","6",",0","1",",0","","","6",",0","1",",0","29",",0","10",",0","0",",0","0",",0","1","","","","-20.6",",0,18,","","","254",",,0,16,","28.2",",,0,03,","7.8",",0,03,","2892.3","0","671.5",",0","79.0",",,,0","893",",,,0","-4.82",",0","1.05",",,,0","-10.69",",,,0"
"USC00105859","1952-03","44.61667","-116.43333","987.9","MESA, ID US","0.0","0","0.0",",0","6",",0","6",",0","0",",0","","","4",",0","0",",0","29",",0","0",",0","0",",0","0",",0","","","","","-12.2",",0,08,","","","97",",,0,04,","15.2",",,0,10,","13.3",",0,29,+","3433.1","0","540.8",",0","44.4",",,,0","193",",,,0","0.89",",0","6.33",",,,0","-4.55",",,,0"
"USC00105859","1952-04","44.61667","-116.43333","987.9","MESA, ID US","0.9","0","0.9",",0","4",",0","3",",0","0",",0","5","3,0","0",",0","0",",0","9",",0","0",",0","9",",0","0",",0","","","","","-4.4",",0,01,","305","3,,0,01,","0",",,0,30,+","12.4",",,0,14,","27.8",",0,25,+","3684.5","0","251.4",",0","26.6",",,,0","0",",,,0","9.98",",0","17.47",",,,0","2.49",",,,0"
"USC00105859","1952-05","44.61667","-116.43333","987.9","MESA, ID US","4.3","0","3.4",",0","6",",0","5",",0","1",",0","0",",0","0",",0","0",",0","0",",0","0",",0","19",",0","0",",0","","","1","","2.2",",0,04,","0",",,0,31,+","0",",,0,31,+","27.9",",,0,08,","30.6",",0,12,","3804.6","0","120.1",",0","48.3",",,,0","0",",,,0","14.57",",0","22.38",",,,0","6.76",",,,0"
"USC00105859","1952-06","44.61667","-116.43333","987.9","MESA, ID US","39.4","0","35.1",",0","10",",0","6",",0","0",",0","0",",0","0",",0","0",",0","0",",0","0",",0","24",",0","4",",0","","","2","","2.8",",0,12,","0",",,0,30,+","0",",T,0,30,+","19.1",",,0,07,","33.9",",0,08,","3869.1","0","64.5",",0","79.8",",,,0","0",",T,,0","17.35",",0","25.37",",,,0","9.33",",,,0"
"USC00105859","1952-07","44.61667","-116.43333","987.9","MESA, ID US","176.2","0","136.8",",0","1",",0","1",",0","0",",0","0",",0","0",",0","0",",0","0",",0","0",",0","31",",0","18",",0","","","","","7.2",",0,02,","0",",,0,31,+","0",",,0,31,+","3.3",",,0,04,","37.8",",0,30,","4.2","0","4.2",",0","3.3",",,,0","0",",,,0","22.61",",0","32.20",",,,0","13.03",",,,0"
"USC00105859","1952-08","44.61667","-116.43333","987.9","MESA, ID US","323.6","0","147.4",",0","1",",0","1",",0","0",",0","0",",0","0",",0","0",",0","0",",0","0",",0","31",",0","18",",0","","","","","6.7",",0,30,","0",",,0,31,+","0",",T,0,10,","5.8",",,0,10,","35.6",",0,05,","6.4","0","2.2",",0","5.8",",,,0","0",",T,,0","23.02",",0","31.89",",,,0","14.15",",,,0"
"USC00105859","1952-09","44.61667","-116.43333","987.9","MESA, ID US","386.4","0","62.8",",0","1",",0","1",",0","0",",0","0",",0","0",",0","0",",0","0",",0","0",",0","27",",0","14",",0","","","","","3.9",",0,13,","0",",,0,30,+","0",",,0,30,+","8.1",",,0,06,","33.9",",0,21,","35.2","0","28.8",",0","8.1",",,,0","0",",,,0","19.47",",0","29.31",",,,0","9.62",",,,0"
"USC00105859","1952-10","44.61667","-116.43333","987.9","MESA, ID US","392.5","0","6.1",",0","1",",0","0",",0","0",",0","0",",0","0",",0","0",",0","3",",0","0",",0","23",",0","0",",0","","","","","-1.7",",0,15,","0",",,0,31,+","0",",,0,31,+","0.8",",,0,31,","29.4",",0,04,+","169.7","0","134.5",",0","0.8",",,,0","0",",,,0","14.19",",0","23.62",",,,0","4.76",",,,0"
"USC00105859","1952-11","44.61667","-116.43333","987.9","MESA, ID US","392.5","0","0.0",",0","3",",0","3",",0","0",",0","0",",0","0",",0","0",",0","21",",0","0",",0","0",",0","0",",0","","","","","-14.4",",0,26,","0",",,0,30,+","0",",T,0,14,","22.4",",,0,14,","15.6",",0,05,","656.9","0","487.2",",0","29.5",",,,0","0",",T,,0","2.09",",0","7.29",",,,0","-3.10",",,,0"
"USC00105859","1952-12","44.61667","-116.43333","987.9","MESA, ID US","392.5","0","0.0",",0","11",",0","10",",0","0",",0","31",",0","8",",0","0",",0","31",",0","6",",0","0",",0","0",",0","3","","","","-13.9",",0,24,","330",",,0,29,","152",",,0,10,","18.5",",,0,10,","5.6",",0,08,","1267.3","0","610.4",",0","93.5",",,,0","725",",,,0","-1.36",",0","1.98",",,,0","-4.70",",,,0"
"USC00105859","1953-01","44.61667","-116.43333","987.9","MESA, ID US","0.0","0","0.0",",0","16",",0","14",",0","2",",0","25",",0","9",",0","0",",0","23",",0","2",",0","0",",0","0",",0","","","","","-6.7",",0,06,","356",",,0,06,","114",",,0,02,","38.9",",,0,18,","11.7",",0,31,","1770.4","0","503.1",",0","210.1",",,,0","584",",,,0","2.10",",0","5.41",",,,0","-1.20",",,,0"
"USC00105859","1953-02","44.61667","-116.43333","987.9","MESA, ID US","0.0","0","0.0",",0","8","1,0","6","1,0","0","1,0","6",",0","2",",0","0",",0","24",",0","0",",0","0",",0","0",",0","","","","","-11.1",",0,20,","102",",,0,16,","89",",,0,16,","22.1","1,,0,03,","12.2",",0,27,","2241.6","0","471.2",",0","63.5","1,,,0","114",",,,0","1.51",",0","6.10",",,,0","-3.09",",,,0"
"USC00105859","1953-03","44.61667","-116.43333","987.9","MESA, ID US","0.0","0","0.0","1,0","7",",0","6",",0","0",",0","0",",0","0",",0","0",",0","24",",0","1","1,0","0","1,0","0","1,0","","","","","-6.7",",0,14,+","0",",,0,31,+","0",",T,0,21,+","17.8",",,0,19,","18.3","1,0,24,","2653.7","0","412.1","1,0","42.7",",,,0","0",",T,,0","4.59","1,0","10.76","1,,,0","-1.58",",,,0"
"USC00105859","1953-04","44.61667","-116.43333","987.9","MESA, ID US","0.0","0","0.0",",0","10",",0","7",",0","0",",0","0",",0","0",",0","0",",0","14",",0","0",",0","7",",0","0",",0","","","","","-5.6",",0,01,","0",",,0,30,+","0",",T,0,13,+","13.2",",,0,27,","24.4",",0,22,","2974.1","0","320.4",",0","50.8",",,,0","0",",T,,0","7.65",",0","14.48",",,,0","0.82",",,,0"
"USC00105859","1953-05","44.61667","-116.43333","987.9","MESA, ID US","0.0","0","0.0",",0","10",",0","8",",0","1",",0","0",",0","0",",0","0",",0","5",",0","0",",0","10",",0","0",",0","","","","","-1.7",",0,10,+","0",",,0,31,+","0",",T,0,22,+","27.9",",,0,19,","27.2",",0,06,","3206.7","0","232.6",",0","79.9",",,,0","0",",T,,0","10.83",",0","18.19",",,,0","3.47",",,,0"
"USC00105859","1953-06","44.61667","-116.43333","987.9","MESA, ID US","1.7","0","1.7",",0","6",",0","3",",0","0",",0","0",",0","0",",0","0",",0","0",",0","0",",0","21",",0","0",",0","","","","","1.1",",0,24,","0",",,0,30,+","0",",,0,30,+","23.9",",,0,07,","27.2",",0,30,+","3306.4","0","99.7",",0","52.4",",,,0","0",",,,0","15.07",",0","22.71",",,,0","7.43",",,,0"
"USC00105859","1953-07","44.61667","-116.43333","987.9","MESA, ID US","184.4","0","182.7",",0","0",",0","0",",0","0",",0","0",",0","0",",0","0",",0","0",",0","0",",0","31",",0","25",",0","","","","","8.9",",0,01,","0",",,0,31,+","0",",,0,31,+","0.0",",,0,31,+","40.0",",0,12,","0.0","0","0.0",",0","0.0",",,,0","0",",,,0","24.23",",0","33.77",",,,0","14.68",",,,0"
"USC00105859","1953-08","44.61667","-116.43333","987.9","MESA, ID US","309.2","0","124.8",",0","2",",0","2",",0","0",",0","0",",0","0",",0","0",",0","0",",0","0",",0","31",",0","22",",0","","","1","","7.2",",0,25,","0",",,0,31,+","0",",,0,31,+","5.1",",,0,16,","37.8",",0,13,","10.6","0","10.6",",0","8.1",",,,0","0",",,,0","22.02",",0","32.47",",,,0","11.56",",,,0"
"USC00105859","1954-01","44.61667","-116.43333","987.9","MESA, ID US","","","","","","","","","","","","","","","0","4,0","24","4,0","5","5,0","0","5,0","0","5,0","","","","","-13.3","4,0,25,+","","","","","","","14.4","5,0,07,","","","","","","","","","-0.22","7,0","3.96","5,,,0","-4.40","4,,,0"
"USC00105859","1954-02","44.61667","-116.43333","987.9","MESA, ID US","","","0.0",",0","7",",0","5",",0","0",",0","","","","","0",",0","25",",0","3",",0","0",",0","0",",0","1","","2","","-6.7",",0,11,","","","","","14.0",",,0,12,","14.4",",0,24,","","","451.5",",0","50.9",",,,0","","","2.21",",0","6.90",",,,0","-2.49",",,,0"
"USC00105859","1954-03","44.61667","-116.43333","987.9","MESA, ID US","","","0.0",",0","7",",0","6",",0","0",",0","","","2","1,0","0",",0","27",",0","0",",0","0",",0","0",",0","","","","","-7.8",",0,03,","","","58","1,,0,11,","23.4",",,0,08,","16.1",",0,07,","","","469.2",",0","56.7",",,,0","83","1,,,0","3.20",",0","9.50",",,,0","-3.10",",,,0"
"USC00105859","1954-04","44.61667","-116.43333","987.9","MESA, ID US","","","0.0",",0","6",",0","6",",0","0",",0","0",",0","0",",0","0",",0","10",",0","0",",0","4",",0","0",",0","","","","","-3.9",",0,10,","0",",,0,30,+","0",",,0,30,+","17.3",",,0,13,","22.2",",0,16,","","","286.4",",0","59.9",",,,0","0",",,,0","8.79",",0","15.99",",,,0","1.58",",,,0"
"USC00105859","1954-05","44.61667","-116.43333","987.9","MESA, ID US","","","16.1","2,0","6",",0","4",",0","0",",0","0",",0","0",",0","0","1,0","3","1,0","0","1,0","21","1,0","2","1,0","","","","","-2.2","1,0,27,+","0",",,0,31,+","0",",T,0,26,","14.7",",,0,31,","32.8","1,0,18,","","","121.7","1,0","34.3",",,,0","0",",T,,0","14.91","2,0","23.39","1,,,0","6.43","1,,,0"
"USC00105859","1954-06","44.61667","-116.43333","987.9","MESA, ID US","","","31.3",",0","5",",0","4",",0","0",",0","0",",0","0",",0","0",",0","0",",0","0",",0","19",",0","5",",0","","","","","1.7",",0,01,","0",",,0,30,+","0",",,0,30,+","10.2",",,0,10,","35.0",",0,25,","","","114.9",",0","27.9",",,,0","0",",,,0","15.55",",0","23.63",",,,0","7.46",",,,0"
"USC00105859","1954-07","44.61667","-116.43333","987.9","MESA, ID US","","","154.5","1,0","0",",0","0",",0","0",",0","0",",0","0",",0","0",",0","0",",0","0","1,0","30","1,0","23","1,0","","","","","5.0",",0,22,","0",",,0,31,+","0",",,0,31,+","0.0",",,0,31,+","38.3","1,0,13,","4.5","","4.5","1,0","0.0",",,,0","0",",,,0","23.43","1,0","33.53","1,,,0","13.32",",,,0"
"USC00105859","1954-08","44.61667","-116.43333","987.9","MESA, ID US","","","83.0",",0","2",",0","1",",0","0",",0","0",",0","0",",0","0",",0","0",",0","0",",0","31",",0","11",",0","","","","","6.1",",0,26,","0",",,0,31,+","0",",,0,31,+","4.6",",,0,26,","36.7",",0,02,","27.8","","23.3",",0","6.6",",,,0","0",",,,0","20.26",",0","29.32",",,,0","11.20",",,,0"
"USC00105859","1954-09","44.61667","-116.43333","987.9","MESA, ID US","","","16.9",",0","2",",0","1",",0","0",",0","0",",0","0",",0","0",",0","1",",0","0",",0","25",",0","3",",0","","","","","-2.2",",0,30,","0",",,0,30,+","0",",,0,30,+","14.0",",,0,15,","33.3",",0,01,","95.3","","67.5",",0","15.3",",,,0","0",",,,0","16.65",",0","25.66",",,,0","7.63",",,,0"
"USC00105859","1954-10","44.61667","-116.43333","987.9","MESA, ID US","","","","","3",",0","2",",0","0",",0","0",",0","0",",0","","","","","","","","","","","","","","","","","0",",,0,31,+","0",",,0,31,+","9.9",",,0,12,","","","","","","","13.7",",,,0","0",",,,0","","","","","",""
"USC00105859","1954-11","44.61667","-116.43333","987.9","MESA, ID US","","","0.0",",0","1",",0","0",",0","0",",0","0",",0","0",",0","0",",0","17",",0","0",",0","0",",0","0",",0","","","","","-12.8",",0,30,","0",",,0,30,+","0",",,0,30,+","0.5",",,0,16,","17.8",",0,05,+","","","351.6",",0","0.5",",,,0","0",",,,0","6.61",",0","13.64",",,,0","-0.41",",,,0"
"USC00105859","1955-01","44.61667","-116.43333","987.9","MESA, ID US","","","","","","","","","","","","","","","","","","","","","","","","","","","","","","","","","","","","","","","","","","","34.3","5,a,,0","343","5,a,,","","","","","",""
"USC00105859","1955-02","44.61667","-116.43333","987.9","MESA, ID US","","","","","6","5,0","5","5,0","0","5,0","","","5","5,0","","","","","","","","","","","","","","","","","","","76","5,,0,26,+","7.6","5,,0,26,+","","","","","","","26.6","5,,,0","266","5,,,0","","","","","",""
"USC00105859","1955-03","44.61667","-116.43333","987.9","MESA, ID US","","","0.0","2,0","5","1,0","3","1,0","0","1,0","","","1","1,0","0","1,0","29","1,0","1","2,0","0","2,0","0","2,0","","","","","-16.7","1,0,04,","","","25","1,,0,10,","6.1","1,,0,11,","10.6","2,0,31,","","","565.8","2,0","16.8","1,,,0","25","1,,,0","-1.35","2,0","4.03","2,,,0","-6.73","1,,,0"
"USC00105859","1955-04","44.61667","-116.43333","987.9","MESA, ID US","","","0.0",",0","17",",0","15",",0","0",",0","3",",0","4",",0","0",",0","15",",0","0",",0","0",",0","0",",0","","","","","-6.7",",0,03,","51",",,0,19,+","76",",,0,14,","15.2",",,0,20,+","20.6",",0,09,","","","376.8",",0","129.8",",,,0","216",",,,0","5.77",",0","11.41",",,,0","0.13",",,,0"
"USC00105859","1955-06","44.61667","-116.43333","987.9","MESA, ID US","","","63.5",",0","5",",0","3",",0","0",",0","0",",0","0",",0","0",",0","0",",0","0",",0","25",",0","6",",0","","","","","3.3",",0,01,","0",",,0,30,+","0",",,0,30,+","10.9",",,0,29,","37.2",",0,21,","","","49.8",",0","31.3",",,,0","0",",,,0","18.79",",0","26.80",",,,0","10.77",",,,0"
"USC00105859","1955-07","44.61667","-116.43333","987.9","MESA, ID US","","","133.1",",0","3",",0","2",",0","0",",0","0",",0","0",",0","0",",0","0",",0","0",",0","29",",0","13",",0","","","3","","2.8",",0,02,","0",",,0,31,+","0",",,0,31,+","8.6",",,0,22,","38.3",",0,15,","31.7","","31.7",",0","13.1",",,,0","0",",,,0","21.61",",0","30.09",",,,0","13.13",",,,0"
"USC00105859","1955-08","44.61667","-116.43333","987.9","MESA, ID US","","","176.7",",0","1",",0","0",",0","0",",0","0",",0","0",",0","0",",0","0",",0","0",",0","31",",0","27",",0","","","1","","10.0",",0,09,+","0",",,0,31,+","0",",,0,31,+","0.8",",,0,26,","37.8",",0,30,+","31.7","","0.0",",0","0.8",",,,0","0",",,,0","24.03",",0","34.32",",,,0","13.75",",,,0"
"USC00105859","1955-09","44.61667","-116.43333","987.9","MESA, ID US","","","70.2",",0","2","2,0","2","2,0","0","2,0","0",",0","0",",0","0",",0","1",",0","0",",0","21",",0","9",",0","","","1","","-0.6",",0,30,","0",",,0,30,+","0",",,0,30,+","16.5","2,,0,14,","38.9",",0,06,","130.0","","98.3",",0","41.2",",a,,0","0",",,,0","17.40",",0","26.72",",,,0","8.07",",,,0"
"USC00105859","1955-10","44.61667","-116.43333","987.9","MESA, ID US","","","0.0",",0","7",",0","7",",0","0",",0","0",",0","0",",0","0",",0","9",",0","0",",0","12",",0","0",",0","","","","","-6.1",",0,31,","0",",,0,31,+","0",",T,0,31,","8.9",",,0,10,","26.7",",0,16,","367.8","","237.8",",0","40.8",",,,0","0",",T,,0","10.66",",0","18.70",",,,0","2.62",",,,0"
