"STATION","DATE","LATITUDE","LONGITUDE","ELEVATION","NAME","CDSD","CDSD_ATTRIBUTES","CLDD","CLDD_ATTRIBUTES","DP01","DP01_ATTRIBUTES","DP10","DP10_ATTRIBUTES","DP1X","DP1X_ATTRIBUTES","DSND","DSND_ATTRIBUTES","DSNW","DSNW_ATTRIBUTES","DT00","DT00_ATTRIBUTES","DT32","DT32_ATTRIBUTES","DX32","DX32_ATTRIBUTES","DX70","DX70_ATTRIBUTES","DX90","DX90_ATTRIBUTES","DYFG","DYFG_ATTRIBUTES","DYTS","DYTS_ATTRIBUTES","EMNT","EMNT_ATTRIBUTES","EMSD","EMSD_ATTRIBUTES","EMSN","EMSN_ATTRIBUTES","EMXP","EMXP_ATTRIBUTES","EMXT","EMXT_ATTRIBUTES","HDSD","HDSD_ATTRIBUTES","HTDD","HTDD_ATTRIBUTES","PRCP","PRCP_ATTRIBUTES","SNOW","SNOW_ATTRIBUTES","TAVG","TAVG_ATTRIBUTES","TMAX","TMAX_ATTRIBUTES","TMIN","TMIN_ATTRIBUTES"
"USC00021654","1941-06","34.7569","-112.4567","1447.8","CHINO VALLEY, AZ US","","","","","0",",6","0",",6","0",",6","","","","","","","","","","","","","","","","","","","","","","","","","0.0",",,6,30,+","","","","","","","0.0",",,,6","","","","","","","",""
"USC00021654","1941-07","34.7569","-112.4567","1447.8","CHINO VALLEY, AZ US","","","","","8",",6","3",",6","0",",6","","","","","","","","","","","","","","","","","","","","","","","","","13.0",",,6,09,","","","","","","","25.0",",,,6","","","","","","","",""
"USC00021654","1941-08","34.7569","-112.4567","1447.8","CHINO VALLEY, AZ US","","","","","6",",6","4",",6","0",",6","","","","","","","","","","","","","","","","","","","","","","","","","19.1",",,6,04,","","","","","","","46.4",",,,6","","","","","","","",""
"USC00021654","1941-09","34.7569","-112.4567","1447.8","CHINO VALLEY, AZ US","","","","","4",",6","4",",6","0",",6","","","","","","","","","","","","","","","","","","","","","","","","","23.6",",,6,13,","","","","","","","51.5",",,,6","","","","","","","",""
"USC00021654","1941-10","34.7569","-112.4567","1447.8","CHINO VALLEY, AZ US","","","","","8",",6","3",",6","0",",6","","","","","","","","","","","","","","","","","","","","","","","","","24.4",",,6,03,","","","","","","","55.5",",,,6","","","","","","","",""
"USC00021654","1941-11","34.7569","-112.4567","1447.8","CHINO VALLEY, AZ US","","","","","3",",6","1",",6","0",",6","","","","","","","","","","","","","","","","","","","","","","","","","13.0",",,6,14,","","","","","","","15.3",",,,6","","","","","","","",""
"USC00021654","1941-12","34.7569","-112.4567","1447.8","CHINO VALLEY, AZ US","","","","","6",",6","3",",6","0",",6","","","2",",6","","","","","","","","","","","","","","","","","","","51",",,6,24,","14.2",",,6,11,","","","","","","","25.4",",,,6","92",",,,6","","","","","",""
"USC00021654","1942-01","34.7569","-112.4567","1447.8","CHINO VALLEY, AZ US","","","","","2",",6","1",",6","0",",6","","","1",",6","","","","","","","","","","","","","","","","","","","69",",,6,01,","6.6",",,6,01,","","","","","","","7.1",",,,6","74",",,,6","","","","","",""
"USC00021654","1942-02","34.7569","-112.4567","1447.8","CHINO VALLEY, AZ US","","","","","5",",6","3",",6","0",",6","","","2",",6","","","","","","","","","","","","","","","","","","","114",",,6,14,","9.4",",,6,27,","","","","","","","22.7",",,,6","237",",,,6","","","","","",""
"USC00021654","1942-03","34.7569","-112.4567","1447.8","CHINO VALLEY, AZ US","","","","","1",",6","1",",6","0",",6","","","","","","","","","","","","","","","","","","","","","","","","","5.1",",,6,15,","","","","","","","5.1",",,,6","","","","","","","",""
"USC00021654","1942-04","34.7569","-112.4567","1447.8","CHINO VALLEY, AZ US","","","0.0",",6","6",",6","1",",6","0",",6","","","0",",6","0",",6","15",",6","0",",6","14",",6","0",",6","","","","","-4.4",",6,30,","","","0",",T,6,23,","14.5",",,6,23,","26.1",",6,02,","","","229.5",",6","20.5",",,,6","0",",T,,6","10.68",",6","20.61",",,,6","0.76",",,,6"
"USC00021654","1942-05","34.7569","-112.4567","1447.8","CHINO VALLEY, AZ US","","","3.9",",6","0",",6","0",",6","0",",6","","","","","0",",6","7",",6","0",",6","27",",6","1",",6","","","","","-4.4",",6,13,","","","","","0.0",",,6,31,+","33.9",",6,21,","","","132.0",",6","0.0",",,,6","","","14.20",",6","25.90",",,,6","2.51",",,,6"
"USC00021654","1942-06","34.7569","-112.4567","1447.8","CHINO VALLEY, AZ US","","","38.1",",6","0",",6","0",",6","0",",6","","","","","0",",6","0",",6","0",",6","30",",6","12",",6","","","","","2.8",",6,28,+","","","","","0.0",",,6,30,+","36.7",",6,30,","","","22.2",",6","0.0",",,,6","","","18.86",",6","31.39",",,,6","6.33",",,,6"
"USC00021654","1942-07","34.7569","-112.4567","1447.8","CHINO VALLEY, AZ US","","","189.5",",6","10",",6","5",",6","0",",6","","","","","0",",6","0",",6","0",",6","31",",6","28",",6","","","","","9.4",",6,03,","","","","","6.6",",,6,16,","39.4",",6,07,+","0.0","6","0.0",",6","26.5",",,,6","","","24.45",",6","35.20",",,,6","13.69",",,,6"
"USC00021654","1942-08","34.7569","-112.4567","1447.8","CHINO VALLEY, AZ US","","","105.4","1,6","7",",6","3",",6","1",",6","","","","","0",",6","0",",6","0","1,6","30","1,6","15","1,6","","","","","2.8",",6,31,","","","","","50.3",",,6,19,","35.6","1,6,16,+","6.1","6","6.1","1,6","61.1",",,,6","","","21.73","1,6","31.73","1,,,6","11.74",",,,6"
"USC00021654","1942-09","34.7569","-112.4567","1447.8","CHINO VALLEY, AZ US","","","24.0",",6","3",",6","1",",6","0",",6","","","","","0",",6","0",",6","0",",6","30",",6","7",",6","","","","","1.1",",6,12,","","","","","4.1",",,6,10,","33.3",",6,16,","18.6","6","12.5",",6","4.9",",,,6","","","18.71",",6","30.41",",,,6","7.02",",,,6"
"USC00021654","1942-10","34.7569","-112.4567","1447.8","CHINO VALLEY, AZ US","","","0.0","1,6","6",",6","1",",6","0",",6","","","","","0","1,6","13","1,6","0",",6","28",",6","0",",6","","","","","-8.9","1,6,30,","","","","","7.1",",,6,06,","31.1",",6,05,","188.8","6","170.2",",6","9.3",",,,6","","","12.68","1,6","24.10",",,,6","1.27","1,,,6"
"USC00021654","1942-11","34.7569","-112.4567","1447.8","CHINO VALLEY, AZ US","","","0.0",",6","1",",6","1",",6","0",",6","","","","","0",",6","28",",6","0",",6","14",",6","0",",6","","","","","-9.4",",6,21,","","","","","5.1",",,6,20,","25.0",",6,13,+","502.8","6","314.0",",6","5.1",",,,6","","","7.87",",6","20.06",",,,6","-4.33",",,,6"
"USC00021654","1942-12","34.7569","-112.4567","1447.8","CHINO VALLEY, AZ US","","","0.0",",6","4",",6","2",",6","0",",6","","","0",",6","0",",6","30",",6","0",",6","1",",6","0",",6","","","","","-11.7",",6,08,+","","","0",",T,6,25,","13.2",",,6,25,","21.1",",6,16,","942.6","6","439.8",",6","21.1",",,,6","0",",T,,6","4.15",",6","14.61",",,,6","-6.32",",,,6"
"USC00021654","1943-01","34.7569","-112.4567","1447.8","CHINO VALLEY, AZ US","0.0","6","0.0",",6","6",",6","4",",6","0",",6","","","0",",6","0",",6","26",",6","0",",6","2",",6","0",",6","","","","","-15.0",",6,19,","","","13",",,6,27,","20.1",",,6,22,","22.2",",6,15,","1398.9","6","456.3",",6","39.1",",,,6","13",",,,6","3.61",",6","12.62",",,,6","-5.39",",,,6"
"USC00021654","1943-02","34.7569","-112.4567","1447.8","CHINO VALLEY, AZ US","0.0","6","0.0",",6","5",",6","5",",6","0",",6","","","0",",6","0",",6","26",",6","0",",6","6",",6","0",",6","","","","","-9.4",",6,10,","","","0",",T,6,08,","5.8",",,6,23,","22.2",",6,15,","1744.1","6","345.2",",6","21.5",",,,6","0",",T,,6","6.01",",6","15.88",",,,6","-3.87",",,,6"
"USC00021654","1943-03","34.7569","-112.4567","1447.8","CHINO VALLEY, AZ US","0.0","6","0.0",",6","7",",6","2",",6","0",",6","","","0",",6","0",",6","17",",6","0",",6","7",",6","0",",6","","","","","-7.8",",6,19,","","","0",",,6,31,+","9.9",",,6,04,","26.1",",6,28,","2045.4","6","301.3",",6","23.1",",,,6","0",",,,6","8.61",",6","17.58",",,,6","-0.36",",,,6"
"USC00021654","1943-04","34.7569","-112.4567","1447.8","CHINO VALLEY, AZ US","1.4","6","1.4",",6","6",",6","1",",6","0",",6","","","1",",6","0",",6","13",",6","0",",6","21",",6","0",",6","","","","","-3.9",",6,08,","","","36",",,6,10,","5.3",",,6,10,","31.7",",6,30,","2235.4","6","190.0",",6","12.7",",,,6","49",",,,6","12.05",",6","22.64",",,,6","1.45",",,,6"
"USC00021654","1943-05","34.7569","-112.4567","1447.8","CHINO VALLEY, AZ US","15.8","6","14.4",",6","1",",6","0",",6","0",",6","","","","","0",",6","5",",6","0",",6","31",",6","4",",6","","","","","-5.0",",6,17,","","","","","0.3",",,6,05,","33.3",",6,25,+","2310.4","6","75.0",",6","0.3",",,,6","","","16.38",",6","27.54",",,,6","5.22",",,,6"
"USC00021654","1943-06","34.7569","-112.4567","1447.8","CHINO VALLEY, AZ US","85.0","6","69.2",",6","0",",6","0",",6","0",",6","","","","","0",",6","2",",6","0",",6","30",",6","14",",6","","","","","-1.1",",6,05,","","","","","0.0",",,6,30,+","35.0",",6,18,+","2337.6","6","27.2",",6","0.0",",,,6","","","19.73",",6","30.20",",,,6","9.26",",,,6"
"USC00021654","1943-07","34.7569","-112.4567","1447.8","CHINO VALLEY, AZ US","248.3","6","163.3",",6","6",",6","3",",6","0",",6","","","","","0",",6","0",",6","0",",6","31",",6","24",",6","","","","","3.3",",6,03,","","","","","9.7",",,6,26,","39.4",",6,25,","0.6","6","0.6",",6","19.9",",,,6","","","23.58",",6","34.05",",,,6","13.12",",,,6"
"USC00021654","1943-08","34.7569","-112.4567","1447.8","CHINO VALLEY, AZ US","","","","","9",",6","3",",6","0",",6","","","","","","","","","0",",6","31",",6","13",",6","","","","","","","","","","","7.4",",,6,02,","35.6",",6,13,","","","","","21.1",",,,6","","","","","31.02",",,,6","",""
"USC00021654","1943-09","34.7569","-112.4567","1447.8","CHINO VALLEY, AZ US","","","60.1","1,6","6",",6","2",",6","1",",6","","","","","0",",6","0",",6","0","1,6","27","1,6","20","1,6","","","","","6.1",",6,27,","","","","","34.8",",,6,25,","34.4","1,6,22,+","","","11.7","1,6","48.2",",,,6","","","20.08","1,6","31.06","1,,,6","9.10",",,,6"
"USC00021654","1943-10","34.7569","-112.4567","1447.8","CHINO VALLEY, AZ US","","","0.0",",6","3",",6","1",",6","0",",6","","","","","0",",6","10",",6","0",",6","23",",6","0",",6","","","","","-5.0",",6,31,","","","","","4.1",",,6,19,","29.4",",6,16,+","","","160.6",",6","6.4",",,,6","","","13.15",",6","23.90",",,,6","2.40",",,,6"
"USC00021654","1943-11","34.7569","-112.4567","1447.8","CHINO VALLEY, AZ US","","","0.0",",6","0",",6","0",",6","0",",6","","","","","0",",6","28",",6","0",",6","12",",6","0",",6","","","","","-11.7",",6,28,","","","","","0.0",",,6,30,+","23.9",",6,12,+","","","355.9",",6","0.0",",,,6","","","6.47",",6","19.07",",,,6","-6.13",",,,6"
"USC00021654","1943-12","34.7569","-112.4567","1447.8","CHINO VALLEY, AZ US","","","0.0",",6","7",",6","6",",6","0",",6","","","1",",6","0",",6","27",",6","0",",6","0",",6","0",",6","","","","","-10.6",",6,03,","","","51",",,6,09,","13.2",",,6,09,","19.4",",6,03,","","","466.3",",6","30.7",",,,6","51",",,,6","3.29",",6","11.10",",,,6","-4.52",",,,6"
"USC00021654","1944-01","34.7569","-112.4567","1447.8","CHINO VALLEY, AZ US","0.0","6","0.0",",6","7",",6","2",",6","0",",6","","","1",",6","0",",6","29",",6","0",",6","0",",6","0",",6","","","","","-13.9",",6,14,+","","","36",",,6,25,","5.8",",,6,24,","19.4",",6,21,","","","507.6",",6","12.9",",,,6","44",",,,6","1.96",",6","11.09",",,,6","-7.17",",,,6"
"USC00021654","1944-02","34.7569","-112.4567","1447.8","CHINO VALLEY, AZ US","0.0","6","0.0",",6","10",",6","4",",6","0",",6","","","3",",6","0",",6","26",",6","0",",6","0",",6","0",",6","","","","","-10.6",",6,11,","","","89",",,6,21,","14.5",",,6,24,","20.6",",6,06,","","","441.6",",6","45.9",",,,6","210",",,,6","3.11",",6","10.38",",,,6","-4.17",",,,6"
"USC00021654","1944-03","34.7569","-112.4567","1447.8","CHINO VALLEY, AZ US","0.0","6","0.0",",6","2",",6","1",",6","0",",6","","","1",",6","0",",6","28",",6","0",",6","4",",6","0",",6","","","","","-11.7",",6,15,","","","74",",,6,14,","11.2",",,6,14,","22.2",",6,10,","","","397.5",",6","12.0",",,,6","74",",,,6","5.51",",6","15.14",",,,6","-4.12",",,,6"
"USC00021654","1944-04","34.7569","-112.4567","1447.8","CHINO VALLEY, AZ US","0.0","6","0.0",",6","6",",6","4",",6","0",",6","","","0",",6","0",",6","20",",6","0",",6","9",",6","0",",6","","","","","-5.6",",6,22,+","","","10",",,6,09,","9.4",",,6,28,","23.3",",6,06,+","","","290.3",",6","30.3",",,,6","10",",,,6","8.66",",6","18.33",",,,6","-1.02",",,,6"
"USC00021654","1944-05","34.7569","-112.4567","1447.8","CHINO VALLEY, AZ US","0.0","6","0.0","1,6","5",",6","1",",6","0",",6","","","0",",6","0",",6","6",",6","0","1,6","29","1,6","0","1,6","","","","","-3.3",",6,04,","","","0",",T,6,16,","9.7",",,6,10,","30.0","1,6,13,","","","129.1","1,6","12.1",",,,6","0",",T,,6","14.04","1,6","25.19","1,,,6","2.89",",,,6"
"USC00021654","1944-06","34.7569","-112.4567","1447.8","CHINO VALLEY, AZ US","18.3","6","18.3",",6","1",",6","0",",6","0",",6","","","","","0",",6","3",",6","0",",6","30",",6","6",",6","","","","","-2.2",",6,17,","","","","","1.3",",,6,30,","36.7",",6,29,","","","45.7",",6","1.3",",,,6","","","17.42",",6","29.13",",,,6","5.71",",,,6"
"USC00021654","1944-07","34.7569","-112.4567","1447.8","CHINO VALLEY, AZ US","124.2","6","105.9",",6","4",",6","1",",6","0",",6","","","0",",6","0",",6","0",",6","0",",6","31",",6","25",",6","","","","","4.4",",6,13,","","","0",",,6,31,+","7.9",",,6,21,","36.7",",6,17,","0.0","6","0.0",",6","10.8",",,,6","0",",,,6","21.75",",6","33.45",",,,6","10.05",",,,6"
"USC00021654","1944-08","34.7569","-112.4567","1447.8","CHINO VALLEY, AZ US","251.2","6","127.0",",6","4",",6","2",",6","0",",6","","","","","0",",6","0",",6","0",",6","31",",6","27",",6","","","","","4.4",",6,31,+","","","","","5.8",",,6,19,","38.3",",6,12,","0.0","6","0.0",",6","13.5",",,,6","","","22.43",",6","34.39",",,,6","10.46",",,,6"
"USC00021654","1944-09","34.7569","-112.4567","1447.8","CHINO VALLEY, AZ US","279.6","6","28.4","2,6","8",",6","3",",6","0",",6","","","","","0",",6","0",",6","0","2,6","28","2,6","11","2,6","","","","","2.2",",6,20,","","","","","11.7",",,6,17,","35.6","2,6,10,+","14.5","6","14.5","2,6","24.4",",,,6","","","18.80","2,6","30.14","2,,,6","7.47",",,,6"
"USC00021654","1944-10","34.7569","-112.4567","1447.8","CHINO VALLEY, AZ US","279.6","6","0.0","2,6","4",",6","1",",6","0",",6","","","","","0","1,6","13","1,6","0","1,6","26","1,6","0","1,6","","","","","-3.9","1,6,16,+","","","","","3.3",",,6,11,","31.7","1,6,21,","158.4","6","143.9","1,6","5.4",",,,6","","","13.35","2,6","24.57","1,,,6","2.13","1,,,6"
"USC00021654","1944-11","34.7569","-112.4567","1447.8","CHINO VALLEY, AZ US","279.6","6","0.0","1,6","8",",6","5",",6","0",",6","","","0",",6","0",",6","24",",6","0","1,6","4","1,6","0","1,6","","","","","-8.9",",6,26,","","","20",",,6,12,","16.5",",,6,12,","22.8","1,6,03,","514.2","6","355.8","1,6","35.3",",,,6","23",",,,6","6.10","1,6","14.07","1,,,6","-1.87",",,,6"
"USC00021654","1944-12","34.7569","-112.4567","1447.8","CHINO VALLEY, AZ US","279.6","6","0.0",",6","9",",6","5",",6","0",",6","","","0",",6","0",",6","26",",6","0",",6","0",",6","0",",6","","","","","-11.7",",6,14,+","","","0",",T,6,03,","10.7",",,6,26,","18.3",",6,20,+","975.3","6","461.1",",6","28.7",",,,6","0",",T,,6","3.46",",6","12.33",",,,6","-5.41",",,,6"
"USC00021654","1945-01","34.7569","-112.4567","1447.8","CHINO VALLEY, AZ US","0.0","6","0.0",",6","6",",6","3",",6","0",",6","","","3",",6","2",",6","30",",6","1",",6","0",",6","0",",6","","","","","-21.1",",6,21,","","","203",",,6,20,","17.3",",,6,20,","19.4",",6,14,","1504.5","6","529.2",",6","30.4",",,,6","320",",,,6","1.26",",6","10.09",",,,6","-7.57",",,,6"
"USC00021654","1945-02","34.7569","-112.4567","1447.8","CHINO VALLEY, AZ US","0.0","6","0.0",",6","8",",6","2",",6","0",",6","","","0",",6","0",",6","21",",6","0",",6","1",",6","0",",6","","","","","-9.4",",6,27,","","","0",",T,6,25,+","5.8",",,6,16,","21.1",",6,08,","1866.8","6","362.3",",6","15.5",",,,6","0",",T,,6","5.39",",6","13.49",",,,6","-2.70",",,,6"
"USC00021654","1945-03","34.7569","-112.4567","1447.8","CHINO VALLEY, AZ US","0.0","6","0.0",",6","10",",6","4",",6","0",",6","","","1",",6","0",",6","29",",6","0",",6","3",",6","0",",6","","","","","-8.9",",6,28,","","","51",",,6,05,","5.6",",,6,23,","22.2",",6,13,","2287.5","6","420.7",",6","23.8",",,,6","82",",,,6","4.76",",6","13.33",",,,6","-3.81",",,,6"
"USC00021654","1945-04","34.7569","-112.4567","1447.8","CHINO VALLEY, AZ US","0.0","6","0.0",",6","2",",6","0",",6","0",",6","","","","","0",",6","17",",6","0",",6","16",",6","0",",6","","","","","-12.8",",6,04,","","","","","1.5",",,6,10,","30.0",",6,30,","2552.2","6","264.7",",6","1.8",",,,6","","","9.51",",6","20.63",",,,6","-1.61",",,,6"
"USC00021654","1945-05","34.7569","-112.4567","1447.8","CHINO VALLEY, AZ US","1.9","6","1.9","1,6","0",",6","0",",6","0",",6","","","","","0","1,6","2","1,6","0",",6","30",",6","0",",6","","","","","-2.8","1,6,21,+","","","","","0.0",",T,6,02,","29.4",",6,03,","2664.9","6","112.7",",6","0.0",",T,,6","","","14.68","1,6","25.72",",,,6","3.63","1,,,6"
"USC00021654","1945-06","34.7569","-112.4567","1447.8","CHINO VALLEY, AZ US","36.1","6","34.2",",6","0",",6","0",",6","0",",6","","","","","0",",6","0",",6","0",",6","30",",6","15",",6","","","","","0.6",",6,07,","","","","","0.0",",,6,30,+","36.7",",6,20,","2696.8","6","31.9",",6","0.0",",,,6","","","18.41",",6","30.37",",,,6","6.45",",,,6"
"USC00021654","1945-07","34.7569","-112.4567","1447.8","CHINO VALLEY, AZ US","206.9","6","170.8",",6","11",",6","5",",6","0",",6","","","","","0",",6","0",",6","0",",6","31",",6","24",",6","","","","","10.0",",6,18,","","","","","8.1",",,6,28,","38.3",",6,01,","0.0","6","0.0",",6","35.1",",,,6","","","23.84",",6","33.57",",,,6","14.12",",,,6"
"USC00021654","1945-08","34.7569","-112.4567","1447.8","CHINO VALLEY, AZ US","355.9","6","149.0",",6","9",",6","5",",6","1",",6","","","","","0",",6","0",",6","0",",6","31",",6","15",",6","","","","","11.1",",6,30,","","","","","26.4",",,6,11,","34.4",",6,31,+","0.0","6","0.0",",6","58.5",",,,6","","","23.14",",6","31.49",",,,6","14.79",",,,6"
"USC00021654","1945-09","34.7569","-112.4567","1447.8","CHINO VALLEY, AZ US","439.1","6","83.2",",6","1",",6","0",",6","0",",6","","","","","0",",6","1",",6","0",",6","30",",6","16",",6","","","","","0.0",",6,30,","","","","","1.0",",,6,01,","36.7",",6,04,","38.9","6","38.9",",6","1.0",",,,6","","","19.81",",6","30.47",",,,6","9.15",",,,6"
"USC00021654","1945-10","34.7569","-112.4567","1447.8","CHINO VALLEY, AZ US","443.3","6","4.2",",6","2",",6","2",",6","0",",6","","","","","0",",6","6",",6","0",",6","28",",6","0",",6","","","","","-6.1",",6,24,","","","","","7.9",",,6,05,","29.4",",6,02,","162.1","6","123.2",",6","11.7",",,,6","","","14.49",",6","24.42",",,,6","4.57",",,,6"
"USC00021654","1945-11","34.7569","-112.4567","1447.8","CHINO VALLEY, AZ US","443.3","6","0.0","1,6","0",",6","0",",6","0",",6","","","","","0",",6","27",",6","0","1,6","6","1,6","0","1,6","","","","","-12.2",",6,21,","","","","","0.0",",,6,30,+","26.1","1,6,04,","504.7","6","342.6","1,6","0.0",",,,6","","","6.60","1,6","18.54","1,,,6","-5.34",",,,6"
"USC00021654","1945-12","34.7569","-112.4567","1447.8","CHINO VALLEY, AZ US","443.3","6","0.0",",6","3",",6","3",",6","1",",6","","","1",",6","6",",6","29",",6","1",",6","0",",6","0",",6","","","","","-22.8",",6,14,","","","130",",,6,12,","26.4",",,6,23,","17.8",",6,30,","1077.0","6","572.3",",6","51.8",",,,6","130",",,,6","-0.13",",6","9.24",",,,6","-9.50",",,,6"
"USC00021654","1946-01","34.7569","-112.4567","1447.8","CHINO VALLEY, AZ US","0.0","6","0.0","1,6","7",",6","5",",6","0",",6","","","3",",6","0",",6","28",",6","0","1,6","1","1,6","0","1,6","","","","","-14.4",",6,31,","","","36",",,6,08,","5.6",",,6,03,","21.1","1,6,24,","1544.7","6","467.7","1,6","21.3",",,,6","94",",,,6","2.79","1,6","11.05","1,,,6","-5.47",",,,6"
"USC00021654","1946-02","34.7569","-112.4567","1447.8","CHINO VALLEY, AZ US","0.0","6","0.0",",6","2",",6","0",",6","0",",6","","","0",",6","0",",6","28",",6","0",",6","2",",6","0",",6","","","","","-12.8",",6,15,","","","18",",,6,12,","1.5",",,6,12,","22.8",",6,24,+","1955.6","6","410.9",",6","2.8",",,,6","18",",,,6","3.66",",6","15.10",",,,6","-7.78",",,,6"
"USC00021654","1946-03","34.7569","-112.4567","1447.8","CHINO VALLEY, AZ US","0.0","6","0.0","1,6","6",",6","1",",6","0",",6","","","1",",6","0","1,6","23","1,6","0","1,6","7","1,6","0","1,6","","","","","-9.4","1,6,04,","","","28",",,6,14,","5.1",",,6,14,","25.6","1,6,27,","2284.9","6","329.3","1,6","10.5",",,,6","48",",,,6","7.36","1,6","17.99","1,,,6","-3.27","1,,,6"
"USC00021654","1946-04","34.7569","-112.4567","1447.8","CHINO VALLEY, AZ US","0.0","6","0.0","1,6","7",",6","4",",6","0",",6","","","","","0",",6","10",",6","0","1,6","22","1,6","0","1,6","","","","","-3.3",",6,09,","","","","","17.0",",,6,02,","29.4","1,6,23,+","2441.1","6","156.2","1,6","35.9",",,,6","","","13.03","1,6","23.69","1,,,6","2.37",",,,6"
"USC00021654","1946-05","34.7569","-112.4567","1447.8","CHINO VALLEY, AZ US","1.1","6","1.1",",6","1",",6","0",",6","0",",6","","","","","0",",6","5",",6","0",",6","30",",6","0",",6","","","","","-1.1",",6,30,","","","","","0.8",",,6,11,","29.4",",6,06,+","2548.9","6","107.8",",6","0.8",",,,6","","","14.89",",6","25.97",",,,6","3.81",",,,6"
"USC00021654","1946-06","34.7569","-112.4567","1447.8","CHINO VALLEY, AZ US","76.7","6","75.6",",6","0",",6","0",",6","0",",6","","","","","0",",6","0",",6","0",",6","30",",6","27",",6","","","","","3.9",",6,08,+","","","","","0.0",",,6,30,+","36.1",",6,04,","2550.6","6","1.7",",6","0.0",",,,6","","","20.80",",6","33.54",",,,6","8.06",",,,6"
"USC00021654","1946-07","34.7569","-112.4567","1447.8","CHINO VALLEY, AZ US","241.8","6","165.1",",6","12",",6","6",",6","0",",6","","","","","0",",6","0",",6","0",",6","31",",6","19",",6","","","","","6.1",",6,02,","","","","","15.5",",,6,22,","36.7",",6,16,","0.0","6","0.0",",6","44.1",",,,6","","","23.66",",6","33.13",",,,6","14.19",",,,6"
"USC00021654","1946-08","34.7569","-112.4567","1447.8","CHINO VALLEY, AZ US","366.0","6","124.2",",6","12",",6","7",",6","2",",6","","","","","0",",6","0",",6","0",",6","31",",6","9",",6","","","","","10.0",",6,29,","","","","","28.7",",,6,04,","38.3",",6,02,","0.0","6","0.0",",6","105.9",",,,6","","","22.34",",6","30.41",",,,6","14.27",",,,6"
"USC00021654","1946-09","34.7569","-112.4567","1447.8","CHINO VALLEY, AZ US","402.3","6","36.3",",6","5",",6","3",",6","0",",6","","","","","0",",6","0",",6","0",",6","29",",6","5",",6","","","","","3.9",",6,08,","","","","","9.4",",,6,18,","33.3",",6,12,","6.4","6","6.4",",6","20.8",",,,6","","","19.33",",6","29.44",",,,6","9.22",",,,6"
"USC00021654","1946-10","34.7569","-112.4567","1447.8","CHINO VALLEY, AZ US","404.2","6","1.9","1,6","4",",6","0",",6","0",",6","","","","","0",",6","16",",6","0","1,6","16","1,6","0","1,6","","","","","-6.1",",6,31,","","","","","1.8",",,6,04,","27.2","1,6,25,+","222.8","6","216.4","1,6","4.4",",,,6","","","11.30","1,6","21.67","1,,,6","0.93",",,,6"
"USC00021654","1946-11","34.7569","-112.4567","1447.8","CHINO VALLEY, AZ US","404.2","6","0.0",",6","9",",6","4",",6","0",",6","","","1",",6","0",",6","23",",6","0",",6","0",",6","0",",6","","","","","-9.4",",6,05,","","","38",",,6,10,","7.6",",,6,14,","20.6",",6,30,+","604.3","6","381.5",",6","28.5",",,,6","38",",,,6","5.62",",6","14.69",",,,6","-3.45",",,,6"
"USC00021654","1946-12","34.7569","-112.4567","1447.8","CHINO VALLEY, AZ US","404.2","6","0.0","1,6","4",",6","3",",6","0",",6","","","","","0",",6","26",",6","0","1,6","3","1,6","0","1,6","","","","","-11.1",",6,20,","","","","","11.7",",,6,26,","23.9","1,6,14,","1015.9","6","411.6","1,6","24.5",",,,6","","","4.56","1,6","14.38","1,,,6","-5.26",",,,6"
"USC00021654","1947-01","34.7569","-112.4567","1447.8","CHINO VALLEY, AZ US","0.0","6","0.0",",6","2",",6","1",",6","0",",6","","","1",",6","0",",6","30",",6","0",",6","0",",6","0",",6","","","","","-15.0",",6,16,","","","38",",,6,29,","4.1",",,6,29,","20.0",",6,26,","1544.1","6","528.2",",6","5.4",",,,6","51",",,,6","1.29",",6","11.22",",,,6","-8.63",",,,6"
"USC00021654","1947-02","34.7569","-112.4567","1447.8","CHINO VALLEY, AZ US","0.0","6","0.0",",6","1",",6","0",",6","0",",6","","","","","0",",6","24",",6","0",",6","3",",6","0",",6","","","","","-10.0",",6,22,","","","","","1.3",",,6,27,","21.7",",6,15,","1879.2","6","335.1",",6","1.3",",,,6","","","6.36",",6","17.70",",,,6","-4.97",",,,6"
"USC00021654","1947-03","34.7569","-112.4567","1447.8","CHINO VALLEY, AZ US","0.0","6","0.0",",6","2",",6","1",",6","0",",6","","","","","0",",6","24",",6","0",",6","9",",6","0",",6","","","","","-12.2",",6,14,","","","","","9.7",",,6,19,","23.9",",6,26,+","2200.9","6","321.7",",6","10.7",",,,6","","","7.95",",6","18.85",",,,6","-2.94",",,,6"
"USC00021654","1947-04","34.7569","-112.4567","1447.8","CHINO VALLEY, AZ US","0.0","6","0.0",",6","1",",6","0",",6","0",",6","","","","","0",",6","16",",6","0",",6","16",",6","0",",6","","","","","-6.1",",6,23,","","","","","0.8",",,6,24,","28.3",",6,30,+","2422.3","6","221.4",",6","0.8",",,,6","","","10.95",",6","21.84",",,,6","0.07",",,,6"
"USC00021654","1947-05","34.7569","-112.4567","1447.8","CHINO VALLEY, AZ US","16.0","6","16.0","2,6","3",",6","2",",6","0",",6","","","","","0",",6","1",",6","0","2,6","28","2,6","5","2,6","","","","","-0.6",",6,12,","","","","","6.4",",,6,10,","35.0","2,6,05,+","2467.6","6","45.3","2,6","10.2",",,,6","","","17.30","2,6","28.48","2,,,6","6.12",",,,6"
"USC00021654","1947-06","34.7569","-112.4567","1447.8","CHINO VALLEY, AZ US","75.6","6","59.6",",6","0",",6","0",",6","0",",6","","","","","0",",6","0",",6","0",",6","30",",6","10",",6","","","","","2.2",",6,12,","","","","","0.0",",,6,30,+","35.6",",6,15,","2475.4","6","7.8",",6","0.0",",,,6","","","20.06",",6","30.78",",,,6","9.34",",,,6"
"USC00021654","1947-07","34.7569","-112.4567","1447.8","CHINO VALLEY, AZ US","257.1","6","181.5",",6","9",",6","3",",6","0",",6","","","","","0",",6","0",",6","0",",6","31",",6","27",",6","","","","","6.1",",6,11,","","","","","5.1",",,6,21,","38.9",",6,18,","0.0","6","0.0",",6","18.0",",,,6","","","24.19",",6","34.84",",,,6","13.53",",,,6"
"USC00021654","1947-08","34.7569","-112.4567","1447.8","CHINO VALLEY, AZ US","384.9","6","127.8","1,6","10",",6","5",",6","0",",6","","","","","0",",6","0",",6","0","1,6","30","1,6","14","1,6","","","","","7.8",",6,23,","","","","","15.2",",,6,15,","35.6","1,6,03,+","0.0","6","0.0","1,6","52.8",",,,6","","","22.62","1,6","31.70","1,,,6","13.54",",,,6"
"USC00021654","1947-09","34.7569","-112.4567","1447.8","CHINO VALLEY, AZ US","461.4","6","76.5",",6","2",",6","0",",6","0",",6","","","","","0",",6","0",",6","0",",6","30",",6","18",",6","","","","","4.4",",6,13,","","","","","1.8",",,6,19,","36.1",",6,24,+","0.3","6","0.3",",6","3.1",",,,6","","","20.88",",6","32.00",",,,6","9.75",",,,6"
"USC00021654","1947-10","34.7569","-112.4567","1447.8","CHINO VALLEY, AZ US","466.8","6","5.4",",6","4",",6","3",",6","0",",6","","","","","0",",6","10",",6","0",",6","27",",6","1",",6","","","","","-3.9",",6,26,","","","","","7.9",",,6,14,","32.2",",6,04,","144.5","6","144.2",",6","18.1",",,,6","","","13.85",",6","24.81",",,,6","2.90",",,,6"
"USC00021654","1947-11","34.7569","-112.4567","1447.8","CHINO VALLEY, AZ US","466.8","6","0.0",",6","8",",6","3",",6","0",",6","","","1",",6","0",",6","30",",6","0",",6","4",",6","0",",6","","","","","-16.7",",6,24,","","","140",",,6,23,","14.7",",,6,23,","26.7",",6,01,","562.0","6","417.5",",6","30.8",",,,6","140",",,,6","4.42",",6","13.95",",,,6","-5.12",",,,6"
"USC00021654","1947-12","34.7569","-112.4567","1447.8","CHINO VALLEY, AZ US","466.8","6","0.0","1,6","6",",6","4",",6","1",",6","","","0",",6","0",",6","29",",6","0","1,6","0","1,6","0","1,6","","","","","-12.8",",6,11,","","","18",",,6,08,","31.8",",,6,02,","17.2","1,6,28,+","1039.8","6","477.8","1,6","57.7",",,,6","31",",,,6","2.49","1,6","10.66","1,,,6","-5.68",",,,6"
"USC00021654","1948-01","34.7569","-112.4567","1447.8","CHINO VALLEY, AZ US","0.0","0","0.0",",6","1",",6","1",",6","0",",6","","","0",",6","0",",6","31",",6","1",",6","3",",6","0",",6","","","","","-13.3",",6,29,","","","0",",T,6,26,","3.0",",,6,26,","22.2",",6,08,+","1501.0","0","461.2",",6","3.0",",,,6","0",",T,,6","3.45",",6","15.04",",,,6","-8.13",",,,6"
"USC00021654","1948-02","34.7569","-112.4567","1447.8","CHINO VALLEY, AZ US","0.0","0","0.0","1,6","6",",6","5",",6","0",",6","","","4",",6","0",",6","29",",6","0","1,6","2","1,6","0","1,6","","","","","-14.4",",6,12,","","","58",",,6,25,","13.7",",,6,26,","21.7","1,6,21,+","1934.0","0","433.0","1,6","34.7",",,,6","167",",,,6","2.89","1,6","11.43","1,,,6","-5.65",",,,6"
"USC00021654","1948-04","34.7569","-112.4567","1447.8","CHINO VALLEY, AZ US","","","0.0",",6","2",",6","0",",6","0",",6","","","0",",6","0",",6","16",",6","0",",6","21",",6","0",",6","","","","","-7.8",",6,01,","","","0",",,6,30,+","1.3",",,6,11,","31.1",",6,16,","","","211.1",",6","2.3",",,,6","0",",,,6","11.30",",6","22.72",",,,6","-0.13",",,,6"
"USC00021654","1948-05","34.7569","-112.4567","1447.8","CHINO VALLEY, AZ US","","","1.9","1,6","0",",6","0",",6","0",",6","","","","","0",",6","10",",6","0","1,6","29","1,6","1","1,6","","","","","-3.9",",6,10,","","","","","0.0",",,6,31,+","32.2","1,6,15,","","","94.5","1,6","0.0",",,,6","","","15.34","1,6","27.78","1,,,6","2.90",",,,6"
"USC00021654","1948-06","34.7569","-112.4567","1447.8","CHINO VALLEY, AZ US","","","49.5",",6","1",",6","1",",6","0",",6","","","","","0",",6","0",",6","0",",6","30",",6","14",",6","","","","","2.2",",6,03,","","","","","8.9",",,6,07,","36.7",",6,29,","","","14.2",",6","8.9",",,,6","","","19.51",",6","31.15",",,,6","7.88",",,,6"
"USC00021654","1948-07","34.7569","-112.4567","1447.8","CHINO VALLEY, AZ US","","","145.5",",0","7",",0","6",",0","0",",0","0",",0","0",",0","0",",0","0",",0","0",",0","31",",0","23",",0","","","6","","4.4",",0,09,","0",",,0,31,+","0",",,0,31,+","12.7",",,0,22,","39.4",",0,15,","0.0","0","0.0",",0","50.5",",,,0","0",",,,0","23.03",",0","33.81",",,,0","12.25",",,,0"
"USC00021654","1948-08","34.7569","-112.4567","1447.8","CHINO VALLEY, AZ US","","","135.1",",0","9",",0","8",",0","1",",0","0",",0","0",",0","0",",0","0",",0","0",",0","31",",0","15",",0","","","5","","5.0",",0,25,","0",",,0,31,+","0",",,0,31,+","32.3",",,0,04,","37.8",",0,29,","0.0","0","0.0",",0","92.8",",,,0","0",",,,0","22.69",",0","32.15",",,,0","13.23",",,,0"
"USC00021654","1948-09","34.7569","-112.4567","1447.8","CHINO VALLEY, AZ US","","","53.4",",0","1",",0","1",",0","0",",0","0",",0","0",",0","0",",0","1",",0","0",",0","30",",0","14",",0","","","","","0.0",",0,23,","0",",,0,30,+","0",",,0,30,+","14.5",",,0,16,","38.9",",0,03,","26.6","0","26.6",",0","14.5",",,,0","0",",,,0","19.22",",0","31.19",",,,0","7.26",",,,0"
"USC00021654","1948-10","34.7569","-112.4567","1447.8","CHINO VALLEY, AZ US","","","0.0",",0","5",",0","3",",0","0",",0","0",",0","0",",0","0",",0","8",",0","0",",0","25",",0","0",",0","","","2","","-3.3",",0,25,+","0",",,0,31,+","0",",,0,31,+","11.2",",,0,30,","31.7",",0,11,","176.1","0","149.5",",0","24.2",",,,0","0",",,,0","13.51",",0","24.34",",,,0","2.68",",,,0"
"USC00021654","1948-11","34.7569","-112.4567","1447.8","CHINO VALLEY, AZ US","","","0.0",",0","0",",0","0",",0","0",",0","0",",0","0",",0","0",",0","27",",0","0",",0","2",",0","0",",0","","","","","-11.7",",0,28,","0",",,0,30,+","0",",,0,30,+","0.0",",,0,30,+","22.2",",0,16,","578.2","0","402.1",",0","0.0",",,,0","0",",,,0","4.93",",0","15.89",",,,0","-6.03",",,,0"
"USC00021654","1948-12","34.7569","-112.4567","1447.8","CHINO VALLEY, AZ US","","","0.0",",0","10",",0","6",",0","0",",0","0",",0","1",",0","0",",0","25",",0","0",",0","0",",0","0",",0","","","","","-15.6",",0,05,","0",",T,0,27,","25",",,0,28,","18.8",",,0,31,+","18.9",",0,13,+","1056.3","0","478.1",",0","59.5",",,,0","25",",,,0","2.91",",0","11.66",",,,0","-5.84",",,,0"
"USC00021654","1949-01","34.7569","-112.4567","1447.8","CHINO VALLEY, AZ US","0.0","0","0.0",",0","13",",0","9",",0","0",",0","12","1,0","8",",0","5",",0","30",",0","6",",0","0",",0","0",",0","1","","","","-26.1",",0,30,","229","1,,0,25,","178",",,0,24,","15.2",",,0,24,","10.0",",0,01,","1732.7","0","676.4",",0","70.7",",,,0","712",",,,0","-3.49",",0","2.47",",,,0","-9.45",",,,0"
"USC00021654","1949-02","34.7569","-112.4567","1447.8","CHINO VALLEY, AZ US","0.0","0","0.0",",0","6",",0","2",",0","0",",0","19","1,0","3","1,0","5",",0","27",",0","3",",0","0",",0","0",",0","","","","","-25.0",",0,01,","178","1,,0,08,","114","1,,0,08,","7.9",",,0,08,","18.9",",0,23,","2294.9","0","562.2",",0","14.3",",,,0","229","1,,,0","-1.75",",0","6.42",",,,0","-9.91",",,,0"
"USC00021654","1949-03","34.7569","-112.4567","1447.8","CHINO VALLEY, AZ US","0.0","0","0.0",",0","3",",0","2",",0","0",",0","0",",0","2",",0","0",",0","26",",0","0",",0","4",",0","0",",0","","","","","-7.8",",0,24,","0",",,0,31,+","58",",,0,29,","6.6",",,0,29,","22.8",",0,19,+","2660.7","0","365.8",",0","12.7",",,,0","83",",,,0","6.53",",0","16.18",",,,0","-3.12",",,,0"
"USC00021654","1949-04","34.7569","-112.4567","1447.8","CHINO VALLEY, AZ US","0.0","0","0.0","1,0","4",",0","1",",0","0",",0","0",",0","0",",0","0","1,0","12","1,0","0","1,0","23","1,0","1","1,0","","","","","-3.9","1,0,03,+","0",",,0,30,+","18",",,0,01,","4.6",",,0,08,","32.2","1,0,23,","2828.6","0","167.9","1,0","8.1",",,,0","23",",,,0","12.54","1,0","23.76","1,,,0","1.32","1,,,0"
"USC00021654","1949-05","34.7569","-112.4567","1447.8","CHINO VALLEY, AZ US","7.8","0","7.8",",0","3",",0","1",",0","0",",0","0",",0","0",",0","0",",0","2",",0","0",",0","28",",0","3",",0","","","","","-0.6",",0,11,+","0",",,0,31,+","0",",,0,31,+","4.6",",,0,15,","33.9",",0,25,+","2939.0","0","110.4",",0","7.2",",,,0","0",",,,0","15.02",",0","25.80",",,,0","4.25",",,,0"
"USC00021654","1949-06","34.7569","-112.4567","1447.8","CHINO VALLEY, AZ US","90.6","0","82.8",",0","4",",0","1",",0","0",",0","0",",0","0",",0","0",",0","0",",0","0",",0","30",",0","14",",0","","","5","","1.7",",0,01,","0",",,0,30,+","0",",,0,30,+","5.1",",,0,18,","36.7",",0,15,","2957.0","0","18.0",",0","10.2",",,,0","0",",,,0","20.50",",0","31.11",",,,0","9.88",",,,0"
"USC00021654","1949-07","34.7569","-112.4567","1447.8","CHINO VALLEY, AZ US","284.1","0","193.5",",0","9",",0","3",",0","0",",0","0",",0","0",",0","0",",0","0",",0","0",",0","31",",0","25",",0","","","9","","10.0",",0,26,+","0",",,0,31,+","0",",,0,31,+","4.6",",,0,01,","39.4",",0,14,","0.0","0","0.0",",0","17.4",",,,0","0",",,,0","24.58",",0","33.69",",,,0","15.46",",,,0"
"USC00021654","1949-08","34.7569","-112.4567","1447.8","CHINO VALLEY, AZ US","413.0","0","128.9",",0","4",",0","1",",0","0",",0","0",",0","0",",0","0",",0","0",",0","0",",0","31",",0","23",",0","","","1","","4.4",",0,15,","0",",,0,31,+","0",",,0,31,+","3.8",",,0,23,","37.8",",0,31,+","0.9","0","0.9",",0","5.9",",,,0","0",",,,0","22.46",",0","34.04",",,,0","10.89",",,,0"
"USC00021654","1949-09","34.7569","-112.4567","1447.8","CHINO VALLEY, AZ US","497.5","0","84.5",",0","4",",0","3",",0","0",",0","0",",0","0",",0","0",",0","0",",0","0",",0","30",",0","12",",0","","","3","","2.8",",0,30,","0",",,0,30,+","0",",,0,30,+","12.4",",,0,10,","36.7",",0,01,","3.7","0","2.8",",0","31.8",",,,0","0",",,,0","21.06",",0","31.22",",,,0","10.89",",,,0"
"USC00021654","1949-10","34.7569","-112.4567","1447.8","CHINO VALLEY, AZ US","498.3","0","0.8",",0","7",",0","4",",0","0",",0","0",",0","0","1,0","0",",0","15",",0","0",",0","21",",0","0",",0","1","","3","","-5.6",",0,21,","0",",,0,31,+","0","1,,0,31,+","15.5",",,0,18,","30.0",",0,02,","207.4","0","203.7",",0","36.1",",,,0","0","1,,,0","11.79",",0","22.15",",,,0","1.43",",,,0"
"USC00021654","1949-11","34.7569","-112.4567","1447.8","CHINO VALLEY, AZ US","498.3","0","0.0",",0","2",",0","2",",0","0",",0","0",",0","0",",0","0",",0","27",",0","0",",0","23",",0","0",",0","","","","","-5.0",",0,23,","0",",,0,30,+","0",",,0,30,+","8.4",",,0,10,","27.2",",0,03,","456.2","0","248.8",",0","11.7",",,,0","0",",,,0","10.04",",0","22.54",",,,0","-2.46",",,,0"
"USC00021654","1949-12","34.7569","-112.4567","1447.8","CHINO VALLEY, AZ US","498.3","0","0.0",",0","6",",0","2",",0","0",",0","2",",0","2",",0","1",",0","29",",0","1",",0","2",",0","0",",0","","","","","-19.4",",0,12,","102",",,0,11,+","107",",,0,10,","15.5",",,0,10,","23.3",",0,01,","969.1","0","512.9",",0","27.2",",,,0","145",",,,0","1.79",",0","11.14",",,,0","-7.56",",,,0"
"USC00021654","1950-01","34.7569","-112.4567","1447.8","CHINO VALLEY, AZ US","0.0","0","0.0",",0","4",",0","2",",0","0",",0","2",",0","1",",0","0",",0","29",",0","0",",0","1",",0","0",",0","","","","","-16.1",",0,06,+","51",",,0,12,","114",",,0,12,","9.1",",,0,12,","21.1",",0,21,","1474.6","0","505.5",",0","16.0",",,,0","140",",,,0","2.03",",0","11.04",",,,0","-6.98",",,,0"
"USC00021654","1950-02","34.7569","-112.4567","1447.8","CHINO VALLEY, AZ US","0.0","0","0.0",",0","4",",0","2",",0","0",",0","0",",0","0",",0","0",",0","28",",0","0",",0","2",",0","0",",0","","","","","-11.1",",0,01,","0",",T,0,11,","13",",,0,11,","12.4",",,0,27,","22.8",",0,25,","1817.0","0","342.4",",0","24.4",",,,0","13",",,,0","6.10",",0","16.53",",,,0","-4.32",",,,0"
"USC00021654","1950-03","34.7569","-112.4567","1447.8","CHINO VALLEY, AZ US","0.0","0","0.0",",0","4",",0","2",",0","0",",0","0",",0","0",",0","0",",0","19",",0","0",",0","10",",0","0",",0","","","","","-12.8",",0,13,","0",",,0,31,+","0",",T,0,26,+","7.4",",,0,25,","25.6",",0,31,","2133.5","0","316.5",",0","14.5",",,,0","0",",T,,0","8.12",",0","18.14",",,,0","-1.89",",,,0"
"USC00021654","1950-04","34.7569","-112.4567","1447.8","CHINO VALLEY, AZ US","0.0","0","0.0",",0","1",",0","0",",0","0",",0","0",",0","0",",0","0",",0","15",",0","0",",0","25",",0","0",",0","","","","","-7.2",",0,10,","0",",,0,30,+","0",",T,0,09,","1.8",",,0,08,","31.7",",0,20,","2300.2","0","166.7",",0","1.8",",,,0","0",",T,,0","12.78",",0","24.51",",,,0","1.05",",,,0"
"USC00021654","1950-05","34.7569","-112.4567","1447.8","CHINO VALLEY, AZ US","8.9","0","8.9",",0","1",",0","1",",0","0",",0","0",",0","0",",0","0",",0","7",",0","0",",0","26",",0","3",",0","","","","","-5.0",",0,05,","0",",,0,31,+","0",",,0,31,+","3.8",",,0,04,","34.4",",0,30,","2425.1","0","124.9",",0","3.8",",,,0","0",",,,0","14.59",",0","26.37",",,,0","2.81",",,,0"
"USC00021654","1950-06","34.7569","-112.4567","1447.8","CHINO VALLEY, AZ US","71.9","0","63.0",",0","0",",0","0",",0","0",",0","0",",0","0",",0","0",",0","1",",0","0",",0","30",",0","14",",0","","","1","","-1.7",",0,08,","0",",,0,30,+","0",",,0,30,+","0.0",",,0,30,+","40.0",",0,30,","2436.4","0","11.3",",0","0.0",",,,0","0",",,,0","20.06",",0","32.27",",,,0","7.84",",,,0"
"USC00021654","1950-07","34.7569","-112.4567","1447.8","CHINO VALLEY, AZ US","222.8","0","150.9",",0","12",",0","9",",0","1",",0","0",",0","0",",0","0",",0","0",",0","0",",0","31",",0","12",",0","","","16","","11.7",",0,12,","0",",,0,31,+","0",",T,0,31,+","33.8",",,0,07,","41.7",",0,01,","0.0","0","0.0",",0","94.0",",,,0","0",",T,,0","23.20",",0","31.35",",,,0","15.05",",,,0"
"USC00021654","1950-08","34.7569","-112.4567","1447.8","CHINO VALLEY, AZ US","351.7","0","128.9",",0","3",",0","2",",0","0",",0","0",",0","0",",0","0",",0","0",",0","0",",0","31",",0","23",",0","","","6","","8.3",",0,08,+","0",",,0,31,+","0",",T,0,23,","9.1",",,0,23,","38.9",",0,31,","0.0","0","0.0",",0","14.2",",,,0","0",",T,,0","22.49",",0","33.93",",,,0","11.05",",,,0"
"USC00021654","1950-09","34.7569","-112.4567","1447.8","CHINO VALLEY, AZ US","384.7","0","33.0",",0","5",",0","3",",0","0",",0","0",",0","0",",0","0",",0","1",",0","0",",0","30",",0","4",",0","","","4","","0.0",",0,20,","0",",,0,30,+","0",",T,0,08,","16.5",",,0,08,","39.4",",0,01,","45.2","0","45.2",",0","40.2",",,,0","0",",T,,0","17.93",",0","28.63",",,,0","7.22",",,,0"
"USC00021654","1950-10","34.7569","-112.4567","1447.8","CHINO VALLEY, AZ US","392.4","0","7.7",",0","1",",0","0",",0","0",",0","0",",0","0",",0","0",",0","1",",0","0",",0","31",",0","8",",0","","","1","","-3.9",",0,02,","0",",,0,31,+","0",",,0,31,+","2.0",",,0,14,","34.4",",0,12,+","109.9","0","64.7",",0","2.0",",,,0","0",",,,0","16.49",",0","29.13",",,,0","3.85",",,,0"
"USC00021654","1950-11","34.7569","-112.4567","1447.8","CHINO VALLEY, AZ US","392.4","0","0.0",",0","1",",0","0",",0","0",",0","0",",0","0",",0","0",",0","26",",0","0",",0","20",",0","0",",0","","","","","-12.8",",0,12,","0",",,0,30,+","0",",,0,30,+","2.0",",,0,14,","27.8",",0,08,","397.5","0","287.6",",0","2.0",",,,0","0",",,,0","8.75",",0","21.56",",,,0","-4.06",",,,0"
"USC00021654","1950-12","34.7569","-112.4567","1447.8","CHINO VALLEY, AZ US","392.4","0","0.0",",0","1",",0","0",",0","0",",0","1",",0","0",",0","0",",0","30",",0","0",",0","4",",0","0",",0","","","","","-11.7",",0,26,+","25",",,0,31,","13",",,0,31,","1.3",",,0,31,","23.9",",0,12,+","781.3","0","383.8",",0","1.3",",,,0","13",",,,0","5.95",",0","18.26",",,,0","-6.35",",,,0"
"USC00021654","1951-01","34.7569","-112.4567","1447.8","CHINO VALLEY, AZ US","0.0","0","0.0",",0","3",",0","3",",0","1",",0","0",",0","1",",0","1",",0","30",",0","0",",0","2",",0","0",",0","","","","","-17.8",",0,07,","0",",T,0,30,+","81",",,0,12,","30.0",",,0,30,","22.2",",0,26,","1282.2","0","500.9",",0","42.7",",,,0","94",",,,0","2.17",",0","12.51",",,,0","-8.16",",,,0"
"USC00021654","1951-02","34.7569","-112.4567","1447.8","CHINO VALLEY, AZ US","0.0","0","0.0",",0","6",",0","2",",0","0",",0","0",",0","3",",0","0",",0","27",",0","0",",0","5",",0","0",",0","","","","","-13.3",",0,28,","0",",T,0,22,+","66",",,0,22,","7.6",",,0,22,","23.9",",0,10,+","1663.2","0","381.0",",0","17.3",",,,0","168",",,,0","4.73",",0","13.74",",,,0","-4.29",",,,0"
"USC00021654","1951-03","34.7569","-112.4567","1447.8","CHINO VALLEY, AZ US","0.0","0","0.0",",0","4",",0","1",",0","0",",0","1",",0","1",",0","0",",0","26",",0","0",",0","10",",0","0",",0","","","","","-10.0",",0,19,","51",",,0,02,","86",",,0,02,","5.8",",,0,02,","24.4",",0,25,","2017.7","0","354.5",",0","8.6",",,,0","104",",,,0","6.90",",0","17.57",",,,0","-3.77",",,,0"
"USC00021654","1951-04","34.7569","-112.4567","1447.8","CHINO VALLEY, AZ US","0.0","0","0.0",",0","9",",0","6",",0","0",",0","0",",0","0",",0","0",",0","11",",0","0",",0","18",",0","0",",0","","","4","","-7.2",",0,01,","0",",T,0,29,","0",",T,0,29,+","11.7",",,0,29,","27.8",",0,13,","2239.0","0","221.3",",0","48.5",",,,0","0",",T,,0","10.96",",0","21.08",",,,0","0.83",",,,0"
"USC00021654","1951-05","34.7569","-112.4567","1447.8","CHINO VALLEY, AZ US","23.7","0","23.7",",0","3",",0","1",",0","0",",0","0",",0","0",",0","0",",0","2",",0","0",",0","24",",0","5",",0","","","","","-1.7",",0,01,","0",",T,0,14,","0",",T,0,14,","10.4",",,0,14,","37.2",",0,26,","2354.8","0","115.8",",0","12.7",",,,0","0",",T,,0","15.36",",0","25.95",",,,0","4.77",",,,0"
"USC00021654","1951-06","34.7569","-112.4567","1447.8","CHINO VALLEY, AZ US","79.0","0","55.3","1,0","0",",0","0",",0","0",",0","0",",0","0",",0","0",",0","1",",0","0","1,0","29","1,0","16","1,0","","","","","-1.1",",0,02,","0",",,0,30,+","0",",,0,30,+","0.0",",,0,30,+","38.3","1,0,28,","2384.6","0","29.8","1,0","0.0",",,,0","0",",,,0","19.21","1,0","31.78","1,,,0","6.65",",,,0"
"USC00021654","1951-07","34.7569","-112.4567","1447.8","CHINO VALLEY, AZ US","294.6","0","215.6",",0","6",",0","4",",0","0",",0","0",",0","0",",0","0",",0","0",",0","0",",0","31",",0","29",",0","","","12","","11.1",",0,11,","0",",,0,31,+","0",",,0,31,+","15.2",",,0,19,","38.9",",0,06,","0.0","0","0.0",",0","39.6",",,,0","0",",,,0","25.29",",0","35.48",",,,0","15.09",",,,0"
"USC00021654","1951-08","34.7569","-112.4567","1447.8","CHINO VALLEY, AZ US","417.4","0","122.8",",0","9",",0","6",",0","2",",0","0",",0","0",",0","0",",0","0",",0","0",",0","29",",0","20",",0","","","14","","6.1",",0,11,","0",",,0,31,+","0",",T,0,22,","46.0",",,0,28,","39.4",",0,18,","3.3","0","3.3",",0","135.3",",,,0","0",",T,,0","22.19",",0","32.37",",,,0","12.01",",,,0"
"USC00021654","1951-09","34.7569","-112.4567","1447.8","CHINO VALLEY, AZ US","473.6","0","56.2",",0","3",",0","1",",0","0",",0","0",",0","0",",0","0",",0","0",",0","0",",0","30",",0","18",",0","","","3","","3.3",",0,22,","0",",,0,30,+","0",",,0,30,+","2.8",",,0,29,","36.1",",0,15,","5.8","0","2.5",",0","5.8",",,,0","0",",,,0","20.12",",0","32.28",",,,0","7.96",",,,0"
"USC00021654","1951-10","34.7569","-112.4567","1447.8","CHINO VALLEY, AZ US","477.0","0","3.4",",0","4",",0","4",",0","0",",0","0",",0","0",",0","0",",0","15",",0","0",",0","24",",0","0",",0","","","4","","-5.6",",0,23,","0",",,0,31,+","0",",,0,31,+","20.3",",,0,31,","31.1",",0,10,+","182.2","0","176.4",",0","50.1",",,,0","0",",,,0","12.75",",0","23.74",",,,0","1.76",",,,0"
"USC00021654","1951-11","34.7569","-112.4567","1447.8","CHINO VALLEY, AZ US","477.0","0","0.0",",0","4",",0","2",",0","0",",0","0",",0","0",",0","0",",0","25",",0","0",",0","3",",0","0",",0","","","","","-8.3",",0,26,","0",",T,0,25,","13",",,0,25,","5.8",",,0,24,","23.9",",0,04,","542.8","0","360.6",",0","12.9",",,,0","13",",,,0","6.31",",0","15.81",",,,0","-3.18",",,,0"
"USC00021654","1951-12","34.7569","-112.4567","1447.8","CHINO VALLEY, AZ US","477.0","0","0.0",",0","8",",0","5",",0","0",",0","1",",0","1",",0","0",",0","26",",0","0",",0","0",",0","0",",0","","","","","-15.6",",0,21,","25",",,0,20,","58",",,0,20,","22.1",",,0,30,","20.0",",0,01,","1031.5","0","488.7",",0","52.6",",,,0","104",",,,0","2.57",",0","10.15",",,,0","-5.01",",,,0"
"USC00021654","1952-01","34.7569","-112.4567","1447.8","CHINO VALLEY, AZ US","0.0","0","0.0",",0","4",",0","3",",0","0",",0","0",",0","2",",0","0",",0","26",",0","0",",0","0",",0","0",",0","","","","","-10.6",",0,04,+","0",",T,0,13,+","33",",,0,13,","10.9",",,0,18,","18.3",",0,30,","1514.9","0","483.4",",0","32.1",",,,0","61",",,,0","2.74",",0","10.12",",,,0","-4.64",",,,0"
"USC00021654","1952-02","34.7569","-112.4567","1447.8","CHINO VALLEY, AZ US","0.0","0","0.0",",0","3",",0","2",",0","0",",0","0",",0","0",",0","0",",0","27",",0","0",",0","0",",0","0",",0","","","","","-12.2",",0,26,","0",",,0,29,+","13",",,0,11,","14.2",",,0,10,","20.0",",0,27,","1952.7","0","437.8",",0","17.3",",,,0","13",",,,0","3.24",",0","12.70",",,,0","-6.22",",,,0"
"USC00021654","1952-03","34.7569","-112.4567","1447.8","CHINO VALLEY, AZ US","0.0","0","0.0",",0","10",",0","8",",0","0",",0","5",",0","6",",0","0",",0","28",",0","0",",0","1",",0","0",",0","","","","","-16.7",",0,14,","102",",,0,11,","127",",,0,11,","18.0",",,0,11,","21.1",",0,29,","2399.7","0","447.0",",0","67.9",",,,0","378",",,,0","3.91",",0","11.65",",,,0","-3.82",",,,0"
"USC00021654","1952-04","34.7569","-112.4567","1447.8","CHINO VALLEY, AZ US","0.0","0","0.0",",0","9",",0","5",",0","0",",0","0",",0","0",",0","0",",0","11",",0","0",",0","17",",0","0",",0","","","1","","-4.4",",0,15,+","0",",,0,30,+","0",",T,0,27,+","16.8",",,0,21,","27.8",",0,05,","2624.5","0","224.8",",0","54.7",",,,0","0",",T,,0","10.84",",0","20.20",",,,0","1.48",",,,0"
"USC00021654","1952-05","34.7569","-112.4567","1447.8","CHINO VALLEY, AZ US","0.6","0","0.6",",0","0",",0","0",",0","0",",0","0",",0","0",",0","0",",0","2",",0","0",",0","30",",0","1",",0","","","","","-2.2",",0,18,+","0",",,0,31,+","0",",,0,31,+","0.0",",,0,31,+","32.2",",0,29,","2708.7","0","84.2",",0","0.0",",,,0","0",",,,0","15.64",",0","27.44",",,,0","3.84",",,,0"
"USC00021654","1952-06","34.7569","-112.4567","1447.8","CHINO VALLEY, AZ US","20.9","0","20.3",",0","1",",0","1",",0","0",",0","0",",0","0",",0","0",",0","0",",0","0",",0","30",",0","11",",0","","","1","","2.8",",0,08,","0",",,0,30,+","0",",,0,30,+","3.3",",,0,03,","35.6",",0,17,","2725.7","0","17.0",",0","3.3",",,,0","0",",,,0","18.44",",0","30.37",",,,0","6.51",",,,0"
"USC00021654","1952-07","34.7569","-112.4567","1447.8","CHINO VALLEY, AZ US","149.3","0","128.4",",0","7",",0","5",",0","0",",0","0",",0","0",",0","0",",0","0",",0","0",",0","31",",0","23",",0","","","5","","5.0",",0,02,","0",",,0,31,+","0",",T,0,06,","24.4",",,0,06,","36.7",",0,03,","0.0","0","0.0",",0","70.7",",,,0","0",",T,,0","22.48",",0","33.25",",,,0","11.71",",,,0"
"USC00021654","1952-08","34.7569","-112.4567","1447.8","CHINO VALLEY, AZ US","297.8","0","148.5",",0","8",",0","4",",0","0",",0","0",",0","0",",0","0",",0","0",",0","0",",0","31",",0","23",",0","","","14","","8.9",",0,31,","0",",,0,31,+","0",",,0,31,+","20.1",",,0,15,","37.8",",0,02,","0.0","0","0.0",",0","55.1",",,,0","0",",,,0","23.12",",0","33.31",",,,0","12.94",",,,0"
"USC00021654","1952-09","34.7569","-112.4567","1447.8","CHINO VALLEY, AZ US","358.7","0","60.9",",0","3",",0","1",",0","1",",0","0",",0","0",",0","0",",0","3",",0","0",",0","30",",0","14",",0","","","2","","-0.6",",0,14,+","0",",,0,30,+","0",",,0,30,+","32.3",",,0,20,","37.2",",0,01,","17.4","0","17.4",",0","35.4",",,,0","0",",,,0","19.78",",0","30.95",",,,0","8.61",",,,0"
"USC00021654","1952-11","34.7569","-112.4567","1447.8","CHINO VALLEY, AZ US","","","0.0",",0","8",",0","7",",0","0",",0","0",",0","1",",0","0",",0","29",",0","0",",0","5",",0","0",",0","1","","1","","-12.2",",0,28,+","0",",T,0,30,","53",",,0,16,","14.7",",,0,08,","25.0",",0,02,","","","416.9",",0","50.0",",,,0","89",",,,0","4.44",",0","14.52",",,,0","-5.65",",,,0"
"USC00021654","1952-12","34.7569","-112.4567","1447.8","CHINO VALLEY, AZ US","","","0.0",",0","5",",0","3",",0","0",",0","","","2",",0","0",",0","31",",0","0",",0","0",",0","0",",0","","","","","-12.2",",0,24,","","","76",",,0,21,","15.7",",,0,21,","20.0",",0,14,","","","489.8",",0","25.2",",,,0","127",",,,0","2.53",",0","11.32",",,,0","-6.25",",,,0"
"USC00021654","1953-01","34.7569","-112.4567","1447.8","CHINO VALLEY, AZ US","0.0","0","0.0",",0","2",",0","0",",0","0",",0","0",",0","0",",0","0",",0","31",",0","0",",0","2",",0","0",",0","","","","","-11.1",",0,28,","0",",,0,31,+","0",",,0,31,+","2.0",",,0,07,","22.2",",0,11,","","","402.3",",0","3.8",",,,0","0",",,,0","5.35",",0","16.63",",,,0","-5.92",",,,0"
"USC00021654","1953-02","34.7569","-112.4567","1447.8","CHINO VALLEY, AZ US","0.0","0","0.0",",0","1",",0","1",",0","0",",0","0",",0","0",",0","0",",0","27",",0","0",",0","3",",0","0",",0","","","","","-16.7",",0,21,","0",",T,0,28,","3",",,0,28,","11.9",",,0,28,","23.3",",0,04,","","","422.6",",0","11.9",",,,0","3",",,,0","3.24",",0","14.78",",,,0","-8.30",",,,0"
"USC00021654","1953-03","34.7569","-112.4567","1447.8","CHINO VALLEY, AZ US","0.0","0","0.0",",0","4",",0","1",",0","0",",0","0",",0","0",",0","0",",0","29",",0","0",",0","9",",0","0",",0","","","1","","-8.9",",0,14,","0",",,0,31,+","0",",,0,31,+","4.8",",,0,01,","27.8",",0,27,","","","355.2",",0","9.9",",,,0","0",",,,0","6.87",",0","18.47",",,,0","-4.72",",,,0"
"USC00021654","1953-04","34.7569","-112.4567","1447.8","CHINO VALLEY, AZ US","0.0","0","0.0",",0","3",",0","1",",0","0",",0","0",",0","0",",0","0",",0","17",",0","0",",0","17",",0","0",",0","","","1","","-11.7",",0,12,","0",",,0,30,+","0",",,0,30,+","17.3",",,0,28,","29.4",",0,25,","","","241.2",",0","20.1",",,,0","0",",,,0","10.29",",0","21.48",",,,0","-0.89",",,,0"
"USC00021654","1953-05","34.7569","-112.4567","1447.8","CHINO VALLEY, AZ US","1.4","0","1.4",",0","0",",0","0",",0","0",",0","0",",0","0",",0","0",",0","12",",0","0",",0","19",",0","0",",0","","","","","-3.9",",0,11,+","0",",,0,31,+","0",",T,0,01,","0.0",",T,0,01,","29.4",",0,21,","","","193.5",",0","0.0",",T,,0","0",",T,,0","12.14",",0","22.11",",,,0","2.16",",,,0"
"USC00021654","1953-06","34.7569","-112.4567","1447.8","CHINO VALLEY, AZ US","69.2","0","67.8",",0","0",",0","0",",0","0",",0","0",",0","0",",0","0",",0","1",",0","0",",0","30",",0","17",",0","","","","","0.0",",0,02,","0",",,0,30,+","0",",,0,30,+","0.0",",,0,30,+","38.3",",0,30,","","","34.4",",0","0.0",",,,0","0",",,,0","19.44",",0","31.84",",,,0","7.05",",,,0"
"USC00021654","1953-07","34.7569","-112.4567","1447.8","CHINO VALLEY, AZ US","255.6","0","186.4","1,0","14",",0","9",",0","1",",0","0",",0","0",",0","0","1,0","0","1,0","0","1,0","30","1,0","22","1,0","","","24","","11.1","1,0,01,","0",",,0,31,+","0",",,0,31,+","92.5",",,0,16,","39.4","1,0,02,","0.0","0","0.0","1,0","159.7",",,,0","0",",,,0","24.55","1,0","34.04","1,,,0","15.05","1,,,0"
"USC00021654","1953-08","34.7569","-112.4567","1447.8","CHINO VALLEY, AZ US","377.2","0","121.6",",0","7",",0","5",",0","1",",0","0",",0","0",",0","0",",0","0",",0","0",",0","31",",0","19",",0","","","14","","6.1",",0,05,","0",",,0,31,+","0",",T,0,27,","27.2",",,0,27,","36.7",",0,18,+","1.6","0","1.6",",0","88.6",",,,0","0",",T,,0","22.20",",0","31.93",",,,0","12.47",",,,0"
"USC00021654","1953-09","34.7569","-112.4567","1447.8","CHINO VALLEY, AZ US","418.5","0","41.3",",0","1",",0","1",",0","0",",0","0",",0","0",",0","0",",0","0",",0","0",",0","30",",0","21",",0","","","2","","0.6",",0,26,+","0",",,0,30,+","0",",,0,30,+","3.0",",,0,07,","35.6",",0,14,","17.1","0","15.5",",0","3.0",",,,0","0",",,,0","19.19",",0","32.36",",,,0","6.03",",,,0"
"USC00021654","1953-10","34.7569","-112.4567","1447.8","CHINO VALLEY, AZ US","420.7","0","2.2",",0","1",",0","0",",0","0",",0","0",",0","0",",0","0",",0","19",",0","0",",0","23",",0","2",",0","","","","","-7.8",",0,24,","0",",,0,31,+","0",",,0,31,+","1.0",",,0,11,","33.3",",0,01,","207.1","0","190.0",",0","1.0",",,,0","0",",,,0","12.28",",0","24.76",",,,0","-0.21",",,,0"
"USC00021654","1953-11","34.7569","-112.4567","1447.8","CHINO VALLEY, AZ US","420.7","0","0.0","1,0","2",",0","1",",0","0",",0","0",",0","0",",0","0","1,0","27","1,0","0",",0","11",",0","0",",0","","","","","-11.1","1,0,21,","0",",,0,30,+","0",",T,0,20,","6.1",",,0,18,","26.7",",0,02,","555.8","0","348.7",",0","7.6",",,,0","0",",T,,0","6.40","1,0","18.29",",,,0","-5.50","1,,,0"
"USC00021654","1953-12","34.7569","-112.4567","1447.8","CHINO VALLEY, AZ US","420.7","0","0.0",",0","1",",0","0",",0","0",",0","0",",0","0",",0","0",",0","31",",0","0",",0","0",",0","0",",0","","","1","","-16.7",",0,31,","0",",T,0,04,","15",",,0,04,","2.3",",,0,04,","20.0",",0,14,","1075.7","0","519.9",",0","2.3",",,,0","15",",,,0","1.56",",0","13.28",",,,0","-10.15",",,,0"
"USC00021654","1954-01","34.7569","-112.4567","1447.8","CHINO VALLEY, AZ US","0.0","0","0.0",",0","6",",0","5",",0","0",",0","","","3",",0","0",",0","29",",0","0",",0","0",",0","0",",0","3","","","","-16.1",",0,01,","","","84",",,0,12,","19.3",",,0,20,","19.4",",0,30,+","1561.9","0","486.2",",0","57.4",",,,0","196",",,,0","2.65",",0","12.30",",,,0","-7.00",",,,0"
"USC00021654","1954-02","34.7569","-112.4567","1447.8","CHINO VALLEY, AZ US","0.0","0","0.0",",0","2",",0","2",",0","0",",0","0",",0","0",",0","0",",0","26",",0","0",",0","8",",0","0",",0","","","","","-8.9",",0,19,","0",",,0,28,+","13",",,0,15,","10.9",",,0,14,","23.9",",0,25,","1883.1","0","321.2",",0","15.5",",,,0","13",",,,0","6.86",",0","18.36",",,,0","-4.63",",,,0"
"USC00021654","1954-03","34.7569","-112.4567","1447.8","CHINO VALLEY, AZ US","0.0","0","0.0",",0","6",",0","4",",0","0",",0","1",",0","2",",0","0",",0","23",",0","0",",0","4",",0","0",",0","","","1","","-11.7",",0,13,","25",",,0,17,","38",",,0,17,","15.0",",,0,22,","23.3",",0,10,+","2261.4","0","378.3",",0","43.6",",,,0","63",",,,0","6.13",",0","15.81",",,,0","-3.55",",,,0"
"USC00021654","1954-04","34.7569","-112.4567","1447.8","CHINO VALLEY, AZ US","0.0","0","0.0",",0","1",",0","0",",0","0",",0","0",",0","0",",0","0",",0","18",",0","0",",0","28",",0","0",",0","","","","","-5.6",",0,03,","0",",,0,30,+","0",",,0,30,+","2.0",",,0,30,","30.6",",0,18,+","2433.7","0","172.3",",0","2.0",",,,0","0",",,,0","12.59",",0","24.94",",,,0","0.24",",,,0"
"USC00021654","1954-05","34.7569","-112.4567","1447.8","CHINO VALLEY, AZ US","5.9","0","5.9",",0","3",",0","2",",0","0",",0","0",",0","0",",0","0",",0","3",",0","0",",0","28",",0","1",",0","","","1","","-1.7",",0,03,","0",",,0,31,+","0",",,0,31,+","8.4",",,0,01,","32.2",",0,19,","2494.4","0","60.7",",0","16.3",",,,0","0",",,,0","16.56",",0","28.14",",,,0","4.99",",,,0"
"USC00021654","1954-06","34.7569","-112.4567","1447.8","CHINO VALLEY, AZ US","73.9","0","68.0",",0","2",",0","2",",0","0",",0","0",",0","0",",0","0",",0","2",",0","0",",0","30",",0","14",",0","","","3","","-1.1",",0,11,","0",",,0,30,+","0",",,0,30,+","10.7",",,0,26,","39.4",",0,22,","2525.9","0","31.5",",0","16.5",",,,0","0",",,,0","19.55",",0","30.97",",,,0","8.13",",,,0"
"USC00021654","1954-07","34.7569","-112.4567","1447.8","CHINO VALLEY, AZ US","253.6","0","179.7",",0","5","3,0","3","3,0","0","3,0","0",",0","0",",0","0",",0","0",",0","0",",0","31",",0","21",",0","","","15","","11.1",",0,14,","0",",,0,31,+","0",",,0,31,+","21.6","3,,0,11,","38.3",",0,31,","0.0","0","0.0",",0","55.9",",a,,0","0",",,,0","24.13",",0","33.53",",,,0","14.74",",,,0"
"USC00021654","1954-08","34.7569","-112.4567","1447.8","CHINO VALLEY, AZ US","349.1","0","95.5","3,0","5",",0","3",",0","0",",0","0",",0","0",",0","0","2,0","0","2,0","0","2,0","29","2,0","11","2,0","","","14","","5.6","2,0,26,","0",",,0,31,+","0",",T,0,05,","22.6",",,0,30,","37.8","2,0,29,","0.0","0","0.0","2,0","43.1",",,,0","0",",T,,0","21.65","3,0","31.36","2,,,0","11.95","2,,,0"
"USC00021654","1954-09","34.7569","-112.4567","1447.8","CHINO VALLEY, AZ US","403.2","0","54.1",",0","6",",0","4",",0","0",",0","0",",0","0",",0","0",",0","0",",0","0",",0","30",",0","5",",0","","","8","","3.9",",0,30,","0",",,0,30,+","0",",T,0,10,","15.7",",,0,10,","34.4",",0,21,","8.3","0","8.3",",0","48.5",",,,0","0",",T,,0","19.86",",0","30.65",",,,0","9.07",",,,0"
"USC00021654","1954-10","34.7569","-112.4567","1447.8","CHINO VALLEY, AZ US","405.5","0","2.3","2,0","2",",0","2",",0","0",",0","0",",0","0",",0","0","2,0","9","2,0","0","2,0","25","2,0","1","2,0","","","2","","-6.7","2,0,28,+","0",",,0,31,+","0",",,0,31,+","8.1",",,0,03,","32.2","2,0,01,","133.9","0","125.6","2,0","10.6",",,,0","0",",,,0","14.08","2,0","26.56","2,,,0","1.60","2,,,0"
"USC00021654","1954-11","34.7569","-112.4567","1447.8","CHINO VALLEY, AZ US","405.5","0","0.0",",0","2",",0","0",",0","0",",0","0",",0","0",",0","0",",0","24",",0","0",",0","18",",0","0",",0","","","","","-7.8",",0,17,+","0",",,0,30,+","0",",,0,30,+","1.5",",,0,03,","26.1",",0,08,","411.3","0","277.4",",0","2.0",",,,0","0",",,,0","9.09",",0","21.45",",,,0","-3.28",",,,0"
"USC00021654","1954-12","34.7569","-112.4567","1447.8","CHINO VALLEY, AZ US","405.5","0","0.0",",0","1",",0","1",",0","0",",0","0",",0","0",",0","0",",0","28",",0","0",",0","0",",0","0",",0","","","","","-15.6",",0,31,","0",",,0,31,+","0",",T,0,10,","5.8",",,0,10,","19.4",",0,02,","894.9","0","483.6",",0","5.8",",,,0","0",",T,,0","2.73",",0","13.55",",,,0","-8.08",",,,0"
"USC00021654","1955-01","34.7569","-112.4567","1447.8","CHINO VALLEY, AZ US","0.0","0","0.0","2,0","10",",0","4",",0","0",",0","5","1,0","2",",0","0","1,0","29","1,0","0","2,0","0","2,0","0","2,0","","","","","-11.7","1,0,23,","76","1,,0,11,","114",",,0,11,","7.6",",,0,11,","18.3","2,0,29,","1406.1","0","511.2","2,0","34.2",",,,0","270",",,,0","0.77","2,0","7.52","2,,,0","-5.98","1,,,0"
"USC00021654","1955-02","34.7569","-112.4567","1447.8","CHINO VALLEY, AZ US","0.0","0","0.0",",0","2",",0","1",",0","0",",0","0",",0","0",",0","0",",0","26",",0","0",",0","1",",0","0",",0","","","","","-15.0",",0,23,+","0",",,0,28,+","10",",,0,16,","3.8",",,0,25,","22.2",",0,14,","1885.1","0","479.0",",0","4.3",",,,0","10",",,,0","1.23",",0","11.16",",,,0","-8.71",",,,0"
"USC00021654","1955-03","34.7569","-112.4567","1447.8","CHINO VALLEY, AZ US","0.0","0","0.0",",0","1",",0","0",",0","0",",0","0",",0","0",",0","0",",0","23",",0","0",",0","7",",0","0",",0","","","","","-10.6",",0,22,+","0",",,0,31,+","0",",,0,31,+","0.5",",,0,11,","23.3",",0,08,","2240.7","0","355.6",",0","0.5",",,,0","0",",,,0","6.86",",0","17.94",",,,0","-4.22",",,,0"
"USC00021654","1955-04","34.7569","-112.4567","1447.8","CHINO VALLEY, AZ US","0.0","0","0.0","2,0","0",",0","0",",0","0",",0","0",",0","0",",0","0",",0","22",",0","0","2,0","17","2,0","0","2,0","","","","","-10.6",",0,03,","0",",,0,30,+","0",",T,0,22,","0.0",",T,0,22,","26.1","2,0,28,","2493.5","0","252.8","2,0","0.0",",T,,0","0",",T,,0","9.32","2,0","20.50","2,,,0","-1.86",",,,0"
"USC00021654","1955-05","34.7569","-112.4567","1447.8","CHINO VALLEY, AZ US","2.2","0","2.2",",0","0",",0","0",",0","0",",0","0",",0","0",",0","0",",0","11",",0","0",",0","28",",0","1",",0","","","","","-5.6",",0,03,","0",",,0,31,+","0",",,0,31,+","0.0",",T,0,10,","32.2",",0,29,","2633.1","0","139.6",",0","0.0",",T,,0","0",",,,0","13.90",",0","25.43",",,,0","2.38",",,,0"
"USC00021654","1955-06","34.7569","-112.4567","1447.8","CHINO VALLEY, AZ US","81.5","0","79.3",",0","2",",0","2",",0","1",",0","0",",0","0",",0","0",",0","1",",0","0",",0","29",",0","11",",0","","","1","","0.0",",0,02,","0",",,0,30,+","0",",T,0,12,","45.0",",,0,13,","39.4",",0,08,","2658.4","0","25.3",",0","57.2",",,,0","0",",T,,0","20.13",",0","30.55",",,,0","9.71",",,,0"
"USC00021654","1955-07","34.7569","-112.4567","1447.8","CHINO VALLEY, AZ US","205.2","0","123.7",",0","6",",0","4",",0","0",",0","0",",0","0",",0","0",",0","0",",0","0",",0","31",",0","17",",0","","","12","","5.0",",0,07,","0",",,0,31,+","0",",T,0,31,","17.3",",,0,25,","36.7",",0,15,+","0.0","0","0.0",",0","41.5",",,,0","0",",T,,0","22.32",",0","32.13",",,,0","12.51",",,,0"
"USC00021654","1955-08","34.7569","-112.4567","1447.8","CHINO VALLEY, AZ US","336.3","0","131.1",",0","9",",0","6",",0","1",",0","0",",0","0",",0","0",",0","0",",0","0",",0","31",",0","11",",0","","","14","","8.3",",0,29,","0",",,0,31,+","0",",T,0,22,","38.9",",,0,22,","36.7",",0,11,+","0.0","0","0.0",",0","94.9",",,,0","0",",T,,0","22.56",",0","30.97",",,,0","14.16",",,,0"
"USC00021654","1955-09","34.7569","-112.4567","1447.8","CHINO VALLEY, AZ US","396.9","0","60.6",",0","1",",0","1",",0","0",",0","0",",0","0",",0","0",",0","3",",0","0",",0","30",",0","14",",0","","","1","","-1.1",",0,21,+","0",",,0,30,+","0",",,0,30,+","6.6",",,0,07,","37.8",",0,06,+","41.7","0","41.7",",0","6.6",",,,0","0",",,,0","18.96",",0","31.38",",,,0","6.55",",,,0"
"USC00021654","1955-10","34.7569","-112.4567","1447.8","CHINO VALLEY, AZ US","398.9","0","2.0",",0","1",",0","1",",0","0",",0","0",",0","0",",0","0",",0","7",",0","0",",0","31",",0","1",",0","","","1","","-2.8",",0,28,","0",",,0,31,+","0",",,0,31,+","23.1",",,0,03,","32.2",",0,01,","140.8","0","99.1",",0","23.1",",,,0","0",",,,0","15.20",",0","26.80",",,,0","3.60",",,,0"
"USC00021654","1955-11","34.7569","-112.4567","1447.8","CHINO VALLEY, AZ US","398.9","0","0.0",",0","2",",0","2",",0","0",",0","0",",0","0",",0","0",",0","25",",0","0",",0","9",",0","0",",0","","","","","-8.3",",0,23,","0",",,0,30,+","0",",T,0,17,","3.0",",,0,22,+","25.0",",0,05,","470.7","0","329.9",",0","6.0",",,,0","0",",T,,0","7.34",",0","17.05",",,,0","-2.38",",,,0"
"USC00021654","1955-12","34.7569","-112.4567","1447.8","CHINO VALLEY, AZ US","398.9","0","0.0",",0","2",",0","1",",0","0",",0","0",",0","0",",0","0",",0","26",",0","0",",0","1",",0","0",",0","","","","","-10.0",",0,05,","0",",,0,31,+","0",",T,0,02,","7.9",",,0,02,","21.7",",0,20,","870.6","0","399.9",",0","8.2",",,,0","0",",T,,0","5.43",",0","15.10",",,,0","-4.23",",,,0"
"USC00021654","1956-01","34.7569","-112.4567","1447.8","CHINO VALLEY, AZ US","0.0","0","0.0","1,0","7",",0","3",",0","0",",0","0",",0","0",",0","0","1,0","26","1,0","0",",0","1",",0","0",",0","","","","","-11.7","1,0,02,","0",",T,0,16,","13",",,0,16,","7.4",",,0,16,","21.1",",0,07,","1272.4","0","401.8",",0","19.6",",,,0","13",",,,0","4.88","1,0","14.69",",,,0","-4.93","1,,,0"
"USC00021654","1956-02","34.7569","-112.4567","1447.8","CHINO VALLEY, AZ US","0.0","0","0.0",",0","2",",0","1",",0","0",",0","0",",0","0",",0","0",",0","27",",0","0",",0","0",",0","0",",0","","","","","-15.6",",0,03,","0",",T,0,16,","18",",,0,08,","2.5",",,0,08,","20.6",",0,22,","1752.9","0","480.5",",0","2.8",",,,0","18",",,,0","1.76",",0","11.82",",,,0","-8.29",",,,0"
"USC00021654","1956-03","34.7569","-112.4567","1447.8","CHINO VALLEY, AZ US","0.0","0","0.0","1,0","0",",0","0",",0","0",",0","0",",0","0",",0","0",",0","28",",0","0","1,0","18","1,0","0","1,0","","","","","-13.3",",0,13,","0",",T,0,12,","0",",T,0,12,","0.0",",T,0,12,","26.7","1,0,23,","2082.4","0","329.5","1,0","0.0",",T,,0","0",",T,,0","7.37","1,0","20.23","1,,,0","-5.49",",,,0"
"USC00021654","1956-04","34.7569","-112.4567","1447.8","CHINO VALLEY, AZ US","","","","","3",",0","1",",0","0",",0","0",",0","0",",0","0","4,0","15","4,0","","","","","","","","","1","","-8.3","4,0,04,","0",",,0,30,+","0",",,0,30,+","3.0",",,0,17,","","","","","","","5.8",",,,0","0",",,,0","","","","","-0.03","4,,,0"
"USC00021654","1956-05","34.7569","-112.4567","1447.8","CHINO VALLEY, AZ US","","","8.1","3,0","1",",0","0",",0","0",",0","0",",0","0",",0","0","2,0","0","2,0","0","2,0","27","2,0","4","2,0","","","1","","0.6","2,0,15,+","0",",,0,31,+","0",",,0,31,+","2.3",",,0,22,","33.9","2,0,17,","","","82.3","2,0","2.3",",,,0","0",",,,0","15.69","3,0","26.88","2,,,0","4.50","2,,,0"
"USC00021654","1956-06","34.7569","-112.4567","1447.8","CHINO VALLEY, AZ US","","","","","2",",0","2",",0","0",",0","0",",0","0",",0","0","4,0","0","4,0","","","","","","","","","","","3.3","4,0,16,","0",",,0,30,+","0",",,0,30,+","10.4",",,0,29,","","","","","","","17.0",",,,0","0",",,,0","","","","","9.65","4,,,0"
"USC00021654","1956-07","34.7569","-112.4567","1447.8","CHINO VALLEY, AZ US","","","150.1",",0","9",",0","7",",0","0",",0","0",",0","0",",0","0",",0","0",",0","0",",0","31",",0","18",",0","","","12","","6.1",",0,05,+","0",",,0,31,+","0",",,0,31,+","12.7",",,0,25,+","40.0",",0,09,","0.0","0","0.0",",0","57.0",",,,0","0",",,,0","23.18",",0","32.91",",,,0","13.44",",,,0"
"USC00021654","1956-08","34.7569","-112.4567","1447.8","CHINO VALLEY, AZ US","","","88.7","1,0","7",",0","1",",0","0",",0","0",",0","0",",0","0",",0","0",",0","0","1,0","30","1,0","16","1,0","","","10","","5.6",",0,30,","0",",,0,31,+","0",",,0,31,+","23.1",",,0,16,","36.1","1,0,10,","0.2","0","0.2","1,0","28.3",",,,0","0",",,,0","21.40","1,0","31.82","1,,,0","10.98",",,,0"
"USC00021654","1956-09","34.7569","-112.4567","1447.8","CHINO VALLEY, AZ US","","","76.8",",0","0",",0","0",",0","0",",0","0",",0","0",",0","0",",0","0",",0","0",",0","30",",0","19",",0","","","2","","3.3",",0,21,","0",",,0,30,+","0",",,0,30,+","0.0",",T,0,07,+","37.2",",0,17,","3.0","0","2.8",",0","0.0",",T,,0","0",",,,0","20.80",",0","33.04",",,,0","8.55",",,,0"
"USC00021654","1956-10","34.7569","-112.4567","1447.8","CHINO VALLEY, AZ US","","","0.3",",0","3",",0","2",",0","0",",0","0",",0","0",",0","0",",0","12",",0","0",",0","24",",0","0",",0","","","2","","-5.0",",0,30,","0",",,0,31,+","0",",T,0,29,+","13.5",",,0,02,","29.4",",0,06,","170.2","0","167.2",",0","22.7",",,,0","0",",T,,0","12.95",",0","24.07",",,,0","1.82",",,,0"
"USC00021654","1956-11","34.7569","-112.4567","1447.8","CHINO VALLEY, AZ US","","","0.0","1,0","0",",0","0",",0","0",",0","0",",0","0",",0","0",",0","30",",0","0","1,0","8","1,0","0","1,0","","","","","-13.9",",0,21,","0",",,0,30,+","0",",,0,30,+","0.0",",,0,30,+","26.7","1,0,11,","527.1","0","356.9","1,0","0.0",",,,0","0",",,,0","6.11","1,0","18.69","1,,,0","-6.47",",,,0"
"USC00021654","1956-12","34.7569","-112.4567","1447.8","CHINO VALLEY, AZ US","","","0.0",",0","2",",0","1",",0","0",",0","0",",0","0",",0","0",",0","29",",0","0",",0","0",",0","0",",0","","","","","-15.6",",0,10,","0",",,0,31,+","0",",T,0,07,","9.4",",,0,07,","20.0",",0,01,","1011.6","0","484.5",",0","9.7",",,,0","0",",T,,0","2.70",",0","14.09",",,,0","-8.68",",,,0"
"USC00021654","1957-01","34.7569","-112.4567","1447.8","CHINO VALLEY, AZ US","0.0","","0.0","1,0","14",",0","6",",0","0",",0","3","1,0","3",",0","0",",0","20",",0","0","1,0","0","1,0","0","1,0","3","","","","-16.7",",0,29,","76","1,,0,28,","114",",,0,28,","19.6",",,0,27,","16.1","1,0,14,","1449.7","","438.1","1,0","53.6",",,,0","267",",,,0","3.80","1,0","10.42","1,,,0","-2.82",",,,0"
"USC00021654","1957-02","34.7569","-112.4567","1447.8","CHINO VALLEY, AZ US","0.0","","0.0",",0","4",",0","1",",0","0",",0","","","0",",0","0",",0","17",",0","0",",0","5",",0","0",",0","","","2","","-15.6",",0,01,","","","0",",,0,28,+","8.9",",,0,23,","25.6",",0,13,","1747.8","","298.1",",0","15.0",",,,0","0",",,,0","7.69",",0","16.03",",,,0","-0.66",",,,0"
"USC00021654","1957-03","34.7569","-112.4567","1447.8","CHINO VALLEY, AZ US","0.0","","0.0",",0","3",",0","2",",0","0",",0","0",",0","0",",0","0",",0","18",",0","0",",0","4",",0","0",",0","","","1","","-6.1",",0,14,","0",",,0,31,+","0",",T,0,01,","8.6",",,0,01,","23.9",",0,08,","2061.2","","313.4",",0","15.2",",,,0","0",",T,,0","8.22",",0","16.81",",,,0","-0.36",",,,0"
"USC00021654","1957-04","34.7569","-112.4567","1447.8","CHINO VALLEY, AZ US","0.0","","0.0","1,0","3",",0","1",",0","0",",0","0",",0","0",",0","0",",0","14",",0","0","1,0","15","1,0","0","1,0","","","","","-5.0",",0,21,","0",",,0,30,+","0",",T,0,20,+","5.6",",,0,02,","25.0","1,0,30,","2296.0","","234.8","1,0","7.7",",,,0","0",",T,,0","10.29","1,0","19.92","1,,,0","0.66",",,,0"
"USC00021654","1957-05","34.7569","-112.4567","1447.8","CHINO VALLEY, AZ US","0.0","","0.0",",0","7",",0","3",",0","0",",0","0",",0","0",",0","0",",0","3",",0","0",",0","18",",0","0",",0","","","4","","-0.6",",0,01,","0",",,0,31,+","0",",,0,31,+","7.9",",,0,12,","30.6",",0,31,","2473.6","","177.6",",0","23.8",",,,0","0",",,,0","12.60",",0","22.35",",,,0","2.86",",,,0"
"USC00021654","1957-06","34.7569","-112.4567","1447.8","CHINO VALLEY, AZ US","87.7","","87.7",",0","2",",0","1",",0","0",",0","0",",0","0",",0","0",",0","0",",0","0",",0","30",",0","21",",0","","","2","","3.9",",0,15,","0",",,0,30,+","0",",,0,30,+","7.1",",,0,10,","42.2",",0,24,","2490.3","","16.7",",0","7.6",",,,0","0",",,,0","20.70",",0","32.83",",,,0","8.58",",,,0"
"USC00021654","1957-07","34.7569","-112.4567","1447.8","CHINO VALLEY, AZ US","247.3","","159.6","2,0","6",",0","4",",0","0",",0","0",",0","0",",0","0",",0","0",",0","0","2,0","29","2,0","23","2,0","","","12","","5.6",",0,22,","0",",,0,31,+","0",",,0,31,+","6.6",",,0,18,","40.0","2,0,04,","0.0","","0.0","2,0","19.0",",,,0","0",",,,0","23.83","2,0","34.02","2,,,0","13.63",",,,0"
"USC00021654","1957-08","34.7569","-112.4567","1447.8","CHINO VALLEY, AZ US","378.9","","131.6",",0","11",",0","8",",0","0",",0","0",",0","0",",0","0",",0","0",",0","0",",0","31",",0","17",",0","1","","18","","3.9",",0,31,","0",",,0,31,+","0",",,0,31,+","14.0",",,0,21,","36.7",",0,01,","2.8","","2.8",",0","52.1",",,,0","0",",,,0","22.49",",0","31.16",",,,0","13.81",",,,0"
"USC00021654","1957-09","34.7569","-112.4567","1447.8","CHINO VALLEY, AZ US","417.0","","38.1","4,0","1",",0","0",",0","0",",0","0",",0","0",",0","0","4,0","0","4,0","0","4,0","26","4,0","11","4,0","","","1","","2.2","4,0,18,","0",",,0,30,+","0",",,0,30,+","0.5",",,0,01,","36.7","4,0,07,","15.9","","13.1","4,0","0.5",",,,0","0",",,,0","19.30","4,0","31.31","4,,,0","7.28","4,,,0"
"USC00021654","1957-10","34.7569","-112.4567","1447.8","CHINO VALLEY, AZ US","417.0","","0.0","1,0","8",",0","7",",0","0",",0","0",",0","0",",0","0",",0","4",",0","0","1,0","15","1,0","0","1,0","1","","4","","-1.1",",0,23,","0",",,0,31,+","0",",,0,31,+","14.0",",,0,31,","27.8","1,0,09,","195.6","","179.7","1,0","50.6",",,,0","0",",,,0","12.32","1,0","20.33","1,,,0","4.32",",,,0"
"USC00021654","1957-11","34.7569","-112.4567","1447.8","CHINO VALLEY, AZ US","417.0","","0.0",",0","6",",0","4",",0","0",",0","0",",0","0",",0","0",",0","25",",0","0",",0","0",",0","0",",0","1","","","","-12.8",",0,30,","0",",,0,30,+","13",",,0,06,","6.4",",,0,06,","20.0",",0,25,+","582.3","","386.7",",0","18.6",",,,0","13",",,,0","5.44",",0","14.23",",,,0","-3.34",",,,0"
"USC00021654","1958-01","34.7569","-112.4567","1447.8","CHINO VALLEY, AZ US","0.0","0","0.0",",0","2",",0","2",",0","0",",0","0",",0","0",",0","0",",0","30",",0","0",",0","0",",0","0",",0","","","","","-12.2",",0,20,","0",",T,0,26,","13",",,0,26,","5.3",",,0,26,","17.8",",0,07,","","","489.4",",0","8.3",",,,0","13",",,,0","2.55",",0","12.95",",,,0","-7.86",",,,0"
"USC00021654","1958-02","34.7569","-112.4567","1447.8","CHINO VALLEY, AZ US","0.0","0","0.0",",0","7",",0","4",",0","1",",0","0",",0","0",",0","0",",0","22",",0","0",",0","1",",0","0",",0","","","","","-10.0",",0,28,","0",",,0,28,+","0",",T,0,13,","29.5",",,0,04,","21.1",",0,22,","","","347.0",",0","46.8",",,,0","0",",T,,0","5.94",",0","14.46",",,,0","-2.59",",,,0"
"USC00021654","1958-03","34.7569","-112.4567","1447.8","CHINO VALLEY, AZ US","0.0","0","0.0",",0","7",",0","5",",0","0",",0","0",",0","0",",0","0",",0","25",",0","0",",0","0",",0","0",",0","","","","","-9.4",",0,10,","0",",,0,31,+","13",",,0,28,","10.9",",,0,22,","17.8",",0,19,","","","431.5",",0","35.0",",,,0","21",",,,0","4.41",",0","11.02",",,,0","-2.19",",,,0"
"USC00021654","1958-04","34.7569","-112.4567","1447.8","CHINO VALLEY, AZ US","0.0","0","0.0","3,0","5",",0","3",",0","0",",0","0",",0","0",",0","0",",0","18",",0","0","3,0","6","3,0","0","3,0","","","","","-8.3",",0,05,","0",",,0,30,+","0",",T,0,06,+","16.0",",,0,02,","22.8","3,0,28,","","","303.0","3,0","25.5",",,,0","0",",T,,0","7.21","3,0","15.11","3,,,0","-0.70",",,,0"
"USC00021654","1958-05","34.7569","-112.4567","1447.8","CHINO VALLEY, AZ US","14.0","0","14.0",",0","3",",0","2",",0","0",",0","0",",0","0",",0","0",",0","2",",0","0",",0","29",",0","9",",0","","","","","-1.7",",0,02,","0",",,0,31,+","0",",,0,31,+","18.3",",,0,11,","37.8",",0,28,","","","75.1",",0","23.4",",,,0","0",",,,0","16.36",",0","28.64",",,,0","4.09",",,,0"
"USC00021654","1958-06","34.7569","-112.4567","1447.8","CHINO VALLEY, AZ US","","","","","2",",0","0",",0","0",",0","0",",0","0",",0","","","","","","","","","","","","","","","","","0",",,0,30,+","0",",,0,30,+","2.3",",,0,21,","","","","","","","2.6",",,,0","0",",,,0","","","","","",""
"USC00021654","1958-07","34.7569","-112.4567","1447.8","CHINO VALLEY, AZ US","","","","","2",",0","1",",0","0",",0","0",",0","0",",0","","","","","","","","","","","","","4","","","","0",",,0,31,+","0",",,0,31,+","6.1",",,0,28,","","","","","","","7.4",",,,0","0",",,,0","","","","","",""
"USC00021654","1958-08","34.7569","-112.4567","1447.8","CHINO VALLEY, AZ US","","","200.0",",0","10",",0","6",",0","1",",0","0",",0","0",",0","0",",0","0",",0","0",",0","31",",0","27",",0","","","22","","12.8",",0,26,+","0",",,0,31,+","0",",,0,31,+","33.0",",,0,20,","39.4",",0,10,","","","0.0",",0","62.0",",,,0","0",",,,0","24.79",",0","34.21",",,,0","15.36",",,,0"
"USC00021654","1958-09","34.7569","-112.4567","1447.8","CHINO VALLEY, AZ US","","","55.3","5,0","8","2,0","6","2,0","0","2,0","0",",0","0",",0","0","4,0","0","4,0","0","5,0","25","5,0","11","5,0","","","8","","1.7","4,0,24,","0",",,0,30,+","0",",,0,30,+","19.6","2,,0,05,","36.7","5,0,01,","","","17.2","5,0","95.3",",a,,0","0",",,,0","19.69","5,0","29.60","5,,,0","9.79","4,,,0"
"USC00021654","1958-10","34.7569","-112.4567","1447.8","CHINO VALLEY, AZ US","","","0.0","3,0","3","2,0","2","2,0","0","2,0","0",",0","0",",0","0","1,0","5","1,0","0","3,0","20","3,0","1","3,0","","","4","","-3.9","1,0,22,","0",",,0,31,+","0",",,0,31,+","11.9","2,,0,25,","32.2","3,0,16,","","","128.7","3,0","20.0",",a,,0","0",",,,0","13.79","3,0","23.44","3,,,0","4.13","1,,,0"
"USC00021654","1958-11","34.7569","-112.4567","1447.8","CHINO VALLEY, AZ US","","","0.0",",0","3",",0","1",",0","0",",0","2",",0","1",",0","1",",0","25",",0","0",",0","9",",0","0",",0","","","","","-18.3",",0,17,","102",",,0,16,","216",",,0,16,","12.4",",,0,16,","25.0",",0,09,","","","354.3",",0","14.7",",,,0","216",",,,0","6.52",",0","16.89",",,,0","-3.84",",,,0"
"USC00021654","1958-12","34.7569","-112.4567","1447.8","CHINO VALLEY, AZ US","","","0.0",",0","0",",0","0",",0","0",",0","0",",0","0",",0","0",",0","31",",0","0",",0","14",",0","0",",0","","","","","-12.2",",0,30,","0",",,0,31,+","0",",T,0,29,","0.0",",T,0,29,","22.2",",0,19,+","","","391.3",",0","0.0",",T,,0","0",",T,,0","5.71",",0","18.32",",,,0","-6.90",",,,0"
"USC00021654","1959-01","34.7569","-112.4567","1447.8","CHINO VALLEY, AZ US","0.0","0","0.0","3,0","1",",0","1",",0","0",",0","0",",0","0",",0","0","3,0","28","3,0","0","3,0","1","3,0","0","3,0","1","","","","-15.6","3,0,04,","0",",,0,31,+","0",",,0,31,+","5.1",",,0,06,","21.1","3,0,16,","","","420.2","3,0","5.1",",,,0","0",",,,0","3.33","3,0","13.98","3,,,0","-7.32","3,,,0"
"USC00021654","1959-02","34.7569","-112.4567","1447.8","CHINO VALLEY, AZ US","0.0","0","0.0","1,0","6",",0","4",",0","1",",0","2",",0","1",",0","0","1,0","24","1,0","0","1,0","0","1,0","0","1,0","","","","","-11.7","1,0,10,+","76",",,0,09,","76",",,0,09,","31.8",",,0,09,","18.3","1,0,06,","","","418.4","1,0","49.1",",,,0","76",",,,0","2.84","1,0","11.23","1,,,0","-5.56","1,,,0"
"USC00021654","1959-03","34.7569","-112.4567","1447.8","CHINO VALLEY, AZ US","0.0","0","0.0",",0","0",",0","0",",0","0",",0","0",",0","0",",0","0",",0","28",",0","0",",0","12",",0","0",",0","","","","","-11.1",",0,07,","0",",,0,31,+","0",",,0,31,+","0.0",",,0,31,+","25.0",",0,19,","","","345.9",",0","0.0",",,,0","0",",,,0","7.18",",0","18.64",",,,0","-4.29",",,,0"
"USC00021654","1959-04","34.7569","-112.4567","1447.8","CHINO VALLEY, AZ US","2.5","0","2.5",",0","3",",0","2",",0","0",",0","0",",0","0",",0","0",",0","13",",0","0",",0","21",",0","0",",0","","","","","-3.9",",0,11,","0",",,0,30,+","0",",,0,30,+","8.9",",,0,26,","29.4",",0,30,+","","","181.1",",0","18.1",",,,0","0",",,,0","12.38",",0","23.25",",,,0","1.51",",,,0"
"USC00021654","1959-05","34.7569","-112.4567","1447.8","CHINO VALLEY, AZ US","2.5","0","0.0","4,0","3","3,0","2","3,0","0","3,0","0",",0","0",",0","0","3,0","2","3,0","0","3,0","24","3,0","1","3,0","","","","","-3.9","3,0,05,","0",",,0,31,+","0",",,0,31,+","8.4","3,,0,21,","32.2","3,0,12,","","","114.2","3,0","15.8","3,,,0","0",",,,0","14.10","4,0","24.35","3,,,0","3.84","3,,,0"
"USC00021654","1959-06","34.7569","-112.4567","1447.8","CHINO VALLEY, AZ US","93.6","0","91.1",",0","2",",0","1",",0","0",",0","0",",0","0",",0","0",",0","0",",0","0",",0","30",",0","22",",0","","","2","","1.1",",0,01,","0",",,0,30,+","0",",,0,30,+","3.3",",,0,18,","38.3",",0,17,","","","3.1",",0","5.3",",,,0","0",",,,0","21.27",",0","32.84",",,,0","9.69",",,,0"
"USC00021654","1959-07","34.7569","-112.4567","1447.8","CHINO VALLEY, AZ US","302.7","0","209.1",",0","8",",0","6",",0","1",",0","0",",0","0",",0","0",",0","0",",0","0",",0","31",",0","30",",0","","","17","","9.4",",0,08,","0",",,0,31,+","0",",,0,31,+","27.9",",,0,27,","40.0",",0,10,","0.0","0","0.0",",0","78.6",",,,0","0",",,,0","25.08",",0","35.12",",,,0","15.04",",,,0"
"USC00021654","1959-08","34.7569","-112.4567","1447.8","CHINO VALLEY, AZ US","406.6","0","103.9",",0","11",",0","6",",0","0",",0","0",",0","0",",0","0",",0","0",",0","0",",0","31",",0","9",",0","","","21","","10.0",",0,31,+","0",",,0,31,+","0",",,0,31,+","22.1",",,0,24,","35.0",",0,30,","0.6","0","0.6",",0","70.3",",,,0","0",",,,0","21.66",",0","29.69",",,,0","13.64",",,,0"
"USC00021654","1959-09","34.7569","-112.4567","1447.8","CHINO VALLEY, AZ US","432.9","0","26.3",",0","4",",0","0",",0","0",",0","0",",0","0",",0","0",",0","1",",0","0",",0","28",",0","9",",0","","","2","","-1.1",",0,25,","0",",,0,30,+","0",",,0,30,+","1.5",",,0,11,","33.9",",0,01,","53.0","0","52.4",",0","3.1",",,,0","0",",,,0","17.46",",0","28.23",",,,0","6.70",",,,0"
"USC00021654","1959-10","34.7569","-112.4567","1447.8","CHINO VALLEY, AZ US","432.9","0","0.0",",0","1",",0","1",",0","0",",0","0",",0","0",",0","0",",0","14",",0","0",",0","25",",0","1",",0","","","2","","-3.9",",0,04,","0",",,0,31,+","0",",T,0,31,","8.4",",,0,30,","32.2",",0,23,","205.4","0","152.4",",0","8.4",",,,0","0",",T,,0","13.42",",0","25.50",",,,0","1.33",",,,0"
"USC00021654","1959-11","34.7569","-112.4567","1447.8","CHINO VALLEY, AZ US","432.9","0","0.0",",0","1",",0","1",",0","0",",0","0",",0","0",",0","0",",0","27",",0","0",",0","7",",0","0",",0","","","1","","-12.8",",0,27,","0",",,0,30,+","0",",,0,30,+","13.2",",,0,02,","25.6",",0,24,","550.1","0","344.7",",0","13.2",",,,0","0",",,,0","6.84",",0","18.35",",,,0","-4.67",",,,0"
"USC00021654","1959-12","34.7569","-112.4567","1447.8","CHINO VALLEY, AZ US","432.9","0","0.0",",0","8",",0","7",",0","0",",0","1",",0","1",",0","0",",0","26",",0","0",",0","1",",0","0",",0","","","","","-10.6",",0,07,","25",",,0,31,","38",",,0,31,","13.5",",,0,10,","21.1",",0,02,","1002.3","0","452.2",",0","52.5",",,,0","38",",,,0","3.75",",0","12.60",",,,0","-5.11",",,,0"
"USC00021654","1960-01","34.7569","-112.4567","1447.8","CHINO VALLEY, AZ US","0.0","0","0.0","1,0","4",",0","2",",0","0",",0","10",",0","2",",0","5",",0","31",",0","4","1,0","0","1,0","0","1,0","","","","","-19.4",",0,17,","127",",,0,13,","178",",,0,13,","20.3",",,0,13,","15.0","1,0,08,","1602.4","0","600.1","1,0","24.9",",,,0","229",",,,0","-1.71","1,0","6.51","1,,,0","-9.93",",,,0"
"USC00021654","1960-02","34.7569","-112.4567","1447.8","CHINO VALLEY, AZ US","0.0","0","0.0",",0","5",",0","3",",0","0",",0","0","1,0","1","2,0","0",",0","27",",0","0",",0","0",",0","0",",0","","","","","-12.2",",0,25,+","0","1,T,0,19,+","38","2,,0,19,","15.5",",,0,29,","17.2",",0,08,","2069.8","0","467.4",",0","27.7",",,,0","51","2,,,0","2.22",",0","10.57",",,,0","-6.13",",,,0"
"USC00021654","1960-03","34.7569","-112.4567","1447.8","CHINO VALLEY, AZ US","0.0","0","0.0",",0","4",",0","3",",0","0",",0","0",",0","0",",0","0",",0","21",",0","0",",0","13",",0","0",",0","","","","","-9.4",",0,17,","0",",,0,31,+","0",",T,0,02,","8.1",",,0,02,","26.1",",0,21,","2369.4","0","299.6",",0","18.5",",,,0","0",",T,,0","8.67",",0","19.32",",,,0","-1.98",",,,0"
"USC00021654","1960-04","34.7569","-112.4567","1447.8","CHINO VALLEY, AZ US","0.0","0","0.0","2,0","1",",0","1",",0","0",",0","0",",0","0",",0","0","2,0","15","2,0","0","2,0","18","2,0","0","2,0","","","","","-7.8","2,0,25,","0",",,0,30,+","0",",,0,30,+","5.1",",,0,28,","28.9","2,0,18,+","2571.1","0","201.7","2,0","5.1",",,,0","0",",,,0","11.13","2,0","22.23","2,,,0","0.03","2,,,0"
"USC00021654","1960-05","34.7569","-112.4567","1447.8","CHINO VALLEY, AZ US","","","","","2",",0","2",",0","0",",0","0",",0","0",",0","0",",0","9",",0","","","","","","","","","","","-3.9",",0,20,+","0",",,0,31,+","0",",,0,31,+","6.4",",,0,05,","","","","","","","10.2",",,,0","0",",,,0","","","","","3.00",",,,0"
"USC00021654","1960-06","34.7569","-112.4567","1447.8","CHINO VALLEY, AZ US","","","109.9","2,0","1",",0","0",",0","0",",0","0",",0","0",",0","0",",0","0",",0","0","2,0","28","2,0","24","2,0","","","","","5.6",",0,08,+","0",",,0,30,+","0",",,0,30,+","1.3",",,0,06,","36.7","2,0,30,+","","","0.3","2,0","1.3",",,,0","0",",,,0","22.13","2,0","33.79","2,,,0","10.47",",,,0"
"USC00021654","1960-07","34.7569","-112.4567","1447.8","CHINO VALLEY, AZ US","","","168.2","1,0","6",",0","6",",0","0",",0","0",",0","0",",0","0","1,0","0","1,0","0","1,0","30","1,0","30","1,0","","","11","","7.2","1,0,14,+","0",",,0,31,+","0",",,0,31,+","13.5",",,0,21,","40.0","1,0,16,","0.0","0","0.0","1,0","50.9",",,,0","0",",,,0","23.94","1,0","35.29","1,,,0","12.59","1,,,0"
"USC00021654","1960-08","34.7569","-112.4567","1447.8","CHINO VALLEY, AZ US","","","154.8","1,0","4",",0","3",",0","0",",0","0",",0","0",",0","0","1,0","0","1,0","0","1,0","30","1,0","23","1,0","","","10","","8.3","1,0,28,","0",",,0,31,+","0",",,0,31,+","21.3",",,0,21,","38.9","1,0,12,","0.0","0","0.0","1,0","34.6",",,,0","0",",,,0","23.49","1,0","33.62","1,,,0","13.37","1,,,0"
"USC00021654","1960-09","34.7569","-112.4567","1447.8","CHINO VALLEY, AZ US","","","69.6",",0","2",",0","1",",0","0",",0","0",",0","0",",0","0",",0","0",",0","0",",0","30",",0","14",",0","","","3","","2.2",",0,30,+","0",",,0,30,+","0",",,0,30,+","19.1",",,0,01,","35.0",",0,25,+","13.5","0","13.5",",0","19.4",",,,0","0",",,,0","20.20",",0","31.17",",,,0","9.23",",,,0"
"USC00021654","1960-10","34.7569","-112.4567","1447.8","CHINO VALLEY, AZ US","","","0.0","2,0","9",",0","6",",0","0",",0","0",",0","0",",0","0","2,0","6","2,0","0","2,0","18","2,0","0","2,0","","","6","","-4.4","2,0,31,","0",",,0,31,+","0",",,0,31,+","15.2",",,0,08,","30.0","2,0,08,+","178.0","0","164.5","2,0","47.7",",,,0","0",",,,0","12.66","2,0","22.36","2,,,0","2.97","2,,,0"
"USC00021654","1960-11","34.7569","-112.4567","1447.8","CHINO VALLEY, AZ US","","","0.0",",0","3",",0","1",",0","0",",0","0",",0","0",",0","0",",0","23",",0","0",",0","3",",0","0",",0","","","","","-8.3",",0,28,+","0",",,0,30,+","0",",T,0,27,","3.8",",,0,27,","25.0",",0,01,","513.7","0","335.7",",0","6.4",",,,0","0",",T,,0","7.14",",0","17.24",",,,0","-2.96",",,,0"
"USC00021654","1960-12","34.7569","-112.4567","1447.8","CHINO VALLEY, AZ US","","","0.0",",0","2",",0","1",",0","0",",0","0",",0","0",",0","0",",0","30",",0","0",",0","0",",0","0",",0","","","","","-15.0",",0,07,","0",",,0,31,+","0",",T,0,03,","3.8",",,0,03,","19.4",",0,19,","1011.3","0","497.6",",0","4.1",",,,0","0",",T,,0","2.28",",0","12.35",",,,0","-7.78",",,,0"
"USC00021654","1961-01","34.7569","-112.4567","1447.8","CHINO VALLEY, AZ US","0.0","0","0.0",",0","4",",0","2",",0","0",",0","0",",0","0",",0","0",",0","29",",0","0",",0","0",",0","0",",0","","","","","-12.8",",0,09,+","0",",,0,31,+","0",",,0,31,+","10.9",",,0,27,","20.0",",0,17,+","1468.1","0","456.8",",0","15.7",",,,0","0",",,,0","3.60",",0","14.11",",,,0","-6.92",",,,0"
"USC00021654","1961-02","34.7569","-112.4567","1447.8","CHINO VALLEY, AZ US","0.0","0","0.0",",0","0",",0","0",",0","0",",0","0",",0","0",",0","0",",0","24",",0","0",",0","1",",0","0",",0","","","","","-9.4",",0,06,","0",",,0,28,+","0",",,0,28,+","0.0",",,0,28,+","22.2",",0,11,","1829.0","0","360.9",",0","0.0",",,,0","0",",,,0","5.44",",0","14.54",",,,0","-3.65",",,,0"
"USC00021654","1961-03","34.7569","-112.4567","1447.8","CHINO VALLEY, AZ US","0.0","0","0.0",",0","6",",0","6",",0","0",",0","0",",0","1",",0","0",",0","25",",0","0",",0","6",",0","0",",0","","","","","-10.0",",0,08,","0",",T,0,29,","76",",,0,29,","20.6",",,0,29,","23.9",",0,22,+","2194.3","0","365.3",",0","41.0",",,,0","76",",,,0","6.55",",0","16.09",",,,0","-2.99",",,,0"
"USC00021654","1961-04","34.7569","-112.4567","1447.8","CHINO VALLEY, AZ US","0.0","0","0.0",",0","1",",0","1",",0","0",",0","0",",0","0",",0","0",",0","17",",0","0",",0","17",",0","0",",0","","","","","-6.1",",0,26,+","0",",,0,30,+","0",",,0,30,+","5.1",",,0,07,","30.0",",0,04,","2405.6","0","211.3",",0","5.1",",,,0","0",",,,0","11.29",",0","21.91",",,,0","0.66",",,,0"
"USC00021654","1961-05","34.7569","-112.4567","1447.8","CHINO VALLEY, AZ US","0.0","0","0.0","2,0","1",",0","0",",0","0",",0","0",",0","0",",0","0","1,0","4","1,0","0","2,0","23","2,0","0","2,0","","","","","-1.1","1,0,08,","0",",,0,31,+","0",",,0,31,+","0.8",",,0,29,","30.0","2,0,09,","2516.6","0","111.0","2,0","0.8",",,,0","0",",,,0","14.55","2,0","25.03","2,,,0","4.07","1,,,0"
"USC00021654","1961-06","34.7569","-112.4567","1447.8","CHINO VALLEY, AZ US","104.3","0","104.3",",0","2",",0","1",",0","0",",0","0",",0","0",",0","0",",0","0",",0","0",",0","30",",0","22",",0","","","5","","1.7",",0,03,","0",",,0,30,+","0",",,0,30,+","10.2",",,0,17,","40.0",",0,24,","2534.4","0","17.8",",0","10.7",",,,0","0",",,,0","21.22",",0","33.38",",,,0","9.05",",,,0"
"USC00021654","1961-07","34.7569","-112.4567","1447.8","CHINO VALLEY, AZ US","293.5","0","189.2",",0","7",",0","3",",0","0",",0","0",",0","0",",0","0",",0","0",",0","0",",0","31",",0","26",",0","","","17","","10.6",",0,06,+","0",",,0,31,+","0",",,0,31,+","21.6",",,0,28,","39.4",",0,11,","0.0","0","0.0",",0","43.5",",,,0","0",",,,0","24.44",",0","34.24",",,,0","14.63",",,,0"
"USC00021654","1961-08","34.7569","-112.4567","1447.8","CHINO VALLEY, AZ US","428.1","0","134.6",",0","15",",0","6",",0","1",",0","0",",0","0",",0","0",",0","0",",0","0",",0","30",",0","15",",0","","","19","","10.0",",0,31,","0",",,0,31,+","0",",,0,31,+","38.9",",,0,23,","37.8",",0,09,","1.1","0","1.1",",0","97.0",",,,0","0",",,,0","22.64",",0","30.65",",,,0","14.62",",,,0"
"USC00021654","1961-10","34.7569","-112.4567","1447.8","CHINO VALLEY, AZ US","","","0.0",",0","1",",0","1",",0","0",",0","0",",0","0",",0","0",",0","11",",0","0",",0","29",",0","0",",0","","","","","-7.8",",0,30,","0",",,0,31,+","0",",,0,31,+","13.0",",,0,31,","30.6",",0,04,","","","155.3",",0","13.0",",,,0","0",",,,0","13.32",",0","25.07",",,,0","1.58",",,,0"
"USC00021654","1961-11","34.7569","-112.4567","1447.8","CHINO VALLEY, AZ US","","","","","3",",0","1",",0","0",",0","1",",0","1",",0","","","","","","","","","","","","","","","","","51",",,0,21,","51",",,0,21,","9.1",",,0,21,","","","","","","","11.2",",,,0","51",",,,0","","","","","",""
"USC00021654","1961-12","34.7569","-112.4567","1447.8","CHINO VALLEY, AZ US","","","0.0",",0","4",",0","4",",0","0",",0","10",",0","4",",0","1",",0","30",",0","2",",0","0",",0","0",",0","","","","","-18.3",",0,12,","102",",,0,15,+","102",",,0,14,+","10.2",",,0,15,","17.2",",0,01,","","","527.7",",0","30.5",",,,0","331",",,,0","1.31",",0","9.00",",,,0","-6.38",",,,0"
"USC00021654","1962-01","34.7569","-112.4567","1447.8","CHINO VALLEY, AZ US","0.0","0","0.0",",0","4","2,0","2","2,0","0","2,0","1","1,0","2",",0","1",",0","31",",0","0",",0","0",",0","0",",0","","","","","-20.0",",0,15,","25","1,,0,13,","38",",,0,20,","7.6","2,,0,25,","18.3",",0,08,","","","498.0",",0","31.2",",a,,0","76",",,,0","2.27",",0","10.30",",,,0","-5.77",",,,0"
"USC00021654","1962-02","34.7569","-112.4567","1447.8","CHINO VALLEY, AZ US","0.0","0","0.0","1,0","7",",0","6",",0","0",",0","3","1,0","2",",0","0",",0","23",",0","1","1,0","1","1,0","0","1,0","","","","","-16.1",",0,28,","25","1,,0,27,+","76",",,0,27,","6.4",",,0,27,","21.1","1,0,04,","","","358.4","1,0","29.0",",,,0","114",",,,0","5.04","1,0","12.63","1,,,0","-2.54",",,,0"
"USC00021654","1962-03","34.7569","-112.4567","1447.8","CHINO VALLEY, AZ US","0.0","0","0.0",",0","5",",0","2",",0","0",",0","0",",0","1",",0","0",",0","26",",0","0",",0","5",",0","0",",0","","","","","-10.0",",0,09,","0",",T,0,10,+","76",",,0,09,","7.1",",,0,21,","25.6",",0,26,","","","426.1",",0","14.2",",,,0","91",",,,0","4.59",",0","13.55",",,,0","-4.37",",,,0"
"USC00021654","1962-04","34.7569","-112.4567","1447.8","CHINO VALLEY, AZ US","0.0","0","0.0",",0","1",",0","0",",0","0",",0","0",",0","0",",0","0",",0","8",",0","0",",0","24",",0","0",",0","","","","","-1.7",",0,02,+","0",",,0,30,+","0",",,0,30,+","0.8",",,0,25,","30.6",",0,17,","","","144.1",",0","0.8",",,,0","0",",,,0","13.53",",0","23.99",",,,0","3.07",",,,0"
"USC00021654","1962-05","34.7569","-112.4567","1447.8","CHINO VALLEY, AZ US","3.0","0","3.0","1,0","0",",0","0",",0","0",",0","0",",0","0",",0","0",",0","6",",0","0","1,0","25","1,0","0","1,0","","","","","-3.3",",0,13,","0",",,0,31,+","0",",,0,31,+","0.0",",T,0,16,+","30.0","1,0,09,+","","","142.7","1,0","0.0",",T,,0","0",",,,0","13.71","1,0","24.46","1,,,0","2.95",",,,0"
"USC00021654","1962-06","34.7569","-112.4567","1447.8","CHINO VALLEY, AZ US","15.6","0","12.6","2,0","2","1,0","1","1,0","0","1,0","0",",0","0","2,0","0",",0","1",",0","0","2,0","28","2,0","2","2,0","","","5","","-0.6",",0,20,","0",",,0,30,+","0","2,,0,30,+","5.1","1,,0,08,","32.2","2,0,27,+","","","44.5","2,0","5.9","1,,,0","0","2,,,0","17.31","2,0","27.34","2,,,0","7.28",",,,0"
"USC00021654","1962-07","34.7569","-112.4567","1447.8","CHINO VALLEY, AZ US","174.6","0","159.0",",0","4",",0","3",",0","0",",0","0",",0","0",",0","0",",0","0",",0","0",",0","31",",0","27",",0","","","","","9.4",",0,16,+","0",",,0,31,+","0",",,0,31,+","15.7",",,0,21,","36.1",",0,20,","0.0","0","0.0",",0","25.9",",,,0","0",",,,0","23.46",",0","33.16",",,,0","13.76",",,,0"
"USC00021654","1962-08","34.7569","-112.4567","1447.8","CHINO VALLEY, AZ US","351.2","0","176.6",",0","0",",0","0",",0","0",",0","0",",0","0",",0","0",",0","0",",0","0",",0","31",",0","25",",0","","","","","10.0",",0,31,+","0",",,0,31,+","0",",,0,31,+","0.0",",T,0,20,+","38.3",",0,15,","0.0","0","0.0",",0","0.0",",T,,0","0",",,,0","24.03",",0","33.92",",,,0","14.14",",,,0"
"USC00021654","1962-09","34.7569","-112.4567","1447.8","CHINO VALLEY, AZ US","414.2","0","63.0",",0","11",",0","8",",0","1",",0","0",",0","0",",0","0",",0","0",",0","0",",0","30",",0","9",",0","","","","","6.1",",0,29,","0",",,0,30,+","0",",,0,30,+","25.9",",,0,28,","34.4",",0,18,+","9.2","0","9.2",",0","87.8",",,,0","0",",,,0","20.13",",0","29.32",",,,0","10.93",",,,0"
"USC00021654","1962-10","34.7569","-112.4567","1447.8","CHINO VALLEY, AZ US","414.2","0","0.0","2,0","0",",0","0",",0","0",",0","0",",0","0",",0","0","1,0","0","1,0","0","1,0","25","1,0","0","1,0","","","","","0.6","1,0,20,","0",",,0,31,+","0",",,0,31,+","0.0",",,0,31,+","27.8","1,0,03,+","145.9","0","136.7","1,0","0.0",",,,0","0",",,,0","13.56","2,0","23.67","1,,,0","3.44","1,,,0"
"USC00021654","1962-11","34.7569","-112.4567","1447.8","CHINO VALLEY, AZ US","414.2","0","0.0","2,0","2",",0","2",",0","0",",0","0",",0","0",",0","0",",0","18",",0","0","2,0","13","2,0","0","2,0","","","","","-5.0",",0,19,","0",",,0,30,+","0",",,0,30,+","10.2",",,0,15,","26.7","2,0,01,","406.3","0","260.4","2,0","14.5",",,,0","0",",,,0","9.17","2,0","18.68","2,,,0","-0.33",",,,0"
"USC00021654","1962-12","34.7569","-112.4567","1447.8","CHINO VALLEY, AZ US","414.2","0","0.0",",0","3",",0","2",",0","0",",0","0",",0","0",",0","0",",0","29",",0","0",",0","0",",0","0",",0","","","","","-12.8",",0,25,","0",",,0,31,+","0",",,0,31,+","8.9",",,0,18,","19.4",",0,08,","824.1","0","417.8",",0","13.2",",,,0","0",",,,0","4.85",",0","14.41",",,,0","-4.70",",,,0"
"USC00021654","1963-01","34.7569","-112.4567","1447.8","CHINO VALLEY, AZ US","0.0","0","0.0",",0","4",",0","1",",0","0",",0","0",",0","0",",0","1",",0","30",",0","2",",0","0",",0","0",",0","","","","","-18.9",",0,13,","0",",,0,31,+","0",",,0,31,+","6.4",",,0,03,","17.8",",0,31,","1349.3","0","525.2",",0","11.5",",,,0","0",",,,0","1.39",",0","10.38",",,,0","-7.60",",,,0"
"USC00021654","1963-02","34.7569","-112.4567","1447.8","CHINO VALLEY, AZ US","","","","","3",",0","2",",0","0",",0","0",",0","0",",0","0",",0","21",",0","","","","","","","","","","","-7.2",",0,25,+","0",",,0,28,+","0",",T,0,11,","14.7",",,0,11,","","","","","","","26.7",",,,0","0",",T,,0","","","","","-3.15",",,,0"
"USC00021654","1963-03","34.7569","-112.4567","1447.8","CHINO VALLEY, AZ US","","","0.0",",0","2",",0","2",",0","0",",0","1",",0","2",",0","0",",0","27",",0","0",",0","6",",0","0",",0","","","","","-9.4",",0,18,+","25",",,0,17,","51",",,0,18,+","10.2",",,0,17,","22.2",",0,31,+","","","375.3",",0","14.0",",,,0","102",",,,0","6.23",",0","16.16",",,,0","-3.71",",,,0"
"USC00021654","1963-04","34.7569","-112.4567","1447.8","CHINO VALLEY, AZ US","","","0.0",",0","3",",0","2",",0","0",",0","0",",0","0",",0","0",",0","15",",0","0",",0","10",",0","0",",0","","","","","-7.8",",0,22,","0",",,0,30,+","0",",T,0,17,","6.4",",,0,26,","27.8",",0,13,","","","282.5",",0","10.5",",,,0","0",",T,,0","8.92",",0","18.61",",,,0","-0.78",",,,0"
"USC00021654","1963-05","34.7569","-112.4567","1447.8","CHINO VALLEY, AZ US","","","12.2",",0","0",",0","0",",0","0",",0","0",",0","0",",0","0",",0","1",",0","0",",0","31",",0","3",",0","","","","","-1.1",",0,12,","0",",,0,31,+","0",",,0,31,+","0.0",",,0,31,+","34.4",",0,05,","","","55.6",",0","0.0",",,,0","0",",,,0","16.93",",0","28.03",",,,0","5.84",",,,0"
"USC00021654","1963-06","34.7569","-112.4567","1447.8","CHINO VALLEY, AZ US","","","53.9",",0","0",",0","0",",0","0",",0","0",",0","0",",0","0",",0","0",",0","0",",0","30",",0","7",",0","","","","","1.1",",0,08,","0",",,0,30,+","0",",,0,30,+","0.0",",,0,30,+","36.7",",0,18,","","","26.9",",0","0.0",",,,0","0",",,,0","19.23",",0","29.54",",,,0","8.92",",,,0"
"USC00021654","1963-07","34.7569","-112.4567","1447.8","CHINO VALLEY, AZ US","","","235.7",",0","3",",0","3",",0","1",",0","0",",0","0",",0","0",",0","0",",0","0",",0","31",",0","31",",0","","","","","9.4",",0,01,","0",",,0,31,+","0",",,0,31,+","52.8",",,0,31,","38.9",",0,21,","0.0","0","0.0",",0","60.4",",,,0","0",",,,0","25.94",",0","35.89",",,,0","15.98",",,,0"
"USC00021654","1963-08","34.7569","-112.4567","1447.8","CHINO VALLEY, AZ US","","","116.2","1,0","12",",0","8",",0","0",",0","0",",0","0",",0","0",",0","0",",0","0","1,0","30","1,0","8","1,0","","","","","13.3",",0,31,+","0",",,0,31,+","0",",,0,31,+","21.6",",,0,19,","35.6","1,0,14,+","0.0","0","0.0","1,0","107.4",",,,0","0",",,,0","22.22","1,0","29.45","1,,,0","15.00",",,,0"
"USC00021654","1963-09","34.7569","-112.4567","1447.8","CHINO VALLEY, AZ US","","","57.3",",0","4",",0","3",",0","0",",0","0",",0","0",",0","0",",0","0",",0","0",",0","30",",0","6",",0","","","","","3.9",",0,21,","0",",,0,30,+","0",",,0,30,+","7.6",",,0,18,","33.9",",0,27,","4.1","0","4.1",",0","16.2",",,,0","0",",,,0","20.11",",0","29.39",",,,0","10.82",",,,0"
"USC00021654","1963-10","34.7569","-112.4567","1447.8","CHINO VALLEY, AZ US","","","6.1","1,0","4",",0","3",",0","0",",0","0",",0","0",",0","0",",0","1",",0","0","1,0","25","1,0","2","1,0","","","2","","-1.1",",0,13,","0",",,0,31,+","0",",,0,31,+","16.0",",,0,19,","32.2","1,0,02,+","97.7","0","93.6","1,0","25.9",",,,0","0",",,,0","15.54","1,0","25.02","1,,,0","6.06",",,,0"
"USC00021654","1963-11","34.7569","-112.4567","1447.8","CHINO VALLEY, AZ US","","","0.0","1,0","4",",0","4",",0","0",",0","0",",0","0",",0","0",",0","16",",0","0","1,0","4","1,0","0","1,0","","","1","","-7.2",",0,17,","0",",,0,30,+","0",",,0,30,+","16.5",",,0,01,","22.8","1,0,11,","399.3","0","301.6","1,0","42.2",",,,0","0",",,,0","7.82","1,0","16.32","1,,,0","-0.68",",,,0"
"USC00021654","1963-12","34.7569","-112.4567","1447.8","CHINO VALLEY, AZ US","","","0.0",",0","1",",0","0",",0","0",",0","0",",0","0",",0","0",",0","31",",0","0",",0","0",",0","0",",0","","","","","-11.1",",0,12,","0",",,0,31,+","0",",T,0,10,","0.5",",,0,10,","20.0",",0,31,","868.0","0","468.7",",0","0.5",",,,0","0",",T,,0","3.21",",0","14.04",",,,0","-7.62",",,,0"
"USC00021654","1964-01","34.7569","-112.4567","1447.8","CHINO VALLEY, AZ US","0.0","0","0.0",",0","2",",0","2",",0","0",",0","1",",0","1",",0","0",",0","31",",0","0",",0","0",",0","0",",0","","","","","-17.2",",0,14,","25",",,0,23,","51",",,0,23,","4.6",",,0,22,","20.6",",0,01,","1405.1","0","537.1",",0","8.9",",,,0","51",",,,0","1.01",",0","10.83",",,,0","-8.82",",,,0"
"USC00021654","1964-02","34.7569","-112.4567","1447.8","CHINO VALLEY, AZ US","0.0","0","0.0",",0","0",",0","0",",0","0",",0","0",",0","0",",0","0",",0","29",",0","0",",0","0",",0","0",",0","","","","","-13.3",",0,15,","0",",,0,29,+","0",",,0,29,+","0.0",",,0,29,+","20.6",",0,10,","1872.8","0","467.7",",0","0.0",",,,0","0",",,,0","2.21",",0","11.80",",,,0","-7.38",",,,0"
"USC00021654","1964-03","34.7569","-112.4567","1447.8","CHINO VALLEY, AZ US","0.0","0","0.0",",0","6",",0","3",",0","0",",0","1",",0","3",",0","0",",0","26",",0","0",",0","5",",0","0",",0","","","","","-9.4",",0,08,+","25",",,0,02,","51",",,0,24,+","7.6",",,0,24,","24.4",",0,30,","2264.2","0","391.4",",0","17.8",",,,0","140",",,,0","5.71",",0","14.91",",,,0","-3.49",",,,0"
"USC00021654","1964-04","34.7569","-112.4567","1447.8","CHINO VALLEY, AZ US","0.0","0","0.0",",0","6",",0","5",",0","0",",0","1",",0","1",",0","0",",0","11",",0","0",",0","16",",0","0",",0","","","","","-7.8",",0,04,","51",",,0,03,","64",",,0,03,","11.4",",,0,03,","28.3",",0,15,","2503.9","0","239.7",",0","29.2",",,,0","64",",,,0","10.34",",0","19.29",",,,0","1.39",",,,0"
"USC00021654","1964-05","34.7569","-112.4567","1447.8","CHINO VALLEY, AZ US","18.1","0","18.1",",0","2",",0","0",",0","0",",0","0",",0","0",",0","0",",0","3",",0","0",",0","25",",0","5",",0","","","","","-5.0",",0,08,","0",",,0,31,+","0",",,0,31,+","2.0",",,0,08,","33.3",",0,18,","2595.8","0","91.9",",0","2.3",",,,0","0",",,,0","15.95",",0","26.44",",,,0","5.47",",,,0"
"USC00021654","1964-06","34.7569","-112.4567","1447.8","CHINO VALLEY, AZ US","91.6","0","73.5",",0","1",",0","1",",0","0",",0","0",",0","0",",0","0",",0","0",",0","0",",0","30",",0","13",",0","","","2","","2.2",",0,11,","0",",,0,30,+","0",",,0,30,+","7.6",",,0,28,","36.7",",0,30,+","2604.2","0","8.4",",0","7.6",",,,0","0",",,,0","20.51",",0","31.35",",,,0","9.66",",,,0"
"USC00021654","1964-07","34.7569","-112.4567","1447.8","CHINO VALLEY, AZ US","297.3","0","205.7",",0","7",",0","6",",0","0",",0","0",",0","0",",0","0",",0","0",",0","0",",0","31",",0","25",",0","","","15","","10.0",",0,01,","0",",,0,31,+","0",",,0,31,+","14.0",",,0,21,","38.9",",0,09,","0.0","0","0.0",",0","48.1",",,,0","0",",,,0","24.97",",0","34.65",",,,0","15.29",",,,0"
"USC00021654","1964-08","34.7569","-112.4567","1447.8","CHINO VALLEY, AZ US","409.7","0","112.4",",0","12",",0","8",",0","0",",0","0",",0","0",",0","0",",0","0",",0","0",",0","31",",0","16",",0","","","10","","6.1",",0,22,","0",",,0,31,+","0",",,0,31,+","21.8",",,0,01,","34.4",",0,24,+","0.0","0","0.0",",0","70.5",",,,0","0",",,,0","21.96",",0","31.34",",,,0","12.58",",,,0"
"USC00021654","1964-09","34.7569","-112.4567","1447.8","CHINO VALLEY, AZ US","456.4","0","46.7","1,0","5",",0","2",",0","0",",0","0",",0","0",",0","0","1,0","0","1,0","0","1,0","29","1,0","6","1,0","","","6","","3.3","1,0,22,","0",",,0,30,+","0",",,0,30,+","23.9",",,0,25,","33.9","1,0,11,+","25.3","0","25.3","1,0","29.4",",,,0","0",",,,0","19.07","1,0","29.06","1,,,0","9.08","1,,,0"
"USC00021654","1964-10","34.7569","-112.4567","1447.8","CHINO VALLEY, AZ US","465.8","0","9.4",",0","1",",0","1",",0","0",",0","0",",0","0",",0","0",",0","2",",0","0",",0","30",",0","5",",0","","","1","","-1.1",",0,31,","0",",,0,31,+","0",",,0,31,+","8.9",",,0,16,","34.4",",0,04,","107.5","0","82.2",",0","8.9",",,,0","0",",,,0","15.99",",0","27.62",",,,0","4.35",",,,0"
"USC00021654","1964-11","34.7569","-112.4567","1447.8","CHINO VALLEY, AZ US","465.8","0","0.0",",0","3",",0","1",",0","0",",0","0",",0","0",",0","0",",0","26",",0","0",",0","6",",0","0",",0","","","","","-16.1",",0,17,","0",",,0,30,+","0",",,0,30,+","6.1",",,0,15,","26.1",",0,06,","509.9","0","402.4",",0","9.9",",,,0","0",",,,0","4.92",",0","14.91",",,,0","-5.07",",,,0"
"USC00021654","1964-12","34.7569","-112.4567","1447.8","CHINO VALLEY, AZ US","465.8","0","0.0",",0","4",",0","2",",0","0",",0","1",",0","1",",0","0",",0","31",",0","0",",0","0",",0","0",",0","","","","","-12.8",",0,14,","51",",,0,17,","76",",,0,17,","16.8",",,0,17,","18.9",",0,24,","961.8","0","451.9",",0","20.6",",,,0","76",",,,0","3.76",",0","12.78",",,,0","-5.27",",,,0"
"USC00021654","1965-01","34.7569","-112.4567","1447.8","CHINO VALLEY, AZ US","0.0","0","0.0",",0","4",",0","4",",0","1",",0","0",",0","0",",0","0",",0","27",",0","0",",0","1",",0","0",",0","","","","","-8.9",",0,26,+","0",",T,0,24,","0",",T,0,24,","29.2",",,0,06,","22.2",",0,30,","1372.6","0","410.8",",0","45.2",",,,0","0",",T,,0","5.08",",0","13.60",",,,0","-3.44",",,,0"
"USC00021654","1965-02","34.7569","-112.4567","1447.8","CHINO VALLEY, AZ US","0.0","0","0.0",",0","5",",0","3",",0","0",",0","1",",0","3",",0","0",",0","27",",0","0",",0","4",",0","0",",0","","","","","-10.6",",0,12,","51",",,0,09,","38",",,0,09,","18.5",",,0,06,","22.8",",0,26,","1755.0","0","382.4",",0","35.3",",,,0","91",",,,0","4.68",",0","13.47",",,,0","-4.12",",,,0"
"USC00021654","1965-03","34.7569","-112.4567","1447.8","CHINO VALLEY, AZ US","0.0","0","0.0",",0","7",",0","6",",0","0",",0","0",",0","1",",0","0",",0","21",",0","0",",0","3",",0","0",",0","","","2","","-11.7",",0,04,","0",",,0,31,+","28",",,0,25,","22.1",",,0,11,","22.8",",0,31,","2128.2","0","373.2",",0","47.2",",,,0","28",",,,0","6.29",",0","15.15",",,,0","-2.56",",,,0"
"USC00021654","1965-04","34.7569","-112.4567","1447.8","CHINO VALLEY, AZ US","0.0","0","0.0","1,0","9",",0","7",",0","0",",0","0",",0","0",",0","0","1,0","11","1,0","0","1,0","15","1,0","0","1,0","","","","","-3.9","1,0,13,","0",",T,0,03,","13",",,0,04,","17.8",",,0,04,","30.0","1,0,21,","2366.1","0","237.9","1,0","79.1",",,,0","13",",,,0","10.13","1,0","18.43","1,,,0","1.83","1,,,0"
"USC00021654","1965-05","34.7569","-112.4567","1447.8","CHINO VALLEY, AZ US","1.2","0","1.2",",0","3",",0","2",",0","0",",0","0",",0","0",",0","0",",0","4",",0","0",",0","25",",0","1",",0","","","","","-6.7",",0,08,","0",",,0,31,+","0",",T,0,07,","9.4",",,0,24,","32.2",",0,20,","2500.1","0","134.0",",0","15.0",",,,0","0",",T,,0","14.05",",0","24.80",",,,0","3.29",",,,0"
"USC00021654","1965-06","34.7569","-112.4567","1447.8","CHINO VALLEY, AZ US","","","","","1",",0","1",",0","0",",0","0",",0","0",",0","","","","","","","","","","","","","2","","","","0",",,0,30,+","0",",,0,30,+","10.9",",,0,23,","","","","","","","10.9",",,,0","0",",,,0","","","","","",""
"USC00021654","1965-07","34.7569","-112.4567","1447.8","CHINO VALLEY, AZ US","","","180.0",",0","7",",0","6",",0","0",",0","0",",0","0",",0","0",",0","0",",0","0",",0","31",",0","19",",0","","","16","","11.1",",0,02,","0",",,0,31,+","0",",,0,31,+","13.0",",,0,30,","39.4",",0,09,","0.0","0","0.0",",0","62.0",",,,0","0",",,,0","24.14",",0","33.12",",,,0","15.16",",,,0"
"USC00021654","1965-08","34.7569","-112.4567","1447.8","CHINO VALLEY, AZ US","","","","","6",",0","6",",0","1",",0","0",",0","0",",0","","","","","0",",0","31",",0","20",",0","","","16","","","","0",",,0,31,+","0",",,0,31,+","55.9",",,0,17,","40.0",",0,04,","","","","","91.2",",,,0","0",",,,0","","","33.49",",,,0","",""
"USC00021654","1965-09","34.7569","-112.4567","1447.8","CHINO VALLEY, AZ US","","","35.0",",0","5",",0","3",",0","0",",0","0",",0","0",",0","0",",0","2",",0","0",",0","25",",0","3",",0","","","5","","0.0",",0,30,+","0",",,0,30,+","0",",,0,30,+","21.6",",,0,18,","34.4",",0,05,","","","49.5",",0","34.3",",,,0","0",",,,0","17.85",",0","27.38",",,,0","8.32",",,,0"
"USC00021654","1965-10","34.7569","-112.4567","1447.8","CHINO VALLEY, AZ US","","","5.9",",0","2",",0","2",",0","0",",0","0",",0","0",",0","0",",0","4",",0","0",",0","27",",0","4",",0","","","1","","-1.1",",0,19,","0",",,0,31,+","0",",,0,31,+","2.8",",,0,16,","32.8",",0,08,+","","","113.9",",0","5.3",",,,0","0",",,,0","14.85",",0","26.32",",,,0","3.39",",,,0"
"USC00021654","1965-11","34.7569","-112.4567","1447.8","CHINO VALLEY, AZ US","","","0.0",",0","7",",0","4",",0","0",",0","0",",0","0",",0","0",",0","16",",0","0",",0","9",",0","0",",0","","","","","-6.7",",0,29,","0",",,0,30,+","0",",T,0,26,","14.2",",,0,23,","24.4",",0,07,","","","270.9",",0","39.0",",,,0","0",",T,,0","9.30",",0","17.81",",,,0","0.79",",,,0"
"USC00021654","1965-12","34.7569","-112.4567","1447.8","CHINO VALLEY, AZ US","","","0.0",",0","13",",0","8",",0","1",",0","6",",0","2",",0","0",",0","27",",0","0",",0","1",",0","0",",0","","","","","-12.2",",0,19,","51",",,0,17,+","89",",,0,17,","31.8",",,0,10,","21.1",",0,04,","","","457.6",",0","98.1",",,,0","140",",,,0","3.57",",0","10.62",",,,0","-3.48",",,,0"
"USC00021654","1966-01","34.7569","-112.4567","1447.8","CHINO VALLEY, AZ US","0.0","0","0.0",",0","3",",0","2",",0","0",",0","3",",0","2",",0","0",",0","31",",0","0",",0","0",",0","0",",0","","","","","-11.1",",0,02,","51",",,0,01,","38",",,0,01,","4.3",",,0,18,","17.8",",0,10,","","","498.3",",0","10.4",",,,0","71",",,,0","2.26",",0","10.20",",,,0","-5.68",",,,0"
"USC00021654","1966-02","34.7569","-112.4567","1447.8","CHINO VALLEY, AZ US","0.0","0","0.0",",0","5",",0","4",",0","0",",0","1",",0","3",",0","0",",0","28",",0","0",",0","0",",0","0",",0","","","","","-11.1",",0,16,+","25",",,0,10,","51",",,0,10,","7.9",",,0,07,","17.2",",0,28,+","","","446.3",",0","18.8",",,,0","114",",,,0","2.39",",0","10.54",",,,0","-5.75",",,,0"
"USC00021654","1966-03","34.7569","-112.4567","1447.8","CHINO VALLEY, AZ US","0.0","0","0.0",",0","3",",0","3",",0","0",",0","0",",0","0",",0","1",",0","22",",0","0",",0","11",",0","0",",0","","","3","","-17.8",",0,03,","0",",,0,31,+","0",",T,0,02,","8.9",",,0,02,","27.8",",0,31,","","","303.6",",0","17.3",",,,0","0",",T,,0","8.54",",0","18.53",",,,0","-1.45",",,,0"
"USC00021654","1966-04","34.7569","-112.4567","1447.8","CHINO VALLEY, AZ US","0.0","0","0.0",",0","0",",0","0",",0","0",",0","0",",0","0",",0","0",",0","8",",0","0",",0","24",",0","0",",0","","","","","-6.1",",0,20,","0",",,0,30,+","0",",,0,30,+","0.0",",,0,30,+","28.3",",0,01,","","","169.5",",0","0.0",",,,0","0",",,,0","12.68",",0","23.09",",,,0","2.27",",,,0"
"USC00021654","1966-05","34.7569","-112.4567","1447.8","CHINO VALLEY, AZ US","10.4","0","10.4",",0","0",",0","0",",0","0",",0","0",",0","0",",0","0",",0","0",",0","0",",0","30",",0","1",",0","","","","","1.7",",0,11,","0",",,0,31,+","0",",,0,31,+","0.0",",,0,31,+","32.2",",0,25,","","","46.9",",0","0.0",",,,0","0",",,,0","17.16",",0","27.33",",,,0","6.99",",,,0"
"USC00021654","1966-06","34.7569","-112.4567","1447.8","CHINO VALLEY, AZ US","94.0","0","83.6",",0","0",",0","0",",0","0",",0","0",",0","0",",0","0",",0","0",",0","0",",0","30",",0","13",",0","","","","","3.9",",0,01,","0",",,0,30,+","0",",,0,30,+","0.0",",,0,30,+","35.0",",0,28,+","","","8.7",",0","0.0",",,,0","0",",,,0","20.83",",0","31.25",",,,0","10.41",",,,0"
"USC00021654","1966-07","34.7569","-112.4567","1447.8","CHINO VALLEY, AZ US","276.4","0","182.4",",0","8",",0","6",",0","0",",0","0",",0","0",",0","0",",0","0",",0","0",",0","31",",0","21",",0","","","16","","9.4",",0,03,","0",",,0,31,+","0",",,0,31,+","16.3",",,0,29,","36.1",",0,06,","0.0","0","0.0",",0","57.4",",,,0","0",",,,0","24.22",",0","32.86",",,,0","15.57",",,,0"
"USC00021654","1966-08","34.7569","-112.4567","1447.8","CHINO VALLEY, AZ US","441.6","0","165.2","1,0","9",",0","7",",0","0",",0","0",",0","0",",0","0","1,0","0","1,0","0","1,0","30","1,0","20","1,0","","","12","","11.1","1,0,22,","0",",,0,31,+","0",",,0,31,+","21.6",",,0,18,","36.7","1,0,05,","0.0","0","0.0","1,0","66.6",",,,0","0",",,,0","23.84","1,0","32.53","1,,,0","15.15","1,,,0"
"USC00021654","1966-09","34.7569","-112.4567","1447.8","CHINO VALLEY, AZ US","499.4","0","57.8",",0","6",",0","2",",0","0",",0","0",",0","0",",0","0",",0","0",",0","0",",0","30",",0","6",",0","","","7","","6.1",",0,01,","0",",,0,30,+","0",",,0,30,+","10.7",",,0,14,","33.9",",0,23,","4.8","0","4.8",",0","18.1",",,,0","0",",,,0","20.10",",0","29.06",",,,0","11.15",",,,0"
"USC00021654","1966-10","34.7569","-112.4567","1447.8","CHINO VALLEY, AZ US","499.4","0","0.0",",0","5",",0","4",",0","0",",0","0",",0","0",",0","0",",0","9",",0","0",",0","26",",0","0",",0","","","5","","-3.3",",0,15,","0",",,0,31,+","0",",,0,31,+","13.5",",,0,03,","27.2",",0,19,+","158.1","0","153.3",",0","27.3",",,,0","0",",,,0","13.39",",0","23.60",",,,0","3.18",",,,0"
"USC00021654","1966-11","34.7569","-112.4567","1447.8","CHINO VALLEY, AZ US","499.4","0","0.0",",0","2",",0","2",",0","0",",0","0",",0","0",",0","0",",0","20",",0","0",",0","12",",0","0",",0","","","","","-7.8",",0,25,","0",",,0,30,+","0",",,0,30,+","20.8",",,0,08,","25.6",",0,02,","437.4","0","279.3",",0","28.2",",,,0","0",",,,0","9.02",",0","18.87",",,,0","-0.82",",,,0"
"USC00021654","1966-12","34.7569","-112.4567","1447.8","CHINO VALLEY, AZ US","499.4","0","0.0",",0","6",",0","4",",0","0",",0","2",",0","1",",0","1",",0","26",",0","1",",0","0",",0","0",",0","","","","","-18.9",",0,31,","51",",,0,30,","64",",,0,30,","10.2",",,0,07,","20.0",",0,01,","898.5","0","461.1",",0","30.8",",,,0","64",",,,0","3.46",",0","12.10",",,,0","-5.18",",,,0"
"USC00021654","1967-01","34.7569","-112.4567","1447.8","CHINO VALLEY, AZ US","0.0","0","0.0",",0","3",",0","1",",0","0",",0","0",",0","0",",0","0",",0","29",",0","0",",0","0",",0","0",",0","","","","","-13.9",",0,01,","0",",T,0,23,","0",",T,0,23,","9.9",",,0,23,","19.4",",0,30,+","1363.7","0","465.2",",0","11.2",",,,0","0",",T,,0","3.33",",0","12.66",",,,0","-6.01",",,,0"
"USC00021654","1967-02","34.7569","-112.4567","1447.8","CHINO VALLEY, AZ US","0.0","0","0.0",",0","0",",0","0",",0","0",",0","0",",0","0",",0","0",",0","26",",0","0",",0","4",",0","0",",0","","","","","-9.4",",0,16,+","0",",,0,28,+","0",",,0,28,+","0.0",",,0,28,+","22.2",",0,28,+","1707.8","0","344.1",",0","0.0",",,,0","0",",,,0","6.04",",0","16.80",",,,0","-4.71",",,,0"
"USC00021654","1967-03","34.7569","-112.4567","1447.8","CHINO VALLEY, AZ US","0.0","0","0.0",",0","1",",0","1",",0","0",",0","0",",0","0",",0","0",",0","21",",0","0",",0","11",",0","0",",0","","","","","-8.3",",0,06,","0",",,0,31,+","0",",,0,31,+","6.1",",,0,29,","24.4",",0,16,","2003.5","0","295.7",",0","6.1",",,,0","0",",,,0","8.79",",0","18.73",",,,0","-1.15",",,,0"
"USC00021654","1967-04","34.7569","-112.4567","1447.8","CHINO VALLEY, AZ US","0.0","0","0.0",",0","1",",0","1",",0","0",",0","0",",0","1",",0","0",",0","21",",0","0",",0","4",",0","0",",0","","","","","-6.7",",0,30,+","0",",,0,30,+","38",",,0,12,","5.8",",,0,12,","23.9",",0,26,","2299.1","0","295.6",",0","5.8",",,,0","38",",,,0","8.48",",0","18.08",",,,0","-1.12",",,,0"
"USC00021654","1967-05","34.7569","-112.4567","1447.8","CHINO VALLEY, AZ US","12.0","0","12.0",",0","1",",0","1",",0","0",",0","0",",0","0",",0","0",",0","5",",0","0",",0","25",",0","2",",0","","","2","","-6.7",",0,01,","0",",,0,31,+","0",",,0,31,+","6.1",",,0,30,","33.9",",0,22,","2416.7","0","117.6",",0","6.1",",,,0","0",",,,0","14.93",",0","25.30",",,,0","4.55",",,,0"
"USC00021654","1967-06","34.7569","-112.4567","1447.8","CHINO VALLEY, AZ US","54.5","0","42.5",",0","1",",0","1",",0","0",",0","0",",0","0",",0","0",",0","0",",0","0",",0","29",",0","10",",0","","","2","","3.3",",0,13,+","0",",,0,30,+","0",",,0,30,+","22.6",",,0,19,","36.1",",0,30,","2455.9","0","39.2",",0","22.6",",,,0","0",",,,0","18.44",",0","28.63",",,,0","8.25",",,,0"
"USC00021654","1967-07","34.7569","-112.4567","1447.8","CHINO VALLEY, AZ US","233.8","0","179.3",",0","10",",0","7",",0","1",",0","0",",0","0",",0","0",",0","0",",0","0",",0","31",",0","15",",0","","","11","","12.2",",0,08,","0",",,0,31,+","0",",,0,31,+","25.7",",,0,27,","38.9",",0,01,","0.0","0","0.0",",0","90.9",",,,0","0",",,,0","24.12",",0","32.40",",,,0","15.83",",,,0"
"USC00021654","1967-08","34.7569","-112.4567","1447.8","CHINO VALLEY, AZ US","376.5","0","142.7",",0","5",",0","3",",0","1",",0","0",",0","0",",0","0",",0","0",",0","0",",0","31",",0","21",",0","","","17","","10.6",",0,23,+","0",",,0,31,+","0",",,0,31,+","38.6",",,0,15,","35.0",",0,26,","0.0","0","0.0",",0","57.2",",,,0","0",",,,0","22.94",",0","31.97",",,,0","13.90",",,,0"
"USC00021654","1967-09","34.7569","-112.4567","1447.8","CHINO VALLEY, AZ US","427.1","0","50.6",",0","5",",0","1",",0","0",",0","0",",0","0",",0","0",",0","0",",0","0",",0","30",",0","1",",0","","","7","","5.6",",0,20,+","0",",,0,30,+","0",",,0,30,+","6.9",",,0,30,","33.3",",0,21,","4.1","0","4.1",",0","9.0",",,,0","0",",,,0","19.88",",0","29.07",",,,0","10.69",",,,0"
"USC00021654","1967-10","34.7569","-112.4567","1447.8","CHINO VALLEY, AZ US","427.9","0","0.8",",0","1",",0","1",",0","0",",0","0",",0","0",",0","0",",0","4",",0","0",",0","29",",0","0",",0","","","1","","-3.9",",0,29,","0",",,0,31,+","0",",,0,31,+","3.3",",,0,03,","29.4",",0,13,","123.7","0","119.6",",0","3.3",",,,0","0",",,,0","14.50",",0","25.55",",,,0","3.45",",,,0"
"USC00021654","1967-11","34.7569","-112.4567","1447.8","CHINO VALLEY, AZ US","427.9","0","0.0",",0","5",",0","3",",0","0",",0","0",",0","0",",0","0",",0","23",",0","0",",0","14",",0","0",",0","","","","","-4.4",",0,26,+","0",",,0,30,+","0",",,0,30,+","13.2",",,0,27,","25.6",",0,15,+","386.2","0","262.5",",0","34.6",",,,0","0",",,,0","9.58",",0","19.46",",,,0","-0.29",",,,0"
"USC00021654","1967-12","34.7569","-112.4567","1447.8","CHINO VALLEY, AZ US","427.9","0","0.0",",0","7",",0","7",",0","0",",0","19","1,0","","","1",",0","31",",0","9",",0","0",",0","0",",0","","","","","-20.6",",0,21,","559","1,,0,15,","","","15.0",",,0,13,","19.4",",0,11,","1018.6","0","632.4",",0","84.3",",,,0","","","-2.07",",0","5.53",",,,0","-9.67",",,,0"
"USC00021654","1968-01","34.7569","-112.4567","1447.8","CHINO VALLEY, AZ US","0.0","0","0.0",",0","0",",0","0",",0","0",",0","31",",0","0",",0","2",",0","31",",0","4",",0","0",",0","0",",0","","","","","-17.8",",0,07,+","254",",,0,09,+","0",",,0,31,+","0.0",",,0,31,+","11.1",",0,30,","1654.3","0","635.7",",0","0.0",",,,0","0",",,,0","-2.17",",0","5.39",",,,0","-9.73",",,,0"
"USC00021654","1968-03","34.7569","-112.4567","1447.8","CHINO VALLEY, AZ US","","","0.0",",0","2",",0","1",",0","0",",0","0",",0","0",",0","0",",0","23",",0","0",",0","7",",0","0",",0","","","","","-6.1",",0,21,","0",",,0,31,+","0",",,0,31,+","2.5",",,0,08,","25.0",",0,30,","","","322.9",",0","3.0",",,,0","0",",,,0","7.92",",0","17.22",",,,0","-1.38",",,,0"
"USC00021654","1968-04","34.7569","-112.4567","1447.8","CHINO VALLEY, AZ US","","","0.0",",0","4",",0","1",",0","0",",0","0",",0","0",",0","0",",0","18",",0","0",",0","12",",0","0",",0","","","1","","-5.6",",0,09,+","0",",,0,30,+","0",",T,0,18,+","5.6",",,0,18,","25.0",",0,30,+","","","267.1",",0","9.7",",,,0","0",",T,,0","9.43",",0","19.38",",,,0","-0.52",",,,0"
"USC00021654","1968-06","34.7569","-112.4567","1447.8","CHINO VALLEY, AZ US","","","102.7",",0","1",",0","1",",0","0",",0","0",",0","0",",0","0",",0","0",",0","0",",0","28",",0","19",",0","","","2","","1.7",",0,10,","0",",,0,30,+","0",",,0,30,+","4.3",",,0,09,","38.3",",0,22,+","","","25.3",",0","4.3",",,,0","0",",,,0","20.91",",0","32.16",",,,0","9.66",",,,0"
"USC00021654","1968-07","34.7569","-112.4567","1447.8","CHINO VALLEY, AZ US","","","154.7",",0","9",",0","4",",0","1",",0","0",",0","0",",0","0",",0","0",",0","0",",0","31",",0","19",",0","","","2","","6.7",",0,01,","0",",,0,31,+","0",",,0,31,+","32.0",",,0,23,","36.7",",0,19,+","0.0","0","0.0",",0","72.9",",,,0","0",",,,0","23.32",",0","32.29",",,,0","14.35",",,,0"
"USC00021654","1968-08","34.7569","-112.4567","1447.8","CHINO VALLEY, AZ US","","","71.3",",0","9",",0","4",",0","1",",0","0",",0","0",",0","0",",0","0",",0","0",",0","31",",0","5",",0","","","16","","1.7",",0,23,","0",",,0,31,+","0",",,0,31,+","26.2",",,0,03,","33.9",",0,29,","9.7","0","9.7",",0","58.8",",,,0","0",",,,0","20.32",",0","28.73",",,,0","11.91",",,,0"
"USC00021654","1968-09","34.7569","-112.4567","1447.8","CHINO VALLEY, AZ US","","","51.6",",0","1",",0","0",",0","0",",0","0",",0","0",",0","0",",0","0",",0","0",",0","30",",0","8",",0","","","2","","2.8",",0,24,+","0",",,0,30,+","0",",,0,30,+","0.3",",,0,11,","35.0",",0,09,","37.3","0","27.6",",0","0.3",",,,0","0",",,,0","19.13",",0","29.53",",,,0","8.73",",,,0"
"USC00021654","1968-10","34.7569","-112.4567","1447.8","CHINO VALLEY, AZ US","","","0.0",",0","1",",0","1",",0","1",",0","0",",0","0",",0","0",",0","2",",0","0",",0","25",",0","0",",0","","","","","-1.7",",0,18,","0",",,0,31,+","0",",,0,31,+","25.7",",,0,03,","28.3",",0,27,","166.0","0","128.7",",0","25.7",",,,0","0",",,,0","14.18",",0","24.31",",,,0","4.05",",,,0"
"USC00021654","1968-11","34.7569","-112.4567","1447.8","CHINO VALLEY, AZ US","","","0.0",",0","2",",0","0",",0","0",",0","0",",0","0",",0","0",",0","20",",0","0",",0","7",",0","0",",0","","","1","","-8.9",",0,30,","0",",,0,30,+","0",",,0,30,+","1.3",",,0,15,","23.9",",0,11,","475.3","0","309.3",",0","1.6",",,,0","0",",,,0","8.02",",0","17.02",",,,0","-0.97",",,,0"
"USC00021654","1968-12","34.7569","-112.4567","1447.8","CHINO VALLEY, AZ US","","","0.0",",0","5",",0","2",",0","0",",0","2",",0","1",",0","2",",0","30",",0","1",",0","0",",0","0",",0","","","","","-22.2",",0,22,","51",",,0,22,+","76",",,0,21,","3.8",",,0,26,+","18.9",",0,05,","993.3","0","518.0",",0","9.9",",,,0","76",",,,0","1.62",",0","10.60",",,,0","-7.35",",,,0"
"USC00021654","1969-01","34.7569","-112.4567","1447.8","CHINO VALLEY, AZ US","0.0","0","0.0",",0","11",",0","5",",0","0",",0","0",",0","0",",0","0",",0","18",",0","0",",0","2",",0","0",",0","","","","","-13.3",",0,30,","0",",T,0,30,+","0",",T,0,28,","19.3",",,0,14,","21.7",",0,07,+","1384.8","0","391.5",",0","45.7",",,,0","0",",T,,0","5.70",",0","12.56",",,,0","-1.16",",,,0"
"USC00021654","1969-02","34.7569","-112.4567","1447.8","CHINO VALLEY, AZ US","0.0","0","0.0",",0","9",",0","7",",0","0",",0","1",",0","1",",0","0",",0","21",",0","0",",0","0",",0","0",",0","","","","","-9.4",",0,23,","51",",,0,22,","51",",,0,22,","10.9",",,0,07,","18.3",",0,11,","1770.1","0","385.3",",0","46.6",",,,0","54",",,,0","4.57",",0","12.25",",,,0","-3.11",",,,0"
"USC00021654","1969-03","34.7569","-112.4567","1447.8","CHINO VALLEY, AZ US","0.0","0","0.0",",0","7",",0","3",",0","0",",0","2",",0","2",",0","0",",0","28",",0","0",",0","6",",0","0",",0","","","","","-8.9",",0,07,","51",",,0,10,","51",",,0,10,","8.6",",,0,10,","25.6",",0,30,","2174.0","0","403.9",",0","25.4",",,,0","102",",,,0","5.30",",0","14.37",",,,0","-3.76",",,,0"
"USC00021654","1969-04","34.7569","-112.4567","1447.8","CHINO VALLEY, AZ US","0.0","0","0.0",",0","0",",0","0",",0","0",",0","0",",0","0",",0","0",",0","20",",0","0",",0","26",",0","0",",0","","","","","-6.1",",0,08,+","0",",,0,30,+","0",",,0,30,+","0.0",",,0,30,+","28.9",",0,21,","2375.7","0","201.7",",0","0.0",",,,0","0",",,,0","11.61",",0","23.31",",,,0","-0.09",",,,0"
"USC00021654","1969-05","34.7569","-112.4567","1447.8","CHINO VALLEY, AZ US","20.4","0","20.4",",0","4",",0","3",",0","0",",0","0",",0","0",",0","0",",0","0",",0","0",",0","28",",0","6",",0","","","","","4.4",",0,23,+","0",",,0,31,+","0",",,0,31,+","9.1",",,0,06,","33.9",",0,30,","2427.3","0","51.6",",0","27.4",",,,0","0",",,,0","17.32",",0","27.89",",,,0","6.76",",,,0"
"USC00021654","1969-06","34.7569","-112.4567","1447.8","CHINO VALLEY, AZ US","73.6","0","53.2",",0","0",",0","0",",0","0",",0","0",",0","0",",0","0",",0","0",",0","0",",0","30",",0","11",",0","","","","","5.0",",0,12,","0",",,0,30,+","0",",,0,30,+","0.0",",T,0,16,","36.7",",0,30,","2433.7","0","6.4",",0","0.0",",T,,0","0",",,,0","19.90",",0","30.82",",,,0","8.97",",,,0"
"USC00021654","1969-07","34.7569","-112.4567","1447.8","CHINO VALLEY, AZ US","257.7","0","184.1",",0","13",",0","7",",0","0",",0","0",",0","0",",0","0",",0","0",",0","0",",0","31",",0","21",",0","","","1","","10.0",",0,08,","0",",,0,31,+","0",",,0,31,+","22.9",",,0,22,","38.9",",0,01,","0.0","0","0.0",",0","80.3",",,,0","0",",,,0","24.27",",0","32.90",",,,0","15.65",",,,0"
"USC00021654","1969-08","34.7569","-112.4567","1447.8","CHINO VALLEY, AZ US","455.7","0","198.0",",0","13",",0","7",",0","0",",0","0",",0","0",",0","0",",0","0",",0","0",",0","31",",0","25",",0","","","23","","6.7",",0,24,","0",",,0,31,+","0",",,0,31,+","12.4",",,0,07,","38.3",",0,05,","0.0","0","0.0",",0","49.0",",,,0","0",",,,0","24.72",",0","33.74",",,,0","15.70",",,,0"
"USC00021654","1969-09","34.7569","-112.4567","1447.8","CHINO VALLEY, AZ US","527.1","0","71.4",",0","8",",0","3",",0","0",",0","0",",0","0",",0","0",",0","0",",0","0",",0","30",",0","11",",0","","","13","","6.1",",0,21,","0",",,0,30,+","0",",,0,30,+","16.5",",,0,05,","35.0",",0,06,","6.4","0","6.4",",0","34.4",",,,0","0",",,,0","20.50",",0","30.16",",,,0","10.84",",,,0"
"USC00021654","1969-10","34.7569","-112.4567","1447.8","CHINO VALLEY, AZ US","528.2","0","1.1",",0","2",",0","1",",0","1",",0","0",",0","0",",0","0",",0","12",",0","0",",0","19",",0","0",",0","","","","","-5.6",",0,18,","0",",,0,31,+","0",",,0,31,+","42.4",",,0,20,","31.1",",0,01,","208.5","0","202.1",",0","43.7",",,,0","0",",,,0","11.85",",0","21.26",",,,0","2.45",",,,0"
"USC00021654","1969-11","34.7569","-112.4567","1447.8","CHINO VALLEY, AZ US","528.2","0","0.0","1,0","5",",0","2",",0","0",",0","0",",0","0",",0","0",",0","18",",0","0","1,0","3","1,0","0","1,0","","","","","-6.7",",0,22,+","0",",,0,30,+","0",",,0,30,+","18.0",",,0,16,","22.8","1,0,04,","522.7","0","314.2","1,0","29.5",",,,0","0",",,,0","7.45","1,0","16.21","1,,,0","-1.31",",,,0"
"USC00021654","1969-12","34.7569","-112.4567","1447.8","CHINO VALLEY, AZ US","528.2","0","0.0","2,0","3",",0","2",",0","0",",0","0",",0","0",",0","0","2,0","26","2,0","0","2,0","1","2,0","0","2,0","","","","","-10.6","2,0,30,","0",",,0,31,+","0",",,0,31,+","6.9",",,0,03,","21.7","2,0,21,","922.7","0","400.0","2,0","11.7",",,,0","0",",,,0","4.54","2,0","13.02","2,,,0","-3.93","2,,,0"
"USC00021654","1970-01","34.7569","-112.4567","1447.8","CHINO VALLEY, AZ US","0.0","0","0.0",",0","0",",0","0",",0","0",",0","0",",0","0",",0","0",",0","31",",0","0",",0","0",",0","0",",0","","","","","-15.0",",0,06,+","0",",,0,31,+","0",",,0,31,+","0.0",",,0,31,+","20.6",",0,24,","1381.5","0","458.8",",0","0.0",",,,0","0",",,,0","3.53",",0","12.65",",,,0","-5.59",",,,0"
"USC00021654","1970-02","34.7569","-112.4567","1447.8","CHINO VALLEY, AZ US","","","","","","","","","","","0",",0","0",",0","","","","","","","","","","","","","","","","","0",",,0,28,+","0",",,0,28,+","","","","","","","","","","","0",",,,0","","","","","",""
"USC00021654","1970-04","34.7569","-112.4567","1447.8","CHINO VALLEY, AZ US","","","","","","","","","","","0",",0","0",",0","","","","","","","","","","","","","","","","","0",",,0,30,+","0",",T,0,28,","","","","","","","","","","","0",",T,,0","","","","","",""
"USC00021654","1970-05","34.7569","-112.4567","1447.8","CHINO VALLEY, AZ US","","","11.1",",0","1",",0","1",",0","0",",0","0",",0","0",",0","0",",0","3",",0","0",",0","29",",0","3",",0","","","","","-1.1",",0,01,","0",",,0,31,+","0",",,0,31,+","12.7",",,0,26,","32.8",",0,19,+","","","85.3",",0","12.7",",,,0","0",",,,0","15.94",",0","26.23",",,,0","5.65",",,,0"
"USC00021654","1970-06","34.7569","-112.4567","1447.8","CHINO VALLEY, AZ US","","","105.1",",0","1",",0","0",",0","0",",0","0",",0","0",",0","0",",0","0",",0","0",",0","30",",0","14",",0","","","","","3.9",",0,14,","0",",,0,30,+","0",",,0,30,+","2.3",",,0,07,","40.0",",0,27,+","","","20.3",",0","2.3",",,,0","0",",,,0","21.16",",0","31.54",",,,0","10.78",",,,0"
"USC00021654","1970-07","34.7569","-112.4567","1447.8","CHINO VALLEY, AZ US","","","202.3","1,0","13",",0","8",",0","1",",0","0",",0","0",",0","0","1,0","0","1,0","0",",0","31",",0","21",",0","","","","","8.9","1,0,01,","0",",,0,31,+","0",",,0,31,+","35.3",",,0,25,","38.9",",0,15,+","0.0","0","0.0",",0","93.6",",,,0","0",",,,0","25.08","1,0","34.00",",,,0","16.15","1,,,0"
"USC00021654","1970-08","34.7569","-112.4567","1447.8","CHINO VALLEY, AZ US","","","163.1",",0","14",",0","11",",0","0",",0","0",",0","0",",0","0",",0","0",",0","0",",0","31",",0","19",",0","","","","","12.2",",0,28,","0",",,0,31,+","0",",,0,31,+","16.3",",,0,09,","36.7",",0,06,","0.0","0","0.0",",0","89.9",",,,0","0",",,,0","23.59",",0","31.50",",,,0","15.68",",,,0"
"USC00021654","1970-09","34.7569","-112.4567","1447.8","CHINO VALLEY, AZ US","","","35.0","4,0","4",",0","2",",0","1",",0","0",",0","0",",0","0","4,0","0","4,0","0","4,0","25","4,0","4","4,0","","","","","1.1","4,0,23,","0",",,0,30,+","0",",,0,30,+","31.8",",,0,04,","33.9","4,0,01,","53.8","0","53.8","4,0","35.6",",,,0","0",",,,0","17.61","4,0","27.88","4,,,0","7.33","4,,,0"
"USC00021654","1970-10","34.7569","-112.4567","1447.8","CHINO VALLEY, AZ US","","","0.0",",0","4",",0","1",",0","0",",0","0",",0","0",",0","0",",0","10",",0","0",",0","22",",0","0",",0","","","","","-7.8",",0,27,","0",",,0,31,+","0",",,0,31,+","5.3",",,0,03,","26.1",",0,13,+","248.1","0","194.3",",0","10.4",",,,0","0",",,,0","12.06",",0","21.95",",,,0","2.18",",,,0"
"USC00021654","1970-11","34.7569","-112.4567","1447.8","CHINO VALLEY, AZ US","","","0.0",",0","4",",0","2",",0","0",",0","0",",0","0",",0","0",",0","24",",0","0",",0","8",",0","0",",0","","","","","-8.3",",0,15,","0",",,0,30,+","0",",,0,30,+","8.1",",,0,30,","24.4",",0,25,","559.4","0","311.3",",0","13.8",",,,0","0",",,,0","7.96",",0","18.60",",,,0","-2.69",",,,0"
"USC00021654","1970-12","34.7569","-112.4567","1447.8","CHINO VALLEY, AZ US","","","0.0",",0","6",",0","3",",0","0",",0","1",",","","","0",",0","31",",0","0",",0","0",",0","0",",0","","","","","-11.7",",0,12,","25",",,0,20,","","","5.1",",,0,22,","16.7",",0,08,","1066.5","0","507.1",",0","15.5",",,,0","","","1.97",",0","10.07",",,,0","-6.13",",,,0"
"USC00021654","1971-01","34.7569","-112.4567","1447.8","CHINO VALLEY, AZ US","0.0","0","0.0",",0","1",",0","0",",0","0",",0","1",",0","0",",0","3",",0","28",",0","3",",0","5",",0","0",",0","","","","","-20.0",",0,07,","25",",,0,03,","13",",,0,03,","1.0",",,0,03,","24.4",",0,19,","1558.5","0","492.0",",0","1.0",",,,0","13",",,,0","2.46",",0","12.83",",,,0","-7.91",",,,0"
"USC00021654","1971-02","34.7569","-112.4567","1447.8","CHINO VALLEY, AZ US","0.0","0","0.0",",0","6",",0","2",",0","0",",0","1",",0","1",",0","0",",0","27",",0","0",",0","6",",0","0",",0","","","","","-11.1",",0,27,","25",",,0,20,","25",",,0,20,","9.4",",,0,18,","22.8",",0,14,+","1958.4","0","399.9",",0","21.3",",,,0","25",",,,0","4.05",",0","13.86",",,,0","-5.76",",,,0"
"USC00021654","1971-03","34.7569","-112.4567","1447.8","CHINO VALLEY, AZ US","0.0","0","0.0",",0","2",",0","1",",0","0",",0","1",",0","0",",0","0",",0","25",",0","1",",0","11",",0","0",",0","","","","","-10.6",",0,18,+","25",",,0,14,","13",",,0,14,","3.3",",,0,14,","27.8",",0,31,","2315.4","0","357.0",",0","3.8",",,,0","13",",,,0","6.82",",0","17.78",",,,0","-4.15",",,,0"
"USC00021654","1971-04","34.7569","-112.4567","1447.8","CHINO VALLEY, AZ US","0.0","0","0.0",",0","5",",0","0",",0","0",",0","0",",0","0",",0","0",",0","17",",0","0",",0","17",",0","0",",0","","","","","-4.4",",0,27,+","0",",,0,30,+","0",",,0,30,+","1.8",",,0,20,","27.8",",0,14,","2568.0","0","252.6",",0","5.0",",,,0","0",",,,0","9.91",",0","20.37",",,,0","-0.55",",,,0"
"USC00021654","1971-05","34.7569","-112.4567","1447.8","CHINO VALLEY, AZ US","0.3","0","0.3",",0","4",",0","3",",0","0",",0","0",",0","0",",0","0",",0","2",",0","0",",0","21",",0","0",",0","","","","","-1.1",",0,19,","0",",,0,31,+","0",",,0,31,+","6.6",",,0,29,","28.9",",0,26,","2730.1","0","162.1",",0","16.0",",,,0","0",",,,0","13.11",",0","22.45",",,,0","3.77",",,,0"
"USC00021654","1971-06","34.7569","-112.4567","1447.8","CHINO VALLEY, AZ US","82.6","0","82.3",",0","0",",0","0",",0","0",",0","0",",0","0",",0","0",",0","0",",0","0",",0","30",",0","14",",0","","","","","0.6",",0,05,","0",",,0,30,+","0",",,0,30,+","0.0",",,0,30,+","37.8",",0,23,","2770.6","0","40.5",",0","0.0",",,,0","0",",,,0","19.73",",0","30.61",",,,0","8.84",",,,0"
"USC00021654","1971-07","34.7569","-112.4567","1447.8","CHINO VALLEY, AZ US","296.7","0","214.1",",0","10",",0","1",",0","0",",0","0",",0","0",",0","0",",0","0",",0","0",",0","31",",0","29",",0","","","","","8.9",",0,01,","0",",,0,31,+","0",",,0,31,+","4.6",",,0,30,","40.0",",0,14,","0.0","0","0.0",",0","12.9",",,,0","0",",,,0","25.24",",0","35.09",",,,0","15.39",",,,0"
"USC00021654","1971-08","34.7569","-112.4567","1447.8","CHINO VALLEY, AZ US","431.4","0","134.7",",0","17",",0","13",",0","0",",0","0",",0","0",",0","0",",0","0",",0","0",",0","31",",0","9",",0","","","2","","7.2",",0,01,","0",",,0,31,+","0",",,0,31,+","21.1",",,0,01,","33.9",",0,03,","0.0","0","0.0",",0","102.8",",,,0","0",",,,0","22.68",",0","30.25",",,,0","15.10",",,,0"
"USC00021654","1971-09","34.7569","-112.4567","1447.8","CHINO VALLEY, AZ US","502.9","0","71.5",",0","2",",0","2",",0","1",",0","0",",0","0",",0","0",",0","0",",0","0",",0","29",",0","11",",0","","","","","0.6",",0,19,","0",",,0,30,+","0",",,0,30,+","33.0",",,0,30,","36.7",",0,12,","40.2","0","40.2",",0","40.1",",,,0","0",",,,0","19.38",",0","29.36",",,,0","9.40",",,,0"
"USC00021654","1971-10","34.7569","-112.4567","1447.8","CHINO VALLEY, AZ US","502.9","0","0.0",",0","8",",0","5",",0","0",",0","0",",0","0",",0","0",",0","10",",0","0",",0","15",",0","0",",0","","","","","-15.0",",0,29,","0",",,0,31,+","0",",,0,31,+","8.4",",,0,17,","29.4",",0,13,","279.6","0","239.4",",0","28.8",",,,0","0",",,,0","10.61",",0","19.30",",,,0","1.92",",,,0"
"USC00021654","1971-11","34.7569","-112.4567","1447.8","CHINO VALLEY, AZ US","502.9","0","0.0",",0","2",",0","0",",0","0",",0","","","","","0",",0","29",",0","0",",0","5",",0","0",",0","","","","","-8.9",",0,18,","","","","","1.3",",,0,21,","22.8",",0,12,","644.6","0","365.0",",0","1.6",",,,0","","","6.17",",0","16.22",",,,0","-3.89",",,,0"
"USC00021654","1971-12","34.7569","-112.4567","1447.8","CHINO VALLEY, AZ US","502.9","0","0.0",",0","12",",0","6",",0","0",",0","","","3",",0","0",",0","27",",0","0",",0","0",",0","0",",0","","","","","-15.6",",0,08,","","","51",",,0,14,+","4.8",",,0,26,+","17.8",",0,25,","1195.8","0","551.2",",0","31.1",",,,0","127",",,,0","0.55",",0","7.44",",,,0","-6.34",",,,0"
"USC00021654","1972-01","34.7569","-112.4567","1447.8","CHINO VALLEY, AZ US","0.0","0","0.0",",0","0",",0","0",",0","0",",0","0",",0","0",",0","0",",0","31",",0","0",",0","0",",0","0",",0","","","","","-13.9",",0,31,+","0",",,0,31,+","0",",,0,31,+","0.0",",,0,31,+","16.7",",0,24,+","1688.1","0","492.3",",0","0.0",",,,0","0",",,,0","2.45",",0","12.96",",,,0","-8.05",",,,0"
"USC00021654","1972-02","34.7569","-112.4567","1447.8","CHINO VALLEY, AZ US","0.0","0","0.0",",0","0",",0","0",",0","0",",0","0",",0","0",",0","0",",0","28",",0","0",",0","4",",0","0",",0","","","","","-14.4",",0,03,","0",",,0,29,+","0",",,0,29,+","0.0",",,0,29,+","23.3",",0,29,+","2070.4","0","382.3",",0","0.0",",,,0","0",",,,0","5.15",",0","16.57",",,,0","-6.27",",,,0"
"USC00021654","1972-03","34.7569","-112.4567","1447.8","CHINO VALLEY, AZ US","0.0","0","0.0",",0","0",",0","0",",0","0",",0","0",",0","0",",0","0",",0","15",",0","0",",0","24",",0","0",",0","","","","","-7.8",",0,28,","0",",,0,31,+","0",",,0,31,+","0.0",",,0,31,+","27.2",",0,11,","2287.1","0","216.7",",0","0.0",",,,0","0",",,,0","11.34",",0","22.97",",,,0","-0.29",",,,0"
"USC00021654","1972-04","34.7569","-112.4567","1447.8","CHINO VALLEY, AZ US","1.7","0","1.7",",0","1",",0","1",",0","0",",0","0",",0","0",",0","0",",0","12",",0","0",",0","21",",0","0",",0","","","","","-8.9",",0,14,","0",",,0,30,+","0",",,0,30,+","3.6",",,0,12,","28.9",",0,06,","2486.0","0","198.9",",0","3.6",",,,0","0",",,,0","11.76",",0","22.00",",,,0","1.52",",,,0"
"USC00021654","1972-05","34.7569","-112.4567","1447.8","CHINO VALLEY, AZ US","7.8","0","6.1",",0","2",",0","1",",0","0",",0","0",",0","0",",0","0",",0","2",",0","0",",0","29",",0","0",",0","","","","","-1.1",",0,23,","0",",,0,31,+","0",",,0,31,+","17.8",",,0,31,","31.1",",0,29,","2585.6","0","99.6",",0","18.8",",,,0","0",",,,0","15.32",",0","26.16",",,,0","4.47",",,,0"
"USC00021654","1972-06","34.7569","-112.4567","1447.8","CHINO VALLEY, AZ US","77.5","0","69.7",",0","8",",0","4",",0","0",",0","0",",0","0",",0","0",",0","0",",0","0",",0","30",",0","6",",0","","","","","2.2",",0,10,","0",",,0,30,+","0",",,0,30,+","15.0",",,0,08,","38.9",",0,30,","2592.6","0","7.0",",0","31.6",",,,0","0",",,,0","20.43",",0","29.75",",,,0","11.10",",,,0"
"USC00021654","1972-07","34.7569","-112.4567","1447.8","CHINO VALLEY, AZ US","290.0","0","212.5",",0","4",",0","3",",0","0",",0","0",",0","0",",0","0",",0","0",",0","0",",0","31",",0","23",",0","","","","","12.8",",0,17,+","0",",,0,31,+","0",",,0,31,+","21.6",",,0,17,","40.0",",0,14,+","0.0","0","0.0",",0","45.4",",,,0","0",",,,0","25.19",",0","34.42",",,,0","15.95",",,,0"
"USC00021654","1972-08","34.7569","-112.4567","1447.8","CHINO VALLEY, AZ US","431.6","0","141.6",",0","11",",0","5",",0","1",",0","0",",0","0",",0","0",",0","0",",0","0",",0","31",",0","15",",0","","","","","9.4",",0,28,","0",",,0,31,+","0",",,0,31,+","26.4",",,0,12,","38.9",",0,02,","0.3","0","0.3",",0","62.2",",,,0","0",",,,0","22.89",",0","31.85",",,,0","13.94",",,,0"
"USC00021654","1972-09","34.7569","-112.4567","1447.8","CHINO VALLEY, AZ US","472.7","0","41.1",",0","6",",0","3",",0","0",",0","0",",0","0",",0","0",",0","0",",0","0",",0","30",",0","2",",0","","","","","3.9",",0,20,","0",",,0,30,+","0",",,0,30,+","8.1",",,0,09,","32.2",",0,05,+","17.0","0","16.7",",0","19.9",",,,0","0",",,,0","19.15",",0","28.31",",,,0","9.99",",,,0"
"USC00021654","1972-10","34.7569","-112.4567","1447.8","CHINO VALLEY, AZ US","474.9","0","2.2",",0","18",",0","10",",0","3",",0","0",",0","0",",0","0",",0","3",",0","0",",0","18",",0","1",",0","","","","","-3.3",",0,31,","0",",,0,31,+","0",",,0,31,+","46.7",",,0,07,","32.2",",0,02,","187.6","0","170.6",",0","179.0",",,,0","0",",,,0","12.90",",0","19.86",",,,0","5.94",",,,0"
"USC00021654","1972-11","34.7569","-112.4567","1447.8","CHINO VALLEY, AZ US","474.9","0","0.0",",0","8",",0","4",",0","0",",0","0",",0","0",",0","0",",0","29",",0","0",",0","0",",0","0",",0","","","","","-9.4",",0,09,","0",",,0,30,+","0",",,0,30,+","16.3",",,0,12,","19.4",",0,05,","606.1","0","418.5",",0","40.2",",,,0","0",",,,0","4.38",",0","12.26",",,,0","-3.49",",,,0"
"USC00021654","1972-12","34.7569","-112.4567","1447.8","CHINO VALLEY, AZ US","474.9","0","0.0",",0","5",",0","4",",0","0",",0","1",",0","1",",0","0",",0","31",",0","0",",0","0",",0","0",",0","","","","","-16.1",",0,10,","76",",,0,09,","76",",,0,09,","14.7",",,0,05,","17.8",",0,03,","1141.9","0","535.8",",0","41.3",",,,0","76",",,,0","1.05",",0","9.52",",,,0","-7.42",",,,0"
"USC00021654","1973-01","34.7569","-112.4567","1447.8","CHINO VALLEY, AZ US","0.0","0","0.0",",0","6",",0","1",",0","0",",0","0",",0","0",",0","0",",0","31",",0","0",",0","0",",0","0",",0","","","","","-11.1",",0,19,","0",",,0,31,+","0",",,0,31,+","2.5",",,0,17,","16.7",",0,16,+","1683.0","0","541.1",",0","5.2",",,,0","0",",,,0","0.88",",0","8.83",",,,0","-7.07",",,,0"
"USC00021654","1973-02","34.7569","-112.4567","1447.8","CHINO VALLEY, AZ US","0.0","0","0.0",",0","10",",0","8",",0","1",",0","0",",0","0",",0","0",",0","26",",0","0",",0","0",",0","0",",0","","","","","-9.4",",0,02,","0",",,0,28,+","0",",,0,28,+","30.7",",,0,22,","17.8",",0,28,+","2080.2","0","397.2",",0","78.2",",,,0","0",",,,0","4.15",",0","11.43",",,,0","-3.14",",,,0"
"USC00021654","1973-03","34.7569","-112.4567","1447.8","CHINO VALLEY, AZ US","0.0","0","0.0",",0","17",",0","10",",0","0",",0","4",",0","3",",0","0",",0","27",",0","0",",0","0",",0","0",",0","","","","","-5.0",",0,24,+","152",",,0,29,","152",",,0,29,","15.7",",,0,29,","17.8",",0,18,","2516.3","0","436.1",",0","92.6",",,,0","305",",,,0","4.27",",0","10.66",",,,0","-2.13",",,,0"
"USC00021654","1973-04","34.7569","-112.4567","1447.8","CHINO VALLEY, AZ US","0.0","0","0.0","1,0","4",",0","0",",0","0",",0","0",",0","0",",0","0","1,0","14","1,0","0",",0","10",",0","0",",0","","","","","-9.4","1,0,05,","0",",,0,30,+","0",",,0,30,+","0.8",",,0,01,","27.2",",0,28,","2788.3","0","272.0",",0","1.7",",,,0","0",",,,0","8.88","1,0","18.00",",,,0","-0.23","1,,,0"
"USC00021654","1973-05","34.7569","-112.4567","1447.8","CHINO VALLEY, AZ US","8.4","0","8.4",",0","4",",0","3",",0","0",",0","0",",0","0",",0","0",",0","2",",0","0",",0","27",",0","0",",0","","","","","-1.7",",0,02,","0",",,0,31,+","0",",,0,31,+","5.1",",,0,06,+","31.7",",0,31,+","2876.4","0","88.1",",0","13.0",",,,0","0",",,,0","15.76",",0","25.70",",,,0","5.82",",,,0"
"USC00021654","1973-06","34.7569","-112.4567","1447.8","CHINO VALLEY, AZ US","96.3","0","87.9",",0","5",",0","3",",0","0",",0","0",",0","0",",0","0",",0","0",",0","0",",0","29",",0","14",",0","","","","","4.4",",0,20,","0",",,0,30,+","0",",,0,30,+","11.9",",,0,14,","38.9",",0,28,","2902.0","0","25.6",",0","29.0",",,,0","0",",,,0","20.41",",0","30.66",",,,0","10.16",",,,0"
"USC00021654","1973-07","34.7569","-112.4567","1447.8","CHINO VALLEY, AZ US","254.9","0","158.6",",0","8",",0","5",",0","0",",0","0",",0","0",",0","0",",0","0",",0","0",",0","31",",0","20",",0","","","","","6.1",",0,22,","0",",,0,31,+","0",",,0,31,+","14.2",",,0,12,","39.4",",0,06,+","0.0","0","0.0",",0","50.3",",,,0","0",",,,0","23.45",",0","33.48",",,,0","13.42",",,,0"
"USC00021654","1973-08","34.7569","-112.4567","1447.8","CHINO VALLEY, AZ US","388.0","0","133.1",",0","7",",0","5",",0","0",",0","0",",0","0",",0","0",",0","0",",0","0",",0","31",",0","17",",0","","","","","7.2",",0,28,","0",",,0,31,+","0",",,0,31,+","21.6",",,0,16,","37.2",",0,13,","0.0","0","0.0",",0","43.6",",,,0","0",",,,0","22.62",",0","32.00",",,,0","13.25",",,,0"
"USC00021654","1973-09","34.7569","-112.4567","1447.8","CHINO VALLEY, AZ US","421.5","0","33.5",",0","0",",0","0",",0","0",",0","0",",0","0",",0","0",",0","0",",0","0",",0","30",",0","5",",0","","","","","2.8",",0,24,","0",",,0,30,+","0",",,0,30,+","0.0",",,0,30,+","34.4",",0,05,","20.9","0","20.9",",0","0.0",",,,0","0",",,,0","18.76",",0","29.76",",,,0","7.75",",,,0"
"USC00021654","1973-10","34.7569","-112.4567","1447.8","CHINO VALLEY, AZ US","422.1","0","0.6",",0","0",",0","0",",0","0",",0","0",",0","0",",0","0",",0","10",",0","0",",0","26",",0","0",",0","","","","","-2.2",",0,30,+","0",",,0,31,+","0",",,0,31,+","0.0",",,0,31,+","31.1",",0,01,","162.8","0","141.9",",0","0.0",",,,0","0",",,,0","13.77",",0","25.17",",,,0","2.38",",,,0"
"USC00021654","1973-11","34.7569","-112.4567","1447.8","CHINO VALLEY, AZ US","422.1","0","0.0",",0","3",",0","1",",0","0",",0","0",",0","0",",0","0",",0","24",",0","0",",0","9",",0","0",",0","","","","","-12.8",",0,27,","0",",,0,30,+","0",",,0,30,+","11.2",",,0,19,","26.7",",0,12,","497.6","0","334.8",",0","13.0",",,,0","0",",,,0","7.17",",0","16.72",",,,0","-2.38",",,,0"
"USC00021654","1973-12","34.7569","-112.4567","1447.8","CHINO VALLEY, AZ US","422.1","0","0.0",",0","0",",0","0",",0","0",",0","0",",0","0",",0","0",",0","28",",0","0",",0","0",",0","0",",0","","","","","-10.6",",0,22,+","0",",,0,31,+","0",",,0,31,+","0.0",",T,0,02,","20.6",",0,01,","918.2","0","420.6",",0","0.0",",T,,0","0",",,,0","4.77",",0","14.46",",,,0","-4.93",",,,0"
"USC00021654","1974-01","34.7569","-112.4567","1447.8","CHINO VALLEY, AZ US","0.0","0","0.0","1,0","6",",0","5",",0","0",",0","","","3",",0","0","1,0","28","1,0","0",",0","0",",0","0",",0","","","","","-11.7","1,0,28,","","","51",",,0,05,","18.0",",,0,05,","20.0",",0,17,","1395.6","0","477.4",",0","40.4",",,,0","101",",,,0","2.29","1,0","9.54",",,,0","-4.96","1,,,0"
"USC00021654","1974-02","34.7569","-112.4567","1447.8","CHINO VALLEY, AZ US","0.0","0","0.0","1,0","1",",0","0",",0","0",",0","0",",0","0",",0","0","1,0","26","1,0","0","1,0","0","1,0","0","1,0","","","","","-11.1","1,0,11,+","0",",,0,28,+","0",",,0,28,+","2.3",",,0,20,","20.6","1,0,27,","1805.8","0","410.2","1,0","2.3",",,,0","0",",,,0","3.14","1,0","13.64","1,,,0","-7.36","1,,,0"
"USC00021654","1974-03","34.7569","-112.4567","1447.8","CHINO VALLEY, AZ US","0.0","0","0.0",",0","4",",0","1",",0","0",",0","0","1,0","1",",0","0",",0","17",",0","0",",0","8",",0","0",",0","","","","","-7.2",",0,05,+","0","1,,0,31,+","102",",,0,09,","16.0",",,0,09,","25.0",",0,16,+","2105.4","0","299.6",",0","17.8",",,,0","102",",,,0","8.67",",0","17.75",",,,0","-0.41",",,,0"
"USC00021654","1974-04","34.7569","-112.4567","1447.8","CHINO VALLEY, AZ US","0.0","0","0.0",",0","1",",0","0",",0","0",",0","0",",0","0",",0","0",",0","18",",0","0",",0","17",",0","0",",0","","","","","-5.6",",0,04,","0",",,0,30,+","0",",,0,30,+","2.0",",,0,02,","25.6",",0,23,+","2334.2","0","228.8",",0","2.0",",,,0","0",",,,0","10.71",",0","21.07",",,,0","0.34",",,,0"
"USC00021654","1974-05","34.7569","-112.4567","1447.8","CHINO VALLEY, AZ US","16.6","0","16.6",",0","0",",0","0",",0","0",",0","0",",0","0",",0","0",",0","1",",0","0",",0","29",",0","3",",0","","","","","-2.8",",0,20,","0",",,0,31,+","0",",,0,31,+","0.0",",,0,31,+","34.4",",0,27,","2399.1","0","64.9",",0","0.0",",,,0","0",",,,0","16.77",",0","26.84",",,,0","6.71",",,,0"
"USC00021654","1974-06","34.7569","-112.4567","1447.8","CHINO VALLEY, AZ US","166.3","0","149.7",",0","0",",0","0",",0","0",",0","0",",0","0",",0","0",",0","0",",0","0",",0","30",",0","21",",0","","","","","4.4",",0,09,","0",",,0,30,+","0",",,0,30,+","0.0",",,0,30,+","38.9",",0,29,+","2404.3","0","5.2",",0","0.0",",,,0","0",",,,0","23.15",",0","34.61",",,,0","11.68",",,,0"
"USC00021654","1974-07","34.7569","-112.4567","1447.8","CHINO VALLEY, AZ US","303.3","0","137.0",",0","9",",0","6",",0","0",",0","0",",0","0",",0","0",",0","0",",0","0",",0","31",",0","10",",0","","","","","10.6",",0,12,+","0",",,0,31,+","0",",,0,31,+","19.1",",,0,19,","38.3",",0,05,","0.0","0","0.0",",0","60.2",",,,0","0",",,,0","22.75",",0","30.35",",,,0","15.15",",,,0"
"USC00021654","1974-08","34.7569","-112.4567","1447.8","CHINO VALLEY, AZ US","400.6","0","97.3",",0","4",",0","2",",0","0",",0","0",",0","0",",0","0",",0","0",",0","0",",0","31",",0","12",",0","","","","","8.9",",0,29,+","0",",,0,31,+","0",",,0,31,+","10.9",",,0,02,","36.1",",0,27,","0.8","0","0.8",",0","21.5",",,,0","0",",,,0","21.45",",0","30.34",",,,0","12.55",",,,0"
"USC00021654","1974-09","34.7569","-112.4567","1447.8","CHINO VALLEY, AZ US","453.7","0","53.1","1,0","7",",0","5",",0","1",",0","0",",0","0",",0","0","1,0","0","1,0","0",",0","30",",0","9",",0","","","","","3.3","1,0,28,","0",",,0,30,+","0",",,0,30,+","58.7",",,0,04,","34.4",",0,08,","12.5","0","11.7",",0","110.8",",,,0","0",",,,0","19.83","1,0","29.33",",,,0","10.32","1,,,0"
"USC00021654","1974-10","34.7569","-112.4567","1447.8","CHINO VALLEY, AZ US","455.9","0","2.2",",0","9",",0","7",",0","0",",0","0",",0","0",",0","0",",0","2",",0","0",",0","23",",0","0",",0","","","","","0.0",",0,31,+","0",",,0,31,+","0",",,0,31,+","15.2",",,0,30,","30.0",",0,19,+","147.9","0","135.4",",0","57.8",",,,0","0",",,,0","14.04",",0","22.96",",,,0","5.12",",,,0"
"USC00021654","1974-11","34.7569","-112.4567","1447.8","CHINO VALLEY, AZ US","455.9","0","0.0",",0","2",",0","2",",0","0",",0","0",",0","0",",0","0",",0","26",",0","0",",0","4",",0","0",",0","","","","","-7.2",",0,30,","0",",,0,30,+","0",",,0,30,+","12.2",",,0,02,","22.2",",0,22,+","480.0","0","332.1",",0","15.5",",,,0","0",",,,0","7.26",",0","16.50",",,,0","-1.97",",,,0"
"USC00021654","1974-12","34.7569","-112.4567","1447.8","CHINO VALLEY, AZ US","455.9","0","0.0","1,0","3",",0","2",",0","0",",0","2","4,0","2",",0","0","1,0","29","1,0","0",",0","0",",0","0",",0","","","","","-13.9","1,0,25,","51","4,,0,26,","51",",,0,26,","6.4",",,0,05,","16.7",",0,17,+","962.9","0","482.9",",0","11.2",",,,0","76",",,,0","2.27","1,0","10.74",",,,0","-6.20","1,,,0"
"USC00021654","1975-01","34.7569","-112.4567","1447.8","CHINO VALLEY, AZ US","0.0","0","0.0","1,0","3",",0","3",",0","0",",0","2",",0","2",",0","0","1,0","29","1,0","0",",0","2",",0","0",",0","","","","","-11.1","1,0,04,","25",",,0,31,+","25",",,0,31,+","5.8",",,0,28,","21.7",",0,26,","1422.5","0","459.6",",0","12.6",",,,0","50",",,,0","3.04","1,0","12.23",",,,0","-6.15","1,,,0"
"USC00021654","1975-02","34.7569","-112.4567","1447.8","CHINO VALLEY, AZ US","0.0","0","0.0",",0","3",",0","1",",0","0",",0","1",",0","0",",0","0",",0","28",",0","0",",0","1",",0","0",",0","","","","","-8.9",",0,22,","25",",,0,17,","13",",,0,17,","4.6",",,0,17,","21.1",",0,28,","1836.8","0","414.3",",0","6.4",",,,0","13",",,,0","3.54",",0","12.21",",,,0","-5.13",",,,0"
"USC00021654","1975-03","34.7569","-112.4567","1447.8","CHINO VALLEY, AZ US","0.0","0","0.0",",0","9",",0","4",",0","0",",0","1",",0","0",",0","0",",0","24",",0","0",",0","5",",0","0",",0","","","","","-10.6",",0,28,","25",",,0,15,","13",",,0,15,","4.6",",,0,09,","23.9",",0,02,","2213.0","0","376.2",",0","20.1",",,,0","13",",,,0","6.20",",0","14.78",",,,0","-2.38",",,,0"
"USC00021654","1975-04","34.7569","-112.4567","1447.8","CHINO VALLEY, AZ US","0.0","0","0.0","2,0","7",",0","3",",0","0",",0","0",",0","0",",0","0","2,0","17","2,0","0","2,0","5","2,0","0","2,0","","","","","-7.8","2,0,02,","0",",,0,30,+","0",",,0,30,+","12.2",",,0,12,","22.8","2,0,25,","2513.0","0","300.0","2,0","28.0",",,,0","0",",,,0","7.62","2,0","15.50","2,,,0","-0.26","2,,,0"
"USC00021654","1975-05","34.7569","-112.4567","1447.8","CHINO VALLEY, AZ US","3.9","0","3.9",",0","1",",0","0",",0","0",",0","0",",0","0",",0","0",",0","4",",0","0",",0","23",",0","0",",0","","","","","-6.1",",0,06,","0",",,0,31,+","0",",,0,31,+","0.3",",,0,19,","31.1",",0,27,","2646.9","0","133.9",",0","0.3",",,,0","0",",,,0","14.14",",0","23.89",",,,0","4.39",",,,0"
"USC00021654","1975-06","34.7569","-112.4567","1447.8","CHINO VALLEY, AZ US","49.6","0","45.7",",0","0",",0","0",",0","0",",0","0",",0","0",",0","0",",0","0",",0","0",",0","30",",0","8",",0","","","","","4.4",",0,21,","0",",,0,30,+","0",",,0,30,+","0.0",",,0,30,+","34.4",",0,16,","2657.9","0","11.0",",0","0.0",",,,0","0",",,,0","19.49",",0","30.32",",,,0","8.66",",,,0"
"USC00021654","1975-07","34.7569","-112.4567","1447.8","CHINO VALLEY, AZ US","230.2","0","180.6",",0","9",",0","3",",0","0",",0","0",",0","0",",0","0",",0","0",",0","0",",0","31",",0","21",",0","","","4","","8.9",",0,01,","0",",,0,31,+","0",",,0,31,+","9.7",",,0,26,","37.8",",0,25,","0.0","0","0.0",",0","23.9",",,,0","0",",,,0","24.16",",0","33.40",",,,0","14.92",",,,0"
"USC00021654","1975-08","34.7569","-112.4567","1447.8","CHINO VALLEY, AZ US","366.8","0","136.6",",0","3",",0","2",",0","0",",0","0",",0","0",",0","0",",0","0",",0","0",",0","31",",0","20",",0","","","1","","7.2",",0,29,","0",",,0,31,+","0",",,0,31,+","5.6",",,0,12,","37.2",",0,08,+","0.0","0","0.0",",0","9.7",",,,0","0",",,,0","22.74",",0","33.21",",,,0","12.26",",,,0"
"USC00021654","1975-09","34.7569","-112.4567","1447.8","CHINO VALLEY, AZ US","423.8","0","57.0",",0","6",",0","3",",0","0",",0","0",",0","0",",0","0",",0","0",",0","0",",0","30",",0","6",",0","","","1","","3.9",",0,27,","0",",,0,30,+","0",",,0,30,+","5.6",",,0,13,","33.3",",0,05,+","10.3","0","10.3",",0","14.8",",,,0","0",",,,0","19.89",",0","29.83",",,,0","9.94",",,,0"
"USC00021654","1975-10","34.7569","-112.4567","1447.8","CHINO VALLEY, AZ US","426.3","0","2.5",",0","1",",0","1",",0","0",",0","0",",0","0",",0","0",",0","11",",0","0",",0","28",",0","0",",0","","","1","","-6.1",",0,24,","0",",,0,31,+","0",",,0,31,+","9.1",",,0,20,","31.1",",0,06,","148.4","0","138.1",",0","9.1",",,,0","0",",,,0","13.96",",0","24.76",",,,0","3.15",",,,0"
"USC00021654","1975-11","34.7569","-112.4567","1447.8","CHINO VALLEY, AZ US","426.3","0","0.0",",0","2",",0","2",",0","1",",0","0","3,0","2",",0","0",",0","27",",0","0",",0","10",",0","0",",0","","","","","-13.3",",0,30,","0","3,,0,30,+","76",",,0,29,","28.2",",,0,28,","26.1",",0,05,","489.4","0","341.0",",0","35.3",",,,0","101",",,,0","6.97",",0","17.72",",,,0","-3.79",",,,0"
"USC00021654","1975-12","34.7569","-112.4567","1447.8","CHINO VALLEY, AZ US","426.3","0","0.0",",0","4",",0","2",",0","0",",0","0","2,0","1",",0","0",",0","28",",0","0",",0","0",",0","0",",0","","","","","-13.9",",0,15,","0","2,,0,31,+","25",",,0,14,","11.4",",,0,21,","18.9",",0,10,","937.5","0","448.1",",0","17.8",",,,0","25",",,,0","3.88",",0","12.33",",,,0","-4.57",",,,0"
"USC00021654","1976-01","34.7569","-112.4567","1447.8","CHINO VALLEY, AZ US","0.0","0","0.0",",0","2",",0","0",",0","0",",0","0",",0","0",",0","0",",0","31",",0","0",",0","0",",0","0",",0","","","","","-12.8",",0,07,+","0",",,0,31,+","0",",,0,31,+","0.5",",,0,24,","20.6",",0,31,","1388.5","0","451.0",",0","0.8",",,,0","0",",,,0","3.79",",0","14.07",",,,0","-6.50",",,,0"
"USC00021654","1976-02","34.7569","-112.4567","1447.8","CHINO VALLEY, AZ US","0.0","0","0.0",",0","4",",0","4",",0","0",",0","0",",0","0",",0","0",",0","19",",0","0",",0","1",",0","0",",0","","","","","-8.3",",0,22,","0",",,0,29,+","0",",,0,29,+","19.1",",,0,09,","22.2",",0,29,","1724.1","0","335.6",",0","47.5",",,,0","0",",,,0","6.76",",0","15.17",",,,0","-1.65",",,,0"
"USC00021654","1976-03","34.7569","-112.4567","1447.8","CHINO VALLEY, AZ US","0.0","0","0.0",",0","3",",0","3",",0","0",",0","2",",0","1",",0","0",",0","27",",0","0",",0","6",",0","0",",0","","","","","-11.1",",0,04,","102",",,0,04,","102",",,0,04,","6.9",",,0,04,+","22.8",",0,25,+","2079.4","0","355.3",",0","18.1",",,,0","102",",,,0","6.87",",0","16.25",",,,0","-2.51",",,,0"
"USC00021654","1976-04","34.7569","-112.4567","1447.8","CHINO VALLEY, AZ US","0.0","0","0.0",",0","5",",0","3",",0","0",",0","0",",0","0",",0","0",",0","15",",0","0",",0","18",",0","0",",0","","","","","-3.9",",0,16,","0",",,0,30,+","0",",,0,30,+","15.5",",,0,16,","26.1",",0,30,","2317.9","0","238.5",",0","30.7",",,,0","0",",,,0","10.38",",0","20.10",",,,0","0.67",",,,0"
"USC00021654","1976-05","34.7569","-112.4567","1447.8","CHINO VALLEY, AZ US","13.8","0","13.8",",0","6",",0","3",",0","0",",0","0",",0","0",",0","0",",0","0",",0","0",",0","28",",0","0",",0","","","","","3.3",",0,02,","0",",,0,31,+","0",",,0,31,+","11.4",",,0,20,","31.1",",0,15,+","2373.0","0","55.1",",0","27.4",",,,0","0",",,,0","17.00",",0","26.70",",,,0","7.31",",,,0"
"USC00021654","1976-06","34.7569","-112.4567","1447.8","CHINO VALLEY, AZ US","82.4","0","68.6",",0","0",",0","0",",0","0",",0","0",",0","0",",0","0",",0","0",",0","0",",0","30",",0","10",",0","","","","","2.8",",0,12,","0",",,0,30,+","0",",,0,30,+","0.0",",,0,30,+","37.2",",0,28,","2388.8","0","15.8",",0","0.0",",,,0","0",",,,0","20.09",",0","30.93",",,,0","9.26",",,,0"
"USC00021654","1976-07","34.7569","-112.4567","1447.8","CHINO VALLEY, AZ US","265.5","0","183.1",",0","10",",0","2",",0","0",",0","0",",0","0",",0","0",",0","0",",0","0",",0","31",",0","22",",0","","","15","","10.0",",0,03,","0",",,0,31,+","0",",,0,31,+","12.7",",,0,24,","37.8",",0,07,","0.0","0","0.0",",0","26.3",",,,0","0",",,,0","24.24",",0","33.10",",,,0","15.38",",,,0"
"USC00021654","1976-08","34.7569","-112.4567","1447.8","CHINO VALLEY, AZ US","393.2","0","127.7",",0","5",",0","0",",0","0",",0","0",",0","0",",0","0",",0","0",",0","0",",0","31",",0","20",",0","","","1","","7.2",",0,05,","0",",,0,31,+","0",",,0,31,+","1.5",",,0,01,","35.6",",0,31,","0.0","0","0.0",",0","3.9",",,,0","0",",,,0","22.45",",0","32.36",",,,0","12.54",",,,0"
"USC00021654","1976-09","34.7569","-112.4567","1447.8","CHINO VALLEY, AZ US","434.8","0","41.6",",0","10",",0","4",",0","0",",0","0",",0","0",",0","0",",0","0",",0","0",",0","26",",0","3",",0","","","2","","5.0",",0,18,","0",",,0,30,+","0",",,0,30,+","23.4",",,0,06,","36.1",",0,01,","23.9","0","23.9",",0","70.6",",,,0","0",",,,0","18.92",",0","26.84",",,,0","11.01",",,,0"
"USC00021654","1976-10","34.7569","-112.4567","1447.8","CHINO VALLEY, AZ US","436.8","0","2.0","1,0","4",",0","2",",0","0",",0","0",",0","0",",0","0","1,0","7","1,0","0","1,0","21","1,0","0","1,0","","","1","","-4.4","1,0,29,","0",",,0,31,+","0",",,0,31,+","6.6",",,0,23,","27.8","1,0,01,","199.8","0","175.9","1,0","13.0",",,,0","0",",,,0","12.54","1,0","22.30","1,,,0","2.77","1,,,0"
"USC00021654","1976-11","34.7569","-112.4567","1447.8","CHINO VALLEY, AZ US","436.8","0","0.0",",0","1",",0","0",",0","0",",0","0",",0","0",",0","0",",0","25",",0","0",",0","12",",0","0",",0","","","","","-13.3",",0,28,","0",",,0,30,+","0",",,0,30,+","0.5",",,0,15,","25.0",",0,04,","500.0","0","300.2",",0","0.5",",,,0","0",",,,0","8.33",",0","19.41",",,,0","-2.76",",,,0"
"USC00021654","1976-12","34.7569","-112.4567","1447.8","CHINO VALLEY, AZ US","436.8","0","0.0",",0","1",",0","1",",0","0",",0","0","1,0","1",",0","0",",0","31",",0","0",",0","0",",0","0",",0","","","","","-12.2",",0,29,+","0","1,,0,31,+","25",",,0,31,","3.8",",,0,31,","18.9",",0,05,+","969.7","0","469.7",",0","3.8",",,,0","25",",,,0","3.18",",0","14.32",",,,0","-7.95",",,,0"
"USC00021654","1977-01","34.7569","-112.4567","1447.8","CHINO VALLEY, AZ US","0.0","0","0.0","1,0","6",",0","4",",0","0",",0","","","3",",0","0","1,0","27","1,0","0",",0","0",",0","0",",0","","","","","-10.6","1,0,10,","","","76",",,0,01,","10.4",",,0,03,","17.2",",0,20,+","1427.9","0","458.2",",0","29.9",",,,0","152",",,,0","2.99","1,0","10.31",",,,0","-4.34","1,,,0"
"USC00021654","1977-02","34.7569","-112.4567","1447.8","CHINO VALLEY, AZ US","0.0","0","0.0",",0","2",",0","1",",0","0",",0","0",",0","0",",0","0",",0","26",",0","0",",0","8",",0","0",",0","","","","","-15.0",",0,25,","0",",,0,28,+","0",",,0,28,+","9.4",",,0,25,","23.3",",0,21,+","1774.1","0","346.2",",0","9.7",",,,0","0",",,,0","5.97",",0","16.78",",,,0","-4.84",",,,0"
"USC00021654","1977-03","34.7569","-112.4567","1447.8","CHINO VALLEY, AZ US","0.0","0","0.0",",0","2",",0","1",",0","0",",0","0",",0","0",",0","0",",0","26",",0","0",",0","2",",0","0",",0","","","","","-11.1",",0,15,","0",",,0,31,+","0",",,0,31,+","3.6",",,0,26,","22.8",",0,23,","2172.9","0","398.8",",0","4.1",",,,0","0",",,,0","5.47",",0","15.48",",,,0","-4.55",",,,0"
"USC00021654","1977-04","34.7569","-112.4567","1447.8","CHINO VALLEY, AZ US","","","","","2",",0","2",",0","0",",0","2",",0","2",",0","","","","","","","","","","","","","","","","","51",",,0,02,","76",",,0,02,","18.3",",,0,02,","","","","","","","21.1",",,,0","101",",,,0","","","","","",""
"USC00021654","1977-05","34.7569","-112.4567","1447.8","CHINO VALLEY, AZ US","","","6.7",",0","4",",0","2",",0","0",",0","0",",0","0",",0","0",",0","4",",0","0",",0","20",",0","1",",0","","","","","-2.8",",0,18,","0",",,0,31,+","0",",,0,31,+","5.6",",,0,25,","33.9",",0,31,","","","159.1",",0","11.9",",,,0","0",",,,0","13.42",",0","22.67",",,,0","4.16",",,,0"
"USC00021654","1977-06","34.7569","-112.4567","1447.8","CHINO VALLEY, AZ US","","","96.6",",0","7",",0","2",",0","0",",0","0",",0","0",",0","0",",0","0",",0","0",",0","30",",0","16",",0","","","3","","6.7",",0,18,+","0",",,0,30,+","0",",,0,30,+","9.4",",,0,25,","37.2",",0,29,","","","1.7",",0","18.1",",,,0","0",",,,0","21.50",",0","32.05",",,,0","10.94",",,,0"
"USC00021654","1977-07","34.7569","-112.4567","1447.8","CHINO VALLEY, AZ US","","","192.6",",0","5",",0","3",",0","0",",0","0",",0","0",",0","0",",0","0",",0","0",",0","31",",0","22",",0","","","","","11.7",",0,07,+","0",",,0,31,+","0",",,0,31,+","4.8",",,0,20,+","38.9",",0,31,","0.0","0","0.0",",0","16.2",",,,0","0",",,,0","24.55",",0","33.29",",,,0","15.80",",,,0"
"USC00021654","1977-08","34.7569","-112.4567","1447.8","CHINO VALLEY, AZ US","","","176.3",",0","9",",0","8",",0","0",",0","0",",0","0",",0","0",",0","0",",0","0",",0","31",",0","14",",0","","","7","","10.6",",0,28,","0",",,0,31,+","0",",,0,31,+","16.5",",,0,10,","39.4",",0,01,","0.0","0","0.0",",0","83.7",",,,0","0",",,,0","24.02",",0","32.08",",,,0","15.96",",,,0"
"USC00021654","1977-09","34.7569","-112.4567","1447.8","CHINO VALLEY, AZ US","","","69.1","1,0","7",",0","6",",0","0",",0","0",",0","0",",0","0","1,0","0","1,0","0","1,0","29","1,0","9","1,0","","","6","","4.4","1,0,21,","0",",,0,30,+","0",",,0,30,+","14.0",",,0,27,","36.7","1,0,08,","16.1","0","16.1","1,0","53.1",",,,0","0",",,,0","20.16","1,0","29.01","1,,,0","11.31","1,,,0"
"USC00021654","1977-10","34.7569","-112.4567","1447.8","CHINO VALLEY, AZ US","","","3.6",",0","5",",0","1",",0","0",",0","0",",0","0",",0","0",",0","0",",0","0",",0","28",",0","0",",0","","","6","","1.1",",0,31,","0",",,0,31,+","0",",,0,31,+","22.4",",,0,06,","29.4",",0,04,+","119.8","0","103.7",",0","25.8",",,,0","0",",,,0","15.10",",0","24.79",",,,0","5.42",",,,0"
"USC00021654","1977-11","34.7569","-112.4567","1447.8","CHINO VALLEY, AZ US","","","0.0",",0","1",",0","0",",0","0",",0","0",",0","0",",0","0",",0","19",",0","0",",0","12",",0","0",",0","","","","","-6.1",",0,09,","0",",,0,30,+","0",",,0,30,+","2.0",",,0,07,","25.6",",0,04,","389.1","0","269.3",",0","2.0",",,,0","0",",,,0","9.36",",0","19.58",",,,0","-0.87",",,,0"
"USC00021654","1977-12","34.7569","-112.4567","1447.8","CHINO VALLEY, AZ US","","","0.0","2,0","5",",0","5",",0","0",",0","0",",0","0",",0","0","1,0","25","1,0","0","2,0","4","2,0","0","2,0","","","","","-10.0","1,0,20,","0",",,0,31,+","0",",,0,31,+","6.6",",,0,27,","24.4","2,0,12,","714.0","0","324.9","2,0","24.6",",,,0","0",",,,0","7.07","2,0","16.22","2,,,0","-2.08","1,,,0"
"USC00021654","1978-01","34.7569","-112.4567","1447.8","CHINO VALLEY, AZ US","0.0","0","0.0",",0","10",",0","7",",0","0",",0","0",",0","1",",0","0",",0","21",",0","0",",0","0",",0","0",",0","","","","","-6.1",",0,24,","0",",,0,31,+","25",",,0,11,","14.0",",,0,31,+","20.6",",0,30,","1131.8","0","417.8",",0","68.4",",,,0","25",",,,0","4.85",",0","10.89",",,,0","-1.18",",,,0"
"USC00021654","1978-02","34.7569","-112.4567","1447.8","CHINO VALLEY, AZ US","0.0","0","0.0",",0","8",",0","4",",0","0",",0","0","3,0","1","1,0","0",",0","17",",0","0",",0","0",",0","0",",0","","","","","-7.8",",0,18,","0","3,,0,28,+","76","1,,0,14,","24.9",",,0,28,","19.4",",0,25,+","1483.3","0","351.5",",0","52.2",",,,0","76","1,,,0","5.78",",0","12.27",",,,0","-0.71",",,,0"
"USC00021654","1978-03","34.7569","-112.4567","1447.8","CHINO VALLEY, AZ US","0.0","0","0.0","1,0","10",",0","9",",0","0",",0","0",",0","1",",0","0","1,0","9","1,0","0",",0","11",",0","0",",0","","","2","","-3.3","1,0,16,+","0",",,0,31,+","25",",,0,12,","18.5",",,0,12,+","24.4",",0,28,+","1748.9","0","265.6",",0","89.7",",,,0","25",",,,0","9.39","1,0","16.81",",,,0","1.98","1,,,0"
"USC00021654","1978-04","34.7569","-112.4567","1447.8","CHINO VALLEY, AZ US","0.0","0","0.0",",0","4",",0","2",",0","0",",0","0",",0","1",",0","0",",0","12",",0","0",",0","17",",0","0",",0","","","","","-4.4",",0,17,","0",",,0,30,+","51",",,0,08,","15.0",",,0,08,","27.2",",0,27,","1971.6","0","222.7",",0","20.6",",,,0","51",",,,0","10.91",",0","19.72",",,,0","2.10",",,,0"
"USC00021654","1978-05","34.7569","-112.4567","1447.8","CHINO VALLEY, AZ US","5.6","0","5.6",",0","1",",0","1",",0","0",",0","0",",0","0",",0","0",",0","3",",0","0",",0","25",",0","1",",0","","","","","-2.2",",0,06,","0",",,0,31,+","0",",,0,31,+","10.2",",,0,01,","32.2",",0,14,","2080.7","0","109.1",",0","10.2",",,,0","0",",,,0","14.99",",0","25.32",",,,0","4.67",",,,0"
"USC00021654","1978-06","34.7569","-112.4567","1447.8","CHINO VALLEY, AZ US","101.7","0","96.1",",0","0",",0","0",",0","0",",0","0",",0","0",",0","0",",0","0",",0","0",",0","30",",0","16",",0","","","","","6.1",",0,04,+","0",",,0,30,+","0",",,0,30,+","0.0",",T,0,05,","35.6",",0,24,","2084.1","0","3.4",",0","0.0",",T,,0","0",",,,0","21.42",",0","31.86",",,,0","10.98",",,,0"
"USC00021654","1978-07","34.7569","-112.4567","1447.8","CHINO VALLEY, AZ US","273.0","0","171.3",",0","6",",0","1",",0","0",",0","0",",0","0",",0","0",",0","0",",0","0",",0","31",",0","21",",0","","","","","6.1",",0,06,","0",",,0,31,+","0",",,0,31,+","2.5",",,0,26,","38.9",",0,31,","0.0","0","0.0",",0","7.7",",,,0","0",",,,0","23.86",",0","33.40",",,,0","14.32",",,,0"
"USC00021654","1978-08","34.7569","-112.4567","1447.8","CHINO VALLEY, AZ US","430.5","0","157.5",",0","5",",0","1",",0","0",",0","0",",0","0",",0","0",",0","0",",0","0",",0","31",",0","16",",0","","","","","7.8",",0,26,","0",",,0,31,+","0",",,0,31,+","17.3",",,0,03,","36.1",",0,08,+","0.0","0","0.0",",0","21.5",",,,0","0",",,,0","23.41",",0","32.67",",,,0","14.16",",,,0"
"USC00021654","1978-09","34.7569","-112.4567","1447.8","CHINO VALLEY, AZ US","479.9","0","49.4",",0","3",",0","1",",0","0",",0","0",",0","0",",0","0",",0","0",",0","0",",0","29",",0","6",",0","","","","","0.6",",0,20,","0",",,0,30,+","0",",,0,30,+","13.7",",,0,05,","34.4",",0,03,","26.0","0","26.0",",0","16.0",",,,0","0",",,,0","19.11",",0","29.03",",,,0","9.19",",,,0"
"USC00021654","1978-10","34.7569","-112.4567","1447.8","CHINO VALLEY, AZ US","495.8","0","15.9",",0","5",",0","4",",0","0",",0","0",",0","0",",0","0",",0","2",",0","0",",0","23",",0","2",",0","","","","","-0.6",",0,27,","0",",,0,31,+","0",",,0,31,+","6.1",",,0,20,","33.9",",0,01,","111.9","0","85.9",",0","20.0",",,,0","0",",,,0","16.07",",0","26.16",",,,0","5.99",",,,0"
"USC00021654","1978-11","34.7569","-112.4567","1447.8","CHINO VALLEY, AZ US","495.8","0","0.0",",0","7",",0","5",",0","2",",0","0",",0","0",",0","0",",0","14",",0","0",",0","4",",0","0",",0","","","2","","-6.1",",0,28,","0",",,0,30,+","0",",T,0,22,+","35.6",",,0,11,","23.3",",0,09,","435.4","0","323.5",",0","91.5",",,,0","0",",T,,0","7.55",",0","14.89",",,,0","0.21",",,,0"
"USC00021654","1978-12","34.7569","-112.4567","1447.8","CHINO VALLEY, AZ US","495.8","0","0.0",",0","6",",0","6",",0","0",",0","4",",0","1",",0","3",",0","27",",0","2",",0","0",",0","0",",0","","","1","","-22.8",",0,07,","178",",,0,06,","178",",,0,06,","15.7",",,0,02,","16.7",",0,01,","961.1","0","525.7",",0","53.4",",,,0","191",",,,0","1.37",",0","9.39",",,,0","-6.64",",,,0"
"USC00021654","1979-01","34.7569","-112.4567","1447.8","CHINO VALLEY, AZ US","0.0","0","0.0",",0","8",",0","4",",0","1",",0","5","3,0","1","4,0","0",",0","26",",0","2",",0","0",",0","0",",0","","","","","-17.2",",0,30,","76","3,,0,25,","25","4,,0,17,","31.8",",,0,17,","15.0",",0,14,","1511.9","0","550.8",",0","51.2",",,,0","25","4,,,0","0.57",",0","7.04",",,,0","-5.91",",,,0"
"USC00021654","1979-02","34.7569","-112.4567","1447.8","CHINO VALLEY, AZ US","0.0","0","0.0","1,0","5",",0","4",",0","0",",0","1","4,0","1","1,0","0",",0","28",",0","0","1,0","1","1,0","0","1,0","","","","","-12.8",",0,03,","102","4,,0,02,","152","1,,0,01,","6.6",",,0,22,","21.1","1,0,14,","1914.2","0","402.3","1,0","17.5",",,,0","165","1,,,0","3.42","1,0","11.97","1,,,0","-5.12",",,,0"
"USC00021654","1979-03","34.7569","-112.4567","1447.8","CHINO VALLEY, AZ US","0.0","0","0.0","1,0","8",",0","5",",0","0",",0","0",",0","0",",0","0","1,0","20","1,0","0","1,0","3","1,0","0","1,0","","","","","-5.0","1,0,05,","0",",,0,31,+","13",",,0,19,","18.8",",,0,29,","22.2","1,0,09,+","2247.2","0","333.0","1,0","44.3",",,,0","13",",,,0","7.23","1,0","15.33","1,,,0","-0.86","1,,,0"
"USC00021654","1979-04","34.7569","-112.4567","1447.8","CHINO VALLEY, AZ US","0.0","0","0.0",",0","1",",0","1",",0","0",",0","0",",0","0",",0","0",",0","13",",0","0",",0","18",",0","0",",0","","","","","-3.9",",0,19,+","0",",,0,30,+","0",",,0,30,+","2.8",",,0,10,","27.2",",0,30,","2477.4","0","230.2",",0","2.8",",,,0","0",",,,0","10.66",",0","20.26",",,,0","1.06",",,,0"
"USC00021654","1979-05","34.7569","-112.4567","1447.8","CHINO VALLEY, AZ US","4.2","0","4.2",",0","8",",0","2",",0","0",",0","0",",0","0",",0","0",",0","4",",0","0",",0","25",",0","0",",0","","","","","-2.2",",0,09,","0",",,0,31,+","0",",,0,31,+","8.6",",,0,21,","30.6",",0,23,+","2587.9","0","110.5",",0","19.8",",,,0","0",",,,0","14.90",",0","23.93",",,,0","5.88",",,,0"
"USC00021654","1979-06","34.7569","-112.4567","1447.8","CHINO VALLEY, AZ US","78.5","0","74.3",",0","3",",0","1",",0","0",",0","0",",0","0",",0","0",",0","0",",0","0",",0","30",",0","14",",0","","","","","2.8",",0,19,","0",",,0,30,+","0",",,0,30,+","4.3",",,0,03,","37.8",",0,29,","2611.5","0","23.6",",0","7.6",",,,0","0",",,,0","20.02",",0","30.72",",,,0","9.33",",,,0"
"USC00021654","1979-07","34.7569","-112.4567","1447.8","CHINO VALLEY, AZ US","245.4","0","166.9","3,0","3",",0","3",",0","0",",0","0",",0","0",",0","0","3,0","0","3,0","0","3,0","28","3,0","24","3,0","","","","","7.2","3,0,04,","0",",,0,31,+","0",",,0,31,+","6.1",",,0,16,","37.8","3,0,10,","0.0","0","0.0","3,0","11.7",",,,0","0",",,,0","24.29","3,0","34.79","3,,,0","13.79","3,,,0"
"USC00021654","1979-08","34.7569","-112.4567","1447.8","CHINO VALLEY, AZ US","344.3","0","98.9","2,0","5",",0","3",",0","0",",0","0",",0","0",",0","0","2,0","0","2,0","0","2,0","28","2,0","15","2,0","","","1","","4.4","2,0,21,","0",",,0,31,+","0",",,0,31,+","13.0",",,0,13,","38.3","2,0,02,","7.6","0","7.6","2,0","31.8",",,,0","0",",,,0","21.48","2,0","31.17","2,,,0","11.79","2,,,0"
"USC00021654","1979-09","34.7569","-112.4567","1447.8","CHINO VALLEY, AZ US","","","","","0",",0","0",",0","0",",0","0",",0","0",",0","","","","","","","","","","","","","","","","","0",",,0,30,+","0",",,0,30,+","0.0",",,0,30,+","","","","","","","0.0",",,,0","0",",,,0","","","","","",""
"USC00021654","1979-10","34.7569","-112.4567","1447.8","CHINO VALLEY, AZ US","","","13.1",",0","0",",0","0",",0","0",",0","0",",0","0",",0","0",",0","6",",0","0",",0","28",",0","7",",0","","","","","-5.6",",0,31,","0",",,0,31,+","0",",,0,31,+","0.0",",,0,31,+","34.4",",0,02,","","","108.6",",0","0.0",",,,0","0",",,,0","15.25",",0","27.29",",,,0","3.21",",,,0"
"USC00021654","1979-11","34.7569","-112.4567","1447.8","CHINO VALLEY, AZ US","","","","","0",",0","0",",0","0",",0","0",",0","0",",0","","","","","","","","","","","","","","","","","0",",,0,30,+","0",",,0,30,+","0.0",",,0,30,+","","","","","","","0.0",",,,0","0",",,,0","","","","","",""
"USC00021654","1979-12","34.7569","-112.4567","1447.8","CHINO VALLEY, AZ US","","","","","1","4,0","0","4,0","0","4,0","0",",0","0",",0","","","","","","","","","","","","","","","","","0",",,0,31,+","0",",,0,31,+","2.0","4,,0,21,","","","","","","","2.0","4,,,0","0",",,,0","","","","","",""
"USC00021654","1980-01","34.7569","-112.4567","1447.8","CHINO VALLEY, AZ US","0.0","0","0.0","2,0","6",",0","6",",0","1",",0","0",",0","0",",0","0","2,0","18","2,0","0","2,0","0","2,0","0","2,0","","","","","-8.9","2,0,05,+","0",",,0,31,+","0",",,0,31,+","50.8",",,0,30,","15.6","2,0,13,","","","399.6","2,0","100.8",",,,0","0",",,,0","4.55","2,0","11.30","2,,,0","-2.20","2,,,0"
"USC00021654","1980-02","34.7569","-112.4567","1447.8","CHINO VALLEY, AZ US","0.0","0","0.0",",0","5","2,0","4","2,0","1","2,0","0",",0","0",",0","0",",0","24",",0","0",",0","1",",0","0",",0","","","","","-8.9",",0,13,+","0",",,0,29,+","0",",,0,29,+","35.3","2,,0,15,","22.2",",0,28,","","","347.9",",0","69.8","2,,,0","0",",,,0","6.34",",0","14.86",",,,0","-2.19",",,,0"
"USC00021654","1980-03","34.7569","-112.4567","1447.8","CHINO VALLEY, AZ US","0.0","0","0.0",",0","8",",0","5",",0","0",",0","0",",0","0",",0","0",",0","23",",0","0",",0","0",",0","0",",0","","","","","-6.7",",0,31,","0",",,0,31,+","0",",,0,31,+","9.1",",,0,11,","19.4",",0,15,","","","367.2",",0","32.9",",,,0","0",",,,0","6.49",",0","14.39",",,,0","-1.41",",,,0"
"USC00021654","1980-04","34.7569","-112.4567","1447.8","CHINO VALLEY, AZ US","0.0","0","0.0","2,0","1",",0","1",",0","0",",0","0",",0","0",",0","0","2,0","16","2,0","0","2,0","14","2,0","0","2,0","","","","","-5.0","2,0,03,","0",",,0,30,+","0",",,0,30,+","6.9",",,0,30,","29.4","2,0,21,","","","229.6","2,0","6.9",",,,0","0",",,,0","10.13","2,0","19.85","2,,,0","0.41","2,,,0"
"USC00021654","1980-05","34.7569","-112.4567","1447.8","CHINO VALLEY, AZ US","1.1","0","1.1","1,0","3",",0","1",",0","0",",0","0",",0","0",",0","0","1,0","6","1,0","0",",0","21",",0","0",",0","","","","","-3.9","1,0,25,","0",",,0,31,+","0",",,0,31,+","13.0",",,0,16,","31.1",",0,21,","","","169.8",",0","14.0",",,,0","0",",,,0","12.77","1,0","22.18",",,,0","3.35","1,,,0"
"USC00021654","1980-06","34.7569","-112.4567","1447.8","CHINO VALLEY, AZ US","83.5","0","82.4",",0","1",",0","1",",0","0",",0","0",",0","0",",0","0",",0","0",",0","0",",0","30",",0","18",",0","","","","","1.7",",0,01,","0",",,0,30,+","0",",,0,30,+","5.1",",,0,30,","37.8",",0,29,","","","20.4",",0","5.1",",,,0","0",",,,0","20.40",",0","31.82",",,,0","8.98",",,,0"
"USC00021654","1980-07","34.7569","-112.4567","1447.8","CHINO VALLEY, AZ US","277.5","0","194.0",",0","11",",0","9",",0","0",",0","0",",0","0",",0","0",",0","0",",0","0",",0","31",",0","25",",0","","","","","7.8",",0,06,","0",",,0,31,+","0",",,0,31,+","14.5",",,0,13,","37.2",",0,29,+","0.0","0","0.0",",0","85.2",",,,0","0",",,,0","24.59",",0","34.26",",,,0","14.92",",,,0"
"USC00021654","1980-08","34.7569","-112.4567","1447.8","CHINO VALLEY, AZ US","436.2","0","158.7",",0","6",",0","5",",0","0",",0","0",",0","0",",0","0",",0","0",",0","0",",0","31",",0","14",",0","","","","","8.3",",0,20,","0",",,0,31,+","0",",,0,31,+","16.5",",,0,13,","37.8",",0,12,","0.0","0","0.0",",0","50.0",",,,0","0",",,,0","23.45",",0","32.25",",,,0","14.66",",,,0"
"USC00021654","1980-09","34.7569","-112.4567","1447.8","CHINO VALLEY, AZ US","492.4","0","56.2",",0","2",",0","0",",0","0",",0","0",",0","0",",0","0",",0","0",",0","0",",0","30",",0","6",",0","","","","","5.0",",0,22,","0",",,0,30,+","0",",,0,30,+","2.3",",,0,10,","35.6",",0,18,","3.1","0","3.1",",0","3.6",",,,0","0",",,,0","20.11",",0","30.26",",,,0","9.95",",,,0"
"USC00021654","1980-10","34.7569","-112.4567","1447.8","CHINO VALLEY, AZ US","523.5","0","31.1",",0","4",",0","2",",0","0",",0","0",",0","0",",0","0",",0","15",",0","0",",0","22",",0","11",",0","","","","","-3.9",",0,29,","0",",,0,31,+","0",",,0,31,+","2.8",",,0,26,+","36.1",",0,12,","170.1","0","167.0",",0","7.1",",,,0","0",",,,0","13.95",",0","25.02",",,,0","2.88",",,,0"
"USC00021654","1980-11","34.7569","-112.4567","1447.8","CHINO VALLEY, AZ US","523.5","0","0.0","4,0","0",",0","0",",0","0",",0","0",",0","0",",0","0","4,0","21","4,0","0","4,0","10","4,0","0","4,0","","","","","-10.6","4,0,18,+","0",",,0,30,+","0",",,0,30,+","0.0",",,0,30,+","27.2","4,0,07,+","433.5","0","263.4","4,0","0.0",",,,0","0",",,,0","8.20","4,0","19.30","4,,,0","-2.90","4,,,0"
"USC00021654","1980-12","34.7569","-112.4567","1447.8","CHINO VALLEY, AZ US","523.5","0","0.0","2,0","2",",0","1",",0","0",",0","0",",0","0",",0","0","2,0","28","2,0","0","2,0","5","2,0","0","2,0","","","","","-7.2","2,0,11,+","0",",,0,31,+","0",",,0,31,+","3.6",",,0,13,","21.7","2,0,27,+","776.9","0","343.4","2,0","4.4",",,,0","0",",,,0","6.49","2,0","16.74","2,,,0","-3.76","2,,,0"
"USC00021654","1981-01","34.7569","-112.4567","1447.8","CHINO VALLEY, AZ US","0.0","0","0.0","1,0","1",",0","0",",0","0",",0","0",",0","0",",0","0","1,0","28","1,0","0","1,0","0","1,0","0","1,0","","","","","-9.4","1,0,27,+","0",",,0,31,+","0",",,0,31,+","0.3",",,0,28,","20.0","1,0,03,","1151.6","0","374.7","1,0","0.3",",,,0","0",",,,0","5.84","1,0","15.39","1,,,0","-3.70","1,,,0"
"USC00021654","1981-02","34.7569","-112.4567","1447.8","CHINO VALLEY, AZ US","","","","","2",",0","2",",0","0",",0","0",",0","0",",0","","","","","","","","","","","","","","","","","0",",,0,28,+","0",",,0,28,+","10.7",",,0,09,","","","","","","","14.5",",,,0","0",",,,0","","","","","",""
"USC00021654","1981-03","34.7569","-112.4567","1447.8","CHINO VALLEY, AZ US","","","0.0","1,0","6",",0","4",",0","0",",0","0",",0","0",",0","0","1,0","24","1,0","0","1,0","2","1,0","0","1,0","","","","","-6.1","1,0,20,","0",",,0,31,+","0",",,0,31,+","17.8",",,0,02,","23.3","1,0,26,","","","331.9","1,0","32.5",",,,0","0",",,,0","7.27","1,0","15.85","1,,,0","-1.31","1,,,0"
"USC00021654","1981-04","34.7569","-112.4567","1447.8","CHINO VALLEY, AZ US","","","4.2","1,0","2","2,0","0","2,0","0","2,0","0",",0","0",",0","0","1,0","4","1,0","0","1,0","22","1,0","0","1,0","","","","","-5.0","1,0,04,","0",",,0,30,+","0",",,0,30,+","0.8","2,,0,03,","30.6","1,0,30,","","","138.4","1,0","5.9",",a,,0","0",",,,0","13.71","1,0","23.67","1,,,0","3.75","1,,,0"
"USC00021654","1981-05","34.7569","-112.4567","1447.8","CHINO VALLEY, AZ US","","","13.1",",0","4",",0","2",",0","0",",0","0",",0","0",",0","0",",0","0",",0","0",",0","27",",0","0",",0","","","","","0.6",",0,21,+","0",",,0,31,+","0",",,0,31,+","5.8",",,0,02,","31.7",",0,01,","","","76.7",",0","12.2",",,,0","0",",,,0","16.28",",0","25.09",",,,0","7.47",",,,0"
"USC00021654","1981-06","34.7569","-112.4567","1447.8","CHINO VALLEY, AZ US","","","162.7",",0","2",",0","2",",0","0",",0","0",",0","0",",0","0",",0","0",",0","0",",0","30",",0","21",",0","","","","","6.7",",0,15,","0",",,0,30,+","0",",,0,30,+","4.6",",,0,01,","38.9",",0,23,","","","1.7",",0","8.4",",,,0","0",",,,0","23.70",",0","33.76",",,,0","13.63",",,,0"
"USC00021654","1981-07","34.7569","-112.4567","1447.8","CHINO VALLEY, AZ US","","","212.6",",0","8",",0","3",",0","0",",0","0",",0","0",",0","0",",0","0",",0","0",",0","31",",0","21",",0","","","","","10.6",",0,01,","0",",,0,31,+","0",",,0,31,+","14.7",",,0,15,","38.9",",0,06,+","0.0","0","0.0",",0","35.9",",,,0","0",",,,0","25.19",",0","33.61",",,,0","16.77",",,,0"
"USC00021654","1981-08","34.7569","-112.4567","1447.8","CHINO VALLEY, AZ US","","","182.9",",0","7",",0","2",",0","0",",0","0",",0","0",",0","0",",0","0",",0","0",",0","31",",0","25",",0","","","","","12.2",",0,15,","0",",,0,31,+","0",",,0,31,+","13.5",",,0,11,","37.2",",0,27,+","0.5","0","0.5",",0","21.4",",,,0","0",",,,0","24.21",",0","33.36",",,,0","15.06",",,,0"
"USC00021654","1981-09","34.7569","-112.4567","1447.8","CHINO VALLEY, AZ US","","","69.0","1,0","4",",0","2",",0","0",",0","0",",0","0",",0","0",",0","0",",0","0","1,0","29","1,0","7","1,0","","","","","5.0",",0,30,","0",",,0,30,+","0",",,0,30,+","22.9",",,0,24,","33.9","1,0,04,","5.8","0","5.3","1,0","37.4",",,,0","0",",,,0","20.49","1,0","30.06","1,,,0","10.91",",,,0"
"USC00021654","1981-10","34.7569","-112.4567","1447.8","CHINO VALLEY, AZ US","","","","","2",",0","2",",0","0",",0","0",",0","0",",0","0","5,0","9","5,0","0","3,0","19","3,0","0","3,0","","","1","","-3.9","5,0,30,","0",",,0,31,+","0",",,0,31,+","19.3",",,0,02,","27.8","3,0,06,+","","","","","25.9",",,,0","0",",,,0","12.71","6,0","22.35","3,,,0","3.08","5,,,0"
"USC00021654","1981-11","34.7569","-112.4567","1447.8","CHINO VALLEY, AZ US","","","","","1","4,0","0","4,0","0","4,0","0","4,0","0","4,0","","","","","","","","","","","","","","","","","0","4,,0,30,+","0","4,,0,30,+","0.8","4,,0,07,","","","","","","","0.8","4,,,0","0","4,,,0","","","","","",""
"USC00021654","1981-12","34.7569","-112.4567","1447.8","CHINO VALLEY, AZ US","","","","","1",",0","1",",0","0",",0","0",",0","0",",0","","","","","","","","","","","","","","","","","0",",,0,31,+","0",",,0,31,+","3.6",",,0,31,","","","","","","","3.6",",,,0","0",",,,0","","","","","",""
"USC00021654","1982-02","34.7569","-112.4567","1447.8","CHINO VALLEY, AZ US","","","","","","","","","","","","","0",",0","","","","","","","","","","","","","","","","","","","0",",,0,28,+","","","","","","","","","","","0",",,,0","","","","","",""
"USC00021654","1982-03","34.7569","-112.4567","1447.8","CHINO VALLEY, AZ US","","","","","","","","","","","0",",0","0",",0","","","","","","","","","","","","","","","","","0",",,0,31,+","0",",,0,31,+","","","","","","","","","","","0",",,,0","","","","","",""
"USC00021654","1982-04","34.7569","-112.4567","1447.8","CHINO VALLEY, AZ US","","","","","","","","","","","0",",0","0",",0","","","","","","","","","","","","","","","","","0",",,0,30,+","0",",,0,30,+","","","","","","","","","","","0",",,,0","","","","","",""
"USC00021654","1982-05","34.7569","-112.4567","1447.8","CHINO VALLEY, AZ US","","","","","5",",0","4",",0","0",",0","0",",0","0",",0","","","","","","","","","","","","","","","","","0",",,0,31,+","0",",,0,31,+","20.8",",,0,05,","","","","","","","45.6",",,,0","0",",,,0","","","","","",""
"USC00021654","1982-06","34.7569","-112.4567","1447.8","CHINO VALLEY, AZ US","","","","","","","","","","","0",",0","0",",0","","","","","","","","","","","","","","","","","0",",,0,30,+","0",",,0,30,+","","","","","","","","","","","0",",,,0","","","","","",""
"USC00021654","1982-07","34.7569","-112.4567","1447.8","CHINO VALLEY, AZ US","","","","","3","3,0","2","3,0","0","3,0","0",",0","0",",0","","","","","","","","","","","","","","","","","0",",,0,31,+","0",",,0,31,+","8.4","3,,0,27,","","","","","","","14.6",",a,,0","0",",,,0","","","","","",""
"USC00021654","1982-08","34.7569","-112.4567","1447.8","CHINO VALLEY, AZ US","","","","","8",",0","4",",0","0",",0","0",",0","0",",0","","","","","","","","","","","","","","","","","0",",,0,31,+","0",",,0,31,+","16.8",",,0,23,+","","","","","","","41.7",",,,0","0",",,,0","","","","","",""
"USC00021654","1982-09","34.7569","-112.4567","1447.8","CHINO VALLEY, AZ US","","","","","2","3,0","1","3,0","0","3,0","0",",0","0",",0","","","","","","","","","","","","","","","","","0",",,0,30,+","0",",,0,30,+","10.7","3,,0,11,","","","","","","","24.4",",a,,0","0",",,,0","","","","","",""
"USC00021654","1982-10","34.7569","-112.4567","1447.8","CHINO VALLEY, AZ US","","","","","","","","","","","0",",0","0",",0","","","","","","","","","","","","","","","","","0",",,0,31,+","0",",,0,31,+","","","","","","","","","","","0",",,,0","","","","","",""
"USC00021654","1982-11","34.7569","-112.4567","1447.8","CHINO VALLEY, AZ US","","","","","5","5,0","3","5,0","0","5,0","0",",0","0",",0","","","","","","","","","","","","","","","","","0",",,0,30,+","0",",,0,30,+","15.2","5,,0,09,","","","","","","","35.0",",a,,0","0",",,,0","","","","","",""
"USC00021654","1982-12","34.7569","-112.4567","1447.8","CHINO VALLEY, AZ US","","","","","7",",0","5",",0","0",",0","1","1,0","0","1,0","","","","","","","","","","","","","","","","","102","1,,0,30,","0","1,,0,31,+","22.9",",,0,01,","","","","","","","50.6",",,,0","0","1,,,0","","","","","",""
"USC00021654","1983-01","34.7569","-112.4567","1447.8","CHINO VALLEY, AZ US","","","","","","","","","","","","","0",",0","","","","","","","","","","","","","","","","","","","0",",,0,31,+","","","","","","","","","","","0",",,,0","","","","","",""
"USC00021654","1983-02","34.7569","-112.4567","1447.8","CHINO VALLEY, AZ US","","","","","7","1,0","5","1,0","0","1,0","0",",0","1",",0","","","","","","","","","","","","","","","","","0",",,0,28,+","46",",,0,01,","15.7","1,,0,03,","","","","","","","37.5","1,,,0","46",",,,0","","","","","",""
"USC00021654","1983-03","34.7569","-112.4567","1447.8","CHINO VALLEY, AZ US","","","0.0","4,0","11",",0","8",",0","0",",0","","","","","0","4,0","18","4,0","0","3,0","2","3,0","0","3,0","","","","","-6.1","4,0,16,","","","","","18.5",",,0,25,","23.9","3,0,31,","","","321.6","3,0","63.7",",,,0","","","6.46","4,0","13.39","3,,,0","-0.47","4,,,0"
"USC00021654","1983-04","34.7569","-112.4567","1447.8","CHINO VALLEY, AZ US","","","0.0","2,0","1","1,0","0","1,0","0","1,0","","","0",",0","0","2,0","17","2,0","0","1,0","5","1,0","0","1,0","","","","","-7.2","2,0,05,","","","20",",,0,13,","2.3","1,,0,13,","25.0","1,0,18,","","","288.3","1,0","2.3","1,,,0","20",",,,0","8.18","2,0","16.95","1,,,0","-0.59","2,,,0"
"USC00021654","1983-05","34.7569","-112.4567","1447.8","CHINO VALLEY, AZ US","","","","","0",",0","0",",0","0",",0","0",",0","0",",0","","","","","","","","","","","","","","","","","0",",,0,31,+","0",",,0,31,+","0.0",",,0,31,+","","","","","","","0.0",",,,0","0",",,,0","","","","","",""
"USC00021654","1983-06","34.7569","-112.4567","1447.8","CHINO VALLEY, AZ US","","","","","0",",0","0",",0","0",",0","0",",0","0",",0","","","","","","","","","","","","","","","","","0",",,0,30,+","0",",,0,30,+","0.0",",,0,30,+","","","","","","","0.0",",,,0","0",",,,0","","","","","",""
"USC00021654","1983-07","34.7569","-112.4567","1447.8","CHINO VALLEY, AZ US","","","","","7",",0","4",",0","0",",0","0",",0","0",",0","","","","","","","","","","","","","1","","","","0",",,0,31,+","0",",,0,31,+","20.1",",,0,25,","","","","","","","50.5",",,,0","0",",,,0","","","","","",""
"USC00021654","1983-08","34.7569","-112.4567","1447.8","CHINO VALLEY, AZ US","","","","","","","","","","","0",",0","0",",0","","","","","","","","","","","","","","","","","0",",,0,31,+","0",",,0,31,+","","","","","","","","","102.2",",a,,0","0",",,,0","","","","","",""
"USC00021654","1983-09","34.7569","-112.4567","1447.8","CHINO VALLEY, AZ US","","","","","6",",0","4",",0","2",",0","0",",0","0",",0","","","","","","","","","","","","","","","","","0",",,0,30,+","0",",,0,30,+","92.5",",,0,24,","","","","","","","155.8",",,,0","0",",,,0","","","","","",""
"USC00021654","1983-10","34.7569","-112.4567","1447.8","CHINO VALLEY, AZ US","","","","","2",",0","1",",0","0",",0","0",",0","0",",0","","","","","","","","","","","","","","","","","0",",,0,31,+","0",",,0,31,+","12.4",",,0,04,","","","","","","","12.7",",,,0","0",",,,0","","","","","",""
"USC00021654","1983-11","34.7569","-112.4567","1447.8","CHINO VALLEY, AZ US","","","","","","","","","","","","","0","1,0","","","","","","","","","","","","","","","","","","","0","1,,0,30,+","","","","","","","","","","","0","1,,,0","","","","","",""
"USC00021654","1983-12","34.7569","-112.4567","1447.8","CHINO VALLEY, AZ US","","","","","7","3,0","5","3,0","0","3,0","0","1,0","0","1,0","","","","","","","","","","","","","","","","","0","1,,0,31,+","0","1,,0,31,+","12.2","3,,0,26,","","","","","","","37.6","1,a,,0","0","1,,,0","","","","","",""
"USC00021654","1984-01","34.7569","-112.4567","1447.8","CHINO VALLEY, AZ US","","","","","3",",0","0",",0","0",",0","0",",0","0",",0","","","","","","","","","","","","","","","","","0",",,0,31,+","0",",,0,31,+","2.0",",,0,14,","","","","","","","4.3",",,,0","0",",,,0","","","","","",""
"USC00021654","1984-02","34.7569","-112.4567","1447.8","CHINO VALLEY, AZ US","","","","","0",",0","0",",0","0",",0","0",",0","0",",0","","","","","0","4,0","0","4,0","0","4,0","","","","","","","0",",,0,29,+","0",",,0,29,+","0.0",",,0,29,+","19.4","4,0,07,+","","","","","0.0",",,,0","0",",,,0","","","15.58","4,,,0","",""
"USC00021654","1984-03","34.7569","-112.4567","1447.8","CHINO VALLEY, AZ US","","","","","1","1,0","1","1,0","0","1,0","0",",0","0",",0","","","","","","","","","","","","","","","","","0",",,0,31,+","0",",,0,31,+","5.1","1,,0,27,","","","","","","","5.1","1,,,0","0",",,,0","","","","","",""
"USC00021654","1984-04","34.7569","-112.4567","1447.8","CHINO VALLEY, AZ US","","","","","4","5,0","0","5,0","0","5,0","0",",0","0",",0","","","","","","","","","","","","","","","","","0",",,0,30,+","0",",,0,30,+","1.5","5,,0,07,","","","","","","","3.6","5,,,0","0",",,,0","","","","","",""
"USC00021654","1984-05","34.7569","-112.4567","1447.8","CHINO VALLEY, AZ US","","","","","","","","","","","0",",0","0",",0","","","","","","","","","","","","","","","","","0",",,0,31,+","0",",,0,31,+","","","","","","","","","","","0",",,,0","","","","","",""
"USC00021654","1984-06","34.7569","-112.4567","1447.8","CHINO VALLEY, AZ US","","","78.6",",0","1",",0","0",",0","0",",0","0",",0","0",",0","0",",0","0",",0","0",",0","30",",0","8",",0","","","","","3.3",",0,17,","0",",,0,30,+","0",",,0,30,+","1.3",",,0,27,","37.8",",0,29,","","","7.2",",0","1.3",",,,0","0",",,,0","20.71",",0","30.71",",,,0","10.72",",,,0"
"USC00021654","1984-07","34.7569","-112.4567","1447.8","CHINO VALLEY, AZ US","","","164.8","5,0","12","2,0","10","2,0","2","2,0","0",",0","0",",0","0","5,0","0","5,0","0","5,0","26","5,0","17","5,0","","","","","13.9","5,0,05,","0",",,0,31,+","0",",,0,31,+","33.5","2,,0,14,","38.3","5,0,06,","0.0","0","0.0","5,0","115.0","2,,,0","0",",,,0","24.67","5,0","33.06","5,,,0","16.29","5,,,0"
"USC00021654","1984-08","34.7569","-112.4567","1447.8","CHINO VALLEY, AZ US","","","161.9","3,0","8","3,0","4","3,0","0","3,0","0",",0","0",",0","0","3,0","0","3,0","0","3,0","28","3,0","17","3,0","","","","","12.2","3,0,26,+","0",",,0,31,+","0",",,0,31,+","17.5","3,,0,25,","40.0","3,0,14,","0.0","0","0.0","3,0","66.7",",a,,0","0",",,,0","24.12","3,0","33.57","3,,,0","14.66","3,,,0"
"USC00021654","1984-09","34.7569","-112.4567","1447.8","CHINO VALLEY, AZ US","","","","","2","3,0","2","3,0","1","3,0","0",",0","0",",0","","","","","","","","","","","","","","","","","0",",,0,30,+","0",",,0,30,+","29.2","3,,0,26,","","","","","","","46.0",",a,,0","0",",,,0","","","","","",""
"USC00021654","1984-10","34.7569","-112.4567","1447.8","CHINO VALLEY, AZ US","","","","","1",",0","0",",0","0",",0","0",",0","0",",0","","","","","","","","","","","","","","","","","0",",,0,31,+","0",",,0,31,+","0.5",",,0,04,","","","","","","","0.5",",,,0","0",",,,0","","","","","",""
"USC00021654","1984-11","34.7569","-112.4567","1447.8","CHINO VALLEY, AZ US","","","","","","","","","","","0",",0","0",",0","","","","","","","","","","","","","","","","","0",",,0,30,+","0",",,0,30,+","","","","","","","","","","","0",",,,0","","","","","",""
"USC00021654","1984-12","34.7569","-112.4567","1447.8","CHINO VALLEY, AZ US","","","","","","","","","","","0",",0","0",",0","","","","","","","","","","","","","","","","","0",",,0,31,+","0",",,0,31,+","","","","","","","","","","","0",",,,0","","","","","",""
"USC00021654","1985-01","34.7569","-112.4567","1447.8","CHINO VALLEY, AZ US","","","","","7",",0","6",",0","0",",0","0",",0","0",",0","","","","","","","","","","","","","","","","","0",",,0,31,+","0",",,0,31,+","9.4",",,0,26,","","","","","","","41.9",",,,0","0",",,,0","","","","","",""
"USC00021654","1985-03","34.7569","-112.4567","1447.8","CHINO VALLEY, AZ US","","","","","5","3,0","1","3,0","0","3,0","0",",0","0",",0","","","","","","","","","","","","","","","","","0",",,0,31,+","0",",,0,31,+","10.4","3,,0,19,","","","","","","","17.5",",a,,0","0",",,,0","","","","","",""
"USC00021654","1985-04","34.7569","-112.4567","1447.8","CHINO VALLEY, AZ US","","","","","","","","","","","0",",0","0",",0","","","","","","","","","","","","","","","","","0",",,0,30,+","0",",,0,30,+","","","","","","","","","16.0",",a,,0","0",",,,0","","","","","",""
"USC00021654","1985-05","34.7569","-112.4567","1447.8","CHINO VALLEY, AZ US","","","11.3","4,0","1",",0","0",",0","0",",0","0",",0","0",",0","0","4,0","1","4,0","0","4,0","26","4,0","0","4,0","","","","","0.0","4,0,14,","0",",,0,31,+","0",",,0,31,+","0.8",",,0,13,","31.7","4,0,25,","","","46.3","4,0","0.8",",,,0","0",",,,0","17.04","4,0","26.94","4,,,0","7.13","4,,,0"
"USC00021654","1985-06","34.7569","-112.4567","1447.8","CHINO VALLEY, AZ US","","","113.6","2,0","0",",0","0",",0","0",",0","0",",0","0",",0","0","2,0","0","2,0","0","2,0","28","2,0","19","2,0","","","","","3.3","2,0,04,","0",",,0,30,+","0",",,0,30,+","0.0",",,0,30,+","39.4","2,0,15,","","","15.3","2,0","0.0",",,,0","0",",,,0","21.84","2,0","32.48","2,,,0","11.20","2,,,0"
"USC00021654","1985-07","34.7569","-112.4567","1447.8","CHINO VALLEY, AZ US","","","210.8",",0","9",",0","5",",0","0",",0","0",",0","0",",0","0",",0","0",",0","0",",0","31",",0","22",",0","","","","","10.6",",0,01,","0",",,0,31,+","0",",,0,31,+","11.7",",,0,29,","39.4",",0,09,+","0.0","0","0.0",",0","31.7",",,,0","0",",,,0","25.13",",0","34.21",",,,0","16.06",",,,0"
"USC00021654","1985-08","34.7569","-112.4567","1447.8","CHINO VALLEY, AZ US","","","158.1","1,0","1","1,0","0","1,0","0","1,0","0",",0","0",",0","0","1,0","0","1,0","0","1,0","30","1,0","21","1,0","","","","","8.3","1,0,16,+","0",",,0,31,+","0",",,0,31,+","1.3","1,,0,20,","38.3","1,0,25,","0.0","0","0.0","1,0","1.3","1,,,0","0",",,,0","23.60","1,0","33.00","1,,,0","14.20","1,,,0"
"USC00021654","1985-09","34.7569","-112.4567","1447.8","CHINO VALLEY, AZ US","","","","","4","4,0","1","4,0","0","4,0","0",",0","0",",0","","","","","0","5,0","23","5,0","0","5,0","","","","","","","0",",,0,30,+","0",",,0,30,+","5.6","4,,0,19,","31.1","5,0,15,+","","","","","9.4","4,,,0","0",",,,0","","","27.04","5,,,0","",""
"USC00021654","1985-10","34.7569","-112.4567","1447.8","CHINO VALLEY, AZ US","","","","","5","2,0","2","2,0","0","2,0","0",",0","0",",0","","","","","","","","","","","","","","","","","0",",,0,31,+","0",",,0,31,+","10.7","2,,0,11,","","","","","","","24.4","2,,,0","0",",,,0","","","","","",""
"USC00021654","1985-11","34.7569","-112.4567","1447.8","CHINO VALLEY, AZ US","","","","","2","5,0","1","5,0","0","5,0","","","","","","","","","","","","","","","","","","","","","","","","","6.4","5,,0,13,","","","","","","","29.5","1,a,,0","","","","","","","",""
"USC00021654","1985-12","34.7569","-112.4567","1447.8","CHINO VALLEY, AZ US","","","","","2","1,0","1","1,0","0","1,0","0",",0","0",",0","","","","","","","","","","","","","","","","","0",",,0,31,+","0",",,0,31,+","14.7","1,,0,02,","","","","","","","15.2","1,,,0","0",",,,0","","","","","",""
"USC00021654","1986-01","34.7569","-112.4567","1447.8","CHINO VALLEY, AZ US","","","","","2",",0","0",",0","0",",0","0",",0","0",",0","","","","","","","","","","","","","","","","","0",",,0,31,+","0",",,0,31,+","2.3",",,0,15,","","","","","","","3.1",",,,0","0",",,,0","","","","","",""
"USC00021654","1986-02","34.7569","-112.4567","1447.8","CHINO VALLEY, AZ US","","","","","","","","","","","","","0","3,0","","","","","","","","","","","","","","","","","","","0","3,,0,28,+","","","","","","","","","28.2",",a,,0","0","3,,,0","","","","","",""
"USC00021654","1986-03","34.7569","-112.4567","1447.8","CHINO VALLEY, AZ US","","","","","","","","","","","","","0","1,0","","","","","","","","","","","","","","","","","","","0","1,,0,31,+","","","","","","","","","47.1","1,a,,0","0","1,,,0","","","","","",""
"USC00021654","1986-04","34.7569","-112.4567","1447.8","CHINO VALLEY, AZ US","","","","","2",",0","1",",0","0",",0","0",",0","0",",0","","","","","","","","","","","","","","","","","0",",,0,30,+","0",",,0,30,+","6.1",",,0,02,","","","","","","","7.6",",,,0","0",",,,0","","","","","",""
"USC00021654","1986-05","34.7569","-112.4567","1447.8","CHINO VALLEY, AZ US","","","","","2",",0","0",",0","0",",0","0","1,0","0","1,0","","","","","","","","","","","","","","","","","0","1,,0,31,+","0","1,,0,31,+","1.8",",,0,31,","","","","","","","2.6",",,,0","0","1,,,0","","","","","",""
"USC00021654","1986-06","34.7569","-112.4567","1447.8","CHINO VALLEY, AZ US","","","","","3","4,0","2","4,0","0","4,0","0",",0","0",",0","","","","","","","","","","","","","","","","","0",",,0,30,+","0",",,0,30,+","20.1","4,,0,04,+","","","","","","","43.5","1,a,,0","0",",,,0","","","","","",""
"USC00021654","1986-07","34.7569","-112.4567","1447.8","CHINO VALLEY, AZ US","","","","","5","3,0","2","3,0","0","3,0","0",",0","0",",0","","","","","","","","","","","","","","","","","0",",,0,31,+","0",",,0,31,+","15.0","3,,0,03,","","","","","","","31.3",",a,,0","0",",,,0","","","","","",""
"USC00021654","1986-08","34.7569","-112.4567","1447.8","CHINO VALLEY, AZ US","","","","","","","","","","","0",",0","0",",0","","","","","","","","","","","","","","","","","0",",,0,31,+","0",",,0,31,+","","","","","","","","","20.7",",a,,0","0",",,,0","","","","","",""
"USC00021654","1986-09","34.7569","-112.4567","1447.8","CHINO VALLEY, AZ US","","","","","","","","","","","0",",0","0",",0","","","","","","","","","","","","","","","","","0",",,0,30,+","0",",,0,30,+","","","","","","","","","40.2","1,a,,0","0",",,,0","","","","","",""
"USC00021654","1986-10","34.7569","-112.4567","1447.8","CHINO VALLEY, AZ US","","","","","2","3,0","1","3,0","0","3,0","0",",0","0",",0","","","","","","","","","","","","","","","","","0",",,0,31,+","0",",,0,31,+","13.0","3,,0,10,","","","","","","","19.7",",a,,0","0",",,,0","","","","","",""
"USC00021654","1986-11","34.7569","-112.4567","1447.8","CHINO VALLEY, AZ US","","","","","2",",0","0",",0","0",",0","0",",0","0",",0","","","","","","","","","","","","","","","","","0",",,0,30,+","0",",,0,30,+","1.3",",,0,19,","","","","","","","1.6",",,,0","0",",,,0","","","","","",""
"USC00021654","1986-12","34.7569","-112.4567","1447.8","CHINO VALLEY, AZ US","","","","","6","1,0","4","1,0","0","1,0","0",",0","0",",0","","","","","","","","","","","","","","","","","0",",,0,31,+","0",",,0,31,+","7.4","1,,0,06,","","","","","","","25.0","1,,,0","0",",,,0","","","","","",""
"USC00021654","1987-01","34.7569","-112.4567","1447.8","CHINO VALLEY, AZ US","","","","","3","3,0","2","3,0","0","3,0","3",",0","3",",0","","","","","","","","","","","","","","","","","76",",,0,20,","64",",,0,20,","7.1","3,,0,08,","","","","","","","24.6",",a,,0","132",",,,0","","","","","",""
"USC00021654","1987-02","34.7569","-112.4567","1447.8","CHINO VALLEY, AZ US","","","","","6","2,0","3","2,0","1","2,0","","","2",",0","","","","","","","","","","","","","","","","","","","445",",,0,24,","46.2","2,,0,26,","","","","","","","63.9","2,,,0","470",",,,0","","","","","",""
"USC00021654","1987-03","34.7569","-112.4567","1447.8","CHINO VALLEY, AZ US","","","","","","","","","","","0",",0","0",",0","","","","","","","","","","","","","","","","","0",",T,0,23,+","0",",T,0,20,","","","","","","","","","14.0",",a,,0","0",",T,,0","","","","","",""
"USC00021654","1987-04","34.7569","-112.4567","1447.8","CHINO VALLEY, AZ US","","","","","2","3,0","2","3,0","0","3,0","0",",0","0",",0","","","","","","","","","","","","","","","","","0",",,0,30,+","0",",,0,30,+","8.6","3,,0,27,","","","","","","","13.2",",a,,0","0",",,,0","","","","","",""
"USC00021654","1987-05","34.7569","-112.4567","1447.8","CHINO VALLEY, AZ US","","","","","","","","","","","0",",0","0",",0","","","","","","","","","","","","","","","","","0",",,0,31,+","0",",,0,31,+","","","","","","","","","11.2",",a,,0","0",",,,0","","","","","",""
"USC00021654","1987-06","34.7569","-112.4567","1447.8","CHINO VALLEY, AZ US","","","87.7","1,0","4",",0","1",",0","0",",0","0",",0","0",",0","0","1,0","0","1,0","0","1,0","29","1,0","14","1,0","","","","","6.7","1,0,19,","0",",,0,30,+","0",",,0,30,+","17.3",",,0,07,","35.6","1,0,15,+","","","0.0","1,0","19.1",",,,0","0",",,,0","21.36","1,0","31.80","1,,,0","10.91","1,,,0"
"USC00021654","1987-07","34.7569","-112.4567","1447.8","CHINO VALLEY, AZ US","","","103.2","5,0","5","5,0","4","5,0","0","5,0","0",",0","0",",0","0","5,0","0","5,0","0","4,0","27","4,0","18","4,0","","","","","7.2","5,0,05,","0",",,0,31,+","0",",,0,31,+","7.6","5,,0,31,+","37.2","4,0,15,","0.0","0","0.0","4,0","33.7",",a,,0","0",",,,0","22.27","5,0","32.10","4,,,0","12.44","5,,,0"
"USC00021654","1987-08","34.7569","-112.4567","1447.8","CHINO VALLEY, AZ US","","","122.5","3,0","8","4,0","6","4,0","0","4,0","0",",0","0",",0","0","3,0","0","3,0","0","3,0","28","3,0","11","3,0","","","","","8.9","3,0,17,","0",",,0,31,+","0",",,0,31,+","19.1","4,,0,26,","35.0","3,0,19,","0.0","0","0.0","3,0","48.6","2,a,,0","0",",,,0","22.71","3,0","30.74","3,,,0","14.68","3,,,0"
"USC00021654","1987-09","34.7569","-112.4567","1447.8","CHINO VALLEY, AZ US","","","42.8","5,0","5",",0","4",",0","0",",0","0",",0","0",",0","0","5,0","0","5,0","0","3,0","27","3,0","2","3,0","","","","","5.0","5,0,14,","0",",,0,30,+","0",",,0,30,+","13.0",",,0,05,","33.9","3,0,01,","11.7","0","11.7","3,0","26.6",",,,0","0",",,,0","19.60","5,0","29.07","3,,,0","10.14","5,,,0"
"USC00021654","1987-10","34.7569","-112.4567","1447.8","CHINO VALLEY, AZ US","","","","","4","3,0","3","3,0","0","3,0","0",",0","0",",0","","","","","","","","","","","","","","","","","0",",,0,31,+","0",",,0,31,+","13.7","3,,0,30,","","","","","","","37.6",",a,,0","0",",,,0","","","","","",""
"USC00021654","1987-11","34.7569","-112.4567","1447.8","CHINO VALLEY, AZ US","","","","","4","3,0","3","3,0","1","3,0","0",",0","0",",0","","","","","","","","","","","","","","","","","0",",,0,30,+","0",",,0,30,+","35.6","3,,0,01,","","","","","","","66.3",",a,,0","0",",,,0","","","","","",""
"USC00021654","1987-12","34.7569","-112.4567","1447.8","CHINO VALLEY, AZ US","","","","","","","","","","","","","","","","","","","","","","","","","","","","","","","","","","","","","","","","","","","18.0",",a,,0","","","","","","","",""
"USC00021654","1988-01","34.7569","-112.4567","1447.8","CHINO VALLEY, AZ US","","","","","1","4,0","0","4,0","0","4,0","","","","","","","","","","","","","","","","","","","","","","","","","1.5","4,,0,06,","","","","","","","16.7",",a,,0","","","","","","","",""
"USC00021654","1988-02","34.7569","-112.4567","1447.8","CHINO VALLEY, AZ US","","","","","3","3,0","3","3,0","1","3,0","1",",0","0","1,0","","","","","","","","","","","","","","","","","25",",,0,03,","0","1,,0,29,+","26.9","3,,0,03,","","","","","","","34.7",",a,,0","0","1,,,0","","","","","",""
"USC00021654","1988-03","34.7569","-112.4567","1447.8","CHINO VALLEY, AZ US","","","","","","","","","","","0",",0","0",",0","","","","","","","","","","","","","","","","","0",",,0,31,+","0",",,0,31,+","","","","","","","","","","","0",",,,0","","","","","",""
"USC00021654","1988-04","34.7569","-112.4567","1447.8","CHINO VALLEY, AZ US","","","","","","","","","","","0",",0","0",",0","","","","","","","","","","","","","","","","","0",",,0,30,+","0",",,0,30,+","","","","","","","","","73.5",",a,,0","0",",,,0","","","","","",""
"USC00021654","1988-05","34.7569","-112.4567","1447.8","CHINO VALLEY, AZ US","","","","","0",",0","0",",0","0",",0","0",",0","0",",0","","","","","","","","","","","","","","","","","0",",,0,31,+","0",",,0,31,+","0.0",",T,0,02,","","","","","","","0.0",",T,,0","0",",,,0","","","","","",""
"USC00021654","1988-06","34.7569","-112.4567","1447.8","CHINO VALLEY, AZ US","","","119.8","3,0","3",",0","3",",0","0",",0","0",",0","0",",0","0","3,0","0","3,0","0","3,0","27","3,0","16","3,0","","","","","4.4","3,0,01,","0",",,0,30,+","0",",,0,30,+","23.1",",,0,30,","38.3","3,0,24,","","","8.9","3,0","31.0",",,,0","0",",,,0","22.44","3,0","31.89","3,,,0","12.99","3,,,0"
"USC00021654","1988-07","34.7569","-112.4567","1447.8","CHINO VALLEY, AZ US","","","172.6","2,0","5",",0","3",",0","0",",0","0",",0","0",",0","0","2,0","0","2,0","0","1,0","30","1,0","24","1,0","","","","","11.7","2,0,13,","0",",,0,31,+","0",",,0,31,+","11.2",",,0,11,","36.1","1,0,25,+","0.0","0","0.0","1,0","22.7",",,,0","0",",,,0","24.30","2,0","33.17","1,,,0","15.42","2,,,0"
"USC00021654","1988-08","34.7569","-112.4567","1447.8","CHINO VALLEY, AZ US","","","112.6","4,0","10",",0","8",",0","1",",0","0",",0","0",",0","0","4,0","0","4,0","0","2,0","28","2,0","11","2,0","","","","","10.0","4,0,15,","0",",,0,31,+","0",",,0,31,+","58.9",",,0,21,","35.6","2,0,15,","0.0","0","0.0","2,0","112.3",",,,0","0",",,,0","22.56","4,0","30.39","2,,,0","14.73","4,,,0"
"USC00021654","1988-09","34.7569","-112.4567","1447.8","CHINO VALLEY, AZ US","","","","","0","3,0","0","3,0","0","3,0","0",",0","0",",0","","","","","","","","","","","","","","","","","0",",,0,30,+","0",",,0,30,+","0.0","3,,0,30,+","","","","","","","4.6",",a,,0","0",",,,0","","","","","",""
"USC00021654","1988-10","34.7569","-112.4567","1447.8","CHINO VALLEY, AZ US","","","","","","","","","","","0",",0","0",",0","","","","","","","","","","","","","","","","","0",",,0,31,+","0",",,0,31,+","","","","","","","","","4.1",",a,,0","0",",,,0","","","","","",""
"USC00021654","1988-11","34.7569","-112.4567","1447.8","CHINO VALLEY, AZ US","","","","","","","","","","","","","","","","","","","","","","","","","","","","","","","","","","","","","","","","","","","16.9","1,a,,0","","","","","","","",""
"USC00021654","1988-12","34.7569","-112.4567","1447.8","CHINO VALLEY, AZ US","","","","","","","","","","","","","1","3,0","","","","","","","","","","","","","","","","","","","51","3,,0,19,","","","","","","","","","8.7","1,a,,0","64","3,,,0","","","","","",""
"USC00021654","1989-01","34.7569","-112.4567","1447.8","CHINO VALLEY, AZ US","","","","","3","4,0","3","4,0","0","4,0","0","2,0","0","4,0","","","","","","","","","","","","","","","","","0","2,,0,31,+","0","4,,0,31,+","8.4","4,,0,04,","","","","","","","16.5","4,,,0","0","4,,,0","","","","","",""
"USC00021654","1989-02","34.7569","-112.4567","1447.8","CHINO VALLEY, AZ US","","","","","0","3,0","0","3,0","0","3,0","0","2,0","0","3,0","","","","","","","","","","","","","","","","","0","2,,0,28,+","0","3,,0,28,+","0.0","3,,0,28,+","","","","","","","5.3",",a,,0","0","3,,,0","","","","","",""
"USC00021654","1989-03","34.7569","-112.4567","1447.8","CHINO VALLEY, AZ US","","","","","0","3,0","0","3,0","0","3,0","0","2,0","0","3,0","","","","","","","","","","","","","","","","","0","2,,0,31,+","0","3,,0,31,+","0.0","3,T,0,28,+","","","","","","","19.8",",a,,0","0","3,,,0","","","","","",""
"USC00021654","1989-04","34.7569","-112.4567","1447.8","CHINO VALLEY, AZ US","","","","","0","2,0","0","2,0","0","2,0","0",",0","0",",0","","","","","","","","","","","","","","","","","0",",,0,30,+","0",",,0,30,+","0.0","2,,0,30,+","","","","","","","0.0","2,,,0","0",",,,0","","","","","",""
"USC00021654","1989-05","34.7569","-112.4567","1447.8","CHINO VALLEY, AZ US","","","","","1",",0","1",",0","0",",0","0",",0","0",",0","","","","","","","","","","","","","","","","","0",",,0,31,+","0",",,0,31,+","5.1",",,0,17,","","","","","","","5.1",",,,0","0",",,,0","","","","","",""
"USC00021654","1989-06","34.7569","-112.4567","1447.8","CHINO VALLEY, AZ US","","","","","0",",0","0",",0","0",",0","0",",0","0",",0","","","","","","","","","","","","","","","","","0",",,0,30,+","0",",,0,30,+","0.0",",,0,30,+","","","","","","","0.0",",,,0","0",",,,0","","","","","",""
"USC00021654","1989-07","34.7569","-112.4567","1447.8","CHINO VALLEY, AZ US","","","","","5","3,0","3","3,0","0","3,0","0",",0","0",",0","","","","","","","","","","","","","","","","","0",",,0,31,+","0",",,0,31,+","8.4","3,,0,28,","","","","","","","20.7",",a,,0","0",",,,0","","","","","",""
"USC00021654","1989-08","34.7569","-112.4567","1447.8","CHINO VALLEY, AZ US","","","","","8",",0","5",",0","0",",0","0",",0","0",",0","","","","","","","","","","","","","","","","","0",",,0,31,+","0",",,0,31,+","14.2",",,0,08,","","","","","","","41.9",",,,0","0",",,,0","","","","","",""
"USC00021654","1989-09","34.7569","-112.4567","1447.8","CHINO VALLEY, AZ US","","","","","0",",0","0",",0","0",",0","0",",0","0",",0","","","","","","","","","","","","","","","","","0",",,0,30,+","0",",,0,30,+","0.0",",,0,30,+","","","","","","","0.0",",,,0","0",",,,0","","","","","",""
"USC00021654","1989-10","34.7569","-112.4567","1447.8","CHINO VALLEY, AZ US","","","","","1",",0","1",",0","0",",0","0",",0","0",",0","","","","","","","","","","","","","","","","","0",",,0,31,+","0",",,0,31,+","9.9",",,0,23,","","","","","","","9.9",",,,0","0",",,,0","","","","","",""
"USC00021654","1989-11","34.7569","-112.4567","1447.8","CHINO VALLEY, AZ US","","","","","0",",0","0",",0","0",",0","0",",0","0",",0","","","","","","","","","","","","","","","","","0",",,0,30,+","0",",,0,30,+","0.0",",,0,30,+","","","","","","","0.0",",,,0","0",",,,0","","","","","",""
"USC00021654","1989-12","34.7569","-112.4567","1447.8","CHINO VALLEY, AZ US","","","","","1",",0","1",",0","0",",0","0",",0","0",",0","","","","","","","","","","","","","","","","","0",",,0,31,+","0",",,0,31,+","14.2",",,0,29,","","","","","","","14.2",",,,0","0",",,,0","","","","","",""
"USC00021654","1990-01","34.7569","-112.4567","1447.8","CHINO VALLEY, AZ US","","","","","8","5,0","2","5,0","0","5,0","0","5,0","2",",0","","","","","","","","","","","","","","","","","0","5,,0,31,+","140",",,0,18,","16.3","5,,0,18,","","","","","","","36.2","1,a,,0","191",",,,0","","","","","",""
"USC00021654","1990-02","34.7569","-112.4567","1447.8","CHINO VALLEY, AZ US","","","","","4",",0","1",",0","0",",0","","","0","4,0","","","","","","","","","","","","","","","","","","","0","4,T,0,21,","5.8",",,0,02,","","","","","","","7.2",",,,0","0","4,T,,0","","","","","",""
"USC00021654","1990-03","34.7569","-112.4567","1447.8","CHINO VALLEY, AZ US","","","","","3","3,0","3","3,0","0","3,0","0",",0","0",",0","","","","","","","","","","","","","","","","","0",",,0,31,+","0",",,0,31,+","5.8","3,,0,29,","","","","","","","19.8",",a,,0","0",",,,0","","","","","",""
"USC00021654","1990-04","34.7569","-112.4567","1447.8","CHINO VALLEY, AZ US","","","","","5","1,0","2","1,0","0","1,0","0",",0","0",",0","","","","","","","","","","","","","","","","","0",",,0,30,+","0",",,0,30,+","10.7","1,,0,25,","","","","","","","19.4","1,,,0","0",",,,0","","","","","",""
"USC00021654","1990-05","34.7569","-112.4567","1447.8","CHINO VALLEY, AZ US","","","","","3","3,0","1","3,0","0","3,0","0",",0","0",",0","","","","","","","","","","","","","","","","","0",",,0,31,+","0",",,0,31,+","3.6","3,,0,02,","","","","","","","6.9",",a,,0","0",",,,0","","","","","",""
"USC00021654","1990-06","34.7569","-112.4567","1447.8","CHINO VALLEY, AZ US","","","117.5","2,0","2",",0","1",",0","0",",0","0",",0","0",",0","0","2,0","0","2,0","0","2,0","28","2,0","18","2,0","","","","","3.9","2,0,14,","0",",,0,30,+","0",",,0,30,+","7.6",",,0,10,","38.9","2,0,27,","","","8.9","2,0","8.4",",,,0","0",",,,0","22.21","2,0","33.09","2,,,0","11.33","2,,,0"
"USC00021654","1990-07","34.7569","-112.4567","1447.8","CHINO VALLEY, AZ US","","","166.7",",0","12",",0","9",",0","3",",0","0",",0","0",",0","0",",0","0",",0","0",",0","31",",0","18",",0","","","","","12.2",",0,29,+","0",",,0,31,+","0",",,0,31,+","61.0",",,0,14,","38.3",",0,01,","0.3","0","0.3",",0","179.6",",,,0","0",",,,0","23.70",",0","31.35",",,,0","16.05",",,,0"
"USC00021654","1990-08","34.7569","-112.4567","1447.8","CHINO VALLEY, AZ US","","","107.2","3,0","5","4,0","2","4,0","0","4,0","0",",0","0",",0","0","3,0","0","3,0","0","3,0","28","3,0","11","3,0","","","","","8.3","3,0,22,","0",",,0,31,+","0",",,0,31,+","14.5","4,,0,03,","35.0","3,0,10,","0.3","0","0.0","3,0","36.7","2,a,,0","0",",,,0","22.16","3,0","30.89","3,,,0","13.43","3,,,0"
"USC00021654","1990-09","34.7569","-112.4567","1447.8","CHINO VALLEY, AZ US","","","","","","","","","","","0",",0","0",",0","","","","","","","","","","","","","","","","","0",",,0,30,+","0",",,0,30,+","","","","","","","","","36.0","3,a,,0","0",",,,0","","","","","",""
"USC00021654","1990-10","34.7569","-112.4567","1447.8","CHINO VALLEY, AZ US","","","","","2",",0","1",",0","0",",0","0",",0","0",",0","","","","","","","","","","","","","","","","","0",",,0,31,+","0",",,0,31,+","14.5",",,0,02,","","","","","","","15.3",",,,0","0",",,,0","","","","","",""
"USC00021654","1990-11","34.7569","-112.4567","1447.8","CHINO VALLEY, AZ US","","","","","3","3,0","2","3,0","0","3,0","0",",0","0",",0","","","","","","","","","","","","","","","","","0",",,0,30,+","0",",,0,30,+","4.6","3,,0,20,","","","","","","","10.5",",a,,0","0",",,,0","","","","","",""
"USC00021654","1990-12","34.7569","-112.4567","1447.8","CHINO VALLEY, AZ US","","","","","3","3,0","1","3,0","0","3,0","0",",0","0",",0","","","","","","","","","","","","","","","","","0",",,0,31,+","0",",,0,31,+","2.5","3,,0,20,","","","","","","","5.3",",a,,0","0",",,,0","","","","","",""
"USC00021654","1991-01","34.7569","-112.4567","1447.8","CHINO VALLEY, AZ US","","","","","2","3,0","1","3,0","0","3,0","0",",0","0",",0","","","","","","","","","","","","","","","","","0",",,0,31,+","0",",,0,31,+","20.1","3,,0,04,","","","","","","","24.7",",a,,0","0",",,,0","","","","","",""
"USC00021654","1991-02","34.7569","-112.4567","1447.8","CHINO VALLEY, AZ US","","","","","2","4,0","1","4,0","0","4,0","0",",0","0",",0","","","","","","","","","","","","","","","","","0",",,0,28,+","0",",,0,28,+","11.2","4,,0,28,","","","","","","","14.0",",a,,0","0",",,,0","","","","","",""
"USC00021654","1991-03","34.7569","-112.4567","1447.8","CHINO VALLEY, AZ US","","","","","","","","","","","0",",0","0",",0","","","","","","","","","","","","","","","","","0",",,0,31,+","0",",,0,31,+","","","","","","","","","108.3","4,a,,0","0",",,,0","","","","","",""
"USC00021654","1991-04","34.7569","-112.4567","1447.8","CHINO VALLEY, AZ US","","","","","0",",0","0",",0","0",",0","0",",0","0",",0","","","","","","","","","","","","","","","","","0",",,0,30,+","0",",,0,30,+","0.0",",,0,30,+","","","","","","","0.0",",,,0","0",",,,0","","","","","",""
"USC00021654","1991-05","34.7569","-112.4567","1447.8","CHINO VALLEY, AZ US","","","","","0",",0","0",",0","0",",0","0",",0","0",",0","","","","","","","","","","","","","","","","","0",",,0,31,+","0",",,0,31,+","0.0",",,0,31,+","","","","","","","0.0",",,,0","0",",,,0","","","","","",""
"USC00021654","1991-06","34.7569","-112.4567","1447.8","CHINO VALLEY, AZ US","","","","","0","5,0","0","5,0","0","5,0","0","2,0","0","2,0","","","","","","","","","","","","","","","","","0","2,,0,30,+","0","2,,0,30,+","0.0","5,,0,30,+","","","","","","","5.1","2,a,,0","0","2,,,0","","","","","",""
"USC00021654","1991-07","34.7569","-112.4567","1447.8","CHINO VALLEY, AZ US","","","","","","","","","","","0",",0","0",",0","","","","","","","","","","","","","","","","","0",",,0,31,+","0",",,0,31,+","","","","","","","","","21.4",",a,,0","0",",,,0","","","","","",""
"USC00021654","1991-08","34.7569","-112.4567","1447.8","CHINO VALLEY, AZ US","","","","","","","","","","","0",",0","0",",0","","","","","","","","","","","","","","","","","0",",,0,31,+","0",",,0,31,+","","","","","","","","","30.5","5,a,,0","0",",,,0","","","","","",""
"USC00021654","1991-09","34.7569","-112.4567","1447.8","CHINO VALLEY, AZ US","","","","","3","3,0","0","3,0","0","3,0","0",",0","0",",0","","","","","","","","","","","","","","","","","0",",,0,30,+","0",",,0,30,+","0.8","3,,0,20,+","","","","","","","4.4",",a,,0","0",",,,0","","","","","",""
"USC00021654","1991-10","34.7569","-112.4567","1447.8","CHINO VALLEY, AZ US","","","","","2","3,0","0","3,0","0","3,0","0",",0","0",",0","","","","","","","","","","","","","","","","","0",",,0,31,+","0",",,0,31,+","2.3","3,,0,30,","","","","","","","9.5",",a,,0","0",",,,0","","","","","",""
"USC00021654","1991-11","34.7569","-112.4567","1447.8","CHINO VALLEY, AZ US","","","","","","","","","","","0","1,0","0","1,0","","","","","","","","","","","","","","","","","0","1,,0,30,+","0","1,,0,30,+","","","","","","","","","18.1","1,a,,0","0","1,,,0","","","","","",""
"USC00021654","1991-12","34.7569","-112.4567","1447.8","CHINO VALLEY, AZ US","","","","","7","5,0","3","5,0","0","5,0","0","3,0","0",",0","","","","","","","","","","","","","","","","","0","3,,0,31,+","0",",,0,31,+","8.9","5,,0,23,","","","","","","","40.9",",a,,0","305",",a,,0","","","","","",""
"USC00021654","1992-01","34.7569","-112.4567","1447.8","CHINO VALLEY, AZ US","","","","","","","","","","","","","","","","","","","","","","","","","","","","","","","","","","","","","","","","","","","22.6",",a,,0","","","","","","","",""
"USC00021654","1992-02","34.7569","-112.4567","1447.8","CHINO VALLEY, AZ US","","","","","","","","","","","0",",0","0",",0","","","","","","","","","","","","","","","","","0",",,0,29,+","0",",,0,29,+","","","","","","","","","62.0",",a,,0","0",",,,0","","","","","",""
"USC00021654","1992-03","34.7569","-112.4567","1447.8","CHINO VALLEY, AZ US","","","","","","","","","","","0","1,0","0","1,0","","","","","","","","","","","","","","","","","0","1,,0,31,+","0","1,,0,31,+","","","","","","","","","45.8",",a,,0","0","1,,,0","","","","","",""
"USC00021654","1992-04","34.7569","-112.4567","1447.8","CHINO VALLEY, AZ US","","","","","1",",0","1",",0","0",",0","0",",0","0",",0","","","","","","","","","","","","","","","","","0",",,0,30,+","0",",,0,30,+","15.5",",,0,02,","","","","","","","15.5",",,,0","0",",,,0","","","","","",""
"USC00021654","1992-05","34.7569","-112.4567","1447.8","CHINO VALLEY, AZ US","","","","","","","","","","","0",",0","0",",0","","","","","","","","","","","","","","","","","0",",,0,31,+","0",",,0,31,+","","","","","","","","","32.5",",a,,0","0",",,,0","","","","","",""
"USC00021654","1992-06","34.7569","-112.4567","1447.8","CHINO VALLEY, AZ US","","","","","4",",0","3",",0","0",",0","0",",0","0",",0","","","","","","","","","","","","","","","","","0",",,0,30,+","0",",,0,30,+","15.5",",,0,01,","","","","","","","36.1",",,,0","0",",,,0","","","","","",""
"USC00021654","1992-07","34.7569","-112.4567","1447.8","CHINO VALLEY, AZ US","","","","","","","","","","","0",",0","0",",0","","","","","","","","","","","","","","","","","0",",,0,31,+","0",",,0,31,+","","","","","","","","","45.6",",a,,0","0",",,,0","","","","","",""
"USC00021654","1992-08","34.7569","-112.4567","1447.8","CHINO VALLEY, AZ US","","","","","","","","","","","0",",0","0",",0","","","","","","","","","","","","","","","","","0",",,0,31,+","0",",,0,31,+","","","","","","","","","132.9",",a,,0","0",",,,0","","","","","",""
"USC00021654","1992-09","34.7569","-112.4567","1447.8","CHINO VALLEY, AZ US","","","","","0",",0","0",",0","0",",0","0",",0","0",",0","","","","","","","","","","","","","","","","","0",",,0,30,+","0",",,0,30,+","0.0",",,0,30,+","","","","","","","0.0",",,,0","0",",,,0","","","","","",""
"USC00021654","1992-10","34.7569","-112.4567","1447.8","CHINO VALLEY, AZ US","","","","","2","3,0","2","3,0","0","3,0","0",",0","0",",0","","","","","","","","","","","","","","","","","0",",,0,31,+","0",",,0,31,+","11.7","3,,0,29,","","","","","","","45.3",",a,,0","0",",,,0","","","","","",""
"USC00021654","1992-11","34.7569","-112.4567","1447.8","CHINO VALLEY, AZ US","","","","","0","3,0","0","3,0","0","3,0","0",",0","0",",0","","","","","","","","","","","","","","","","","0",",,0,30,+","0",",,0,30,+","0.0","3,,0,30,+","","","","","","","4.3",",a,,0","0",",,,0","","","","","",""
"USC00021654","1992-12","34.7569","-112.4567","1447.8","CHINO VALLEY, AZ US","","","","","","","","","","","0",",0","0",",0","","","","","","","","","","","","","","","","","0",",,0,31,+","0",",,0,31,+","","","","","","","","","64.6",",a,,0","0",",,,0","","","","","",""
"USC00021654","1993-01","34.7569","-112.4567","1447.8","CHINO VALLEY, AZ US","","","","","","","","","","","0",",0","0",",0","","","","","","","","","","","","","","","","","0",",,0,31,+","0",",,0,31,+","","","","","","","","","115.9",",a,,0","0",",,,0","","","","","",""
"USC00021654","1993-02","34.7569","-112.4567","1447.8","CHINO VALLEY, AZ US","","","","","","","","","","","","","","","","","","","","","","","","","","","","","","","","","","","","","","","","","","","128.0",",a,,0","","","","","","","",""
"USC00021654","1993-03","34.7569","-112.4567","1447.8","CHINO VALLEY, AZ US","","","","","2","3,0","1","3,0","0","3,0","0",",0","0",",0","","","","","","","","","","","","","","","","","0",",,0,31,+","0",",,0,31,+","4.8","3,,0,19,","","","","","","","20.5",",a,,0","0",",,,0","","","","","",""
"USC00021654","1993-04","34.7569","-112.4567","1447.8","CHINO VALLEY, AZ US","","","","","0",",0","0",",0","0",",0","0",",0","0",",0","","","","","","","","","","","","","","","","","0",",,0,30,+","0",",,0,30,+","0.0",",,0,30,+","","","","","","","0.0",",,,0","0",",,,0","","","","","",""
"USC00021654","1993-05","34.7569","-112.4567","1447.8","CHINO VALLEY, AZ US","","","","","3",",0","3",",0","1",",0","0",",0","0",",0","","","","","","","","","","","","","","","","","0",",,0,31,+","0",",,0,31,+","25.4",",,0,16,","","","","","","","59.2",",,,0","0",",,,0","","","","","",""
"USC00021654","1993-06","34.7569","-112.4567","1447.8","CHINO VALLEY, AZ US","","","","","0",",0","0",",0","0",",0","0",",0","0",",0","","","","","","","","","","","","","","","","","0",",,0,30,+","0",",,0,30,+","0.0",",,0,30,+","","","","","","","0.0",",,,0","0",",,,0","","","","","",""
"USC00021654","1993-07","34.7569","-112.4567","1447.8","CHINO VALLEY, AZ US","","","","","0",",0","0",",0","0",",0","0",",0","0",",0","","","","","","","","","","","","","","","","","0",",,0,31,+","0",",,0,31,+","0.0",",,0,31,+","","","","","","","0.0",",,,0","0",",,,0","","","","","",""
"USC00021654","1993-08","34.7569","-112.4567","1447.8","CHINO VALLEY, AZ US","","","","","","","","","","","0",",0","0",",0","","","","","","","","","","","","","","","","","0",",,0,31,+","0",",,0,31,+","","","","","","","","","51.8",",a,,0","0",",,,0","","","","","",""
"USC00021654","1993-09","34.7569","-112.4567","1447.8","CHINO VALLEY, AZ US","","","","","1","3,0","1","3,0","0","3,0","0",",0","0",",0","","","","","","","","","","","","","","","","","0",",,0,30,+","0",",,0,30,+","4.1","3,,0,14,","","","","","","","6.4",",a,,0","0",",,,0","","","","","",""
"USC00021654","1993-10","34.7569","-112.4567","1447.8","CHINO VALLEY, AZ US","","","","","","","","","","","0",",0","0",",0","","","","","","","","","","","","","","","","","0",",,0,31,+","0",",,0,31,+","","","","","","","","","35.3",",a,,0","0",",,,0","","","","","",""
"USC00021654","1993-11","34.7569","-112.4567","1447.8","CHINO VALLEY, AZ US","","","","","","","","","","","0","4,0","0",",0","","","","","","","","","","","","","","","","","0","4,,0,30,+","0",",,0,30,+","","","","","","","","","7.6","4,a,,0","51",",a,,0","","","","","",""
"USC00021654","1993-12","34.7569","-112.4567","1447.8","CHINO VALLEY, AZ US","","","","","1","4,0","0","4,0","0","4,0","0",",0","0",",0","","","","","","","","","","","","","","","","","0",",,0,31,+","0",",,0,31,+","0.3","4,,0,16,","","","","","","","6.7","1,a,,0","0",",,,0","","","","","",""
"USC00021654","1994-01","34.7569","-112.4567","1447.8","CHINO VALLEY, AZ US","","","","","1","3,0","0","3,0","0","3,0","0","5,0","1","3,0","","","","","","","","","","","","","","","","","0","5,,0,31,+","109","3,,0,28,","2.0","3,,0,26,","","","","","","","2.0","3,,,0","109","3,,,0","","","","","",""
"USC00021654","1994-02","34.7569","-112.4567","1447.8","CHINO VALLEY, AZ US","","","","","2",",0","1",",0","0",",0","0",",0","0",",0","","","","","","","","","","","","","","","","","0",",,0,28,+","0",",,0,28,+","12.7",",,0,08,","","","","","","","14.2",",,,0","0",",,,0","","","","","",""
"USC00021654","1994-03","34.7569","-112.4567","1447.8","CHINO VALLEY, AZ US","","","","","0","3,0","0","3,0","0","3,0","0",",0","0",",0","","","","","","","","","","","","","","","","","0",",,0,31,+","0",",,0,31,+","0.0","3,,0,31,+","","","","","","","3.8",",a,,0","0",",,,0","","","","","",""
"USC00021654","1994-04","34.7569","-112.4567","1447.8","CHINO VALLEY, AZ US","","","","","4",",0","1",",0","0",",0","0",",0","0",",0","","","","","","","","","","","","","","","","","0",",,0,30,+","0",",,0,30,+","24.4",",,0,11,","","","","","","","27.3",",,,0","0",",,,0","","","","","",""
"USC00021654","1994-05","34.7569","-112.4567","1447.8","CHINO VALLEY, AZ US","","","","","","","","","","","0",",0","0",",0","","","","","","","","","","","","","","","","","0",",,0,31,+","0",",,0,31,+","","","","","","","","","16.0",",a,,0","0",",,,0","","","","","",""
"USC00021654","1994-06","34.7569","-112.4567","1447.8","CHINO VALLEY, AZ US","","","","","0",",0","0",",0","0",",0","0",",0","0",",0","","","","","","","","","","","","","","","","","0",",,0,30,+","0",",,0,30,+","0.0",",,0,30,+","","","","","","","0.0",",,,0","0",",,,0","","","","","",""
"USC00021654","1994-07","34.7569","-112.4567","1447.8","CHINO VALLEY, AZ US","","","","","3","3,0","1","3,0","0","3,0","0",",0","0",",0","","","","","","","","","","","","","","","","","0",",,0,31,+","0",",,0,31,+","17.8","3,,0,29,","","","","","","","22.1",",a,,0","0",",,,0","","","","","",""
"USC00021654","1994-08","34.7569","-112.4567","1447.8","CHINO VALLEY, AZ US","","","","","","","","","","","0",",0","0",",0","","","","","","","","","","","","","","","","","0",",,0,31,+","0",",,0,31,+","","","","","","","","","47.6","1,a,,0","0",",,,0","","","","","",""
"USC00021654","1994-09","34.7569","-112.4567","1447.8","CHINO VALLEY, AZ US","","","","","5","5,0","3","5,0","2","5,0","0",",0","0",",0","","","","","","","","","","","","","","","","","0",",,0,30,+","0",",,0,30,+","45.2","5,,0,03,","","","","","","","82.8",",a,,0","0",",,,0","","","","","",""
"USC00021654","1994-10","34.7569","-112.4567","1447.8","CHINO VALLEY, AZ US","","","","","1","3,0","0","3,0","0","3,0","0",",0","0",",0","","","","","","","","","","","","","","","","","0",",,0,31,+","0",",,0,31,+","0.3","3,,0,14,","","","","","","","22.1",",a,,0","0",",,,0","","","","","",""
"USC00021654","1994-11","34.7569","-112.4567","1447.8","CHINO VALLEY, AZ US","","","","","0","4,0","0","4,0","0","4,0","0",",0","0",",0","","","","","","","","","","","","","","","","","0",",,0,30,+","0",",,0,30,+","0.0","4,T,0,08,+","","","","","","","11.4","1,a,,0","0",",,,0","","","","","",""
"USC00021654","1994-12","34.7569","-112.4567","1447.8","CHINO VALLEY, AZ US","","","","","","","","","","","0",",0","0",",0","","","","","","","","","","","","","","","","","0",",,0,31,+","0",",,0,31,+","","","","","","","","","43.7",",a,,0","0",",,,0","","","","","",""
"USC00021654","1995-01","34.7569","-112.4567","1447.8","CHINO VALLEY, AZ US","","","","","6","4,0","4","4,0","1","4,0","0",",0","0",",0","","","","","","","","","","","","","","","","","0",",,0,31,+","0",",,0,31,+","27.2","4,,0,05,","","","","","","","57.9",",a,,0","0",",,,0","","","","","",""
"USC00021654","1995-02","34.7569","-112.4567","1447.8","CHINO VALLEY, AZ US","","","","","4","3,0","3","3,0","0","3,0","0",",0","0",",0","","","","","","","","","","","","","","","","","0",",,0,28,+","0",",,0,28,+","18.3","3,,0,15,","","","","","","","39.2",",a,,0","0",",,,0","","","","","",""
"USC00021654","1995-03","34.7569","-112.4567","1447.8","CHINO VALLEY, AZ US","","","","","","","","","","","0",",0","0",",0","","","","","","","","","","","","","","","","","0",",,0,31,+","0",",,0,31,+","","","","","","","","","37.0",",a,,0","0",",,,0","","","","","",""
"USC00021654","1995-04","34.7569","-112.4567","1447.8","CHINO VALLEY, AZ US","","","","","3","3,0","1","3,0","0","3,0","0","5,0","0","3,0","","","","","","","","","","","","","","","","","0","5,,0,30,+","0","3,,0,30,+","4.1","3,,0,19,","","","","","","","10.9",",a,,0","0","3,,,0","","","","","",""
"USC00021654","1995-05","34.7569","-112.4567","1447.8","CHINO VALLEY, AZ US","","","","","2",",0","1",",0","0",",0","0",",0","0",",0","","","","","","","","","","","","","","","","","0",",,0,31,+","0",",,0,31,+","8.6",",,0,17,","","","","","","","9.4",",,,0","0",",,,0","","","","","",""
"USC00021654","1995-06","34.7569","-112.4567","1447.8","CHINO VALLEY, AZ US","","","","","1",",0","0",",0","0",",0","0",",0","0",",0","","","","","","","","","","","","","","","","","0",",,0,30,+","0",",,0,30,+","1.3",",,0,30,","","","","","","","1.3",",,,0","0",",,,0","","","","","",""
"USC00021654","1995-07","34.7569","-112.4567","1447.8","CHINO VALLEY, AZ US","","","","","2","3,0","2","3,0","0","3,0","0",",0","0",",0","","","","","","","","","","","","","2","","","","0",",,0,31,+","0",",,0,31,+","18.5","3,,0,12,","","","","","","","24.4",",a,,0","0",",,,0","","","","","",""
"USC00021654","1995-08","34.7569","-112.4567","1447.8","CHINO VALLEY, AZ US","","","","","","","","","","","0",",0","0",",0","","","","","","","","","","","","","","","","","0",",,0,31,+","0",",,0,31,+","","","","","","","","","28.7",",a,,0","0",",,,0","","","","","",""
"USC00021654","1995-09","34.7569","-112.4567","1447.8","CHINO VALLEY, AZ US","","","","","","","","","","","0",",0","0",",0","","","","","","","","","","","","","","","","","0",",,0,30,+","0",",,0,30,+","","","","","","","","","98.3",",a,,0","0",",,,0","","","","","",""
"USC00021654","1995-10","34.7569","-112.4567","1447.8","CHINO VALLEY, AZ US","","","","","0",",0","0",",0","0",",0","0",",0","0",",0","","","","","","","","","","","","","","","","","0",",,0,31,+","0",",,0,31,+","0.0",",,0,31,+","","","","","","","0.0",",,,0","0",",,,0","","","","","",""
"USC00021654","1995-11","34.7569","-112.4567","1447.8","CHINO VALLEY, AZ US","","","","","2","3,0","0","3,0","0","3,0","0",",0","0",",0","","","","","","","","","","","","","","","","","0",",,0,30,+","0",",,0,30,+","1.8","3,,0,01,","","","","","","","3.8",",a,,0","0",",,,0","","","","","",""
"USC00021654","1996-02","34.7569","-112.4567","1447.8","CHINO VALLEY, AZ US","","","","","","","","","","","0","3,0","1",",0","","","","","","","","","","","","","","","","","0","3,T,0,26,","81",",,0,26,","","","","","","","","","","","94",",,,0","","","","","",""
"USC00021654","1996-03","34.7569","-112.4567","1447.8","CHINO VALLEY, AZ US","","","","","2",",0","1",",0","0",",0","0",",0","0",",0","","","","","","","","","","","","","","","","","0",",T,0,13,","0",",,0,31,+","9.9",",,0,14,","","","","","","","10.7",",,,0","0",",,,0","","","","","",""
"USC00021654","1996-04","34.7569","-112.4567","1447.8","CHINO VALLEY, AZ US","","","","","0",",0","0",",0","0",",0","0",",0","0",",0","","","","","","","","","","","","","","","","","0",",,0,30,+","0",",,0,30,+","0.0",",,0,30,+","","","","","","","0.0",",,,0","0",",,,0","","","","","",""
"USC00021654","1996-05","34.7569","-112.4567","1447.8","CHINO VALLEY, AZ US","","","","","0",",0","0",",0","0",",0","0",",0","0",",0","","","","","","","","","","","","","","","","","0",",,0,31,+","0",",,0,31,+","0.0",",,0,31,+","","","","","","","0.0",",,,0","0",",,,0","","","","","",""
"USC00021654","1996-06","34.7569","-112.4567","1447.8","CHINO VALLEY, AZ US","","","","","1",",0","1",",0","0",",0","0",",0","0",",0","","","","","","","","","","","","","","","","","0",",,0,30,+","0",",,0,30,+","5.1",",,0,14,","","","","","","","5.1",",,,0","0",",,,0","","","","","",""
"USC00021654","1996-07","34.7569","-112.4567","1447.8","CHINO VALLEY, AZ US","","","","","","","","","","","0",",0","0",",0","","","","","","","","","","","","","","","","","0",",,0,31,+","0",",,0,31,+","","","","","","","","","69.8",",a,,0","0",",,,0","","","","","",""
"USC00021654","1996-08","34.7569","-112.4567","1447.8","CHINO VALLEY, AZ US","","","","","1","3,0","1","3,0","0","3,0","0",",0","0",",0","","","","","","","","","","","","","","","","","0",",,0,31,+","0",",,0,31,+","22.9","3,,0,02,","","","","","","","27.2",",a,,0","0",",,,0","","","","","",""
"USC00021654","1996-09","34.7569","-112.4567","1447.8","CHINO VALLEY, AZ US","","","","","","","","","","","0",",0","0",",0","","","","","","","","","","","","","1","","","","0",",,0,30,+","0",",,0,30,+","","","","","","","","","45.0",",a,,0","0",",,,0","","","","","",""
"USC00021654","1996-10","34.7569","-112.4567","1447.8","CHINO VALLEY, AZ US","","","","","1","3,0","0","3,0","0","3,0","0",",0","0","1,0","","","","","","","","","","","","","","","","","0",",,0,31,+","0","1,,0,31,+","0.5","3,,0,31,","","","","","","","4.6",",a,,0","0","1,,,0","","","","","",""
"USC00021654","1996-11","34.7569","-112.4567","1447.8","CHINO VALLEY, AZ US","","","","","2","5,0","2","5,0","0","5,0","0",",0","0",",0","","","","","","","","","","","","","","","","","0",",,0,30,+","0",",,0,30,+","6.9","5,,0,22,","","","","","","","15.0",",a,,0","0",",,,0","","","","","",""
"USC00021654","1996-12","34.7569","-112.4567","1447.8","CHINO VALLEY, AZ US","","","","","1",",0","1",",0","0",",0","0",",0","0",",0","","","","","","","","","","","","","","","","","0",",,0,31,+","0",",,0,31,+","4.8",",,0,10,","","","","","","","4.8",",,,0","0",",,,0","","","","","",""
"USC00021654","1997-01","34.7569","-112.4567","1447.8","CHINO VALLEY, AZ US","","","","","3","3,0","3","3,0","0","3,0","2",",0","0","2,0","","","","","","","","","","","","","","","","","51",",,0,14,","0","2,,0,31,+","16.5","3,,0,13,","","","","","","","57.6",",a,,0","0","2,,,0","","","","","",""
"USC00021654","1997-02","34.7569","-112.4567","1447.8","CHINO VALLEY, AZ US","","","","","3",",0","1",",0","0",",0","0",",0","0",",0","","","","","","","","","","","","","","","","","0",",,0,28,+","3",",,0,13,","17.8",",,0,28,","","","","","","","19.9",",,,0","3",",,,0","","","","","",""
"USC00021654","1997-03","34.7569","-112.4567","1447.8","CHINO VALLEY, AZ US","","","","","0",",0","0",",0","0",",0","0",",0","0",",0","","","","","","","","","","","","","","","","","0",",,0,31,+","0",",,0,31,+","0.0",",,0,31,+","","","","","","","0.0",",,,0","0",",,,0","","","","","",""
"USC00021654","1997-04","34.7569","-112.4567","1447.8","CHINO VALLEY, AZ US","","","","","3","3,0","2","3,0","0","3,0","0",",0","0",",0","","","","","","","","","","","","","","","","","0",",,0,30,+","0",",,0,30,+","20.1","3,,0,03,","","","","","","","28.0",",a,,0","0",",,,0","","","","","",""
"USC00021654","1997-05","34.7569","-112.4567","1447.8","CHINO VALLEY, AZ US","","","","","3",",0","0",",0","0",",0","0",",0","0",",0","","","","","","","","","","","","","","","","","0",",,0,31,+","0",",,0,31,+","1.5",",,0,20,","","","","","","","2.8",",,,0","0",",,,0","","","","","",""
"USC00021654","1997-06","34.7569","-112.4567","1447.8","CHINO VALLEY, AZ US","","","","","0","3,0","0","3,0","0","3,0","0",",0","0",",0","","","","","","","","","","","","","","","","","0",",,0,30,+","0",",,0,30,+","0.0","3,,0,30,+","","","","","","","1.5",",a,,0","0",",,,0","","","","","",""
"USC00021654","1997-07","34.7569","-112.4567","1447.8","CHINO VALLEY, AZ US","","","","","","","","","","","0",",0","0",",0","","","","","","","","","","","","","","","","","0",",,0,31,+","0",",,0,31,+","","","","","","","","","19.9",",a,,0","0",",,,0","","","","","",""
"USC00021654","1997-08","34.7569","-112.4567","1447.8","CHINO VALLEY, AZ US","","","","","","","","","","","0",",0","0",",0","","","","","","","","","","","","","","","","","0",",,0,31,+","0",",,0,31,+","","","","","","","","","67.0",",a,,0","0",",,,0","","","","","",""
"USC00021654","1997-09","34.7569","-112.4567","1447.8","CHINO VALLEY, AZ US","","","","","","","","","","","0",",0","0",",0","","","","","","","","","","","","","","","","","0",",,0,30,+","0",",,0,30,+","","","","","","","","","113.0","1,a,,0","0",",,,0","","","","","",""
"USC00021654","1997-10","34.7569","-112.4567","1447.8","CHINO VALLEY, AZ US","","","","","1",",0","1",",0","0",",0","0",",0","0",",0","","","","","","","","","","","","","","","","","0",",,0,31,+","0",",,0,31,+","7.6",",,0,07,","","","","","","","7.6",",,,0","0",",,,0","","","","","",""
"USC00021654","1997-11","34.7569","-112.4567","1447.8","CHINO VALLEY, AZ US","","","","","2","2,0","1","2,0","0","2,0","0",",0","0",",0","","","","","","","","","","","","","","","","","0",",,0,30,+","0",",,0,30,+","10.4","2,,0,14,","","","","","","","13.0",",a,,0","0",",,,0","","","","","",""
"USC00021654","1997-12","34.7569","-112.4567","1447.8","CHINO VALLEY, AZ US","","","","","","","","","","","0","2,0","0",",0","","","","","","","","","","","","","","","","","0","2,T,0,22,","0",",,0,31,+","","","","","","","","","48.3",",a,,0","20",",a,,0","","","","","",""
"USC00021654","1998-01","34.7569","-112.4567","1447.8","CHINO VALLEY, AZ US","","","","","","","","","","","0",",0","0",",0","","","","","","","","","","","","","","","","","0",",,0,31,+","0",",,0,31,+","","","","","","","","","24.9","4,a,,0","0",",,,0","","","","","",""
"USC00021654","1998-02","34.7569","-112.4567","1447.8","CHINO VALLEY, AZ US","","","","","","","","","","","0",",0","0",",0","","","","","","","","","","","","","","","","","0",",,0,28,+","0",",,0,28,+","","","","","","","","","47.2",",a,,0","0",",,,0","","","","","",""
"USC00021654","1998-03","34.7569","-112.4567","1447.8","CHINO VALLEY, AZ US","","","","","","","","","","","0",",0","0",",0","","","","","","","","","","","","","","","","","0",",,0,31,+","0",",,0,31,+","","","","","","","","","44.0",",a,,0","0",",,,0","","","","","",""
"USC00021654","1998-04","34.7569","-112.4567","1447.8","CHINO VALLEY, AZ US","","","","","","","","","","","0",",0","0",",0","","","","","","","","","","","","","","","","","0",",,0,30,+","0",",,0,30,+","","","","","","","","","30.6",",a,,0","0",",,,0","","","","","",""
"USC00021654","1998-05","34.7569","-112.4567","1447.8","CHINO VALLEY, AZ US","","","","","4",",0","2",",0","0",",0","0",",0","0",",0","","","","","","","","","","","","","","","","","0",",,0,31,+","0",",,0,31,+","5.3",",,0,21,","","","","","","","10.1",",,,0","0",",,,0","","","","","",""
"USC00021654","1998-06","34.7569","-112.4567","1447.8","CHINO VALLEY, AZ US","","","","","0",",0","0",",0","0",",0","0",",0","0",",0","","","","","","","","","","","","","","","","","0",",,0,30,+","0",",,0,30,+","0.0",",,0,30,+","","","","","","","0.0",",,,0","0",",,,0","","","","","",""
"USC00021654","1998-07","34.7569","-112.4567","1447.8","CHINO VALLEY, AZ US","","","","","","","","","","","0",",0","0",",0","","","","","","","","","","","","","","","","","0",",,0,31,+","0",",,0,31,+","","","","","","","","","120.8","5,a,,0","0",",,,0","","","","","",""
"USC00021654","1998-08","34.7569","-112.4567","1447.8","CHINO VALLEY, AZ US","","","","","","","","","","","0",",0","0",",0","","","","","","","","","","","","","","","","","0",",,0,31,+","0",",,0,31,+","","","","","","","","","88.7",",a,,0","0",",,,0","","","","","",""
"USC00021654","1998-09","34.7569","-112.4567","1447.8","CHINO VALLEY, AZ US","","","","","","","","","","","0",",0","0",",0","","","","","","","","","","","","","","","","","0",",,0,30,+","0",",,0,30,+","","","","","","","","","34.2",",a,,0","0",",,,0","","","","","",""
"USC00021654","1998-10","34.7569","-112.4567","1447.8","CHINO VALLEY, AZ US","","","","","5","2,0","2","2,0","0","2,0","","","0",",0","","","","","","","","","","","","","","","","","","","0",",,0,31,+","6.4","2,,0,26,","","","","","","","12.8","2,,,0","0",",,,0","","","","","",""
"USC00021654","1998-11","34.7569","-112.4567","1447.8","CHINO VALLEY, AZ US","","","","","","","","","","","0",",0","0",",0","","","","","","","","","","","","","","","","","0",",,0,30,+","0",",,0,30,+","","","","","","","","","33.5","1,a,,0","0",",,,0","","","","","",""
"USC00021654","1998-12","34.7569","-112.4567","1447.8","CHINO VALLEY, AZ US","","","","","1",",0","0",",0","0",",0","0",",0","0",",0","","","","","","","","","","","","","","","","","0",",,0,31,+","0",",,0,31,+","0.3",",,0,15,","","","","","","","0.3",",,,0","0",",,,0","","","","","",""
"USC00021654","1999-01","34.7569","-112.4567","1447.8","CHINO VALLEY, AZ US","","","","","1",",0","1",",0","0",",0","0",",0","0",",0","","","","","","","","","","","","","","","","","0",",,0,31,+","0",",,0,31,+","2.5",",,0,26,","","","","","","","2.5",",,,0","0",",,,0","","","","","",""
"USC00021654","1999-02","34.7569","-112.4567","1447.8","CHINO VALLEY, AZ US","","","","","2",",0","1",",0","0",",0","0",",0","0",",0","","","","","","","","","","","","","","","","","0",",,0,28,+","0",",,0,28,+","5.6",",,0,05,","","","","","","","7.4",",,,0","0",",,,0","","","","","",""
"USC00021654","1999-03","34.7569","-112.4567","1447.8","CHINO VALLEY, AZ US","","","","","2",",0","0",",0","0",",0","0",",0","0",",0","","","","","","","","","","","","","","","","","0",",,0,31,+","0",",,0,31,+","2.3",",,0,17,","","","","","","","4.1",",,,0","0",",,,0","","","","","",""
"USC00021654","1999-04","34.7569","-112.4567","1447.8","CHINO VALLEY, AZ US","","","","","4",",0","2",",0","0",",0","0",",0","0",",0","","","","","","","","","","","","","","","","","0",",,0,30,+","0",",,0,30,+","10.7",",,0,02,","","","","","","","16.0",",,,0","0",",,,0","","","","","",""
"USC00021654","1999-05","34.7569","-112.4567","1447.8","CHINO VALLEY, AZ US","","","","","2","2,0","1","2,0","0","2,0","0",",0","0",",0","","","","","","","","","","","","","","","","","0",",,0,31,+","0",",,0,31,+","4.6","2,,0,03,","","","","","","","6.9","2,,,0","0",",,,0","","","","","",""
"USC00021654","1999-06","34.7569","-112.4567","1447.8","CHINO VALLEY, AZ US","","","","","4",",0","2",",0","0",",0","0",",0","0",",0","","","","","","","","","","","","","","","","","0",",,0,30,+","0",",,0,30,+","11.7",",,0,02,","","","","","","","16.1",",,,0","0",",,,0","","","","","",""
"USC00021654","1999-07","34.7569","-112.4567","1447.8","CHINO VALLEY, AZ US","","","","","11","4,0","9","4,0","1","4,0","0",",0","0",",0","","","","","","","","","","","","","","","","","0",",,0,31,+","0",",,0,31,+","30.7","4,,0,28,","","","","","","","89.4","4,,,0","0",",,,0","","","","","",""
"USC00021654","1999-08","34.7569","-112.4567","1447.8","CHINO VALLEY, AZ US","","","","","","","","","","","0",",0","0",",0","","","","","","","","","","","","","","","","","0",",,0,31,+","0",",,0,31,+","","","","","","","","","","","0",",,,0","","","","","",""
"USC00021654","1999-09","34.7569","-112.4567","1447.8","CHINO VALLEY, AZ US","","","","","9","2,0","7","2,0","1","2,0","0",",0","0",",0","","","","","","","","","","","","","","","","","0",",,0,30,+","0",",,0,30,+","41.4","2,,0,15,","","","","","","","116.6","2,,,0","0",",,,0","","","","","",""
"USC00021654","1999-10","34.7569","-112.4567","1447.8","CHINO VALLEY, AZ US","","","","","0",",0","0",",0","0",",0","0",",0","0",",0","","","","","","","","","","","","","","","","","0",",,0,31,+","0",",,0,31,+","0.0",",,0,31,+","","","","","","","0.0",",,,0","0",",,,0","","","","","",""
"USC00021654","1999-11","34.7569","-112.4567","1447.8","CHINO VALLEY, AZ US","","","","","0",",0","0",",0","0",",0","0",",0","0",",0","","","","","","","","","","","","","","","","","0",",,0,30,+","0",",,0,30,+","0.0",",,0,30,+","","","","","","","0.0",",,,0","0",",,,0","","","","","",""
"USC00021654","1999-12","34.7569","-112.4567","1447.8","CHINO VALLEY, AZ US","","","","","0",",0","0",",0","0",",0","0",",0","0",",0","","","","","","","","","","","","","","","","","0",",,0,31,+","0",",,0,31,+","0.0",",,0,31,+","","","","","","","0.0",",,,0","0",",,,0","","","","","",""
"USC00021654","2000-01","34.7569","-112.4567","1447.8","CHINO VALLEY, AZ US","","","","","3","2,0","0","2,0","0","2,0","0",",0","0",",0","","","","","","","","","","","","","","","","","0",",,0,31,+","0",",,0,31,+","1.3","2,,0,03,","","","","","","","2.1","2,,,0","0",",,,0","","","","","",""
"USC00021654","2000-02","34.7569","-112.4567","1447.8","CHINO VALLEY, AZ US","","","","","4","3,0","3","3,0","0","3,0","0",",0","0",",0","","","","","","","","","","","","","","","","","0",",,0,29,+","0",",,0,29,+","18.0","3,,0,22,","","","","","","","29.0","3,,,0","0",",,,0","","","","","",""
"USC00021654","2000-03","34.7569","-112.4567","1447.8","CHINO VALLEY, AZ US","","","","","9","3,0","3","3,0","0","3,0","0",",0","0",",0","","","","","","","","","","","","","","","","","0",",,0,31,+","0",",,0,31,+","17.5","3,,0,06,","","","","","","","33.6","3,,,0","0",",,,0","","","","","",""
"USC00021654","2000-04","34.7569","-112.4567","1447.8","CHINO VALLEY, AZ US","","","","","2","2,0","0","2,0","0","2,0","0",",0","0",",0","","","","","","","","","","","","","","","","","0",",,0,30,+","0",",,0,30,+","2.3","2,,0,18,","","","","","","","2.6","2,,,0","0",",,,0","","","","","",""
"USC00021654","2000-05","34.7569","-112.4567","1447.8","CHINO VALLEY, AZ US","","","","","0",",0","0",",0","0",",0","0",",0","0",",0","","","","","","","","","","","","","","","","","0",",,0,31,+","0",",,0,31,+","0.0",",,0,31,+","","","","","","","0.0",",,,0","0",",,,0","","","","","",""
"USC00021654","2000-06","34.7569","-112.4567","1447.8","CHINO VALLEY, AZ US","","","","","5","2,0","1","2,0","0","2,0","","","0","1,0","","","","","","","","","","","","","","","","","","","0","1,,0,30,+","13.2","2,,0,22,","","","","","","","15.5","2,,,0","0","1,,,0","","","","","",""
"USC00021654","2000-07","34.7569","-112.4567","1447.8","CHINO VALLEY, AZ US","","","","","2","5,0","2","5,0","0","5,0","0",",0","0",",0","","","","","","","","","","","","","","","","","0",",,0,31,+","0",",,0,31,+","6.6","5,,0,24,","","","","","","","11.9","5,,,0","0",",,,0","","","","","",""
"USC00021654","2000-08","34.7569","-112.4567","1447.8","CHINO VALLEY, AZ US","","","","","","","","","","","0",",0","0","1,0","","","","","","","","","","","","","","","","","0",",,0,31,+","0","1,,0,31,+","","","","","","","","","","","0","1,,,0","","","","","",""
"USC00021654","2000-09","34.7569","-112.4567","1447.8","CHINO VALLEY, AZ US","","","","","2",",0","1",",0","0",",0","0",",0","0",",0","","","","","","","","","","","","","","","","","0",",,0,30,+","0",",,0,30,+","3.8",",,0,01,","","","","","","","5.3",",,,0","0",",,,0","","","","","",""
"USC00021654","2000-10","34.7569","-112.4567","1447.8","CHINO VALLEY, AZ US","","","","","","","","","","","0",",0","0",",0","","","","","","","","","","","","","","","","","0",",,0,31,+","0",",,0,31,+","","","","","","","","","","","0",",,,0","","","","","",""
"USC00021654","2000-11","34.7569","-112.4567","1447.8","CHINO VALLEY, AZ US","","","","","4","5,0","2","5,0","0","5,0","0",",0","0",",0","","","","","","","","","","","","","","","","","0",",,0,30,+","0",",,0,30,+","10.7","5,,0,13,","","","","","","","22.9","5,,,0","0",",,,0","","","","","",""
"USC00021654","2000-12","34.7569","-112.4567","1447.8","CHINO VALLEY, AZ US","","","","","0",",0","0",",0","0",",0","0",",0","0",",0","","","","","","","","","","","","","","","","","0",",,0,31,+","0",",,0,31,+","0.0",",,0,31,+","","","","","","","0.0",",,,0","0",",,,0","","","","","",""
"USC00021654","2001-01","34.7569","-112.4567","1447.8","CHINO VALLEY, AZ US","","","","","4","2,0","3","2,0","0","2,0","0",",0","1",",0","","","","","","","","","","","","","","","","","0",",,0,31,+","76",",,0,12,","19.6","2,,0,12,","","","","","","","28.8","2,,,0","76",",,,0","","","","","",""
"USC00021654","2001-02","34.7569","-112.4567","1447.8","CHINO VALLEY, AZ US","","","","","5","2,0","3","2,0","0","2,0","0",",0","0",",0","","","","","","","","","","","","","","","","","0",",,0,28,+","0",",,0,28,+","10.9","2,,0,14,","","","","","","","18.5","2,,,0","0",",,,0","","","","","",""
"USC00021654","2001-03","34.7569","-112.4567","1447.8","CHINO VALLEY, AZ US","","","","","4","4,0","3","4,0","0","4,0","0",",0","0",",0","","","","","","","","","","","","","","","","","0",",,0,31,+","0",",,0,31,+","11.4","4,,0,12,","","","","","","","27.9","4,,,0","0",",,,0","","","","","",""
"USC00021654","2001-04","34.7569","-112.4567","1447.8","CHINO VALLEY, AZ US","","","","","5","4,0","3","4,0","0","4,0","0",",0","0",",0","","","","","","","","","","","","","","","","","0",",,0,30,+","0",",,0,30,+","3.8","4,,0,06,","","","","","","","10.4","4,,,0","0",",,,0","","","","","",""
"USC00021654","2001-05","34.7569","-112.4567","1447.8","CHINO VALLEY, AZ US","","","","","0",",0","0",",0","0",",0","0",",0","0",",0","","","","","","","","","","","","","","","","","0",",,0,31,+","0",",,0,31,+","0.0",",T,0,14,","","","","","","","0.0",",T,,0","0",",,,0","","","","","",""
"USC00021654","2001-06","34.7569","-112.4567","1447.8","CHINO VALLEY, AZ US","","","","","2","2,0","1","2,0","0","2,0","0",",0","0",",0","","","","","","","","","","","","","","","","","0",",,0,30,+","0",",,0,30,+","3.8","2,,0,25,","","","","","","","4.3","2,,,0","0",",,,0","","","","","",""
"USC00021654","2001-07","34.7569","-112.4567","1447.8","CHINO VALLEY, AZ US","","","","","4","1,0","3","1,0","0","1,0","0",",0","0",",0","","","","","","","","","","","","","","","","","0",",,0,31,+","0",",,0,31,+","6.6","1,,0,26,","","","","","","","16.7","1,,,0","0",",,,0","","","","","",""
"USC00021654","2001-08","34.7569","-112.4567","1447.8","CHINO VALLEY, AZ US","","","","","","","","","","","0",",0","0",",0","","","","","","","","","","","","","","","","","0",",,0,31,+","0",",,0,31,+","","","","","","","","","","","0",",,,0","","","","","",""
"USC00021654","2001-09","34.7569","-112.4567","1447.8","CHINO VALLEY, AZ US","","","","","2","2,0","2","2,0","0","2,0","0",",0","0",",0","","","","","","","","","","","","","","","","","0",",,0,30,+","0",",,0,30,+","21.6","2,,0,14,","","","","","","","35.6","2,,,0","0",",,,0","","","","","",""
"USC00021654","2001-10","34.7569","-112.4567","1447.8","CHINO VALLEY, AZ US","","","","","2","5,0","1","5,0","0","5,0","0",",0","0",",0","","","","","","","","","","","","","","","","","0",",,0,31,+","0",",,0,31,+","6.4","5,,0,09,","","","","","","","6.7","5,,,0","0",",,,0","","","","","",""
"USC00021654","2001-11","34.7569","-112.4567","1447.8","CHINO VALLEY, AZ US","","","","","","","","","","","0",",0","0",",0","","","","","","","","","","","","","","","","","0",",,0,30,+","0",",,0,30,+","","","","","","","","","","","0",",,,0","","","","","",""
"USC00021654","2001-12","34.7569","-112.4567","1447.8","CHINO VALLEY, AZ US","","","","","","","","","","","0",",0","0",",0","","","","","","","","","","","","","","","","","0",",,0,31,+","0",",,0,31,+","","","","","","","","","","","0",",,,0","","","","","",""
"USC00021654","2002-01","34.7569","-112.4567","1447.8","CHINO VALLEY, AZ US","","","","","2","1,0","0","1,0","0","1,0","0",",0","0",",0","","","","","","","","","","","","","","","","","0",",,0,31,+","0",",,0,31,+","2.0","1,,0,02,","","","","","","","3.5","1,,,0","0",",,,0","","","","","",""
"USC00021654","2002-02","34.7569","-112.4567","1447.8","CHINO VALLEY, AZ US","","","","","0","1,0","0","1,0","0","1,0","0","1,0","0","1,0","","","","","","","","","","","","","","","","","0","1,,0,28,+","0","1,,0,28,+","0.0","1,,0,28,+","","","","","","","0.0","1,,,0","0","1,,,0","","","","","",""
"USC00021654","2002-03","34.7569","-112.4567","1447.8","CHINO VALLEY, AZ US","","","","","2",",0","1",",0","0",",0","0",",0","0",",0","","","","","","","","","","","","","","","","","0",",,0,31,+","0",",,0,31,+","14.0",",,0,29,","","","","","","","14.5",",,,0","0",",,,0","","","","","",""
"USC00021654","2002-04","34.7569","-112.4567","1447.8","CHINO VALLEY, AZ US","","","","","1","2,0","1","2,0","0","2,0","0",",0","0",",0","","","","","","","","","","","","","","","","","0",",,0,30,+","0",",,0,30,+","9.9","2,,0,08,","","","","","","","9.9","2,,,0","0",",,,0","","","","","",""
"USC00021654","2002-05","34.7569","-112.4567","1447.8","CHINO VALLEY, AZ US","","","","","0",",0","0",",0","0",",0","0",",0","0",",0","","","","","","","","","","","","","","","","","0",",,0,31,+","0",",,0,31,+","0.0",",,0,31,+","","","","","","","0.0",",,,0","0",",,,0","","","","","",""
"USC00021654","2002-06","34.7569","-112.4567","1447.8","CHINO VALLEY, AZ US","","","","","0",",0","0",",0","0",",0","0",",0","0",",0","","","","","","","","","","","","","","","","","0",",,0,30,+","0",",,0,30,+","0.0",",,0,30,+","","","","","","","0.0",",,,0","0",",,,0","","","","","",""
"USC00021654","2002-07","34.7569","-112.4567","1447.8","CHINO VALLEY, AZ US","","","","","6","1,0","3","1,0","0","1,0","0",",0","0",",0","","","","","","","","","","","","","","","","","0",",,0,31,+","0",",,0,31,+","5.3","1,,0,05,","","","","","","","13.4","1,,,0","0",",,,0","","","","","",""
"USC00021654","2002-08","34.7569","-112.4567","1447.8","CHINO VALLEY, AZ US","","","","","0",",0","0",",0","0",",0","0",",0","0",",0","","","","","","","","","","","","","","","","","0",",,0,31,+","0",",,0,31,+","0.0",",,0,31,+","","","","","","","0.0",",,,0","0",",,,0","","","","","",""
"USC00021654","2002-09","34.7569","-112.4567","1447.8","CHINO VALLEY, AZ US","","","","","5","4,0","3","4,0","1","4,0","0",",0","0",",0","","","","","","","","","","","","","","","","","0",",,0,30,+","0",",,0,30,+","39.6","4,,0,09,","","","","","","","59.8","4,,,0","0",",,,0","","","","","",""
"USC00021654","2002-10","34.7569","-112.4567","1447.8","CHINO VALLEY, AZ US","","","","","6","5,0","3","5,0","0","5,0","0",",0","0",",0","","","","","","","","","","","","","","","","","0",",,0,31,+","0",",,0,31,+","17.8","5,,0,17,","","","","","","","34.1","5,,,0","0",",,,0","","","","","",""
"USC00021654","2002-11","34.7569","-112.4567","1447.8","CHINO VALLEY, AZ US","","","","","0","4,0","0","4,0","0","4,0","0",",0","0",",0","","","","","","","","","","","","","","","","","0",",,0,30,+","0",",,0,30,+","0.0","4,,0,30,+","","","","","","","0.0","4,,,0","0",",,,0","","","","","",""
"USC00021654","2002-12","34.7569","-112.4567","1447.8","CHINO VALLEY, AZ US","","","","","","","","","","","0",",0","0",",0","","","","","","","","","","","","","","","","","0",",,0,31,+","0",",,0,31,+","","","","","","","","","","","0",",,,0","","","","","",""
"USC00021654","2003-01","34.7569","-112.4567","1447.8","CHINO VALLEY, AZ US","","","","","2","4,0","2","4,0","0","4,0","0",",0","0",",0","","","","","","","","","","","","","","","","","0",",,0,31,+","0",",,0,31,+","10.2","4,,0,21,","","","","","","","15.3","4,,,0","0",",,,0","","","","","",""
"USC00021654","2003-02","34.7569","-112.4567","1447.8","CHINO VALLEY, AZ US","","","","","6","4,0","5","4,0","0","4,0","0",",0","0",",0","","","","","","","","","","","","","","","","","0",",,0,28,+","0",",,0,28,+","22.9","4,,0,13,","","","","","","","58.7","4,,,0","0",",,,0","","","","","",""
"USC00021654","2003-03","34.7569","-112.4567","1447.8","CHINO VALLEY, AZ US","","","","","4","4,0","3","4,0","0","4,0","0",",0","0",",0","","","","","","","","","","","","","","","","","0",",,0,31,+","0",",,0,31,+","18.5","4,,0,17,","","","","","","","35.2","4,,,0","0",",,,0","","","","","",""
"USC00021654","2003-04","34.7569","-112.4567","1447.8","CHINO VALLEY, AZ US","","","","","1",",0","1",",0","0",",0","0",",0","0",",0","","","","","","","","","","","","","","","","","0",",,0,30,+","0",",,0,30,+","5.1",",,0,15,","","","","","","","5.1",",,,0","0",",,,0","","","","","",""
"USC00021654","2003-05","34.7569","-112.4567","1447.8","CHINO VALLEY, AZ US","","","","","0",",0","0",",0","0",",0","0",",0","0",",0","","","","","","","","","","","","","","","","","0",",,0,31,+","0",",,0,31,+","0.0",",,0,31,+","","","","","","","0.0",",,,0","0",",,,0","","","","","",""
"USC00021654","2003-06","34.7569","-112.4567","1447.8","CHINO VALLEY, AZ US","","","","","0",",0","0",",0","0",",0","0",",0","0",",0","","","","","","","","","","","","","","","","","0",",,0,30,+","0",",,0,30,+","0.0",",,0,30,+","","","","","","","0.0",",,,0","0",",,,0","","","","","",""
"USC00021654","2003-07","34.7569","-112.4567","1447.8","CHINO VALLEY, AZ US","","","","","","","","","","","0",",0","0",",0","","","","","","","","","","","","","","","","","0",",,0,31,+","0",",,0,31,+","","","","","","","","","45.5","1,a,,0","0",",,,0","","","","","",""
"USC00021654","2003-08","34.7569","-112.4567","1447.8","CHINO VALLEY, AZ US","","","","","","","","","","","0",",0","0",",0","","","","","","","","","","","","","","","","","0",",,0,31,+","0",",,0,31,+","","","","","","","","","67.3",",a,,0","0",",,,0","","","","","",""
"USC00021654","2003-09","34.7569","-112.4567","1447.8","CHINO VALLEY, AZ US","","","","","4","1,0","1","1,0","0","1,0","0",",0","0",",0","","","","","","","","","","","","","","","","","0",",,0,30,+","0",",,0,30,+","18.0","1,,0,10,","","","","","","","21.8","1,,,0","0",",,,0","","","","","",""
"USC00021654","2003-10","34.7569","-112.4567","1447.8","CHINO VALLEY, AZ US","","","","","0","4,0","0","4,0","0","4,0","0",",0","0",",0","","","","","","","","","","","","","","","","","0",",,0,31,+","0",",,0,31,+","0.0","4,,0,31,+","","","","","","","4.1",",a,,0","0",",,,0","","","","","",""
"USC00021654","2003-11","34.7569","-112.4567","1447.8","CHINO VALLEY, AZ US","","","","","","","","","","","0",",0","0",",0","","","","","","","","","","","","","","","","","0",",,0,30,+","0",",,0,30,+","","","","","","","","","29.2","1,a,,0","0",",,,0","","","","","",""
"USC00021654","2003-12","34.7569","-112.4567","1447.8","CHINO VALLEY, AZ US","","","","","1",",0","1",",0","0",",0","0",",0","0",",0","","","","","","","","","","","","","","","","","0",",,0,31,+","0",",,0,31,+","2.5",",,0,12,","","","","","","","2.5",",,,0","0",",,,0","","","","","",""
"USC00021654","2004-01","34.7569","-112.4567","1447.8","CHINO VALLEY, AZ US","","","","","","","","","","","0",",0","0",",0","","","","","","","","","","","","","","","","","0",",,0,31,+","0",",,0,31,+","","","","","","","","","14.5",",a,,0","0",",,,0","","","","","",""
"USC00021654","2004-02","34.7569","-112.4567","1447.8","CHINO VALLEY, AZ US","","","","","4","3,0","2","3,0","0","3,0","0",",0","0",",0","","","","","","","","","","","","","","","","","0",",,0,29,+","0",",,0,29,+","7.9","3,,0,24,","","","","","","","16.3",",a,,0","0",",,,0","","","","","",""
"USC00021654","2004-03","34.7569","-112.4567","1447.8","CHINO VALLEY, AZ US","","","","","1","3,0","1","3,0","0","3,0","0",",0","0",",0","","","","","","","","","","","","","","","","","0",",,0,31,+","0",",,0,31,+","6.9","3,,0,01,","","","","","","","14.8",",a,,0","0",",,,0","","","","","",""
"USC00021654","2004-04","34.7569","-112.4567","1447.8","CHINO VALLEY, AZ US","","","","","4","3,0","2","3,0","0","3,0","0",",0","0",",0","","","","","","","","","","","","","","","","","0",",,0,30,+","0",",,0,30,+","24.1","3,,0,06,","","","","","","","48.0",",a,,0","0",",,,0","","","","","",""
"USC00021654","2004-05","34.7569","-112.4567","1447.8","CHINO VALLEY, AZ US","","","","","0",",0","0",",0","0",",0","0",",0","0",",0","","","","","","","","","","","","","","","","","0",",,0,31,+","0",",,0,31,+","0.0",",,0,31,+","","","","","","","0.0",",,,0","0",",,,0","","","","","",""
"USC00021654","2004-06","34.7569","-112.4567","1447.8","CHINO VALLEY, AZ US","","","","","0",",0","0",",0","0",",0","0",",0","0",",0","","","","","","","","","","","","","","","","","0",",,0,30,+","0",",,0,30,+","0.0",",,0,30,+","","","","","","","0.0",",,,0","0",",,,0","","","","","",""
"USC00021654","2004-07","34.7569","-112.4567","1447.8","CHINO VALLEY, AZ US","","","","","","","","","","","0",",0","0",",0","","","","","","","","","","","","","","","","","0",",,0,31,+","0",",,0,31,+","","","","","","","","","18.3",",a,,0","0",",,,0","","","","","",""
"USC00021654","2004-08","34.7569","-112.4567","1447.8","CHINO VALLEY, AZ US","","","","","1","3,0","0","3,0","0","3,0","0",",0","0",",0","","","","","","","","","","","","","","","","","0",",,0,31,+","0",",,0,31,+","1.3","3,,0,19,","","","","","","","5.1",",a,,0","0",",,,0","","","","","",""
"USC00021654","2004-09","34.7569","-112.4567","1447.8","CHINO VALLEY, AZ US","","","","","2","3,0","0","3,0","0","3,0","0",",0","0",",0","","","","","","","","","","","","","","","","","0",",,0,30,+","0",",,0,30,+","1.8","3,,0,01,","","","","","","","15.0",",a,,0","0",",,,0","","","","","",""
"USC00021654","2004-10","34.7569","-112.4567","1447.8","CHINO VALLEY, AZ US","","","","","3","4,0","3","4,0","1","4,0","0",",0","0",",0","","","","","","","","","","","","","","","","","0",",,0,31,+","0",",,0,31,+","40.6","4,,0,22,","","","","","","","65.8",",a,,0","0",",,,0","","","","","",""
"USC00021654","2004-11","34.7569","-112.4567","1447.8","CHINO VALLEY, AZ US","","","0.0","5,0","","","","","","","0",",0","0",",0","0","5,0","17","5,0","0","5,0","1","5,0","0","5,0","","","","","-8.9","5,0,30,","0",",,0,30,+","0",",,0,30,+","","","22.8","5,0,08,","","","314.3","5,0","52.6","1,a,,0","0",",,,0","5.76","5,0","12.42","5,,,0","-0.90","5,,,0"
"USC00021654","2004-12","34.7569","-112.4567","1447.8","CHINO VALLEY, AZ US","","","0.0","4,0","4",",0","3",",0","0",",0","0",",0","0",",0","0","4,0","24","4,0","0","2,0","0","2,0","0","2,0","","","","","-8.9","4,0,24,+","0",",,0,31,+","0",",,0,31,+","20.3",",,0,29,","17.2","2,0,13,+","","","386.1","2,0","42.4",",,,0","0",",,,0","3.88","4,0","11.07","2,,,0","-3.31","4,,,0"
"USC00021654","2005-01","34.7569","-112.4567","1447.8","CHINO VALLEY, AZ US","","","","","11",",0","7",",0","1",",0","0",",0","0",",0","0","5,0","18","5,0","1","1,0","0","1,0","0","1,0","","","","","-6.7","5,0,07,","0",",,0,31,+","0",",,0,31,+","33.0",",,0,04,","18.9","1,0,19,","","","","","96.4",",,,0","0",",,,0","5.11","6,0","10.85","1,,,0","-0.63","5,,,0"
"USC00021654","2005-02","34.7569","-112.4567","1447.8","CHINO VALLEY, AZ US","","","0.0","3,0","8","4,0","5","4,0","1","4,0","0",",0","0",",0","0","2,0","14","2,0","0","1,0","0","1,0","0","1,0","","","","","-4.4","2,0,09,","0",",,0,28,+","0",",,0,28,+","27.9","4,,0,13,","14.4","1,0,28,+","","","315.5","1,0","77.8",",a,,0","0",",,,0","5.71","3,0","11.03","1,,,0","0.39","2,,,0"
"USC00021654","2005-03","34.7569","-112.4567","1447.8","CHINO VALLEY, AZ US","","","0.0","4,0","6",",0","4",",0","0",",0","0",",0","0",",0","0","4,0","14","4,0","0",",0","3",",0","0",",0","","","","","-4.4","4,0,16,","0",",,0,31,+","0",",,0,31,+","12.7",",,0,21,","22.8",",0,12,","","","297.7",",0","28.7",",,,0","0",",,,0","7.29","4,0","13.90",",,,0","0.67","4,,,0"
"USC00021654","2005-04","34.7569","-112.4567","1447.8","CHINO VALLEY, AZ US","","","0.0","1,0","4",",0","3",",0","0",",0","0",",0","0",",0","0","1,0","7","1,0","0","1,0","16","1,0","0","1,0","","","","","-2.2","1,0,11,","0",",,0,30,+","0",",,0,30,+","7.6",",,0,24,","26.1","1,0,16,","","","195.0","1,0","18.0",",,,0","0",",,,0","11.61","1,0","20.72","1,,,0","2.50","1,,,0"
"USC00021654","2005-05","34.7569","-112.4567","1447.8","CHINO VALLEY, AZ US","","","42.2",",0","0",",0","0",",0","0",",0","0",",0","0",",0","0",",0","1",",0","0",",0","27",",0","7",",0","","","","","-1.1",",0,11,","0",",,0,31,+","0",",,0,31,+","0.0",",,0,31,+","34.4",",0,23,+","","","64.7",",0","0.0",",,,0","0",",,,0","17.61",",0","26.97",",,,0","8.25",",,,0"
"USC00021654","2005-06","34.7569","-112.4567","1447.8","CHINO VALLEY, AZ US","","","83.4",",0","2",",0","1",",0","0",",0","0",",0","0",",0","0",",0","0",",0","0",",0","30",",0","10",",0","","","","","6.7",",0,08,","0",",,0,30,+","0",",,0,30,+","15.2",",,0,24,","36.7",",0,20,","","","5.9",",0","16.5",",,,0","0",",,,0","20.92",",0","30.37",",,,0","11.46",",,,0"
"USC00021654","2005-07","34.7569","-112.4567","1447.8","CHINO VALLEY, AZ US","","","226.6","1,0","6",",0","4",",0","1",",0","0",",0","0",",0","0","1,0","0","1,0","0","1,0","30","1,0","27","1,0","","","","","11.1","1,0,07,","0",",,0,31,+","0",",,0,31,+","26.7",",,0,26,","40.0","1,0,18,","0.0","0","0.0","1,0","44.3",",,,0","0",",,,0","25.89","1,0","35.27","1,,,0","16.51","1,,,0"
"USC00021654","2005-08","34.7569","-112.4567","1447.8","CHINO VALLEY, AZ US","","","155.9",",0","8",",0","6",",0","1",",0","0",",0","0",",0","0",",0","0",",0","0",",0","31",",0","10",",0","","","","","11.7",",0,31,","0",",,0,31,+","0",",,0,31,+","33.0",",,0,08,","35.6",",0,31,+","0.0","0","0.0",",0","72.4",",,,0","0",",,,0","23.36",",0","31.15",",,,0","15.57",",,,0"
"USC00021654","2005-09","34.7569","-112.4567","1447.8","CHINO VALLEY, AZ US","","","60.6","2,0","1",",0","1",",0","0",",0","0",",0","0",",0","0","1,0","0","1,0","0","1,0","29","1,0","4","1,0","","","","","5.0","1,0,15,","0",",,0,30,+","0",",,0,30,+","5.3",",,0,02,","33.3","1,0,01,","9.8","0","9.8","1,0","5.3",",,,0","0",",,,0","20.17","2,0","29.63","1,,,0","10.71","1,,,0"
"USC00021654","2005-10","34.7569","-112.4567","1447.8","CHINO VALLEY, AZ US","","","6.7","3,0","2",",0","2",",0","0",",0","0",",0","0","1,0","0","2,0","0","2,0","0","1,0","23","1,0","0","1,0","","","","","1.1","2,0,30,","0",",,0,31,+","0","1,,0,31,+","16.5",",,0,18,","28.9","1,0,07,+","119.2","0","109.4","1,0","24.1",",,,0","0","1,,,0","14.44","3,0","23.22","1,,,0","5.66","2,,,0"
"USC00021654","2005-11","34.7569","-112.4567","1447.8","CHINO VALLEY, AZ US","","","0.0","4,0","1",",0","1",",0","0",",0","0",",0","0",",0","0","4,0","18","4,0","0","1,0","7","1,0","0","1,0","","","","","-8.3","4,0,28,+","0",",,0,30,+","0",",,0,30,+","8.9",",,0,12,","23.3","1,0,10,+","394.6","0","275.4","1,0","8.9",",,,0","0",",,,0","7.86","4,0","17.60","1,,,0","-1.89","4,,,0"
"USC00021654","2005-12","34.7569","-112.4567","1447.8","CHINO VALLEY, AZ US","","","","","0",",0","0",",0","0",",0","0",",0","0",",0","","","","","0",",0","0",",0","0",",0","","","","","","","0",",,0,31,+","0",",,0,31,+","0.0",",,0,31,+","19.4",",0,22,","","","","","0.0",",,,0","0",",,,0","","","13.02",",,,0","",""
"USC00021654","2006-01","34.7569","-112.4567","1447.8","CHINO VALLEY, AZ US","","","","","1",",0","0",",0","0",",0","0",",0","0",",0","","","","","0","2,0","0","2,0","0","2,0","","","","","","","0",",,0,31,+","0",",,0,31,+","0.8",",,0,20,","20.0","2,0,06,","","","","","0.8",",,,0","0",",,,0","","","13.26","2,,,0","",""
"USC00021654","2006-02","34.7569","-112.4567","1447.8","CHINO VALLEY, AZ US","","","0.0","5,0","0",",0","0",",0","0",",0","0",",0","0",",0","0","4,0","24","4,0","0","1,0","0","1,0","0","1,0","","","","","-7.8","4,0,21,+","0",",,0,28,+","0",",,0,28,+","0.0",",,0,28,+","20.6","1,0,26,","","","294.2","1,0","0.0",",,,0","0",",,,0","5.48","5,0","15.97","1,,,0","-5.01","4,,,0"
"USC00021654","2006-03","34.7569","-112.4567","1447.8","CHINO VALLEY, AZ US","","","","","5",",0","3",",0","0",",0","0",",0","0",",0","","","","","0","2,0","1","2,0","0","2,0","","","","","","","0",",,0,31,+","0",",,0,31,+","7.6",",,0,13,","22.2","2,0,25,","","","","","19.0",",,,0","0",",,,0","","","14.61","2,,,0","",""
"USC00021654","2006-04","34.7569","-112.4567","1447.8","CHINO VALLEY, AZ US","","","0.0","3,0","2",",0","1",",0","0",",0","0",",0","0",",0","0","3,0","3","3,0","0",",0","18",",0","0",",0","","","","","-1.1","3,0,01,","0",",,0,30,+","0",",,0,30,+","4.6",",,0,06,","28.9",",0,30,","","","135.6",",0","5.9",",,,0","0",",,,0","13.30","3,0","22.15",",,,0","4.46","3,,,0"
"USC00021654","2006-05","34.7569","-112.4567","1447.8","CHINO VALLEY, AZ US","","","66.8","2,0","0",",0","0",",0","0",",0","0",",0","0",",0","0","2,0","0","2,0","0",",0","31",",0","8",",0","","","","","5.0","2,0,28,","0",",,0,31,+","0",",,0,31,+","0.0",",T,0,23,","33.3",",0,24,+","","","13.0",",0","0.0",",T,,0","0",",,,0","20.29","2,0","29.09",",,,0","11.50","2,,,0"
"USC00021654","2006-06","34.7569","-112.4567","1447.8","CHINO VALLEY, AZ US","","","200.6","2,0","2",",0","1",",0","0",",0","0",",0","0",",0","0","2,0","0","2,0","0",",0","30",",0","24",",0","","","","","11.1","2,0,10,","0",",,0,30,+","0",",,0,30,+","4.1",",,0,28,","37.8",",0,24,+","","","0.0",",0","4.9",",,,0","0",",,,0","25.47","2,0","34.05",",,,0","16.90","2,,,0"
"USC00021654","2006-07","34.7569","-112.4567","1447.8","CHINO VALLEY, AZ US","","","228.1","2,0","10",",0","5",",0","0",",0","0",",0","0",",0","0","1,0","0","1,0","0","1,0","30","1,0","19","1,0","","","","","14.4","1,0,09,","0",",,0,31,+","0",",,0,31,+","16.5",",,0,30,","38.9","1,0,24,+","0.0","0","0.0","1,0","45.6",",,,0","0",",,,0","26.20","2,0","33.12","1,,,0","19.27","1,,,0"
"USC00021654","2006-08","34.7569","-112.4567","1447.8","CHINO VALLEY, AZ US","","","159.0","1,0","11",",0","5",",0","0",",0","0",",0","0",",0","0","1,0","0","1,0","0",",0","31",",0","8",",0","","","","","10.0","1,0,26,","0",",,0,31,+","0",",,0,31,+","10.2",",,0,31,","33.9",",0,21,+","0.0","0","0.0",",0","37.1",",,,0","0",",,,0","23.59","1,0","30.79",",,,0","16.39","1,,,0"
"USC00021654","2006-09","34.7569","-112.4567","1447.8","CHINO VALLEY, AZ US","","","46.1","3,0","6",",0","6",",0","1",",0","0",",0","0",",0","0","3,0","0","3,0","0",",0","30",",0","1",",0","","","","","3.9","3,0,21,","0",",,0,30,+","0",",,0,30,+","26.7",",,0,08,","32.2",",0,01,","27.9","0","27.9",",0","61.0",",,,0","0",",,,0","18.82","3,0","27.20",",,,0","10.45","3,,,0"
"USC00021654","2006-10","34.7569","-112.4567","1447.8","CHINO VALLEY, AZ US","","","10.5","4,0","6",",0","3",",0","0",",0","0",",0","0",",0","0","4,0","5","4,0","0",",0","18",",0","0",",0","","","","","-1.7","4,0,27,","0",",,0,31,+","0",",,0,31,+","15.2",",,0,16,","29.4",",0,01,","182.0","0","154.1",",0","24.0",",,,0","0",",,,0","12.87","4,0","21.44",",,,0","4.30","4,,,0"
"USC00021654","2006-11","34.7569","-112.4567","1447.8","CHINO VALLEY, AZ US","","","0.0","3,0","0",",0","0",",0","0",",0","0",",0","0",",0","0","3,0","20","3,0","0","2,0","9","2,0","0","2,0","","","","","-12.2","3,0,30,","0",",,0,30,+","0",",,0,30,+","0.0",",,0,30,+","25.6","2,0,08,","453.5","0","271.5","2,0","0.0",",,,0","0",",,,0","8.42","3,0","17.84","2,,,0","-1.00","3,,,0"
"USC00021654","2006-12","34.7569","-112.4567","1447.8","CHINO VALLEY, AZ US","","","","","2",",0","1",",0","0",",0","0",",0","0",",0","0","5,0","25","5,0","0","1,0","0","1,0","0","1,0","","","","","-11.1","5,0,04,","0",",,0,31,+","0",",,0,31,+","2.5",",,0,28,","18.9","1,0,15,","","","","","3.3",",,,0","0",",,,0","2.96","6,0","11.87","1,,,0","-5.95","5,,,0"
"USC00021654","2007-01","34.7569","-112.4567","1447.8","CHINO VALLEY, AZ US","0.0","0","0.0","4,0","2","3,0","1","3,0","0","3,0","0",",0","0",",0","0","3,0","27","3,0","1","1,0","0","1,0","0","1,0","","","","","-14.4","3,0,14,","0",",,0,31,+","0",",,0,31,+","4.1","3,,0,31,","16.7","1,0,08,","","","444.2","1,0","11.5",",a,,0","0",",,,0","1.71","4,0","9.65","1,,,0","-6.24","3,,,0"
"USC00021654","2007-02","34.7569","-112.4567","1447.8","CHINO VALLEY, AZ US","0.0","0","0.0","3,0","3","4,0","3","4,0","0","4,0","0",",0","0",",0","0","2,0","22","2,0","0","1,0","0","1,0","0","1,0","","","","","-7.8","2,0,03,+","0",",,0,28,+","0",",,0,28,+","5.1","4,,0,12,","19.4","1,0,09,+","","","305.6","1,0","15.7",",a,,0","0",",,,0","6.19","3,0","14.65","1,,,0","-2.27","2,,,0"
"USC00021654","2007-03","34.7569","-112.4567","1447.8","CHINO VALLEY, AZ US","0.0","0","0.0","2,0","3",",0","3",",0","0",",0","0",",0","0",",0","0","1,0","12","1,0","0","1,0","15","1,0","0","1,0","","","","","-8.9","1,0,01,","0",",,0,31,+","0",",,0,31,+","23.4",",,0,23,","29.4","1,0,17,","","","231.6","1,0","35.1",",,,0","0",",,,0","10.33","2,0","19.68","1,,,0","0.97","1,,,0"
"USC00021654","2007-04","34.7569","-112.4567","1447.8","CHINO VALLEY, AZ US","2.8","0","2.8",",0","2",",0","1",",0","0",",0","0",",0","0",",0","0",",0","3",",0","0",",0","20",",0","0",",0","","","","","-2.8",",0,19,","0",",,0,30,+","0",",,0,30,+","6.4",",,0,29,","31.1",",0,28,","","","152.0",",0","7.2",",,,0","0",",,,0","13.36",",0","22.35",",,,0","4.37",",,,0"
"USC00021654","2007-05","34.7569","-112.4567","1447.8","CHINO VALLEY, AZ US","33.4","0","30.6","2,0","0",",0","0",",0","0",",0","0",",0","0",",0","0","1,0","0","1,0","0","2,0","26","2,0","2","2,0","","","","","2.2","1,0,05,+","0",",,0,31,+","0",",,0,31,+","0.0",",,0,31,+","33.3","2,0,12,","","","32.5","2,0","0.0",",,,0","0",",,,0","18.31","2,0","27.77","2,,,0","8.85","1,,,0"
"USC00021654","2007-06","34.7569","-112.4567","1447.8","CHINO VALLEY, AZ US","176.5","0","143.1",",0","0",",0","0",",0","0",",0","0",",0","0",",0","0",",0","0",",0","0",",0","30",",0","22",",0","","","","","4.4",",0,07,","0",",,0,30,+","0",",,0,30,+","0.0",",,0,30,+","37.2",",0,30,+","","","5.0",",0","0.0",",,,0","0",",,,0","22.94",",0","33.34",",,,0","12.54",",,,0"
"USC00021654","2007-07","34.7569","-112.4567","1447.8","CHINO VALLEY, AZ US","413.2","0","236.7",",0","8",",0","6",",0","0",",0","0",",0","0",",0","0",",0","0",",0","0",",0","31",",0","20",",0","","","","","12.8",",0,01,","0",",,0,31,+","0",",,0,31,+","9.7",",,0,11,","40.6",",0,04,","0.0","0","0.0",",0","40.5",",,,0","0",",,,0","25.97",",0","34.09",",,,0","17.85",",,,0"
"USC00021654","2007-08","34.7569","-112.4567","1447.8","CHINO VALLEY, AZ US","617.5","0","204.3",",0","2",",0","2",",0","1",",0","0",",0","0",",0","0",",0","0",",0","0",",0","31",",0","23",",0","","","","","12.8",",0,28,+","0",",,0,31,+","0",",,0,31,+","31.5",",,0,15,","36.1",",0,29,+","0.0","0","0.0",",0","36.6",",,,0","0",",,,0","24.92",",0","33.08",",,,0","16.77",",,,0"
"USC00021654","2007-09","34.7569","-112.4567","1447.8","CHINO VALLEY, AZ US","711.5","0","94.0","2,0","4",",0","4",",0","0",",0","0",",0","0",",0","0","2,0","0","2,0","0",",0","30",",0","12",",0","","","","","5.0","2,0,30,+","0",",,0,30,+","0",",,0,30,+","24.1",",,0,24,","35.0",",0,01,","19.7","0","19.7",",0","57.1",",,,0","0",",,,0","20.88","2,0","29.12",",,,0","12.64","2,,,0"
"USC00021654","2007-10","34.7569","-112.4567","1447.8","CHINO VALLEY, AZ US","711.8","0","0.3","1,0","1","2,0","1","2,0","0","2,0","0",",0","0",",0","0","1,0","0","1,0","0",",0","22",",0","0",",0","","","","","0.6","1,0,22,","0",",,0,31,+","0",",,0,31,+","22.9","2,,0,01,","27.8",",0,11,+","154.7","0","135.0",",0","22.9","2,,,0","0",",,,0","13.90","1,0","23.39",",,,0","4.41","1,,,0"
"USC00021654","2007-11","34.7569","-112.4567","1447.8","CHINO VALLEY, AZ US","711.8","0","0.0","1,0","0",",0","0",",0","0",",0","0",",0","0",",0","0","1,0","8","1,0","0",",0","19",",0","0",",0","","","","","-6.7","1,0,25,","0",",,0,30,+","0",",,0,30,+","0.0",",T,0,30,","25.6",",0,06,","373.5","0","218.8",",0","0.0",",T,,0","0",",,,0","10.64","1,0","19.92",",,,0","1.36","1,,,0"
"USC00021654","2007-12","34.7569","-112.4567","1447.8","CHINO VALLEY, AZ US","711.8","0","0.0","5,0","2",",0","2",",0","0",",0","0",",0","0",",0","0","5,0","24","5,0","0",",0","0",",0","0",",0","","","","","-9.4","5,0,26,","0",",,0,31,+","0",",,0,31,+","21.6",",,0,01,","18.9",",0,04,","797.5","0","424.0",",0","29.7",",,,0","0",",,,0","2.22","5,0","9.31",",,,0","-4.87","5,,,0"
"USC00021654","2008-01","34.7569","-112.4567","1447.8","CHINO VALLEY, AZ US","0.0","0","0.0","4,0","5",",0","5",",0","0",",0","0",",0","0",",0","0","4,0","23","4,0","0",",0","0",",0","0",",0","","","","","-10.6","4,0,17,","0",",,0,31,+","0",",,0,31,+","22.9",",,0,27,+","14.4",",0,11,","1226.3","0","428.8",",0","53.8",",,,0","0",",,,0","2.47","4,0","9.30",",,,0","-4.36","4,,,0"
"USC00021654","2008-02","34.7569","-112.4567","1447.8","CHINO VALLEY, AZ US","0.0","0","0.0","4,0","5",",0","3",",0","0",",0","0",",0","0",",0","0","2,0","19","2,0","0","2,0","2","2,0","0","2,0","","","","","-7.8","2,0,06,","0",",,0,29,+","0",",,0,29,+","11.4",",,0,20,","21.1","2,0,29,+","1552.2","0","325.9","2,0","31.2",",,,0","0",",,,0","5.49","4,0","12.97","2,,,0","-1.99","2,,,0"
"USC00021654","2008-03","34.7569","-112.4567","1447.8","CHINO VALLEY, AZ US","","","","","1",",0","1",",0","0",",0","0",",0","0",",0","0","4,0","18","4,0","0","2,0","11","2,0","0","2,0","","","","","-4.4","4,0,07,","0",",,0,31,+","0",",,0,31,+","2.5",",,0,17,","23.3","2,0,27,+","","","","","2.5",",,,0","0",",,,0","9.38","6,0","18.47","2,,,0","0.29","4,,,0"
"USC00021654","2008-04","34.7569","-112.4567","1447.8","CHINO VALLEY, AZ US","","","3.9","2,0","0",",0","0",",0","0",",0","0",",0","0",",0","0","2,0","5","2,0","0","1,0","21","1,0","0","1,0","","","","","-1.7","2,0,21,","0",",,0,30,+","0",",,0,30,+","0.0",",,0,30,+","28.3","1,0,29,","","","136.6","1,0","0.0",",,,0","0",",,,0","13.47","2,0","22.32","1,,,0","4.62","2,,,0"
"USC00021654","2008-05","34.7569","-112.4567","1447.8","CHINO VALLEY, AZ US","","","29.0","5,0","4",",0","3",",0","0",",0","0",",0","0",",0","0","4,0","1","4,0","0","2,0","23","2,0","4","2,0","","","","","-0.6","4,0,14,","0",",,0,31,+","0",",,0,31,+","17.3",",,0,23,","35.6","2,0,20,+","","","79.5","2,0","31.8",",,,0","0",",,,0","16.25","5,0","25.24","2,,,0","7.26","4,,,0"
"USC00021654","2008-06","34.7569","-112.4567","1447.8","CHINO VALLEY, AZ US","","","130.8","2,0","0",",0","0",",0","0",",0","0",",0","0",",0","0","1,0","0","1,0","0","1,0","29","1,0","19","1,0","","","","","6.1","1,0,12,+","0",",,0,30,+","0",",,0,30,+","0.0",",,0,30,+","37.8","1,0,22,","","","4.1","1,0","0.0",",,,0","0",",,,0","22.96","2,0","33.09","1,,,0","12.83","1,,,0"
"USC00021654","2008-07","34.7569","-112.4567","1447.8","CHINO VALLEY, AZ US","","","200.8","2,0","5",",0","5",",0","1",",0","0",",0","0",",0","0","2,0","0","2,0","0","1,0","30","1,0","24","1,0","","","","","11.7","2,0,22,","0",",,0,31,+","0",",,0,31,+","42.7",",,0,07,","37.8","1,0,03,+","0.0","0","0.0","1,0","81.9",",,,0","0",",,,0","25.32","2,0","33.24","1,,,0","17.40","2,,,0"
"USC00021654","2008-08","34.7569","-112.4567","1447.8","CHINO VALLEY, AZ US","","","207.1",",0","8",",0","7",",0","0",",0","0",",0","0",",0","0",",0","0",",0","0",",0","31",",0","20",",0","","","","","12.8",",0,20,+","0",",,0,31,+","0",",,0,31,+","23.1",",,0,25,","37.8",",0,01,","0.0","0","0.0",",0","88.4",",,,0","0",",,,0","25.01",",0","32.64",",,,0","17.39",",,,0"
"USC00021654","2008-09","34.7569","-112.4567","1447.8","CHINO VALLEY, AZ US","","","","","2",",0","2",",0","0",",0","0",",0","0","1,0","","","","","","","","","","","","","","","","","0",",,0,30,+","0","1,,0,30,+","10.7",",,0,09,","","","","","","","20.9",",,,0","0","1,,,0","","","","","",""
"USC00021654","2008-10","34.7569","-112.4567","1447.8","CHINO VALLEY, AZ US","","","4.7","2,0","0",",0","0",",0","0",",0","0",",0","0",",0","0","2,0","2","2,0","0",",0","26",",0","0",",0","","","","","-4.4","2,0,12,","0",",,0,31,+","0",",,0,31,+","0.0",",,0,31,+","29.4",",0,02,","","","111.0",",0","0.0",",,,0","0",",,,0","14.77","2,0","24.39",",,,0","5.14","2,,,0"
"USC00021654","2008-11","34.7569","-112.4567","1447.8","CHINO VALLEY, AZ US","","","0.0","2,0","2",",0","2",",0","1",",0","0",",0","0",",0","0","2,0","14","2,0","0",",0","9",",0","0",",0","","","","","-3.3","2,0,06,","0",",,0,30,+","0",",,0,30,+","27.4",",,0,28,","26.7",",0,01,","","","248.8",",0","31.2",",,,0","0",",,,0","9.44","2,0","17.91",",,,0","0.97","2,,,0"
"USC00021654","2008-12","34.7569","-112.4567","1447.8","CHINO VALLEY, AZ US","","","0.0","2,0","5",",0","4",",0","0",",0","0",",0","0",",0","0","1,0","28","1,0","0","1,0","0","1,0","0","1,0","","","","","-8.9","1,0,26,","0",",,0,31,+","0",",,0,31,+","22.9",",,0,08,","20.0","1,0,02,","","","447.2","1,0","53.2",",,,0","0",",,,0","3.04","2,0","9.29","1,,,0","-3.21","1,,,0"
"USC00021654","2009-01","34.7569","-112.4567","1447.8","CHINO VALLEY, AZ US","0.0","0","0.0","2,0","4",",0","2",",0","0",",0","0",",0","0",",0","0","2,0","24","2,0","0",",0","0",",0","0",",0","","","","","-7.2","2,0,27,","0",",,0,31,+","0",",,0,31,+","14.0",",,0,06,","18.9",",0,20,","","","373.6",",0","18.8",",,,0","0",",,,0","5.51","2,0","13.87",",,,0","-2.85","2,,,0"
"USC00021654","2009-02","34.7569","-112.4567","1447.8","CHINO VALLEY, AZ US","0.0","0","0.0","1,0","2","3,0","2","3,0","0","3,0","0",",0","0",",0","0",",0","23",",0","0","1,0","4","1,0","0","1,0","","","","","-8.3",",0,11,","0",",,0,28,+","0",",,0,28,+","22.9","3,,0,10,","22.8","1,0,24,+","","","344.1","1,0","42.2",",a,,0","0",",,,0","5.56","1,0","14.17","1,,,0","-3.05",",,,0"
"USC00021654","2009-03","34.7569","-112.4567","1447.8","CHINO VALLEY, AZ US","0.0","0","0.0","3,0","1",",0","1",",0","0",",0","0",",0","0",",0","0","3,0","18","3,0","0",",0","7",",0","0",",0","","","","","-6.1","3,0,08,","0",",,0,31,+","0",",,0,31,+","3.6",",,0,12,","25.6",",0,03,+","","","262.5",",0","3.6",",,,0","0",",,,0","9.10","3,0","18.78",",,,0","-0.58","3,,,0"
"USC00021654","2009-04","34.7569","-112.4567","1447.8","CHINO VALLEY, AZ US","1.4","0","1.4","3,0","1",",0","1",",0","0",",0","0",",0","0",",0","0","2,0","8","2,0","0","1,0","16","1,0","0","1,0","","","","","-4.4","2,0,04,","0",",,0,30,+","0",",,0,30,+","11.7",",,0,11,","30.6","1,0,22,","","","168.6","1,0","11.7",",,,0","0",",,,0","12.20","3,0","21.19","1,,,0","3.22","2,,,0"
"USC00021654","2009-05","34.7569","-112.4567","1447.8","CHINO VALLEY, AZ US","51.1","0","49.7","1,0","3",",0","3",",0","0",",0","0",",0","0",",0","0","1,0","0","1,0","0",",0","30",",0","6",",0","","","","","6.7","1,0,30,","0",",,0,31,+","0",",,0,31,+","20.6",",,0,30,","34.4",",0,18,","","","8.1",",0","29.5",",,,0","0",",,,0","19.71","1,0","29.26",",,,0","10.16","1,,,0"
"USC00021654","2009-06","34.7569","-112.4567","1447.8","CHINO VALLEY, AZ US","122.2","0","71.1","1,0","1","2,0","0","2,0","0","2,0","0","1,0","0",",0","0","1,0","0","1,0","0",",0","30",",0","10",",0","","","","","6.1","1,0,07,","0","1,,0,30,+","0",",,0,30,+","2.0","2,,0,25,","36.7",",0,30,","","","5.8",",0","5.8",",a,,0","0",",,,0","20.71","1,0","29.46",",,,0","11.96","1,,,0"
"USC00021654","2009-07","34.7569","-112.4567","1447.8","CHINO VALLEY, AZ US","","","","","6",",0","5",",0","0",",0","0",",0","0",",0","","","","","","","","","","","","","","","","","0",",,0,31,+","0",",,0,31,+","24.6",",,0,01,","","","","","","","58.4",",,,0","0",",,,0","","","","","",""
"USC00021654","2009-08","34.7569","-112.4567","1447.8","CHINO VALLEY, AZ US","","","","","0",",0","0",",0","0",",0","0",",0","0",",0","","","","","","","","","","","","","","","","","0",",,0,31,+","0",",,0,31,+","0.0",",,0,31,+","","","","","","","0.0",",,,0","0",",,,0","","","","","",""
"USC00021654","2009-10","34.7569","-112.4567","1447.8","CHINO VALLEY, AZ US","","","3.1",",0","1",",0","0",",0","0",",0","0","1,0","0",",0","0",",0","8",",0","0",",0","21",",0","0",",0","","","","","-5.0",",0,29,","0","1,,0,31,+","0",",,0,31,+","1.3",",,0,07,","30.0",",0,18,","","","172.9",",0","1.3",",,,0","0",",,,0","12.85",",0","21.57",",,,0","4.14",",,,0"
"USC00021654","2009-11","34.7569","-112.4567","1447.8","CHINO VALLEY, AZ US","","","0.0","3,0","0",",0","0",",0","0",",0","0",",0","0",",0","0","2,0","15","2,0","0","1,0","9","1,0","0","1,0","","","","","-7.2","2,0,28,+","0",",,0,30,+","0",",,0,30,+","0.0",",,0,30,+","26.7","1,0,05,","","","256.8","1,0","0.0",",,,0","0",",,,0","8.83","3,0","18.92","1,,,0","-1.26","2,,,0"
"USC00021654","2009-12","34.7569","-112.4567","1447.8","CHINO VALLEY, AZ US","","","0.0","2,0","3",",0","3",",0","1",",0","0",",0","0",",0","0","2,0","28","2,0","0",",0","0",",0","0",",0","","","","","-11.7","2,0,04,","0",",,0,31,+","0",",,0,31,+","28.2",",,0,08,","15.6",",0,19,+","","","488.4",",0","40.4",",,,0","0",",,,0","1.40","2,0","8.19",",,,0","-5.38","2,,,0"
"USC00021654","2010-01","34.7569","-112.4567","1447.8","CHINO VALLEY, AZ US","0.0","","0.0",",0","2",",0","2",",0","0",",0","0",",0","0",",0","0",",0","29",",0","0",",0","0",",0","0",",0","","","","","-10.0",",0,04,","0",",,0,31,+","0",",,0,31,+","18.0",",,0,20,","18.3",",0,27,","","","446.2",",0","26.9",",,,0","0",",,,0","3.94",",0","11.52",",,,0","-3.64",",,,0"
"USC00021654","2010-02","34.7569","-112.4567","1447.8","CHINO VALLEY, AZ US","0.0","","0.0","3,0","1",",0","1",",0","0",",0","0",",0","0",",0","0","2,0","22","2,0","0","1,0","0","1,0","0","1,0","","","","","-7.8","2,0,23,","0",",,0,28,+","0",",,0,28,+","14.0",",,0,22,","16.7","1,0,19,+","","","330.8","1,0","14.0",",,,0","0",",,,0","5.13","3,0","12.00","1,,,0","-1.73","2,,,0"
"USC00021654","2010-03","34.7569","-112.4567","1447.8","CHINO VALLEY, AZ US","0.0","","0.0","2,0","4",",0","4",",0","0",",0","0",",0","0",",0","0","2,0","21","2,0","0",",0","6",",0","0",",0","","","","","-5.0","2,0,05,","0",",,0,31,+","0",",,0,31,+","14.0",",,0,08,","24.4",",0,31,","","","300.8",",0","29.2",",,,0","0",",,,0","7.87","2,0","16.08",",,,0","-0.34","2,,,0"
"USC00021654","2010-04","34.7569","-112.4567","1447.8","CHINO VALLEY, AZ US","1.7","","1.7","3,0","1",",0","1",",0","0",",0","0",",0","0",",0","0","1,0","12","1,0","0","2,0","14","2,0","0","2,0","","","","","-6.7","1,0,30,","0",",,0,30,+","0",",,0,30,+","6.9",",,0,22,","26.7","2,0,28,","","","195.4","2,0","6.9",",,,0","0",",,,0","10.99","3,0","20.06","2,,,0","1.92","1,,,0"
"USC00021654","2010-05","34.7569","-112.4567","1447.8","CHINO VALLEY, AZ US","12.9","","11.2",",0","1",",0","0",",0","0",",0","0",",0","0",",0","0",",0","2",",0","0",",0","25",",0","0",",0","","","","","-0.6",",0,03,","0",",,0,31,+","0",",,0,31,+","0.5",",,0,03,","30.0",",0,31,","","","106.0",",0","0.5",",,,0","0",",,,0","15.28",",0","24.31",",,,0","6.25",",,,0"
"USC00021654","2010-06","34.7569","-112.4567","1447.8","CHINO VALLEY, AZ US","130.3","","117.4",",0","0",",0","0",",0","0",",0","0",",0","0",",0","0",",0","0",",0","0",",0","29",",0","15",",0","","","","","7.8",",0,13,+","0",",,0,30,+","0",",,0,30,+","0.0",",,0,30,+","36.7",",0,07,","","","6.1",",0","0.0",",,,0","0",",,,0","22.04",",0","31.71",",,,0","12.37",",,,0"
"USC00021654","2010-07","34.7569","-112.4567","1447.8","CHINO VALLEY, AZ US","354.3","","224.0","1,0","5",",0","3",",0","0",",0","0","3,0","0","1,0","0","1,0","0","1,0","0","1,0","30","1,0","23","1,0","","","","","11.1","1,0,07,","0","3,,0,31,+","0","1,,0,31,+","15.7",",,0,25,","38.3","1,0,16,","0.0","","0.0","1,0","36.3",",,,0","0","1,,,0","25.80","1,0","33.72","1,,,0","17.88","1,,,0"
"USC00021654","2010-08","34.7569","-112.4567","1447.8","CHINO VALLEY, AZ US","517.3","","163.0",",0","2",",0","2",",0","2",",0","0",",0","0",",0","0",",0","0",",0","0",",0","30",",0","15",",0","","","","","9.4",",0,31,","0",",,0,31,+","0",",,0,31,+","38.1",",,0,23,","35.0",",0,15,+","1.7","","1.7",",0","74.2",",,,0","0",",,,0","23.54",",0","30.81",",,,0","16.26",",,,0"
"USC00021654","2011-04","34.7569","-112.4567","1447.8","CHINO VALLEY, AZ US","","","0.6",",K","1","2,K","0","2,K","0","2,K","0",",K","0",",K","0",",K","3",",K","0",",K","18",",K","0",",K","","","","","-5.6",",K,09,","0",",T,K,10,","13",",,K,10,","1.8","2,,K,07,","27.2",",K,02,","","","155.3",",K","1.8","2,,,K","13",",,,K","13.18",",K","21.05",",,,K","5.30",",,,K"
"USC00021654","2011-05","34.7569","-112.4567","1447.8","CHINO VALLEY, AZ US","","","10.8","1,K","1","1,K","1","1,K","0","1,K","0","1,K","0","1,K","0","1,K","2","1,K","0","1,K","23","1,K","0","1,K","","","","","-2.2","1,K,01,","0","1,,K,31,+","0","1,,K,31,+","5.8","1,,K,18,","29.4","1,K,27,","","","108.9","1,K","5.8","1,,,K","0","1,,,K","15.07","1,K","23.89","1,,,K","6.24","1,,,K"
"USC00021654","2011-06","34.7569","-112.4567","1447.8","CHINO VALLEY, AZ US","","","105.2","1,K","0","1,K","0","1,K","0","1,K","0","5,K","0","1,K","0","1,K","0","1,K","0","1,K","29","1,K","12","1,K","","","","","3.9","1,K,06,","0","5,,K,30,+","0","1,,K,30,+","0.0","1,,K,30,+","36.7","1,K,28,+","","","8.3","1,K","0.0","1,,,K","0","1,,,K","21.67","1,K","31.55","1,,,K","11.80","1,,,K"
"USC00021654","2011-07","34.7569","-112.4567","1447.8","CHINO VALLEY, AZ US","","","190.9","1,K","5","1,K","4","1,K","0","1,K","0",",K","0",",K","0","1,K","0","1,K","0","1,K","30","1,K","14","1,K","","","1","","10.6","1,K,15,","0",",,K,31,+","0",",,K,31,+","19.1","1,,K,11,","37.2","1,K,01,","0.0","7","0.0","1,K","49.8","1,,,K","0",",,,K","24.70","1,K","31.70","1,,,K","17.69","1,,,K"
"USC00021654","2011-08","34.7569","-112.4567","1447.8","CHINO VALLEY, AZ US","","","199.8","1,K","3","1,K","3","1,K","1","1,K","0","1,K","0","1,K","0","1,K","0","1,K","0","1,K","30","1,K","24","1,K","","","","","10.6","1,K,23,","0","1,,K,31,+","0","1,,K,31,+","29.2","1,,K,19,","36.7","1,K,24,","0.0","7","0.0","1,K","34.2","1,,,K","0","1,,,K","24.99","1,K","33.39","1,,,K","16.60","1,,,K"
"USC00021654","2011-09","34.7569","-112.4567","1447.8","CHINO VALLEY, AZ US","","","78.4","2,7","4","2,7","4","2,7","1","2,7","0","2,7","0","2,7","0","2,7","0","2,7","0","2,7","28","2,7","8","2,7","","","","","7.2","2,7,25,","0","2,,7,30,+","0","2,,7,30,+","25.9","2,,7,05,","35.0","2,7,04,+","4.0","7","4.0","2,7","69.0","2,,,7","0","2,,,7","20.99","2,7","29.90","2,,,7","12.09","2,,,7"
"USC00021654","2011-10","34.7569","-112.4567","1447.8","CHINO VALLEY, AZ US","","","0.0","2,7","3","2,7","3","2,7","0","2,7","0","2,7","0","2,7","0","2,7","5","2,7","0","2,7","21","2,7","0","2,7","","","","","-0.6","2,7,28,+","0","2,,7,31,+","0","2,,7,31,+","6.6","2,,7,05,","30.0","2,7,14,","135.2","7","131.2","2,7","16.0","2,,,7","0","2,,,7","13.81","2,7","23.97","2,,,7","3.65","2,,,7"
"USC00021654","2011-11","34.7569","-112.4567","1447.8","CHINO VALLEY, AZ US","","","0.0","2,7","3","2,7","3","2,7","0","2,7","0","2,7","0","2,7","0","2,7","26","2,7","0","2,7","1","2,7","0","2,7","","","","","-6.1","2,7,03,+","0","2,,7,30,+","0","2,,7,30,+","13.0","2,,7,07,","22.8","2,7,01,","459.0","7","323.8","2,7","21.4","2,,,7","0","2,,,7","6.77","2,7","15.45","2,,,7","-1.91","2,,,7"
"USC00021654","2011-12","34.7569","-112.4567","1447.8","CHINO VALLEY, AZ US","","","0.0",",7","3",",7","3",",7","0",",7","1","3,7","1",",7","0",",7","28",",7","0",",7","0",",7","0",",7","","","","","-11.7",",7,06,","102","3,,7,05,","102",",,7,05,","16.5",",,7,05,","20.0",",7,30,","958.0","7","499.0",",7","38.1",",,,7","102",",,,7","2.24",",7","9.72",",,,7","-5.25",",,,7"
"USC00021654","2012-01","34.7569","-112.4567","1447.8","CHINO VALLEY, AZ US","0.0","7","0.0",",7","2",",7","1",",7","0",",7","0",",7","0",",7","0",",7","31",",7","0",",7","0",",7","0",",7","","","","","-9.4",",7,11,","0",",,7,31,+","0",",,7,31,+","2.5",",,7,23,","18.9",",7,26,+","1392.7","7","434.7",",7","3.8",",,,7","0",",,,7","4.31",",7","14.18",",,,7","-5.56",",,,7"
"USC00021654","2012-02","34.7569","-112.4567","1447.8","CHINO VALLEY, AZ US","0.0","7","0.0","1,7","2","1,7","1","1,7","0","1,7","0","1,7","0","1,7","0","1,7","28","1,7","0","1,7","0","1,7","0","1,7","","","","","-7.8","1,7,21,+","0","1,,7,29,+","13","1,,7,28,","2.5","1,,7,28,","20.6","1,7,23,","1772.9","7","380.2","1,7","4.5","1,,,7","13","1,,,7","4.76","1,7","14.27","1,,,7","-4.76","1,,,7"
"USC00021654","2012-03","34.7569","-112.4567","1447.8","CHINO VALLEY, AZ US","0.0","7","0.0",",7","2",",7","2",",7","0",",7","1",",7","2",",7","0",",7","23",",7","0",",7","14",",7","0",",7","","","","","-6.7",",7,19,+","102",",,7,18,","102",",,7,18,","17.8",",,7,19,","25.0",",7,31,","2089.1","7","316.2",",7","30.5",",,,7","153",",,,7","8.13",",7","18.01",",,,7","-1.75",",,,7"
"USC00021654","2012-04","34.7569","-112.4567","1447.8","CHINO VALLEY, AZ US","4.2","7","4.2","1,7","2",",7","2",",7","0",",7","0",",7","0",",7","0","1,7","5","1,7","0","1,7","20","1,7","2","1,7","","","","","-2.2","1,7,07,","0",",,7,30,+","0",",,7,30,+","7.6",",,7,14,","32.2","1,7,23,+","2239.7","7","150.6","1,7","11.9",",,,7","0",",,,7","13.29","1,7","22.82","1,,,7","3.75","1,,,7"
"USC00021654","2012-05","34.7569","-112.4567","1447.8","CHINO VALLEY, AZ US","35.2","7","31.0",",7","0",",7","0",",7","0",",7","0",",7","0",",7","0",",7","0",",7","0",",7","30",",7","4",",7","","","","","0.6",",7,27,","0",",,7,31,+","0",",,7,31,+","0.0",",,7,31,+","35.6",",7,31,","2281.3","7","41.6",",7","0.0",",,,7","0",",,,7","17.99",",7","28.61",",,,7","7.37",",,,7"
"USC00021654","2012-06","34.7569","-112.4567","1447.8","CHINO VALLEY, AZ US","168.2","7","133.0",",7","0",",7","0",",7","0",",7","0",",7","0",",7","0",",7","0",",7","0",",7","30",",7","25",",7","","","","","6.1",",7,26,","0",",,7,30,+","0",",,7,30,+","0.0",",,7,30,+","37.8",",7,27,+","2281.3","7","0.0",",7","0.0",",,,7","0",",,,7","22.77",",7","34.18",",,,7","11.35",",,,7"
"USC00021654","2012-07","34.7569","-112.4567","1447.8","CHINO VALLEY, AZ US","334.1","7","165.9","1,7","6","1,7","6","1,7","1","1,7","0","1,7","0","1,7","0","1,7","0","1,7","0","1,7","30","1,7","19","1,7","","","5","","5.0","1,7,19,","0","1,,7,31,+","0","1,,7,31,+","26.7","1,,7,14,","38.9","1,7,09,","1.7","7","1.7","1,7","83.3","1,,,7","0","1,,,7","23.81","1,7","32.93","1,,,7","14.68","1,,,7"
"USC00021654","2012-08","34.7569","-112.4567","1447.8","CHINO VALLEY, AZ US","513.9","7","179.8","1,7","2","5,7","1","5,7","0","5,7","0",",7","0",",7","0","1,7","0","1,7","0",",7","31",",7","20",",7","","","2","","5.6","1,7,30,","0",",,7,31,+","0",",,7,31,+","14.0","5,,7,22,","39.4",",7,11,+","1.9","7","0.2",",7","17.8","3,a,,7","0",",,,7","24.31","1,7","33.88",",,,7","14.74","1,,,7"
"USC00021654","2012-09","34.7569","-112.4567","1447.8","CHINO VALLEY, AZ US","566.9","7","53.0","2,7","4",",7","4",",7","0",",7","0",",7","0",",7","0","2,7","0","2,7","0",",7","29",",7","5",",7","","","1","","2.8","2,7,30,","0",",,7,30,+","0",",,7,30,+","11.4",",,7,04,","32.8",",7,03,","7.7","7","5.8",",7","22.6",",,,7","0",",,,7","20.11","2,7","29.55",",,,7","10.68","2,,,7"
"USC00021654","2012-10","34.7569","-112.4567","1447.8","CHINO VALLEY, AZ US","571.4","7","4.5","1,7","1",",7","0",",7","0",",7","0",",7","0",",7","0","1,7","3","1,7","0",",7","27",",7","0",",7","","","","","-2.2","1,7,27,","0",",,7,31,+","0",",,7,31,+","2.3",",,7,12,","31.7",",7,02,+","121.2","7","113.5",",7","2.3",",,,7","0",",,,7","14.68","1,7","25.25",",,,7","4.11","1,,,7"
"USC00021654","2012-11","34.7569","-112.4567","1447.8","CHINO VALLEY, AZ US","571.4","7","0.0",",7","1",",7","0",",7","0",",7","0",",7","0",",7","0",",7","20",",7","0",",7","10",",7","0",",7","","","","","-9.4",",7,11,","0",",,7,30,+","0",",T,7,10,","2.0",",,7,10,","25.6",",7,07,+","401.2","7","280.0",",7","2.0",",,,7","0",",T,,7","9.00",",7","19.18",",,,7","-1.18",",,,7"
"USC00021654","2012-12","34.7569","-112.4567","1447.8","CHINO VALLEY, AZ US","571.4","7","0.0","2,7","","","","","","","1","2,7","","","0","2,7","25","2,7","0","2,7","1","2,7","0","2,7","2","","1","","-9.4","2,7,20,","51","2,,7,31,","","","","","21.1","2,7,05,","831.6","7","430.4","2,7","31.9","4,a,,7","","","3.49","2,7","10.86","2,,,7","-3.87","2,,,7"
"USC00021654","2013-01","34.7569","-112.4567","1447.8","CHINO VALLEY, AZ US","0.0","7","0.0",",7","0","3,7","0","3,7","0","3,7","1","2,7","1","2,7","0",",7","28",",7","2",",7","0",",7","0",",7","","","","","-14.4",",7,14,+","76","2,,7,28,","76","2,,7,28,","0.0","3,,7,31,+","17.2",",7,22,+","1356.2","7","524.6",",7","50.0",",a,,7","76","2,,,7","1.41",",7","9.73",",,,7","-6.91",",,,7"
"USC00021654","2013-02","34.7569","-112.4567","1447.8","CHINO VALLEY, AZ US","0.0","7","0.0",",7","2","3,7","1","3,7","0","3,7","1","2,7","1","2,7","0",",7","27",",7","0",",7","0",",7","0",",7","","","","","-10.0",",7,27,","102","2,,7,09,","102","2,,7,09,","6.9","3,,7,09,","18.3",",7,16,","1770.4","7","414.2",",7","10.2",",a,,7","115","2,,,7","3.54",",7","12.00",",,,7","-4.93",",,,7"
"USC00021654","2013-03","34.7569","-112.4567","1447.8","CHINO VALLEY, AZ US","0.0","7","0.0",",7","0","2,7","0","2,7","0","2,7","0","2,7","0","2,7","0",",7","15",",7","0",",7","18",",7","0",",7","","","","","-5.6",",7,05,","0","2,,7,31,+","0","2,,7,31,+","0.0","2,,7,31,+","27.2",",7,14,","2011.6","7","241.2",",7","7.6",",a,,7","0","2,,,7","10.55",",7","20.45",",,,7","0.66",",,,7"
"USC00021654","2013-04","34.7569","-112.4567","1447.8","CHINO VALLEY, AZ US","0.6","7","0.6","3,7","1",",7","0",",7","0",",7","0",",7","0",",7","0","3,7","10","3,7","0","1,7","22","1,7","1","1,7","","","1","","-3.9","3,7,04,","0",",,7,30,+","0",",,7,30,+","0.5",",,7,08,","32.2","1,7,25,","2175.0","7","163.4","1,7","0.5",",,,7","0",",,,7","12.43","3,7","23.06","1,,,7","1.81","3,,,7"
"USC00021654","2013-05","34.7569","-112.4567","1447.8","CHINO VALLEY, AZ US","2.5","7","1.9","1,7","0",",7","0",",7","0",",7","0",",7","0",",7","0","1,7","5","1,7","0",",7","30",",7","2",",7","","","","","-3.3","1,7,21,","0",",,7,31,+","0",",,7,31,+","0.0",",,7,31,+","32.2",",7,14,+","2258.2","7","83.2",",7","0.0",",,,7","0",",,,7","15.67","1,7","27.22",",,,7","4.13","1,,,7"
"USC00021654","2013-06","34.7569","-112.4567","1447.8","CHINO VALLEY, AZ US","167.5","7","165.0",",7","0",",7","0",",7","0",",7","0",",7","0",",7","0",",7","2",",7","0",",7","30",",7","30",",7","","","","","-2.8",",7,03,","0",",,7,30,+","0",",,7,30,+","0.0",",,7,30,+","41.1",",7,30,","2262.4","7","4.2",",7","0.0",",,,7","0",",,,7","23.69",",7","36.34",",,,7","11.04",",,,7"
"USC00021654","2013-07","34.7569","-112.4567","1447.8","CHINO VALLEY, AZ US","380.9","7","213.4",",7","","","","","","","0",",7","0",",7","0",",7","0",",7","0",",7","31",",7","19",",7","","","","","14.4",",7,12,+","0",",,7,31,+","0",",,7,31,+","","","38.9",",7,12,+","0.0","7","0.0",",7","65.6",",a,,7","0",",,,7","25.22",",7","33.41",",,,7","17.02",",,,7"
"USC00021654","2013-08","34.7569","-112.4567","1447.8","CHINO VALLEY, AZ US","559.2","7","178.3",",7","10","4,7","5","4,7","0","4,7","0",",7","0",",7","0",",7","0",",7","0",",7","30",",7","18",",7","","","","","11.7",",7,11,+","0",",,7,31,+","0",",,7,31,+","15.0","4,,7,26,","36.1",",7,21,+","0.0","7","0.0",",7","42.1","4,,,7","0",",,,7","24.09",",7","31.77",",,,7","16.40",",,,7"
"USC00021654","2013-09","34.7569","-112.4567","1447.8","CHINO VALLEY, AZ US","619.9","7","60.7",",7","","","","","","","0",",7","0",",7","0",",7","0",",7","0",",7","28",",7","4",",7","","","","","1.1",",7,29,","0",",,7,30,+","0",",,7,30,+","","","35.0",",7,04,","21.9","7","21.9",",7","41.2",",a,,7","0",",,,7","19.63",",7","27.77",",,,7","11.48",",,,7"
"USC00021654","2013-10","34.7569","-112.4567","1447.8","CHINO VALLEY, AZ US","619.9","7","0.0",",7","","","","","","","","","","","0",",7","11",",7","0",",7","23",",7","0",",7","","","","","-2.8",",7,31,","","","","","","","28.3",",7,01,","208.6","7","186.7",",7","","","","","12.31",",7","22.44",",,,7","2.18",",,,7"
"USC00021654","2013-11","34.7569","-112.4567","1447.8","CHINO VALLEY, AZ US","619.9","7","0.0",",7","","","","","","","0",",7","0",",7","0",",7","20",",7","0",",7","8",",7","0",",7","","","","","-5.0",",7,07,","0",",,7,30,+","0",",,7,30,+","","","23.9",",7,13,","506.6","7","298.0",",7","45.5","1,a,,7","0",",,,7","8.40",",7","16.98",",,,7","-0.18",",,,7"
"USC00021654","2013-12","34.7569","-112.4567","1447.8","CHINO VALLEY, AZ US","619.9","7","0.0",",7","3","1,7","2","1,7","0","1,7","0","2,7","0","2,7","0",",7","28",",7","0",",7","0",",7","0",",7","","","","","-12.8",",7,10,","0","2,,7,31,+","0","2,T,7,09,","6.6","1,,7,09,","17.8",",7,17,+","984.9","7","478.3",",7","11.7","1,,,7","0","2,T,,7","2.90",",7","10.97",",,,7","-5.16",",,,7"
"USC00021654","2014-01","34.7569","-112.4567","1447.8","CHINO VALLEY, AZ US","0.0","7","0.0",",7","0",",7","0",",7","0",",7","0",",7","0",",7","0",",7","29",",7","0",",7","0",",7","0",",7","","","","","-7.8",",7,08,+","0",",,7,31,+","0",",,7,31,+","0.0",",,7,31,+","19.4",",7,30,","1374.9","7","390.0",",7","0.0",",,,7","0",",,,7","5.75",",7","16.01",",,,7","-4.50",",,,7"
"USC00021654","2014-02","34.7569","-112.4567","1447.8","CHINO VALLEY, AZ US","0.0","7","0.0",",7","1",",7","1",",7","0",",7","0",",7","0",",7","0",",7","24",",7","0",",7","5",",7","0",",7","","","","","-9.4",",7,03,","0",",,7,28,+","0",",,7,28,+","3.6",",,7,07,","24.4",",7,15,","1684.0","7","309.1",",7","3.6",",,,7","0",",,,7","7.29",",7","16.65",",,,7","-2.06",",,,7"
"USC00021654","2014-03","34.7569","-112.4567","1447.8","CHINO VALLEY, AZ US","0.0","7","0.0",",7","0","3,7","0","3,7","0","3,7","0",",7","0",",7","0",",7","14",",7","0",",7","9",",7","0",",7","","","","","-3.9",",7,20,","0",",,7,31,+","0",",,7,31,+","0.0","3,,7,31,+","23.3",",7,30,+","1935.7","7","251.7",",7","12.4",",a,,7","0",",,,7","10.21",",7","19.23",",,,7","1.20",",,,7"
"USC00021654","2014-04","34.7569","-112.4567","1447.8","CHINO VALLEY, AZ US","0.0","7","0.0",",7","3","3,7","1","3,7","0","3,7","0",",7","0",",7","0",",7","6",",7","0",",7","21",",7","0",",7","","","","","-4.4",",7,02,","0",",,7,30,+","0",",,7,30,+","8.1","3,,7,28,","28.9",",7,22,","2097.5","7","161.8",",7","8.7","3,,,7","0",",,,7","12.94",",7","22.78",",,,7","3.10",",,,7"
"USC00021654","2014-05","34.7569","-112.4567","1447.8","CHINO VALLEY, AZ US","37.0","7","37.0",",7","1",",7","0",",7","0",",7","0",",7","0",",7","0",",7","0",",7","0",",7","28",",7","7",",7","","","","","2.8",",7,13,+","0",",,7,31,+","0",",,7,31,+","0.3",",,7,08,","35.6",",7,27,","2160.3","7","62.8",",7","0.3",",,,7","0",",,,7","17.50",",7","27.05",",,,7","7.95",",,,7"
"USC00021654","2014-06","34.7569","-112.4567","1447.8","CHINO VALLEY, AZ US","167.6","7","130.6",",7","0",",7","0",",7","0",",7","0",",7","0",",7","0",",7","0",",7","0",",7","30",",7","24",",7","","","","","5.6",",7,06,","0",",,7,30,+","0",",,7,30,+","0.0",",,7,30,+","36.1",",7,30,+","2160.3","7","0.0",",7","0.0",",,,7","0",",,,7","22.69",",7","33.50",",,,7","11.88",",,,7"
"USC00021654","2014-07","34.7569","-112.4567","1447.8","CHINO VALLEY, AZ US","395.1","7","227.5",",7","","","","","","","0",",7","0",",7","0",",7","0",",7","0",",7","31",",7","26",",7","","","","","14.4",",7,03,+","0",",,7,31,+","0",",,7,31,+","","","38.3",",7,02,","0.0","7","0.0",",7","31.5","5,a,,7","0",",,,7","25.67",",7","34.32",",,,7","17.03",",,,7"
"USC00021654","2014-08","34.7569","-112.4567","1447.8","CHINO VALLEY, AZ US","535.0","7","139.9",",7","10","2,7","7","2,7","3","2,7","0",",7","0",",7","0",",7","0",",7","0",",7","31",",7","14",",7","","","","","11.7",",7,30,+","0",",,7,31,+","0",",,7,31,+","46.7","2,,7,04,","36.1",",7,11,","0.0","7","0.0",",7","180.2","2,,,7","0",",,,7","22.85",",7","31.01",",,,7","14.68",",,,7"
"USC00021654","2014-09","34.7569","-112.4567","1447.8","CHINO VALLEY, AZ US","633.6","7","98.6",",7","","","","","","","0",",7","0",",7","0",",7","0",",7","0",",7","30",",7","7",",7","","","","","4.4",",7,30,","0",",,7,30,+","0",",,7,30,+","","","33.9",",7,04,","8.9","7","8.9",",7","66.9",",a,,7","0",",,,7","21.32",",7","29.80",",,,7","12.85",",,,7"
"USC00021654","2014-10","34.7569","-112.4567","1447.8","CHINO VALLEY, AZ US","633.6","7","0.0",",7","2",",7","1",",7","0",",7","0",",7","0",",7","0",",7","0",",7","0",",7","30",",7","0",",7","","","","","2.8",",7,31,+","0",",,7,31,+","0",",,7,31,+","10.2",",,7,10,","29.4",",7,05,","88.1","7","79.2",",7","11.5",",,,7","0",",,,7","15.78",",7","25.79",",,,7","5.77",",,,7"
"USC00021654","2014-11","34.7569","-112.4567","1447.8","CHINO VALLEY, AZ US","633.6","7","0.0",",7","0",",7","0",",7","0",",7","0",",7","0",",7","0",",7","19",",7","0",",7","9",",7","0",",7","","","","","-7.8",",7,19,+","0",",,7,30,+","0",",,7,30,+","0.0",",,7,30,+","25.0",",7,01,","383.1","7","295.0",",7","0.0",",,,7","0",",,,7","8.50",",7","18.33",",,,7","-1.33",",,,7"
"USC00021654","2014-12","34.7569","-112.4567","1447.8","CHINO VALLEY, AZ US","633.6","7","0.0",",7","5","2,7","4","2,7","0","2,7","0",",7","0",",7","0",",7","19",",7","0",",7","0",",7","0",",7","","","","","-10.0",",7,30,+","0",",T,7,31,","0",",T,7,31,","24.1","2,,7,04,","17.2",",7,23,+","792.0","7","408.9",",7","45.0","2,,,7","0",",T,,7","5.14",",7","11.79",",,,7","-1.51",",,,7"
"USC00021654","2015-01","34.7569","-112.4567","1447.8","CHINO VALLEY, AZ US","0.0","7","0.0",",7","5","2,7","5","2,7","0","2,7","0","5,7","0","5,7","0",",7","26",",7","1",",7","0",",7","0",",7","","","","","-12.2",",7,03,","0","5,,7,31,+","0","5,,7,31,+","15.5","2,,7,12,","19.4",",7,21,","1220.0","7","428.0",",7","45.5","2,,,7","0","5,,,7","4.53",",7","12.49",",,,7","-3.43",",,,7"
"USC00021654","2015-02","34.7569","-112.4567","1447.8","CHINO VALLEY, AZ US","0.0","7","0.0",",7","2",",7","1",",7","0",",7","0",",7","0",",7","0",",7","21",",7","0",",7","11",",7","0",",7","","","","","-3.3",",7,26,","0",",,7,28,+","0",",,7,28,+","5.3",",,7,24,","22.8",",7,20,+","1479.0","7","259.0",",7","6.8",",,,7","0",",,,7","9.08",",7","18.75",",,,7","-0.59",",,,7"
"USC00021654","2015-03","34.7569","-112.4567","1447.8","CHINO VALLEY, AZ US","0.0","7","0.0",",7","4",",7","3",",7","1",",7","0",",7","0",",7","0",",7","9",",7","0",",7","19",",7","0",",7","","","","","-5.6",",7,06,","0",",,7,31,+","0",",,7,31,+","38.4",",,7,02,","27.8",",7,31,","1709.6","7","230.6",",7","58.9",",,,7","0",",,,7","10.90",",7","20.19",",,,7","1.60",",,,7"
"USC00021654","2015-04","34.7569","-112.4567","1447.8","CHINO VALLEY, AZ US","0.0","7","0.0",",7","1",",7","1",",7","0",",7","0",",7","0",",7","0",",7","6",",7","0",",7","19",",7","0",",7","","","","","-2.8",",7,09,","0",",,7,30,+","0",",,7,30,+","13.2",",,7,25,","27.8",",7,30,","1886.1","7","176.5",",7","13.2",",,,7","0",",,,7","12.45",",7","22.02",",,,7","2.88",",,,7"
"USC00021654","2015-05","34.7569","-112.4567","1447.8","CHINO VALLEY, AZ US","6.1","7","6.1",",7","5",",7","3",",7","0",",7","0",",7","0",",7","0",",7","0",",7","0",",7","24",",7","2",",7","","","","","0.6",",7,10,","0",",,7,31,+","0",",,7,31,+","7.1",",,7,16,","33.9",",7,31,","1997.0","7","110.9",",7","19.8",",,,7","0",",,,7","14.95",",7","23.54",",,,7","6.36",",,,7"
"USC00021654","2015-06","34.7569","-112.4567","1447.8","CHINO VALLEY, AZ US","175.5","7","169.4",",7","4",",7","2",",7","0",",7","0",",7","0",",7","0",",7","0",",7","0",",7","30",",7","20",",7","","","","","5.6",",7,08,","0",",,7,30,+","0",",,7,30,+","10.7",",,7,28,","38.9",",7,27,+","1997.0","7","0.0",",7","17.8",",,,7","0",",,,7","23.98",",7","34.18",",,,7","13.78",",,,7"
"USC00021654","2015-07","34.7569","-112.4567","1447.8","CHINO VALLEY, AZ US","358.1","7","182.6",",7","5","5,7","3","5,7","1","5,7","0",",7","0",",7","0",",7","0",",7","0",",7","31",",7","19",",7","","","","","10.6",",7,11,","0",",,7,31,+","0",",,7,31,+","53.3","5,,7,20,","36.1",",7,03,","0.0","7","0.0",",7","91.7","5,,,7","0",",,,7","24.22",",7","32.38",",,,7","16.07",",,,7"
"USC00021654","2015-08","34.7569","-112.4567","1447.8","CHINO VALLEY, AZ US","563.2","7","205.1",",7","6","2,7","4","2,7","0","2,7","0",",7","0",",7","0",",7","0",",7","0",",7","31",",7","23",",7","","","","","13.9",",7,28,","0",",,7,31,+","0",",,7,31,+","6.4","2,,7,09,","37.8",",7,16,+","0.0","7","0.0",",7","22.6","2,,,7","0",",,,7","24.95",",7","33.33",",,,7","16.57",",,,7"
"USC00021654","2015-09","34.7569","-112.4567","1447.8","CHINO VALLEY, AZ US","674.9","7","111.7",",7","","","","","","","0",",7","0",",7","0",",7","0",",7","0",",7","30",",7","10",",7","","","","","8.9",",7,19,","0",",,7,30,+","0",",,7,30,+","","","35.0",",7,12,","0.0","7","0.0",",7","","","0",",,,7","22.06",",7","30.80",",,,7","13.31",",,,7"
"USC00021654","2015-10","34.7569","-112.4567","1447.8","CHINO VALLEY, AZ US","692.4","7","17.5",",7","7","2,7","5","2,7","0","2,7","0",",7","0",",7","0",",7","0",",7","0",",7","23",",7","2",",7","","","","","2.8",",7,28,","0",",,7,31,+","0",",,7,31,+","22.6","2,,7,19,","32.8",",7,01,","83.4","7","83.4",",7","52.0","2,,,7","0",",,,7","16.20",",7","24.07",",,,7","8.34",",,,7"
"USC00021654","2015-11","34.7569","-112.4567","1447.8","CHINO VALLEY, AZ US","692.4","7","0.0",",7","4",",7","3",",7","0",",7","0",",7","0",",7","0",",7","25",",7","0",",7","4",",7","0",",7","","","","","-7.8",",7,29,+","0",",,7,30,+","0",",T,7,17,+","5.3",",,7,05,","25.0",",7,02,","436.2","7","352.8",",7","11.9",",,,7","0",",T,,7","6.57",",7","15.42",",,,7","-2.28",",,,7"
"USC00021654","2015-12","34.7569","-112.4567","1447.8","CHINO VALLEY, AZ US","692.4","7","0.0","1,7","2",",7","2",",7","0",",7","0",",7","0",",7","0",",7","31",",7","0","1,7","0","1,7","0","1,7","","","","","-11.1",",7,31,","0",",T,7,13,","0",",T,7,20,+","5.6",",,7,13,","20.0","1,7,09,","924.1","7","487.9","1,7","8.1",",,,7","0",",T,,7","1.99","1,7","10.10","1,,,7","-6.11",",,,7"
"USC00021654","2016-01","34.7569","-112.4567","1447.8","CHINO VALLEY, AZ US","0.0","7","0.0","3,7","7",",7","2",",7","0",",7","0",",7","0",",7","0","3,7","26","3,7","0","3,7","0","3,7","0","3,7","","","","","-10.6","3,7,01,","0",",T,7,08,+","5",",,7,08,","10.7",",,7,06,","18.3","3,7,24,","1354.3","7","430.2","3,7","18.2",",,,7","5",",,,7","2.97","3,7","10.86","3,,,7","-4.92","3,,,7"
"USC00021654","2016-02","34.7569","-112.4567","1447.8","CHINO VALLEY, AZ US","0.0","7","0.0","1,7","0","1,7","0","1,7","0","1,7","2",",7","1",",7","0","1,7","23","1,7","0","1,7","18","1,7","0","1,7","","","","","-10.6","1,7,03,","51",",,7,01,","64",",,7,01,","0.0","1,,7,29,+","25.0","1,7,18,","1652.0","7","297.7","1,7","0.0","1,,,7","64",",,,7","7.70","1,7","18.35","1,,,7","-2.95","1,,,7"
"USC00021654","2016-03","34.7569","-112.4567","1447.8","CHINO VALLEY, AZ US","0.0","7","0.0",",7","2",",7","2",",7","0",",7","0",",7","0",",7","0",",7","16",",7","0",",7","16",",7","0",",7","","","","","-4.4",",7,31,","0",",,7,31,+","0",",,7,31,+","5.3",",,7,07,","25.6",",7,22,+","1892.8","7","240.8",",7","7.8",",,,7","0",",,,7","10.57",",7","20.63",",,,7","0.50",",,,7"
"USC00021654","2016-04","34.7569","-112.4567","1447.8","CHINO VALLEY, AZ US","2.5","7","2.5",",7","6","3,7","4","3,7","0","3,7","0",",7","0",",7","0",",7","3",",7","0",",7","17",",7","0",",7","","","","","-1.1",",7,02,","0",",,7,30,+","0",",,7,30,+","7.1","3,,7,13,","28.3",",7,23,+","2059.6","7","166.8",",7","19.2","3,,,7","0",",,,7","12.86",",7","21.61",",,,7","4.10",",,,7"
"USC00021654","2016-05","34.7569","-112.4567","1447.8","CHINO VALLEY, AZ US","13.4","7","10.9",",7","1","4,7","1","4,7","0","4,7","0",",7","0",",7","0",",7","0",",7","0",",7","26",",7","1",",7","","","","","2.8",",7,25,+","0",",,7,31,+","0",",,7,31,+","7.9","4,,7,09,","32.8",",7,14,","2144.8","7","85.2",",7","7.9","4,,,7","0",",,,7","15.94",",7","24.77",",,,7","7.10",",,,7"
"USC00021654","2016-06","34.7569","-112.4567","1447.8","CHINO VALLEY, AZ US","222.3","7","208.9",",7","1","2,7","1","2,7","0","2,7","0",",7","0",",7","0",",7","0",",7","0",",7","30",",7","22",",7","","","","","9.4",",7,17,","0",",,7,30,+","0",",,7,30,+","2.8","2,,7,29,","42.8",",7,21,","2144.8","7","0.0",",7","3.8",",a,,7","0",",,,7","25.30",",7","35.45",",,,7","15.14",",,,7"
"USC00021654","2016-07","34.7569","-112.4567","1447.8","CHINO VALLEY, AZ US","471.0","7","248.7",",7","4","1,7","3","1,7","0","1,7","0",",7","0",",7","0",",7","0",",7","0",",7","31",",7","27",",7","","","","","12.8",",7,12,","0",",,7,31,+","0",",,7,31,+","10.2","1,,7,19,","39.4",",7,28,","0.0","7","0.0",",7","21.6","1,,,7","0",",,,7","26.35",",7","35.11",",,,7","17.60",",,,7"
"USC00021654","2016-08","34.7569","-112.4567","1447.8","CHINO VALLEY, AZ US","622.2","7","151.2",",7","","","","","","","0",",7","0",",7","0",",7","0",",7","0",",7","31",",7","15",",7","","","","","11.7",",7,29,+","0",",,7,31,+","0",",,7,31,+","","","36.7",",7,15,","0.0","7","0.0",",7","","","0",",,,7","23.21",",7","31.03",",,,7","15.40",",,,7"
"USC00021654","2016-09","34.7569","-112.4567","1447.8","CHINO VALLEY, AZ US","686.8","7","64.6",",7","7",",7","2",",7","1",",7","0",",7","0",",7","0",",7","0",",7","0",",7","29",",7","5",",7","","","","","4.4",",7,24,+","0",",,7,30,+","0",",,7,30,+","40.6",",,7,21,","34.4",",7,11,","23.5","7","23.5",",7","50.4",",,,7","0",",,,7","19.70",",7","28.15",",,,7","11.26",",,,7"
"USC00021654","2016-10","34.7569","-112.4567","1447.8","CHINO VALLEY, AZ US","691.3","7","4.5",",7","2",",7","2",",7","0",",7","0",",7","0",",7","0",",7","0",",7","0",",7","30",",7","0",",7","","","","","2.8",",7,20,+","0",",,7,31,+","0",",,7,31,+","9.1",",,7,09,","28.3",",7,28,+","82.1","7","58.6",",7","14.9",",,,7","0",",,,7","16.59",",7","25.81",",,,7","7.37",",,,7"
"USC00021654","2016-11","34.7569","-112.4567","1447.8","CHINO VALLEY, AZ US","691.3","7","0.0",",7","5","1,7","3","1,7","0","1,7","0",",7","0",",7","0",",7","14",",7","0",",7","14",",7","0",",7","","","","","-8.3",",7,30,","0",",T,7,28,","0",",T,7,29,+","13.7","1,,7,21,","26.1",",7,16,","355.3","7","273.2",",7","25.9","1,,,7","0",",T,,7","9.23",",7","18.13",",,,7","0.32",",,,7"
"USC00021654","2016-12","34.7569","-112.4567","1447.8","CHINO VALLEY, AZ US","691.3","7","0.0",",7","4","3,7","3","3,7","1","3,7","0",",7","0",",7","0",",7","28",",7","0",",7","0",",7","0",",7","","","","","-9.4",",7,19,+","0",",,7,31,+","0",",,7,31,+","29.5","3,,7,22,","20.0",",7,16,","800.9","7","445.6",",7","36.1","3,,,7","0",",,,7","3.96",",7","11.36",",,,7","-3.44",",,,7"
"USC00021654","2017-01","34.7569","-112.4567","1447.8","CHINO VALLEY, AZ US","0.0","7","0.0",",7","","","","","","","1","3,7","1","3,7","0",",7","21",",7","0",",7","0",",7","0",",7","","","","","-10.6",",7,26,+","102","3,,7,25,","97","3,,7,25,","","","17.2",",7,09,","1257.4","7","456.5",",7","","","105","3,,,7","3.61",",7","9.36",",,,7","-2.14",",,,7"
"USC00021654","2017-02","34.7569","-112.4567","1447.8","CHINO VALLEY, AZ US","0.0","7","0.0",",7","2","4,7","2","4,7","0","4,7","0",",7","0",",7","0",",7","12",",7","0",",7","2",",7","0",",7","","","","","-7.8",",7,24,","0",",,7,28,+","0",",,7,28,+","22.6","4,,7,28,","24.4",",7,10,","1553.3","7","295.9",",7","40.1",",a,,7","0",",,,7","7.76",",7","15.57",",,,7","-0.04",",,,7"
"USC00021654","2017-03","34.7569","-112.4567","1447.8","CHINO VALLEY, AZ US","0.0","7","0.0",",7","3",",7","1",",7","0",",7","0",",7","0",",7","0",",7","8",",7","0",",7","16",",7","0",",7","","","","","-5.6",",7,02,","0",",,7,31,+","0",",,7,31,+","9.1",",,7,23,","27.2",",7,21,+","1766.0","7","212.7",",7","9.9",",,,7","0",",,,7","11.47",",7","21.32",",,,7","1.63",",,,7"
"USC00021654","2017-04","34.7569","-112.4567","1447.8","CHINO VALLEY, AZ US","0.6","7","0.6",",7","1",",7","1",",7","0",",7","0",",7","0",",7","0",",7","5",",7","0",",7","23",",7","0",",7","","","","","-1.1",",7,10,","0",",,7,30,+","0",",,7,30,+","3.3",",,7,01,","28.3",",7,23,","1919.4","7","153.4",",7","3.3",",,,7","0",",,,7","13.24",",7","22.67",",,,7","3.81",",,,7"
"USC00021654","2017-05","34.7569","-112.4567","1447.8","CHINO VALLEY, AZ US","30.7","7","30.1",",7","3",",7","1",",7","0",",7","0",",7","0",",7","0",",7","0",",7","0",",7","25",",7","6",",7","","","","","1.1",",7,19,","0",",,7,31,+","0",",,7,31,+","5.3",",,7,10,","33.9",",7,06,","1998.4","7","79.0",",7","8.3",",,,7","0",",,,7","16.75",",7","26.44",",,,7","7.07",",,,7"
"USC00021654","2017-06","34.7569","-112.4567","1447.8","CHINO VALLEY, AZ US","220.8","7","190.1",",7","0",",7","0",",7","0",",7","0",",7","0",",7","0",",7","0",",7","0",",7","30",",7","24",",7","","","","","2.2",",7,13,","0",",,7,30,+","0",",,7,30,+","0.0",",,7,30,+","42.2",",7,21,","2002.8","7","4.4",",7","0.0",",,,7","0",",,,7","24.52",",7","35.57",",,,7","13.48",",,,7"
"USC00021654","2017-07","34.7569","-112.4567","1447.8","CHINO VALLEY, AZ US","463.7","7","242.9",",7","","","","","","","0",",7","0",",7","0",",7","0",",7","0",",7","31",",7","25",",7","","","","","13.9",",7,04,+","0",",,7,31,+","0",",,7,31,+","","","41.1",",7,08,","0.0","7","0.0",",7","","","0",",,,7","26.17",",7","34.69",",,,7","17.65",",,,7"
"USC00021654","2017-08","34.7569","-112.4567","1447.8","CHINO VALLEY, AZ US","638.1","7","174.4",",7","5","2,7","4","2,7","0","2,7","0",",7","0",",7","0",",7","0",",7","0",",7","31",",7","21",",7","","","","","9.4",",7,16,","0",",,7,31,+","0",",,7,31,+","20.6","2,,7,14,","37.2",",7,28,","0.0","7","0.0",",7","50.3","2,,,7","0",",,,7","23.96",",7","32.79",",,,7","15.13",",,,7"
"USC00021654","2017-09","34.7569","-112.4567","1447.8","CHINO VALLEY, AZ US","719.7","7","81.6",",7","5","2,7","3","2,7","0","2,7","0",",7","0",",7","0",",7","0",",7","0",",7","30",",7","10",",7","","","","","1.1",",7,25,","0",",,7,30,+","0",",,7,30,+","10.9","2,,7,11,","36.7",",7,05,","35.9","7","35.9",",7","33.5","2,,,7","0",",,,7","19.86",",7","29.29",",,,7","10.42",",,,7"
"USC00021654","2017-10","34.7569","-112.4567","1447.8","CHINO VALLEY, AZ US","721.4","7","1.7",",7","0",",7","0",",7","0",",7","0",",7","0",",7","0",",7","1",",7","0",",7","31",",7","0",",7","","","","","-0.6",",7,10,","0",",,7,31,+","0",",,7,31,+","0.0",",,7,31,+","30.6",",7,24,","114.4","7","78.5",",7","0.0",",,,7","0",",,,7","15.85",",7","26.85",",,,7","4.86",",,,7"
"USC00021654","2017-11","34.7569","-112.4567","1447.8","CHINO VALLEY, AZ US","721.4","7","0.0",",7","0",",7","0",",7","0",",7","0",",7","0",",7","0",",7","8",",7","0",",7","19",",7","0",",7","","","","","-7.2",",7,19,","0",",,7,30,+","0",",,7,30,+","0.0",",T,7,18,","26.1",",7,27,+","317.6","7","203.2",",7","0.0",",T,,7","0",",,,7","11.56",",7","21.23",",,,7","1.89",",,,7"
"USC00021654","2017-12","34.7569","-112.4567","1447.8","CHINO VALLEY, AZ US","","","","","0",",7","0",",7","0",",7","0",",7","0",",7","","","","","","","","","","","","","","","","","0",",,7,31,+","0",",,7,31,+","0.0",",,7,31,+","","","","","","","0.0",",,,7","0",",,,7","","","","","",""
"USC00021654","2018-01","34.7569","-112.4567","1447.8","CHINO VALLEY, AZ US","0.0","7","0.0",",7","1",",7","1",",7","0",",7","0",",7","0",",7","0",",7","29",",7","0",",7","0",",7","0",",7","","","","","-8.3",",7,27,+","0",",,7,31,+","0",",T,7,10,","17.3",",,7,10,","19.4",",7,30,+","","","382.6",",7","17.3",",,,7","0",",T,,7","5.99",",7","15.25",",,,7","-3.26",",,,7"
"USC00021654","2018-02","34.7569","-112.4567","1447.8","CHINO VALLEY, AZ US","0.0","7","0.0",",7","4","1,7","3","1,7","0","1,7","1","1,7","1","1,7","0",",7","23",",7","0",",7","8",",7","0",",7","","","","","-11.1",",7,21,","51","1,,7,28,","38","1,,7,28,","8.6","1,,7,28,","22.8",",7,10,","","","347.8",",7","15.4","1,,,7","38","1,,,7","5.91",",7","14.81",",,,7","-2.99",",,,7"
"USC00021654","2018-03","34.7569","-112.4567","1447.8","CHINO VALLEY, AZ US","0.0","7","0.0",",7","4","4,7","1","4,7","0","4,7","0",",7","0",",7","0",",7","15",",7","0",",7","8",",7","0",",7","","","","","-5.6",",7,05,","0",",,7,31,+","0",",T,7,01,","10.2","4,,7,12,","25.0",",7,31,","","","289.0",",7","13.2","4,,,7","0",",T,,7","9.01",",7","17.33",",,,7","0.69",",,,7"
"USC00021654","2018-04","34.7569","-112.4567","1447.8","CHINO VALLEY, AZ US","8.9","7","8.9",",7","0",",7","0",",7","0",",7","0",",7","0",",7","0",",7","1",",7","0",",7","25",",7","0",",7","","","","","-1.7",",7,17,","0",",,7,30,+","0",",,7,30,+","0.0",",,7,30,+","30.6",",7,27,","","","94.8",",7","0.0",",,,7","0",",,,7","15.47",",7","25.05",",,,7","5.89",",,,7"
"USC00021654","2018-05","34.7569","-112.4567","1447.8","CHINO VALLEY, AZ US","50.4","7","41.5",",7","2",",7","2",",7","0",",7","0",",7","0",",7","0",",7","0",",7","0",",7","29",",7","5",",7","","","","","1.7",",7,03,","0",",,7,31,+","0",",,7,31,+","13.7",",,7,02,","34.4",",7,09,","","","43.8",",7","17.5",",,,7","0",",,,7","18.26",",7","27.87",",,,7","8.64",",,,7"
"USC00021654","2018-06","34.7569","-112.4567","1447.8","CHINO VALLEY, AZ US","219.0","7","168.6",",7","1",",7","1",",7","0",",7","0",",7","0",",7","0",",7","0",",7","0",",7","30",",7","25",",7","","","","","9.4",",7,19,+","0",",,7,30,+","0",",,7,30,+","4.6",",,7,17,","38.9",",7,22,","","","1.4",",7","4.6",",,,7","0",",,,7","23.91",",7","34.09",",,,7","13.73",",,,7"
"USC00021654","2018-07","34.7569","-112.4567","1447.8","CHINO VALLEY, AZ US","458.6","7","239.6","1,7","","","","","","","0",",7","0",",7","0",",7","0",",7","0","1,7","30","1,7","26","1,7","","","","","13.3",",7,01,","0",",,7,31,+","0",",,7,31,+","","","39.4","1,7,06,","0.0","7","0.0","1,7","127.2","4,a,,7","0",",,,7","26.24","1,7","34.64","1,,,7","17.85",",,,7"
"USC00021654","2018-08","34.7569","-112.4567","1447.8","CHINO VALLEY, AZ US","658.5","7","199.9",",7","","","","","","","0",",7","0",",7","0",",7","0",",7","0",",7","31",",7","21",",7","","","","","11.1",",7,29,","0",",,7,31,+","0",",,7,31,+","","","38.3",",7,07,","0.0","7","0.0",",7","43.1","2,a,,7","0",",,,7","24.78",",7","33.35",",,,7","16.21",",,,7"
"USC00021654","2018-09","34.7569","-112.4567","1447.8","CHINO VALLEY, AZ US","772.3","7","113.8",",7","2",",7","1",",7","0",",7","0",",7","0",",7","0",",7","0",",7","0",",7","30",",7","16",",7","","","","","7.8",",7,28,","0",",,7,30,+","0",",,7,30,+","11.2",",,7,04,","35.0",",7,09,","0.0","7","0.0",",7","11.7",",,,7","0",",,,7","22.13",",7","31.91",",,,7","12.35",",,,7"
"USC00021654","2018-10","34.7569","-112.4567","1447.8","CHINO VALLEY, AZ US","778.4","7","6.1",",7","","","","","","","0",",7","0",",7","0",",7","0",",7","0",",7","18",",7","0",",7","","","","","1.1",",7,18,+","0",",,7,31,+","0",",,7,31,+","","","30.6",",7,01,","140.0","7","140.0",",7","65.1","2,a,,7","0",",,,7","14.01",",7","21.38",",,,7","6.65",",,,7"
"USC00021654","2018-11","34.7569","-112.4567","1447.8","CHINO VALLEY, AZ US","778.4","7","0.0",",7","1",",7","1",",7","0",",7","0",",7","0",",7","0",",7","21",",7","0",",7","6",",7","0",",7","","","","","-7.8",",7,13,","0",",,7,30,+","0",",,7,30,+","6.6",",,7,30,","22.2",",7,07,+","465.3","7","325.3",",7","6.6",",,,7","0",",,,7","7.49",",7","17.00",",,,7","-2.02",",,,7"
"USC00021654","2018-12","34.7569","-112.4567","1447.8","CHINO VALLEY, AZ US","","","","","2","5,7","0","5,7","0","5,7","0","5,7","0","5,7","","","","","","","","","","","","","","","","","0","5,,7,31,+","0","5,,7,31,+","1.8","5,,7,06,","","","","","","","2.6","5,,,7","0","5,,,7","","","","","",""
"USC00021654","2019-02","34.7569","-112.4567","1447.8","CHINO VALLEY, AZ US","","","0.0",",7","","","","","","","","","","","0",",7","21",",7","1",",7","0",",7","0",",7","","","","","-16.1",",7,23,","","","","","","","16.1",",7,14,+","","","454.2",",7","","","","","2.11",",7","8.94",",,,7","-4.72",",,,7"
"USC00021654","2019-03","34.7569","-112.4567","1447.8","CHINO VALLEY, AZ US","","","0.0",",7","7",",7","2",",7","0",",7","0",",7","0",",7","0",",7","14",",7","0",",7","6",",7","0",",7","","","","","-5.0",",7,14,","0",",,7,31,+","0",",,7,31,+","13.0",",,7,13,","24.4",",7,27,","","","293.7",",7","28.5",",,,7","0",",,,7","8.86",",7","17.08",",,,7","0.64",",,,7"
"USC00021654","2019-04","34.7569","-112.4567","1447.8","CHINO VALLEY, AZ US","","","3.9",",7","2",",7","0",",7","0",",7","0",",7","0",",7","0",",7","2",",7","0",",7","20",",7","0",",7","","","","","-2.2",",7,01,","0",",,7,30,+","0",",,7,30,+","0.8",",,7,30,","30.6",",7,26,","","","137.4",",7","1.3",",,,7","0",",,,7","13.88",",7","22.91",",,,7","4.86",",,,7"
"USC00021654","2019-05","34.7569","-112.4567","1447.8","CHINO VALLEY, AZ US","","","2.8",",7","8","2,7","4","2,7","0","2,7","0",",7","0",",7","0",",7","2",",7","0",",7","21",",7","0",",7","","","","","0.0",",7,24,+","0",",,7,31,+","0",",,7,31,+","7.6","2,,7,23,","28.9",",7,16,+","","","144.6",",7","23.6","2,,,7","0",",,,7","13.76",",7","22.15",",,,7","5.36",",,,7"
"USC00021654","2019-06","34.7569","-112.4567","1447.8","CHINO VALLEY, AZ US","","","113.5",",7","0",",7","0",",7","0",",7","0",",7","0",",7","0",",7","0",",7","0",",7","30",",7","19",",7","","","","","7.2",",7,03,","0",",,7,30,+","0",",,7,30,+","0.0",",,7,30,+","36.1",",7,30,+","","","1.1",",7","0.0",",,,7","0",",,,7","22.08",",7","32.34",",,,7","11.81",",,,7"
"USC00021654","2019-07","34.7569","-112.4567","1447.8","CHINO VALLEY, AZ US","","","231.9",",7","3",",7","0",",7","0",",7","0","1,7","0","1,7","0",",7","0",",7","0",",7","31",",7","31",",7","","","","","10.0",",7,09,","0","1,,7,31,+","0","1,,7,31,+","1.5",",,7,31,","38.3",",7,30,","0.0","","0.0",",7","2.5",",,,7","0","1,,,7","25.81",",7","35.39",",,,7","16.24",",,,7"
"USC00021654","2019-09","34.7569","-112.4567","1447.8","CHINO VALLEY, AZ US","","","","","","","","","","","0",",7","0",",7","","","","","","","","","","","","","","","","","0",",,7,30,+","0",",,7,30,+","","","","","","","","","","","0",",,,7","","","","","",""
