"STATION","DATE","LATITUDE","LONGITUDE","ELEVATION","NAME","CDSD","CDSD_ATTRIBUTES","CLDD","CLDD_ATTRIBUTES","DP01","DP01_ATTRIBUTES","DP10","DP10_ATTRIBUTES","DP1X","DP1X_ATTRIBUTES","DSND","DSND_ATTRIBUTES","DSNW","DSNW_ATTRIBUTES","DT00","DT00_ATTRIBUTES","DT32","DT32_ATTRIBUTES","DX32","DX32_ATTRIBUTES","DX70","DX70_ATTRIBUTES","DX90","DX90_ATTRIBUTES","DYFG","DYFG_ATTRIBUTES","DYTS","DYTS_ATTRIBUTES","EMNT","EMNT_ATTRIBUTES","EMSD","EMSD_ATTRIBUTES","EMSN","EMSN_ATTRIBUTES","EMXP","EMXP_ATTRIBUTES","EMXT","EMXT_ATTRIBUTES","HDSD","HDSD_ATTRIBUTES","HTDD","HTDD_ATTRIBUTES","PRCP","PRCP_ATTRIBUTES","SNOW","SNOW_ATTRIBUTES","TAVG","TAVG_ATTRIBUTES","TMAX","TMAX_ATTRIBUTES","TMIN","TMIN_ATTRIBUTES"
"USC00062658","1916-02","41.95","-73.36667","167.6","FALLS VILLAGE, CT US","","","0.0","1,6","12",",6","8",",6","0",",6","28","1,6","","","6",",6","28",",6","14","1,6","0","1,6","0","1,6","","","","","-29.4",",6,15,","406","1,,6,13,","","","14.2",",,6,26,","14.4","1,6,01,","","","664.4","1,6","79.1",",,,6","","","-5.38","1,6","0.76","1,,,6","-11.52",",,,6"
"USC00062658","1916-03","41.95","-73.36667","167.6","FALLS VILLAGE, CT US","","","0.0",",6","14",",6","6",",6","0",",6","26","5,6","12",",6","2",",6","29",",6","13",",6","0",",6","0",",6","","","","","-20.6",",6,17,","457","5,,6,23,+","254",",,6,15,","18.3",",,6,15,","16.1",",6,31,","","","675.8",",6","68.1",",,,6","1219",",,,6","-3.47",",6","2.87",",,,6","-9.81",",,,6"
"USC00062658","1916-04","41.95","-73.36667","167.6","FALLS VILLAGE, CT US","","","0.0",",6","17",",6","9",",6","0",",6","","","1",",6","0",",6","10",",6","0",",6","1",",6","0",",6","","","","","-6.1",",6,11,","","","25",",,6,07,","17.3",",,6,14,","22.8",",6,30,","","","328.6",",6","66.8",",,,6","38",",,,6","7.38",",6","13.69",",,,6","1.07",",,,6"
"USC00062658","1916-05","41.95","-73.36667","167.6","FALLS VILLAGE, CT US","","","6.8",",6","12","1,6","7","1,6","0","1,6","","","","","0",",6","1",",6","0",",6","18",",6","0",",6","","","","","0.0",",6,19,","","","","","18.0","1,,6,17,","27.8",",6,29,","","","135.8",",6","73.6","1,,,6","","","14.17",",6","20.93",",,,6","7.41",",,,6"
"USC00062658","1916-06","41.95","-73.36667","167.6","FALLS VILLAGE, CT US","","","9.8",",6","16",",6","9",",6","1",",6","","","","","0",",6","0",",6","0",",6","20",",6","0",",6","","","","","3.3",",6,04,+","","","","","31.0",",,6,03,","27.8",",6,27,","","","75.3",",6","98.7",",,,6","","","16.15",",6","22.35",",,,6","9.94",",,,6"
"USC00062658","1916-07","41.95","-73.36667","167.6","FALLS VILLAGE, CT US","","","135.7",",6","14",",6","7",",6","2",",6","","","","","0",",6","0",",6","0",",6","31",",6","5",",6","","","","","6.7",",6,01,","","","","","37.8",",,6,13,","33.9",",6,31,","2.5","6","2.5",",6","146.1",",,,6","","","22.63",",6","28.71",",,,6","16.55",",,,6"
"USC00062658","1916-08","41.95","-73.36667","167.6","FALLS VILLAGE, CT US","","","105.9",",6","10",",6","6",",6","1",",6","","","","","0",",6","0",",6","0",",6","30",",6","10",",6","","","","","5.6",",6,14,","","","","","33.0",",,6,23,","35.0",",6,23,+","13.6","6","11.1",",6","79.2",",,,6","","","21.39",",6","28.82",",,,6","13.96",",,,6"
"USC00062658","1916-09","41.95","-73.36667","167.6","FALLS VILLAGE, CT US","","","21.8","2,6","10",",6","6",",6","1",",6","","","","","0","2,6","1","2,6","0",",6","24",",6","0",",6","","","","","-1.7","2,6,30,","","","","","41.9",",,6,15,","31.1",",6,08,","102.1","6","88.5",",6","100.2",",,,6","","","16.04","2,6","23.70",",,,6","8.38","2,,,6"
"USC00062658","1916-10","41.95","-73.36667","167.6","FALLS VILLAGE, CT US","","","0.6",",6","7",",6","3",",6","0",",6","","","","","0",",6","17",",6","0",",6","9",",6","0",",6","","","","","-5.6",",6,27,","","","","","5.3",",,6,20,","27.2",",6,08,","366.7","6","264.6",",6","17.0",",,,6","","","9.82",",6","18.32",",,,6","1.31",",,,6"
"USC00062658","1916-11","41.95","-73.36667","167.6","FALLS VILLAGE, CT US","","","0.0","3,6","8",",6","5",",6","0",",6","","","","","0","2,6","27","2,6","1","1,6","0","1,6","0","1,6","","","","","-12.8","2,6,22,","","","","","19.8",",,6,30,","17.2","1,6,01,","829.5","6","462.8","1,6","66.9",",,,6","","","1.44","3,6","8.27","1,,,6","-5.39","2,,,6"
"USC00062658","1916-12","41.95","-73.36667","167.6","FALLS VILLAGE, CT US","","","0.0",",6","9",",6","6",",6","0",",6","","","2",",6","0",",6","27",",6","12",",6","0",",6","0",",6","","","","","-15.0",",6,30,","","","89",",,6,15,","10.2",",,6,27,","14.4",",6,06,","1452.5","6","623.0",",6","42.5",",,,6","114",",,,6","-1.76",",6","2.28",",,,6","-5.80",",,,6"
"USC00062658","1917-01","41.95","-73.36667","167.6","FALLS VILLAGE, CT US","0.0","6","0.0","4,6","10",",6","6",",6","0",",6","","","","","2","4,6","27","4,6","9",",6","0",",6","0",",6","","","","","-20.6","4,6,27,","","","","","19.8",",,6,14,","10.6",",6,14,","2051.6","6","599.1",",6","61.8",",,,6","","","-3.80","4,6","2.28",",,,6","-9.88","4,,,6"
"USC00062658","1917-02","41.95","-73.36667","167.6","FALLS VILLAGE, CT US","0.0","6","0.0","1,6","7",",6","7",",6","0",",6","","","","","5",",6","27",",6","14","1,6","0","1,6","0","1,6","","","","","-23.9",",6,13,","","","","","19.1",",,6,05,","9.4","1,6,27,","2708.2","6","656.6","1,6","63.9",",,,6","","","-5.80","1,6","0.10","1,,,6","-11.70",",,,6"
"USC00062658","1917-03","41.95","-73.36667","167.6","FALLS VILLAGE, CT US","0.0","6","0.0",",6","13",",6","8",",6","0",",6","","","","","0",",6","29",",6","1",",6","0",",6","0",",6","","","","","-11.7",",6,07,","","","","","16.5",",,6,05,","14.4",",6,31,","3249.5","6","541.3",",6","69.4",",,,6","","","0.87",",6","6.25",",,,6","-4.51",",,,6"
"USC00062658","1917-04","41.95","-73.36667","167.6","FALLS VILLAGE, CT US","0.0","6","0.0","4,6","9",",6","6",",6","0",",6","","","","","0","2,6","16","2,6","0","3,6","4","3,6","0","3,6","","","","","-6.1","2,6,15,","","","","","14.7",",,6,06,","24.4","3,6,21,","3552.3","6","302.8","3,6","54.4",",,,6","","","6.57","4,6","12.90","3,,,6","0.24","2,,,6"
"USC00062658","1917-05","41.95","-73.36667","167.6","FALLS VILLAGE, CT US","0.0","6","0.0",",6","16",",6","9",",6","0",",6","","","","","0",",6","5",",6","0",",6","4",",6","0",",6","","","","","-1.7",",6,16,+","","","","","19.1",",,6,05,","26.1",",6,19,","3829.9","6","277.6",",6","79.9",",,,6","","","9.38",",6","14.95",",,,6","3.80",",,,6"
"USC00062658","1917-06","41.95","-73.36667","167.6","FALLS VILLAGE, CT US","32.8","6","32.8","2,6","13",",6","11",",6","1",",6","","","","","0",",6","0",",6","0","2,6","26","2,6","0","2,6","","","","","6.1",",6,05,","","","","","30.5",",,6,27,","28.9","2,6,22,+","3846.8","6","16.9","2,6","110.7",",,,6","","","19.03","2,6","25.03","2,,,6","13.04",",,,6"
"USC00062658","1917-07","41.95","-73.36667","167.6","FALLS VILLAGE, CT US","140.5","6","107.7","1,6","8",",6","4",",6","0",",6","","","","","0",",6","0",",6","0","1,6","28","1,6","6","1,6","","","","","9.4",",6,06,+","","","","","16.8",",,6,11,","35.6","1,6,31,+","4.8","6","4.8","1,6","47.4",",,,6","","","21.80","1,6","28.24","1,,,6","15.37",",,,6"
"USC00062658","1917-08","41.95","-73.36667","167.6","FALLS VILLAGE, CT US","248.0","6","107.5",",6","8",",6","4",",6","1",",6","","","","","0",",6","0",",6","0",",6","31",",6","3",",6","","","","","6.1",",6,27,+","","","","","29.2",",,6,29,","37.8",",6,01,","7.1","6","2.3",",6","67.2",",,,6","","","21.73",",6","28.55",",,,6","14.90",",,,6"
"USC00062658","1917-09","41.95","-73.36667","167.6","FALLS VILLAGE, CT US","252.4","6","4.4",",6","6",",6","3",",6","0",",6","","","","","0",",6","4",",6","0",",6","17",",6","0",",6","","","","","-2.8",",6,23,","","","","","8.1",",,6,01,","28.3",",6,02,","156.5","6","149.4",",6","19.8",",,,6","","","13.50",",6","21.15",",,,6","5.85",",,,6"
"USC00062658","1917-10","41.95","-73.36667","167.6","FALLS VILLAGE, CT US","252.4","6","0.0","2,6","17",",6","9",",6","2",",6","","","","","0",",6","12",",6","0","2,6","1","2,6","0","2,6","","","","","-6.1",",6,13,","","","","","41.4",",,6,30,","21.1","2,6,19,","468.3","6","311.8","2,6","136.4",",,,6","","","7.58","2,6","13.77","2,,,6","1.40",",,,6"
"USC00062658","1917-11","41.95","-73.36667","167.6","FALLS VILLAGE, CT US","252.4","6","0.0","1,6","4",",6","1",",6","0",",6","","","","","0","1,6","25","1,6","3","1,6","0","1,6","0","1,6","","","","","-12.2","1,6,27,","","","","","6.6",",,6,22,","15.0","1,6,18,","975.6","6","507.3","1,6","10.5",",,,6","","","0.84","1,6","7.26","1,,,6","-5.58","1,,,6"
"USC00062658","1917-12","41.95","-73.36667","167.6","FALLS VILLAGE, CT US","252.4","6","0.0","2,6","5",",6","3",",6","2",",6","","","4",",6","8","1,6","30","1,6","19","1,6","0","1,6","0","1,6","","","","","-28.9","1,6,30,","","","305",",,6,14,","38.1",",,6,01,","9.4","1,6,22,","1728.0","6","752.4","1,6","75.3",",,,6","432",",,,6","-7.66","2,6","-2.16","1,,,6","-13.15","1,,,6"
"USC00062658","1918-01","41.95","-73.36667","167.6","FALLS VILLAGE, CT US","0.0","","0.0","1,6","7",",6","5",",6","1",",6","30","1,6","4",",6","13",",6","31",",6","26","1,6","0","1,6","0","1,6","","","","","-30.6",",6,02,","203","1,,6,31,+","102",",,6,15,+","36.1",",,6,12,","8.9","1,6,12,","2587.8","","859.8","1,6","85.2",",,,6","318",",,,6","-10.25","1,6","-4.39","1,,,6","-16.12",",,,6"
"USC00062658","1918-02","41.95","-73.36667","167.6","FALLS VILLAGE, CT US","0.0","","0.0",",6","10",",6","6",",6","0",",6","","","3",",6","10",",6","27",",6","10",",6","0",",6","0",",6","","","","","-32.2",",6,02,","","","102",",,6,09,","15.2",",,6,20,","11.7",",6,12,","3252.7","","664.9",",6","51.2",",,,6","204",",,,6","-5.41",",6","1.62",",,,6","-12.44",",,,6"
"USC00062658","1918-03","41.95","-73.36667","167.6","FALLS VILLAGE, CT US","0.0","","0.0","1,6","6",",6","6",",6","0",",6","","","1",",6","0",",6","27",",6","1","1,6","0","1,6","0","1,6","","","","","-13.3",",6,16,","","","102",",,6,07,","24.4",",,6,10,","20.0","1,6,31,+","3739.8","","487.1","1,6","69.6",",,,6","102",",,,6","2.13","1,6","9.19","1,,,6","-4.93",",,,6"
"USC00062658","1918-04","41.95","-73.36667","167.6","FALLS VILLAGE, CT US","0.0","","0.0","1,6","11",",6","11",",6","1",",6","","","2",",6","0",",6","17",",6","0","1,6","6","1,6","0","1,6","","","","","-6.7",",6,07,","","","102",",,6,12,","27.9",",,6,21,","24.4","1,6,30,","4057.4","","317.6","1,6","90.9",",,,6","153",",,,6","7.38","1,6","14.87","1,,,6","-0.10",",,,6"
"USC00062658","1918-05","41.95","-73.36667","167.6","FALLS VILLAGE, CT US","21.7","","21.7","1,6","10",",6","8",",6","1",",6","","","","","0",",6","1",",6","0","1,6","25","1,6","0","1,6","","","","","0.0",",6,02,","","","","","44.5",",,6,14,","29.4","1,6,27,+","4128.3","","70.9","1,6","118.4",",,,6","","","16.77","1,6","24.24","1,,,6","9.30",",,,6"
"USC00062658","1918-07","41.95","-73.36667","167.6","FALLS VILLAGE, CT US","","","73.2","3,6","10",",6","8",",6","1",",6","","","","","0",",6","0",",6","0","3,6","27","3,6","8","3,6","","","","","5.0",",6,03,","","","","","39.4",",,6,30,","36.7","3,6,22,","16.4","","16.4","3,6","76.5",",,,6","","","20.43","3,6","27.71","3,,,6","13.15",",,,6"
"USC00062658","1918-08","41.95","-73.36667","167.6","FALLS VILLAGE, CT US","","","91.8","1,6","6",",6","5",",6","1",",6","","","","","0",",6","0",",6","0","1,6","30","1,6","6","1,6","","","","","5.0",",6,19,","","","","","26.4",",,6,11,","38.3","1,6,07,","31.1","","14.7","1,6","58.2",",,,6","","","21.01","1,6","28.41","1,,,6","13.60",",,,6"
"USC00062658","1918-09","41.95","-73.36667","167.6","FALLS VILLAGE, CT US","","","6.7","4,6","11",",6","9",",6","2",",6","","","","","0","2,6","3","2,6","0","2,6","13","2,6","0","2,6","","","","","-1.1","2,6,30,","","","","","45.2",",,6,26,","28.3","2,6,04,","158.5","","127.4","2,6","174.8",",,,6","","","13.85","4,6","20.54","2,,,6","7.16","2,,,6"
"USC00062658","1918-10","41.95","-73.36667","167.6","FALLS VILLAGE, CT US","","","2.8","2,6","8",",6","7",",6","0",",6","","","","","0",",6","13",",6","0","2,6","7","2,6","0","2,6","","","","","-5.6",",6,23,","","","","","16.5",",,6,03,","25.6","2,6,29,","388.0","","229.5","2,6","50.5",",,,6","","","10.84","2,6","17.97","2,,,6","3.71",",,,6"
"USC00062658","1919-01","41.95","-73.36667","167.6","FALLS VILLAGE, CT US","0.0","6","0.0","2,6","6",",6","5",",6","0",",6","","","4",",6","3","1,6","27","1,6","5","1,6","0","1,6","0","1,6","","","","","-21.1","1,6,13,+","","","102",",,6,02,","16.3",",,6,24,+","13.9","1,6,01,","","","570.3","1,6","62.1",",,,6","305",",,,6","-1.45","2,6","4.09","1,,,6","-7.00","1,,,6"
"USC00062658","1919-02","41.95","-73.36667","167.6","FALLS VILLAGE, CT US","0.0","6","0.0","1,6","6",",6","6",",6","0",",6","","","3",",6","0",",6","26",",6","2","1,6","0","1,6","0","1,6","","","","","-15.6",",6,11,","","","152",",,6,23,+","21.3",",,6,26,","8.9","1,6,13,","","","541.3","1,6","63.4",",,,6","329",",,,6","-1.87","1,6","3.22","1,,,6","-6.97",",,,6"
"USC00062658","1919-03","41.95","-73.36667","167.6","FALLS VILLAGE, CT US","0.0","6","0.0",",6","10",",6","7",",6","1",",6","","","1",",6","0",",6","24",",6","1",",6","0",",6","0",",6","","","","","-11.7",",6,14,","","","76",",,6,16,","55.9",",,6,28,","20.0",",6,26,","","","473.8",",6","125.0",",,,6","76",",,,6","3.05",",6","9.20",",,,6","-3.10",",,,6"
"USC00062658","1919-04","41.95","-73.36667","167.6","FALLS VILLAGE, CT US","0.0","6","0.0","4,6","16",",6","9",",6","0",",6","","","","","0","1,6","13","1,6","1","3,6","3","3,6","0","3,6","","","","","-8.9","1,6,02,","","","","","12.7",",,6,16,","25.6","3,6,07,","","","284.3","3,6","65.3",",,,6","","","7.39","4,6","14.00","3,,,6","0.79","1,,,6"
"USC00062658","1919-05","41.95","-73.36667","167.6","FALLS VILLAGE, CT US","0.0","6","0.0","1,6","16",",6","8",",6","1",",6","","","","","0",",6","0",",6","0","1,6","15","1,6","0","1,6","","","","","0.6",",6,19,","","","","","25.4",",,6,22,","27.8","1,6,29,+","","","141.6","1,6","121.5",",,,6","","","13.59","1,6","20.78","1,,,6","6.40",",,,6"
"USC00062658","1919-06","41.95","-73.36667","167.6","FALLS VILLAGE, CT US","77.0","6","77.0",",6","9",",6","6",",6","1",",6","","","","","0",",6","0",",6","0",",6","28",",6","5",",6","","","","","2.8",",6,23,","","","","","38.6",",,6,27,","37.8",",6,03,","","","24.1",",6","86.2",",,,6","","","20.10",",6","28.12",",,,6","12.07",",,,6"
"USC00062658","1919-07","41.95","-73.36667","167.6","FALLS VILLAGE, CT US","179.8","6","102.8",",6","13",",6","9",",6","2",",6","","","","","0",",6","0",",6","0",",6","30",",6","4",",6","","","","","6.7",",6,12,","","","","","37.3",",,6,23,","38.3",",6,04,","7.2","6","7.2",",6","157.2",",,,6","","","21.42",",6","28.10",",,,6","14.73",",,,6"
"USC00062658","1919-08","41.95","-73.36667","167.6","FALLS VILLAGE, CT US","221.2","6","41.4","1,6","10",",6","8",",6","0",",6","","","","","0",",6","0",",6","0","1,6","28","1,6","0","1,6","","","","","5.0",",6,28,","","","","","18.5",",,6,18,","31.1","1,6,24,","38.5","6","31.3","1,6","71.9",",,,6","","","18.67","1,6","25.13","1,,,6","12.21",",,,6"
"USC00062658","1919-09","41.95","-73.36667","167.6","FALLS VILLAGE, CT US","241.6","6","20.4","2,6","12",",6","8",",6","2",",6","","","","","0","2,6","1","2,6","0",",6","21",",6","0",",6","","","","","0.0","2,6,27,","","","","","48.8",",,6,23,","31.7",",6,08,+","117.7","6","79.2",",6","129.2",",,,6","","","16.20","2,6","22.77",",,,6","9.64","2,,,6"
"USC00062658","1919-10","41.95","-73.36667","167.6","FALLS VILLAGE, CT US","246.9","6","5.3",",6","12",",6","7",",6","0",",6","","","","","0",",6","10",",6","0",",6","7",",6","0",",6","","","","","-5.0",",6,19,+","","","","","11.7",",,6,17,","28.3",",6,03,","336.4","6","218.7",",6","48.4",",,,6","","","11.45",",6","17.78",",,,6","5.12",",,,6"
"USC00062658","1919-11","41.95","-73.36667","167.6","FALLS VILLAGE, CT US","246.9","6","0.0","1,6","11",",6","10",",6","3",",6","","","0",",6","0",",6","20",",6","0","1,6","1","1,6","0","1,6","","","","","-11.1",",6,21,","","","0",",T,6,23,+","33.0",",,6,02,","21.1","1,6,01,","755.2","6","418.8","1,6","165.7",",,,6","0",",T,,6","3.82","1,6","9.45","1,,,6","-1.82",",,,6"
"USC00062658","1919-12","41.95","-73.36667","167.6","FALLS VILLAGE, CT US","246.9","6","0.0","3,6","10",",6","6",",6","0",",6","12","1,6","6",",6","6","1,6","29","1,6","11","2,6","0","2,6","0","2,6","","","","","-26.1","1,6,19,","152","1,,6,25,","152",",,6,25,","16.0",",,6,09,","12.8","2,6,14,","1404.2","6","649.0","2,6","56.7",",,,6","508",",,,6","-4.99","3,6","1.77","2,,,6","-11.75","1,,,6"
"USC00062658","1920-01","41.95","-73.36667","167.6","FALLS VILLAGE, CT US","0.0","6","0.0","1,6","12",",6","6",",6","0",",6","31",",6","12",",6","13",",6","31",",6","21","1,6","0","1,6","0","1,6","","","","","-26.1",",6,20,","584",",,6,25,","178",",,6,09,","18.5",",,6,09,","8.9","1,6,27,","2216.7","6","812.5","1,6","52.4",",,,6","1067",",,,6","-8.73","1,6","-1.98","1,,,6","-15.48",",,,6"
"USC00062658","1920-02","41.95","-73.36667","167.6","FALLS VILLAGE, CT US","0.0","6","0.0",",6","11",",6","8",",6","2",",6","29",",6","10",",6","5",",6","29",",6","12",",6","0",",6","0",",6","","","","","-28.9",",6,01,","1016",",,6,29,+","610",",,6,05,","87.6",",,6,05,","9.4",",6,14,","2913.8","6","697.1",",6","180.1",",,,6","1270",",,,6","-5.71",",6","0.90",",,,6","-12.31",",,,6"
"USC00062658","1920-03","41.95","-73.36667","167.6","FALLS VILLAGE, CT US","0.0","6","0.0","1,6","10",",6","7",",6","1",",6","","","3",",6","3","1,6","24","1,6","4","1,6","0","1,6","0","1,6","","","","","-26.1","1,6,08,","","","508",",,6,06,","111.8",",,6,06,","17.8","1,6,31,","3457.7","6","543.9","1,6","165.4",",,,6","787",",,,6","0.20","1,6","7.28","1,,,6","-6.87","1,,,6"
"USC00062658","1920-05","41.95","-73.36667","167.6","FALLS VILLAGE, CT US","","","1.1",",6","11",",6","5",",6","0",",6","","","","","0",",6","4",",6","0",",6","14",",6","0",",6","","","","","-5.6",",6,05,","","","","","15.2",",,6,21,","29.4",",6,28,+","","","192.4",",6","58.9",",,,6","","","12.16",",6","19.65",",,,6","4.68",",,,6"
"USC00062658","1920-06","41.95","-73.36667","167.6","FALLS VILLAGE, CT US","","","31.8","1,6","11",",6","8",",6","3",",6","","","","","0",",6","0",",6","0","1,6","24","1,6","0","1,6","","","","","4.4",",6,28,+","","","","","49.0",",,6,05,","31.7","1,6,02,","","","52.4","1,6","157.5",",,,6","","","17.63","1,6","25.12","1,,,6","10.14",",,,6"
"USC00062658","1920-07","41.95","-73.36667","167.6","FALLS VILLAGE, CT US","","","64.9",",6","9",",6","6",",6","0",",6","","","","","0",",6","0",",6","0",",6","30",",6","0",",6","","","","","5.6",",6,26,+","","","","","25.1",",,6,24,","31.7",",6,13,","18.5","6","18.5",",6","95.5",",,,6","","","19.83",",6","27.03",",,,6","12.63",",,,6"
"USC00062658","1920-08","41.95","-73.36667","167.6","FALLS VILLAGE, CT US","","","95.0",",6","12",",6","9",",6","2",",6","","","","","0",",6","0",",6","0",",6","31",",6","1",",6","","","","","6.7",",6,03,","","","","","61.5",",,6,16,","32.2",",6,08,","24.1","6","5.6",",6","197.1",",,,6","","","21.22",",6","27.57",",,,6","14.86",",,,6"
"USC00062658","1920-09","41.95","-73.36667","167.6","FALLS VILLAGE, CT US","","","17.2","1,6","8",",6","6",",6","2",",6","","","","","0",",6","1",",6","0","1,6","23","1,6","0","1,6","","","","","-0.6",",6,20,","","","","","106.7",",,6,30,","31.1","1,6,26,","84.7","6","60.6","1,6","185.4",",,,6","","","16.91","1,6","23.95","1,,,6","9.86",",,,6"
"USC00062658","1920-10","41.95","-73.36667","167.6","FALLS VILLAGE, CT US","","","0.0","1,6","7",",6","2",",6","1",",6","","","","","0","1,6","4","1,6","0",",6","14",",6","0",",6","","","","","-3.9","1,6,31,","","","","","29.0",",,6,28,","25.6",",6,21,+","255.2","6","170.5",",6","35.8",",,,6","","","12.60","1,6","20.02",",,,6","5.19","1,,,6"
"USC00062658","1920-11","41.95","-73.36667","167.6","FALLS VILLAGE, CT US","","","0.0","1,6","11",",6","5",",6","1",",6","","","2",",6","0","1,6","24","1,6","0",",6","0",",6","0",",6","","","","","-11.7","1,6,13,","","","102",",,6,25,","26.7",",,6,17,","16.1",",6,03,","715.2","6","460.0",",6","79.0",",,,6","166",",,,6","2.61","1,6","7.25",",,,6","-2.03","1,,,6"
"USC00062658","1920-12","41.95","-73.36667","167.6","FALLS VILLAGE, CT US","","","0.0",",6","9",",6","7",",6","2",",6","","","2",",6","1",",6","29",",6","6",",6","0",",6","0",",6","","","","","-17.8",",6,29,","","","178",",,6,27,","33.0",",,6,14,","15.6",",6,14,","1301.4","6","586.2",",6","105.9",",,,6","254",",,,6","-0.58",",6","4.09",",,,6","-5.24",",,,6"
"USC00062658","1921-01","41.95","-73.36667","167.6","FALLS VILLAGE, CT US","0.0","6","0.0","1,6","8",",6","6",",6","0",",6","4","1,6","3",",6","4",",6","29",",6","5","1,6","0","1,6","0","1,6","","","","","-20.6",",6,19,","51","1,,6,08,","51",",,6,30,+","18.5",",,6,14,","11.1","1,6,04,+","1924.5","6","623.1","1,6","49.7",",,,6","127",",,,6","-2.61","1,6","3.66","1,,,6","-8.87",",,,6"
"USC00062658","1921-02","41.95","-73.36667","167.6","FALLS VILLAGE, CT US","0.0","6","0.0","2,6","9",",6","7",",6","1",",6","21",",6","7",",6","1","1,6","26","1,6","2","1,6","0","1,6","0","1,6","","","","","-22.2","1,6,26,","330",",,6,20,","330",",,6,20,","27.7",",,6,20,","14.4","1,6,16,","2446.6","6","522.1","1,6","62.0",",,,6","711",",,,6","-1.98","2,6","3.84","1,,,6","-7.80","1,,,6"
"USC00062658","1921-03","41.95","-73.36667","167.6","FALLS VILLAGE, CT US","0.0","6","0.0",",6","18",",6","10",",6","0",",6","","","","","0",",6","16",",6","0",",6","3",",6","0",",6","","","","","-10.6",",6,30,","","","","","11.2",",,6,26,","26.7",",6,28,","2818.2","6","371.6",",6","69.8",",,,6","","","6.35",",6","13.60",",,,6","-0.91",",,,6"
"USC00062658","1921-05","41.95","-73.36667","167.6","FALLS VILLAGE, CT US","","","18.7",",6","11",",6","6",",6","0",",6","","","","","0",",6","3",",6","0",",6","18",",6","2",",6","","","","","-1.1",",6,12,","","","","","22.4",",,6,29,","35.0",",6,30,","","","142.1",",6","65.1",",,,6","","","14.35",",6","22.72",",,,6","5.98",",,,6"
"USC00062658","1921-06","41.95","-73.36667","167.6","FALLS VILLAGE, CT US","","","53.4",",6","10",",6","8",",6","3",",6","","","","","0",",6","0",",6","0",",6","28",",6","3",",6","","","","","1.1",",6,02,","","","","","50.0",",,6,23,","36.7",",6,22,+","","","43.0",",6","146.5",",,,6","","","18.68",",6","26.78",",,,6","10.57",",,,6"
"USC00062658","1921-07","41.95","-73.36667","167.6","FALLS VILLAGE, CT US","","","155.1","1,6","9",",6","7",",6","0",",6","","","","","0",",6","0",",6","0","1,6","29","1,6","8","1,6","","","","","11.7",",6,17,","","","","","21.8",",,6,20,","35.0","1,6,07,","0.5","6","0.5","1,6","78.9",",,,6","","","23.52","1,6","29.71","1,,,6","17.33",",,,6"
"USC00062658","1921-08","41.95","-73.36667","167.6","FALLS VILLAGE, CT US","","","48.5",",6","7",",6","7",",6","1",",6","","","","","0",",6","0",",6","0",",6","31",",6","2",",6","","","","","6.1",",6,26,+","","","","","50.8",",,6,08,","33.3",",6,30,","28.4","6","27.9",",6","105.5",",,,6","","","19.00",",6","26.32",",,,6","11.68",",,,6"
"USC00062658","1921-09","41.95","-73.36667","167.6","FALLS VILLAGE, CT US","","","39.8",",6","9",",6","7",",6","1",",6","","","","","0",",6","0",",6","0",",6","26",",6","1",",6","","","","","2.2",",6,27,","","","","","34.5",",,6,07,","33.9",",6,02,","74.6","6","46.2",",6","98.0",",,,6","","","18.12",",6","25.12",",,,6","11.13",",,,6"
"USC00062658","1921-10","41.95","-73.36667","167.6","FALLS VILLAGE, CT US","","","0.0","1,6","6",",6","4",",6","0",",6","","","","","0","1,6","14","1,6","0",",6","6",",6","0",",6","","","","","-8.9","1,6,20,","","","","","23.1",",,6,20,","23.9",",6,07,+","360.7","6","286.1",",6","41.7",",,,6","","","8.84","1,6","17.13",",,,6","0.56","1,,,6"
"USC00062658","1921-11","41.95","-73.36667","167.6","FALLS VILLAGE, CT US","","","0.0",",6","19",",6","13",",6","1",",6","","","","","0",",6","17",",6","1",",6","1",",6","0",",6","","","","","-8.3",",6,13,+","","","","","45.7",",,6,28,","22.2",",6,18,","794.6","6","433.9",",6","150.7",",,,6","","","3.87",",6","8.29",",,,6","-0.55",",,,6"
"USC00062658","1921-12","41.95","-73.36667","167.6","FALLS VILLAGE, CT US","","","0.0","3,6","9",",6","4",",6","0",",6","","","","","3","2,6","26","2,6","7","1,6","0","1,6","0","1,6","","","","","-19.4","2,6,31,+","","","","","15.7",",,6,03,","13.9","1,6,18,","1378.5","6","583.9","1,6","42.2",",,,6","","","-2.54","3,6","2.61","1,,,6","-7.70","2,,,6"
"USC00062658","1922-01","41.95","-73.36667","167.6","FALLS VILLAGE, CT US","0.0","6","0.0","3,6","7",",6","4",",6","0",",6","","","","","6","1,6","29","1,6","13","3,6","0","3,6","0","3,6","","","","","-25.0","1,6,17,","","","","","18.3",",,6,11,","9.4","3,6,06,","2049.7","6","671.2","3,6","42.1",",,,6","","","-5.59","3,6","0.56","3,,,6","-11.73","1,,,6"
"USC00062658","1922-02","41.95","-73.36667","167.6","FALLS VILLAGE, CT US","0.0","6","0.0",",6","8",",6","5",",6","0",",6","","","","","2",",6","27",",6","7",",6","0",",6","0",",6","","","","","-25.0",",6,18,","","","","","18.8",",,6,02,","12.2",",6,24,","2625.7","6","576.0",",6","49.5",",,,6","","","-2.24",",6","3.03",",,,6","-7.50",",,,6"
"USC00062658","1922-03","41.95","-73.36667","167.6","FALLS VILLAGE, CT US","0.0","6","0.0",",6","13",",6","11",",6","0",",6","","","","","0",",6","27",",6","3",",6","1",",6","0",",6","","","","","-15.6",",6,01,","","","","","24.6",",,6,08,","23.3",",6,26,","3130.3","6","504.6",",6","118.7",",,,6","","","2.06",",6","8.28",",,,6","-4.16",",,,6"
"USC00062658","1922-04","41.95","-73.36667","167.6","FALLS VILLAGE, CT US","0.0","6","0.0",",6","8",",6","4",",6","0",",6","","","0",",6","0",",6","16",",6","0",",6","5",",6","0",",6","","","","","-7.2",",6,22,","","","0",",T,6,21,+","24.1",",,6,01,","28.3",",6,10,","3450.5","6","320.2",",6","58.5",",,,6","0",",T,,6","7.66",",6","14.81",",,,6","0.51",",,,6"
"USC00062658","1922-05","41.95","-73.36667","167.6","FALLS VILLAGE, CT US","1.4","6","1.4","2,6","8",",6","8",",6","2",",6","","","","","0","2,6","1","2,6","0",",6","27",",6","0",",6","","","","","-5.0","2,6,01,","","","","","65.5",",,6,05,","29.4",",6,30,","3550.7","6","100.2",",6","177.1",",,,6","","","14.79","2,6","23.53",",,,6","6.06","2,,,6"
"USC00062658","1922-06","41.95","-73.36667","167.6","FALLS VILLAGE, CT US","66.8","6","65.4",",6","17",",6","13",",6","1",",6","","","","","0",",6","0",",6","0",",6","29",",6","0",",6","","","","","4.4",",6,13,","","","","","38.1",",,6,21,","31.7",",6,09,","3563.7","6","13.0",",6","147.6",",,,6","","","20.08",",6","26.58",",,,6","13.57",",,,6"
"USC00062658","1922-07","41.95","-73.36667","167.6","FALLS VILLAGE, CT US","163.8","6","97.0",",6","10",",6","6",",6","0",",6","","","","","0",",6","0",",6","0",",6","31",",6","2",",6","","","","","6.7",",6,30,","","","","","16.5",",,6,24,","35.6",",6,12,","2.4","6","2.4",",6","58.5",",,,6","","","21.38",",6","28.71",",,,6","14.06",",,,6"
"USC00062658","1922-08","41.95","-73.36667","167.6","FALLS VILLAGE, CT US","230.8","6","67.0",",6","13",",6","9",",6","2",",6","","","","","0",",6","0",",6","0",",6","28",",6","5",",6","","","","","7.2",",6,22,","","","","","43.2",",,6,19,","33.3",",6,17,+","15.5","6","13.1",",6","147.7",",,,6","","","20.07",",6","26.85",",,,6","13.30",",,,6"
"USC00062658","1922-09","41.95","-73.36667","167.6","FALLS VILLAGE, CT US","254.4","6","23.6","1,6","5",",6","4",",6","0",",6","","","","","0","1,6","2","1,6","0",",6","28",",6","0",",6","","","","","-2.2","1,6,26,","","","","","17.8",",,6,06,","31.1",",6,06,","78.4","6","62.9",",6","54.4",",,,6","","","17.00","1,6","25.51",",,,6","8.49","1,,,6"
"USC00062658","1922-10","41.95","-73.36667","167.6","FALLS VILLAGE, CT US","260.0","6","5.6",",6","6",",6","5",",6","1",",6","","","","","0",",6","12",",6","0",",6","12",",6","0",",6","","","","","-8.9",",6,21,","","","","","30.5",",,6,08,","30.6",",6,02,","310.7","6","232.3",",6","58.5",",,,6","","","11.02",",6","18.24",",,,6","3.80",",,,6"
"USC00062658","1922-11","41.95","-73.36667","167.6","FALLS VILLAGE, CT US","260.0","6","0.0",",6","10",",6","3",",6","0",",6","","","0",",6","0",",6","21",",6","1",",6","0",",6","0",",6","","","","","-11.7",",6,27,","","","0",",T,6,27,+","9.4",",,6,20,","17.2",",6,02,","740.5","6","429.8",",6","26.1",",,,6","0",",T,,6","4.01",",6","9.33",",,,6","-1.32",",,,6"
"USC00062658","1922-12","41.95","-73.36667","167.6","FALLS VILLAGE, CT US","260.0","6","0.0","1,6","8",",6","7",",6","0",",6","","","","","2","1,6","29","1,6","11",",6","0",",6","0",",6","","","","","-22.2","1,6,20,","","","","","19.3",",,6,28,","12.8",",6,01,","1383.8","6","643.3",",6","78.4",",,,6","","","-3.04","1,6","2.56",",,,6","-8.65","1,,,6"
"USC00062658","1923-01","41.95","-73.36667","167.6","FALLS VILLAGE, CT US","0.0","6","0.0","3,6","15",",6","12",",6","0",",6","","","","","4","1,6","29","1,6","16","2,6","0","2,6","0","2,6","","","","","-27.8","1,6,31,","","","","","23.9",",,6,01,","10.0","2,6,01,","2034.1","6","650.3","2,6","128.4",",,,6","","","-5.03","3,6","0.21","2,,,6","-10.27","1,,,6"
"USC00062658","1923-02","41.95","-73.36667","167.6","FALLS VILLAGE, CT US","0.0","6","0.0",",6","11",",6","5",",6","0",",6","","","","","10",",6","28",",6","15",",6","0",",6","0",",6","","","","","-25.6",",6,18,","","","","","8.9",",,6,13,","10.0",",6,01,","2739.9","6","705.8",",6","37.5",",,,6","","","-6.88",",6","-0.06",",,,6","-13.69",",,,6"
"USC00062658","1923-03","41.95","-73.36667","167.6","FALLS VILLAGE, CT US","0.0","6","0.0","1,6","","","","","","","","","","","1","1,6","27","1,6","6",",6","0",",6","0",",6","","","","","-20.0","1,6,09,","","","","","","","13.3",",6,23,","3320.8","6","580.9",",6","","","","","-0.96","1,6","5.77",",,,6","-7.69","1,,,6"
"USC00062658","1923-04","41.95","-73.36667","167.6","FALLS VILLAGE, CT US","0.0","6","0.0","1,6","8",",6","4",",6","1",",6","","","0",",6","0",",6","17",",6","1","1,6","8","1,6","0","1,6","","","","","-13.3",",6,01,","","","0",",T,6,19,","35.6",",,6,29,","30.6","1,6,21,","3612.5","6","291.7","1,6","80.8",",,,6","0",",T,,6","8.26","1,6","16.64","1,,,6","-0.13",",,,6"
"USC00062658","1923-05","41.95","-73.36667","167.6","FALLS VILLAGE, CT US","0.0","6","0.0",",6","7",",6","5",",6","0",",6","","","","","0",",6","5",",6","0",",6","17",",6","0",",6","","","","","-3.3",",6,11,","","","","","22.1",",,6,09,","29.4",",6,26,","3795.3","6","182.8",",6","63.5",",,,6","","","12.44",",6","20.63",",,,6","4.25",",,,6"
"USC00062658","1923-06","41.95","-73.36667","167.6","FALLS VILLAGE, CT US","68.3","6","68.3",",6","11",",6","7",",6","0",",6","","","","","0",",6","0",",6","0",",6","28",",6","7",",6","","","","","3.9",",6,11,+","","","","","16.5",",,6,08,","34.4",",6,20,+","3834.7","6","39.4",",6","69.4",",,,6","","","19.30",",6","27.27",",,,6","11.32",",,,6"
"USC00062658","1923-07","41.95","-73.36667","167.6","FALLS VILLAGE, CT US","123.6","6","55.3",",6","10",",6","5",",6","1",",6","","","","","0",",6","0",",6","0",",6","30",",6","5",",6","","","","","6.1",",6,02,","","","","","53.3",",,6,28,","35.0",",6,20,","12.2","6","12.2",",6","80.9",",,,6","","","19.72",",6","27.83",",,,6","11.61",",,,6"
"USC00062658","1923-08","41.95","-73.36667","167.6","FALLS VILLAGE, CT US","181.2","6","57.6","1,6","8",",6","5",",6","1",",6","","","","","0",",6","0",",6","0","1,6","30","1,6","4","1,6","","","","","3.9",",6,23,","","","","","31.2",",,6,19,","33.9","1,6,04,","42.0","6","29.8","1,6","79.7",",,,6","","","19.28","1,6","27.75","1,,,6","10.82",",,,6"
"USC00062658","1923-09","41.95","-73.36667","167.6","FALLS VILLAGE, CT US","212.9","6","31.7",",6","10",",6","8",",6","1",",6","","","","","0",",6","1",",6","0",",6","22",",6","0",",6","","","","","-1.1",",6,18,","","","","","63.5",",,6,23,","31.7",",6,01,","103.3","6","61.3",",6","117.0",",,,6","","","17.35",",6","23.53",",,,6","11.16",",,,6"
"USC00062658","1923-10","41.95","-73.36667","167.6","FALLS VILLAGE, CT US","212.9","6","0.0","1,6","9",",6","5",",6","1",",6","","","","","0",",6","13",",6","0","1,6","5","1,6","0","1,6","","","","","-5.0",",6,28,","","","","","105.9",",,6,24,","26.1","1,6,14,","380.3","6","277.0","1,6","140.2",",,,6","","","9.23","1,6","17.11","1,,,6","1.36",",,,6"
"USC00062658","1923-11","41.95","-73.36667","167.6","FALLS VILLAGE, CT US","212.9","6","0.0",",6","8",",6","6",",6","0",",6","","","","","0",",6","23",",6","0",",6","0",",6","0",",6","","","","","-11.7",",6,20,","","","","","18.8",",,6,07,","20.0",",6,05,","817.8","6","437.5",",6","69.5",",,,6","","","3.75",",6","10.38",",,,6","-2.88",",,,6"
"USC00062658","1923-12","41.95","-73.36667","167.6","FALLS VILLAGE, CT US","212.9","6","0.0","1,6","12",",6","8",",6","0",",6","","","","","0","1,6","24","1,6","2",",6","0",",6","0",",6","","","","","-13.3","1,6,15,","","","","","14.5",",,6,23,","15.0",",6,01,","1311.9","6","494.1",",6","72.3",",,,6","","","1.76","1,6","6.99",",,,6","-3.47","1,,,6"
"USC00062658","1924-01","41.95","-73.36667","167.6","FALLS VILLAGE, CT US","0.0","6","0.0",",6","4",",6","3",",6","0",",6","","","","","3",",6","31",",6","7",",6","0",",6","0",",6","","","","","-21.7",",6,27,","","","","","24.1",",,6,11,","15.0",",6,11,","1963.7","6","651.8",",6","53.0",",,,6","","","-2.69",",6","3.27",",,,6","-8.65",",,,6"
"USC00062658","1924-02","41.95","-73.36667","167.6","FALLS VILLAGE, CT US","0.0","6","0.0",",6","4",",6","4",",6","0",",6","","","","","4",",6","29",",6","16",",6","0",",6","0",",6","","","","","-17.8",",6,25,+","","","","","17.8",",,6,20,","7.8",",6,27,","2650.4","6","686.7",",6","43.7",",,,6","","","-5.34",",6","0.38",",,,6","-11.07",",,,6"
"USC00062658","1924-03","41.95","-73.36667","167.6","FALLS VILLAGE, CT US","0.0","6","0.0","2,6","7",",6","4",",6","0",",6","","","","","0",",6","26",",6","1","2,6","0","2,6","0","2,6","","","","","-15.0",",6,02,","","","","","7.6",",,6,29,","15.6","2,6,30,","3147.4","6","497.0","2,6","24.5",",,,6","","","1.24","2,6","7.14","2,,,6","-4.66",",,,6"
"USC00062658","1924-04","41.95","-73.36667","167.6","FALLS VILLAGE, CT US","0.0","6","0.0",",6","12",",6","8",",6","2",",6","","","","","0",",6","19",",6","0",",6","1",",6","0",",6","","","","","-12.8",",6,03,","","","","","46.2",",,6,07,","22.8",",6,28,","3508.1","6","360.7",",6","134.3",",,,6","","","6.31",",6","13.85",",,,6","-1.24",",,,6"
"USC00062658","1924-05","41.95","-73.36667","167.6","FALLS VILLAGE, CT US","0.0","6","0.0","1,6","20",",6","10",",6","0",",6","","","","","0",",6","4",",6","0","1,6","9","1,6","0","1,6","","","","","-3.3",",6,02,","","","","","21.8",",,6,12,","24.4","1,6,17,","3706.7","6","198.6","1,6","105.2",",,,6","","","11.72","1,6","18.31","1,,,6","5.13",",,,6"
"USC00062658","1924-06","41.95","-73.36667","167.6","FALLS VILLAGE, CT US","41.4","6","41.4",",6","14",",6","6",",6","0",",6","","","","","0",",6","1",",6","0",",6","27",",6","0",",6","","","","","-1.1",",6,01,","","","","","15.7",",,6,21,","30.6",",6,29,+","3760.4","6","53.7",",6","54.9",",,,6","","","17.93",",6","25.68",",,,6","10.17",",,,6"
"USC00062658","1924-07","41.95","-73.36667","167.6","FALLS VILLAGE, CT US","122.5","6","81.1",",6","8",",6","6",",6","0",",6","","","","","0",",6","0",",6","0",",6","31",",6","6",",6","","","","","6.1",",6,20,+","","","","","17.5",",,6,31,","35.6",",6,29,","8.6","6","8.6",",6","62.7",",,,6","","","20.67",",6","29.43",",,,6","11.91",",,,6"
"USC00062658","1924-08","41.95","-73.36667","167.6","FALLS VILLAGE, CT US","201.8","6","79.3",",6","","","","","","","","","","","0",",6","0",",6","0",",6","31",",6","6",",6","","","","","5.6",",6,03,","","","","","","","35.0",",6,07,","22.8","6","14.2",",6","","","","","20.43",",6","28.14",",,,6","12.73",",,,6"
"USC00062658","1924-09","41.95","-73.36667","167.6","FALLS VILLAGE, CT US","213.0","6","11.2",",6","9",",6","6",",6","4",",6","","","","","0",",6","0",",6","0",",6","20",",6","1",",6","","","","","0.6",",6,25,+","","","","","58.4",",,6,30,","32.2",",6,02,","143.1","6","120.3",",6","225.8",",,,6","","","14.70",",6","21.88",",,,6","7.51",",,,6"
"USC00062658","1924-10","41.95","-73.36667","167.6","FALLS VILLAGE, CT US","213.0","6","0.0",",6","2",",6","2",",6","0",",6","","","","","0",",6","17",",6","0",",6","9",",6","0",",6","","","","","-8.3",",6,23,","","","","","18.8",",,6,01,","26.1",",6,04,","432.1","6","289.0",",6","22.1",",,,6","","","9.01",",6","17.89",",,,6","0.13",",,,6"
"USC00062658","1924-11","41.95","-73.36667","167.6","FALLS VILLAGE, CT US","213.0","6","0.0",",6","6",",6","4",",6","1",",6","","","","","0",",6","22",",6","1",",6","1",",6","0",",6","","","","","-17.2",",6,19,","","","","","41.4",",,6,23,","22.2",",6,07,","871.2","6","439.1",",6","79.5",",,,6","","","3.70",",6","10.91",",,,6","-3.52",",,,6"
"USC00062658","1924-12","41.95","-73.36667","167.6","FALLS VILLAGE, CT US","213.0","6","0.0",",6","9",",6","5",",6","0",",6","","","","","3",",6","30",",6","11",",6","0",",6","0",",6","","","","","-18.9",",6,29,","","","","","8.9",",,6,06,","15.6",",6,09,","1526.1","6","654.9",",6","33.0",",,,6","","","-2.79",",6","2.36",",,,6","-7.95",",,,6"
"USC00062658","1925-01","41.95","-73.36667","167.6","FALLS VILLAGE, CT US","0.0","6","0.0","3,6","10",",6","4",",6","0",",6","","","","","5","1,6","30","1,6","13","2,6","0","2,6","0","2,6","","","","","-27.2","1,6,29,+","","","","","19.8",",,6,30,","6.1","2,6,26,","2189.9","6","663.8","2,6","59.5",",,,6","","","-5.57","3,6","0.54","2,,,6","-11.68","1,,,6"
"USC00062658","1925-02","41.95","-73.36667","167.6","FALLS VILLAGE, CT US","0.0","6","0.0","1,6","10",",6","5",",6","1",",6","","","","","1",",6","25",",6","1","1,6","0","1,6","0","1,6","","","","","-18.3",",6,05,","","","","","30.7",",,6,12,","15.6","1,6,09,","2673.0","6","483.1","1,6","87.2",",,,6","","","0.28","1,6","7.11","1,,,6","-6.54",",,,6"
"USC00062658","1925-03","41.95","-73.36667","167.6","FALLS VILLAGE, CT US","0.0","6","0.0",",6","13",",6","9",",6","1",",6","","","","","0",",6","23",",6","1",",6","2",",6","0",",6","","","","","-14.4",",6,03,","","","","","41.4",",,6,28,","22.8",",6,26,","3119.3","6","446.3",",6","123.2",",,,6","","","3.94",",6","11.07",",,,6","-3.19",",,,6"
"USC00062658","1925-04","41.95","-73.36667","167.6","FALLS VILLAGE, CT US","0.8","6","0.8","1,6","9",",6","8",",6","0",",6","","","","","0","1,6","16","1,6","0",",6","6",",6","0",",6","","","","","-7.8","1,6,21,","","","","","14.5",",,6,20,","27.2",",6,26,","3401.4","6","282.1",",6","56.6",",,,6","","","8.79","1,6","17.23",",,,6","0.34","1,,,6"
"USC00062658","1925-05","41.95","-73.36667","167.6","FALLS VILLAGE, CT US","1.4","6","0.6",",6","10",",6","7",",6","0",",6","","","","","0",",6","7",",6","0",",6","17",",6","0",",6","","","","","-2.8",",6,09,","","","","","17.8",",,6,11,","27.8",",6,21,","3589.5","6","188.1",",6","69.4",",,,6","","","12.28",",6","20.70",",,,6","3.87",",,,6"
"USC00062658","1925-06","41.95","-73.36667","167.6","FALLS VILLAGE, CT US","105.1","6","103.7",",6","16",",6","8",",6","0",",6","","","","","0",",6","0",",6","0",",6","29",",6","9",",6","","","","","4.4",",6,24,","","","","","17.8",",,6,29,","36.7",",6,03,","3601.2","6","11.7",",6","80.5",",,,6","","","21.40",",6","29.28",",,,6","13.52",",,,6"
"USC00062658","1925-07","41.95","-73.36667","167.6","FALLS VILLAGE, CT US","176.2","6","71.1",",6","14",",6","11",",6","2",",6","","","","","0",",6","0",",6","0",",6","31",",6","2",",6","","","","","6.7",",6,30,","","","","","57.4",",,6,22,","34.4",",6,07,","8.4","6","8.4",",6","185.4",",,,6","","","20.35",",6","27.77",",,,6","12.94",",,,6"
"USC00062658","1925-08","41.95","-73.36667","167.6","FALLS VILLAGE, CT US","261.3","6","85.1",",6","8",",6","6",",6","0",",6","","","","","0",",6","0",",6","0",",6","31",",6","2",",6","","","","","1.7",",6,28,","","","","","16.0",",,6,01,","32.8",",6,16,","26.7","6","18.3",",6","42.7",",,,6","","","20.49",",6","28.55",",,,6","12.42",",,,6"
"USC00062658","1925-09","41.95","-73.36667","167.6","FALLS VILLAGE, CT US","304.3","6","43.0",",6","","","","","","","","","","","0",",6","2",",6","0",",6","22",",6","1",",6","","","","","-1.1",",6,26,+","","","","","","","33.3",",6,11,","101.4","6","74.7",",6","","","","","17.28",",6","23.89",",,,6","10.67",",,,6"
"USC00062658","1925-10","41.95","-73.36667","167.6","FALLS VILLAGE, CT US","304.3","6","0.0",",6","","","","","","","","","","","0",",6","16",",6","0",",6","1",",6","0",",6","","","","","-8.9",",6,31,","","","","","","","22.8",",6,17,","463.1","6","361.7",",6","","","","","6.66",",6","12.79",",,,6","0.54",",,,6"
"USC00062658","1925-11","41.95","-73.36667","167.6","FALLS VILLAGE, CT US","304.3","6","0.0","1,6","8",",6","5",",6","0",",6","","","","","0",",6","20",",6","0","1,6","0","1,6","0","1,6","","","","","-11.7",",6,30,","","","","","23.9",",,6,16,","17.8","1,6,16,","888.4","6","425.3","1,6","76.8",",,,6","","","3.73","1,6","10.21","1,,,6","-2.75",",,,6"
"USC00062658","1925-12","41.95","-73.36667","167.6","FALLS VILLAGE, CT US","304.3","6","0.0","1,6","","","","","","","","","","","0","1,6","22","1,6","9",",6","0",",6","0",",6","","","","","-14.4","1,6,30,","","","","","","","13.9",",6,06,","1459.1","6","570.7",",6","","","","","-0.89","1,6","3.03",",,,6","-4.80","1,,,6"
"USC00062658","1926-01","41.95","-73.36667","167.6","FALLS VILLAGE, CT US","0.0","6","0.0","1,6","10",",6","5",",6","0",",6","","","","","5",",6","28",",6","10","1,6","0","1,6","0","1,6","","","","","-22.8",",6,13,","","","","","12.7",",,6,19,","11.1","1,6,19,","2105.9","6","646.8","1,6","44.0",",,,6","","","-3.28","1,6","2.70","1,,,6","-9.25",",,,6"
"USC00062658","1926-02","41.95","-73.36667","167.6","FALLS VILLAGE, CT US","0.0","6","0.0",",6","11",",6","8",",6","1",",6","","","","","2",",6","27",",6","10",",6","0",",6","0",",6","","","","","-25.6",",6,09,","","","","","25.7",",,6,04,","11.7",",6,18,","2732.9","6","627.0",",6","91.0",",,,6","","","-4.06",",6","1.70",",,,6","-9.81",",,,6"
"USC00062658","1926-03","41.95","-73.36667","167.6","FALLS VILLAGE, CT US","0.0","6","0.0",",6","12",",6","8",",6","0",",6","","","","","1",",6","29",",6","6",",6","0",",6","0",",6","","","","","-18.9",",6,06,","","","","","20.3",",,6,07,","12.8",",6,25,+","3335.6","6","602.7",",6","70.8",",,,6","","","-1.11",",6","4.49",",,,6","-6.70",",,,6"
"USC00062658","1926-04","41.95","-73.36667","167.6","FALLS VILLAGE, CT US","0.0","6","0.0",",6","","","","","","","","","0","1,6","0",",6","17",",6","0",",6","3",",6","0",",6","","","1","","-8.3",",6,16,+","","","0","1,,6,30,+","","","24.4",",6,22,","3717.7","6","382.1",",6","","","0","1,,,6","5.60",",6","12.37",",,,6","-1.18",",,,6"
"USC00062658","1926-05","41.95","-73.36667","167.6","FALLS VILLAGE, CT US","0.0","6","0.0",",6","11",",6","7",",6","0",",6","","","","","0",",6","5",",6","0",",6","21",",6","0",",6","","","","","-2.2",",6,05,+","","","","","12.2",",,6,20,","29.4",",6,02,","3869.5","6","151.8",",6","49.4",",,,6","","","13.44",",6","22.16",",,,6","4.71",",,,6"
"USC00062658","1926-06","41.95","-73.36667","167.6","FALLS VILLAGE, CT US","17.5","6","17.5",",6","14",",6","7",",6","0",",6","","","","","0",",6","0",",6","0",",6","28",",6","0",",6","","","","","0.6",",6,17,","","","","","14.7",",,6,15,","30.6",",6,30,+","3932.0","6","62.5",",6","68.2",",,,6","","","16.84",",6","25.06",",,,6","8.61",",,,6"
"USC00062658","1926-07","41.95","-73.36667","167.6","FALLS VILLAGE, CT US","128.1","6","110.6","1,6","10",",6","5",",6","1",",6","","","","","0",",6","0",",6","0","1,6","30","1,6","8","1,6","","","","","6.1",",6,12,","","","","","28.2",",,6,29,","38.9","1,6,22,","3.4","6","3.4","1,6","61.5",",,,6","","","21.98","1,6","30.57","1,,,6","13.39",",,,6"
"USC00062658","1926-08","41.95","-73.36667","167.6","FALLS VILLAGE, CT US","223.8","6","95.7","1,6","16",",6","11",",6","0",",6","","","","","0","1,6","0","1,6","0",",6","30",",6","3",",6","","","","","7.2","1,6,31,","","","","","17.0",",,6,16,","36.1",",6,04,","13.1","6","9.7",",6","96.9",",,,6","","","21.31","1,6","27.62",",,,6","15.00","1,,,6"
"USC00062658","1926-09","41.95","-73.36667","167.6","FALLS VILLAGE, CT US","235.5","6","11.7",",6","11",",6","6",",6","1",",6","","","","","0",",6","0",",6","0",",6","25",",6","0",",6","","","","","1.7",",6,27,+","","","","","43.7",",,6,26,","30.0",",6,25,","94.2","6","81.1",",6","117.7",",,,6","","","16.02",",6","23.42",",,,6","8.62",",,,6"
"USC00062658","1926-10","41.95","-73.36667","167.6","FALLS VILLAGE, CT US","239.7","6","4.2",",6","12",",6","10",",6","1",",6","","","","","0",",6","12",",6","0",",6","4",",6","0",",6","","","","","-7.8",",6,28,","","","","","41.9",",,6,25,","26.7",",6,05,","403.9","6","309.7",",6","142.4",",,,6","","","8.48",",6","14.77",",,,6","2.19",",,,6"
"USC00062658","1926-11","41.95","-73.36667","167.6","FALLS VILLAGE, CT US","239.7","6","0.0",",6","11",",6","9",",6","2",",6","","","","","0",",6","23",",6","0",",6","0",",6","0",",6","","","","","-11.1",",6,12,","","","","","48.3",",,6,10,","18.9",",6,16,+","839.5","6","435.6",",6","147.4",",,,6","","","3.81",",6","10.09",",,,6","-2.47",",,,6"
"USC00062658","1926-12","41.95","-73.36667","167.6","FALLS VILLAGE, CT US","239.7","6","0.0","3,6","12",",6","6",",6","0",",6","","","","","3","3,6","28","3,6","12",",6","0",",6","0",",6","","","","","-21.1","3,6,27,","","","","","19.8",",,6,28,","5.6",",6,14,+","1495.0","6","655.5",",6","63.7",",,,6","","","-5.34","3,6","0.10",",,,6","-10.78","3,,,6"
"USC00062658","1927-01","41.95","-73.36667","167.6","FALLS VILLAGE, CT US","","","","","16",",6","11",",6","0",",6","","","","","","","","","13",",6","0",",6","0",",6","","","","","","","","","","","8.9",",,6,16,","7.8",",6,20,+","","","","","60.3",",,,6","","","","","1.07",",,,6","",""
"USC00062658","1927-02","41.95","-73.36667","167.6","FALLS VILLAGE, CT US","","","0.0",",6","7",",6","6",",6","0",",6","","","","","0",",6","27",",6","3",",6","0",",6","0",",6","","","","","-12.8",",6,05,","","","","","21.6",",,6,19,","13.3",",6,25,","","","533.1",",6","74.5",",,,6","","","-0.71",",6","4.15",",,,6","-5.56",",,,6"
"USC00062658","1927-03","41.95","-73.36667","167.6","FALLS VILLAGE, CT US","","","0.0",",6","7",",6","4",",6","0",",6","","","","","0",",6","22",",6","2",",6","2",",6","0",",6","","","","","-15.0",",6,02,","","","","","16.5",",,6,21,","23.3",",6,17,","","","474.5",",6","43.9",",,,6","","","3.03",",6","9.85",",,,6","-3.80",",,,6"
"USC00062658","1927-04","41.95","-73.36667","167.6","FALLS VILLAGE, CT US","","","0.0",",6","9",",6","7",",6","1",",6","","","0","1,6","0",",6","19",",6","0",",6","5",",6","0",",6","","","","","-8.3",",6,04,","","","0","1,,6,30,+","25.7",",,6,22,","27.8",",6,20,","","","346.1",",6","55.9",",,,6","0","1,,,6","6.80",",6","14.68",",,,6","-1.08",",,,6"
"USC00062658","1927-05","41.95","-73.36667","167.6","FALLS VILLAGE, CT US","","","0.0",",6","","","","","","","","","","","0",",6","5",",6","0",",6","13",",6","0",",6","","","","","-3.9",",6,08,","","","","","","","29.4",",6,20,+","","","176.2",",6","","","","","12.65",",6","20.21",",,,6","5.09",",,,6"
"USC00062658","1927-06","41.95","-73.36667","167.6","FALLS VILLAGE, CT US","","","18.7",",6","13",",6","5",",6","1",",6","","","","","0",",6","0",",6","0",",6","27",",6","0",",6","","","2","","0.6",",6,02,","","","","","39.1",",,6,26,","31.7",",6,10,","","","75.8",",6","61.6",",,,6","","","16.43",",6","24.57",",,,6","8.28",",,,6"
"USC00062658","1927-07","41.95","-73.36667","167.6","FALLS VILLAGE, CT US","","","109.1",",6","14",",6","8",",6","1",",6","","","","","0",",6","0",",6","0",",6","31",",6","4",",6","","","1","","3.9",",6,05,","","","","","45.5",",,6,23,","34.4",",6,14,+","12.3","6","12.3",",6","138.0",",,,6","","","21.46",",6","28.55",",,,6","14.37",",,,6"
"USC00062658","1927-08","41.95","-73.36667","167.6","FALLS VILLAGE, CT US","","","21.6","1,6","","","","","","","","","","","0","1,6","0","1,6","0",",6","28",",6","0",",6","","","","","5.6","1,6,25,","","","","","","","29.4",",6,01,","44.3","6","32.0",",6","","","","","17.99","1,6","24.55",",,,6","11.44","1,,,6"
"USC00062658","1927-09","41.95","-73.36667","167.6","FALLS VILLAGE, CT US","","","8.0","1,6","6",",6","5",",6","0",",6","","","","","0",",6","0",",6","0","1,6","23","1,6","0","1,6","","","","","0.6",",6,25,","","","","","17.0",",,6,11,","29.4","1,6,07,","134.0","6","89.7","1,6","51.6",",,,6","","","15.57","1,6","22.94","1,,,6","8.19",",,,6"
"USC00062658","1927-10","41.95","-73.36667","167.6","FALLS VILLAGE, CT US","","","12.3",",6","9",",6","8",",6","2",",6","","","","","0",",6","9",",6","0",",6","12",",6","1",",6","","","","","-6.1",",6,31,","","","","","67.6",",,6,13,","32.2",",6,02,","353.6","6","219.6",",6","171.7",",,,6","","","11.64",",6","18.73",",,,6","4.56",",,,6"
"USC00062658","1927-11","41.95","-73.36667","167.6","FALLS VILLAGE, CT US","","","0.0",",6","10",",6","9",",6","2",",6","","","","","0",",6","15",",6","0",",6","1",",6","0",",6","","","","","-11.1",",6,21,","","","","","73.7",",,6,03,","21.7",",6,02,","718.2","6","364.6",",6","208.3",",,,6","","","6.18",",6","12.30",",,,6","0.06",",,,6"
"USC00062658","1927-12","41.95","-73.36667","167.6","FALLS VILLAGE, CT US","","","0.0","1,6","13",",6","11",",6","0",",6","","","","","0","1,6","27","1,6","8",",6","0",",6","0",",6","","","","","-15.0","1,6,24,","","","","","24.1",",,6,05,","17.8",",6,01,","1294.2","6","576.0",",6","119.5",",,,6","","","-0.96","1,6","3.83",",,,6","-5.75","1,,,6"
"USC00062658","1928-01","41.95","-73.36667","167.6","FALLS VILLAGE, CT US","0.0","6","0.0","1,6","","","","","","","","","","","3","1,6","26","1,6","10",",6","0",",6","0",",6","","","","","-25.0","1,6,30,","","","","","","","11.7",",6,07,+","1908.9","6","614.7",",6","","","","","-2.28","1,6","3.23",",,,6","-7.78","1,,,6"
"USC00062658","1928-02","41.95","-73.36667","167.6","FALLS VILLAGE, CT US","0.0","6","0.0",",6","7",",6","5",",6","1",",6","","","","","5",",6","28",",6","8",",6","0",",6","0",",6","","","","","-21.1",",6,22,+","","","","","26.7",",,6,15,","11.7",",6,04,","2523.8","6","614.9",",6","94.4",",,,6","","","-2.87",",6","3.32",",,,6","-9.06",",,,6"
"USC00062658","1928-03","41.95","-73.36667","167.6","FALLS VILLAGE, CT US","0.0","6","0.0",",6","7",",6","5",",6","0",",6","","","","","0",",6","28",",6","1",",6","3",",6","0",",6","","","","","-16.7",",6,04,","","","","","17.0",",,6,30,","21.1",",6,26,+","3056.5","6","532.7",",6","52.8",",,,6","","","1.15",",6","6.79",",,,6","-4.49",",,,6"
"USC00062658","1928-04","41.95","-73.36667","167.6","FALLS VILLAGE, CT US","0.0","6","0.0","1,6","13",",6","7",",6","1",",6","","","","","0","1,6","19","1,6","0",",6","6",",6","0",",6","","","","","-10.0","1,6,02,","","","","","25.4",",,6,28,","28.9",",6,05,","3400.6","6","344.1",",6","101.3",",,,6","","","6.44","1,6","14.17",",,,6","-1.28","1,,,6"
"USC00062658","1928-05","41.95","-73.36667","167.6","FALLS VILLAGE, CT US","0.8","6","0.8",",6","12",",6","8",",6","0",",6","","","","","0",",6","6",",6","0",",6","13",",6","0",",6","","","","","-4.4",",6,14,","","","","","19.3",",,6,18,","29.4",",6,05,","3577.4","6","176.8",",6","71.7",",,,6","","","12.66",",6","20.08",",,,6","5.24",",,,6"
"USC00062658","1928-06","41.95","-73.36667","167.6","FALLS VILLAGE, CT US","34.1","6","33.3",",6","13",",6","10",",6","1",",6","","","","","0",",6","0",",6","0",",6","24",",6","0",",6","","","","","1.7",",6,11,","","","","","29.2",",,6,15,","30.0",",6,25,+","3629.5","6","52.1",",6","147.1",",,,6","","","17.71",",6","24.26",",,,6","11.15",",,,6"
"USC00062658","1928-07","41.95","-73.36667","167.6","FALLS VILLAGE, CT US","152.5","6","118.4","1,6","17",",6","14",",6","1",",6","","","","","0","1,6","0","1,6","0",",6","31",",6","7",",6","","","","","6.1","1,6,31,","","","","","63.0",",,6,27,","35.0",",6,09,","5.8","6","5.8",",6","202.1",",,,6","","","22.05","1,6","29.45",",,,6","14.65","1,,,6"
"USC00062658","1928-08","41.95","-73.36667","167.6","FALLS VILLAGE, CT US","267.0","6","114.5",",6","18",",6","14",",6","4",",6","","","","","0",",6","0",",6","0",",6","28",",6","9",",6","","","","","7.8",",6,13,","","","","","43.7",",,6,10,","34.4",",6,04,","7.4","6","1.6",",6","258.2",",,,6","","","21.97",",6","28.23",",,,6","15.72",",,,6"
"USC00062658","1928-09","41.95","-73.36667","167.6","FALLS VILLAGE, CT US","287.1","6","20.1",",6","8",",6","5",",6","1",",6","","","","","0",",6","3",",6","0",",6","19",",6","0",",6","","","","","-2.8",",6,27,","","","","","29.2",",,6,03,","30.0",",6,13,","122.8","6","115.4",",6","50.1",",,,6","","","15.16",",6","21.16",",,,6","9.15",",,,6"
"USC00062658","1928-10","41.95","-73.36667","167.6","FALLS VILLAGE, CT US","294.1","6","7.0",",6","9",",6","4",",6","0",",6","","","","","0",",6","11",",6","0",",6","12",",6","0",",6","","","","","-8.9",",6,30,","","","","","17.3",",,6,24,","30.0",",6,12,","358.7","6","235.9",",6","33.8",",,,6","","","10.95",",6","18.55",",,,6","3.35",",,,6"
"USC00062658","1928-11","41.95","-73.36667","167.6","FALLS VILLAGE, CT US","294.1","6","0.0",",6","9","1,6","7","1,6","0","1,6","","","0","3,6","0",",6","20",",6","2",",6","3",",6","0",",6","","","","","-11.1",",6,28,","","","0","3,T,6,25,+","11.7","1,,6,19,","22.2",",6,18,","777.6","6","418.9",",6","37.8","1,,,6","0","3,T,,6","4.37",",6","10.11",",,,6","-1.37",",,,6"
"USC00062658","1928-12","41.95","-73.36667","167.6","FALLS VILLAGE, CT US","294.1","6","0.0",",6","9",",6","5",",6","0",",6","","","","","0",",6","28",",6","2",",6","0",",6","0",",6","","","","","-15.6",",6,22,","","","","","17.0",",,6,01,","14.4",",6,18,","1348.3","6","570.7",",6","44.8",",,,6","","","-0.08",",6","5.59",",,,6","-5.74",",,,6"
"USC00062658","1929-01","41.95","-73.36667","167.6","FALLS VILLAGE, CT US","0.0","6","0.0",",6","10",",6","8",",6","1",",6","","","","","2",",6","30",",6","15",",6","0",",6","0",",6","","","","","-25.6",",6,16,","","","","","27.2",",,6,06,","15.6",",6,19,+","2049.8","6","701.5",",6","88.9",",,,6","","","-4.30",",6","1.35",",,,6","-9.94",",,,6"
"USC00062658","1929-03","41.95","-73.36667","167.6","FALLS VILLAGE, CT US","","","0.0",",6","12",",6","8",",6","0",",6","","","0",",6","0",",6","21",",6","1",",6","0",",6","0",",6","","","","","-15.0",",6,10,","","","0",",T,6,07,+","19.6",",,6,06,","20.0",",6,31,+","","","465.8",",6","93.6",",,,6","0",",T,,6","3.31",",6","10.05",",,,6","-3.43",",,,6"
"USC00062658","1929-04","41.95","-73.36667","167.6","FALLS VILLAGE, CT US","","","2.8",",6","20",",6","15",",6","1",",6","","","","","0",",6","12",",6","0",",6","4",",6","0",",6","","","","","-5.0",",6,24,+","","","","","33.3",",,6,21,","30.6",",6,08,+","","","313.7",",6","185.2",",,,6","","","7.97",",6","14.67",",,,6","1.27",",,,6"
"USC00062658","1929-05","41.95","-73.36667","167.6","FALLS VILLAGE, CT US","","","20.9",",6","14",",6","9",",6","0",",6","","","0",",6","0",",6","6",",6","0",",6","16",",6","2",",6","","","","","-3.3",",6,10,","","","0",",,6,31,+","13.7",",,6,07,","33.3",",6,30,","","","169.3",",6","85.2",",,,6","0",",,,6","13.55",",6","22.04",",,,6","5.05",",,,6"
"USC00062658","1929-06","41.95","-73.36667","167.6","FALLS VILLAGE, CT US","","","76.3",",6","11",",6","10",",6","0",",6","","","","","0",",6","1",",6","0",",6","27",",6","2",",6","","","1","","0.0",",6,03,","","","","","22.6",",,6,25,","32.8",",6,18,+","","","50.0",",6","85.0",",,,6","","","19.21",",6","27.48",",,,6","10.93",",,,6"
"USC00062658","1929-07","41.95","-73.36667","167.6","FALLS VILLAGE, CT US","","","91.6",",6","7",",6","4",",6","0",",6","","","","","0",",6","0",",6","0",",6","31",",6","10",",6","","","","","2.8",",6,03,","","","","","13.7",",,6,19,","35.6",",6,28,","17.8","6","17.8",",6","37.6",",,,6","","","20.71",",6","29.45",",,,6","11.97",",,,6"
"USC00062658","1929-08","41.95","-73.36667","167.6","FALLS VILLAGE, CT US","","","39.5",",6","10",",6","5",",6","1",",6","","","","","0",",6","0",",6","0",",6","29",",6","2",",6","","","","","3.3",",6,08,","","","","","37.3",",,6,11,","32.8",",6,01,","52.9","6","35.1",",6","73.6",",,,6","","","18.47",",6","26.68",",,,6","10.26",",,,6"
"USC00062658","1929-09","41.95","-73.36667","167.6","FALLS VILLAGE, CT US","","","48.7",",6","9",",6","8",",6","0",",6","","","","","0",",6","5",",6","0",",6","25",",6","3",",6","","","","","-2.8",",6,21,","","","","","16.5",",,6,14,","35.6",",6,04,","129.1","6","76.2",",6","66.5",",,,6","","","17.42",",6","25.80",",,,6","9.03",",,,6"
"USC00062658","1929-10","41.95","-73.36667","167.6","FALLS VILLAGE, CT US","","","0.0",",6","6",",6","4",",6","1",",6","","","0",",6","0",",6","14",",6","0",",6","5",",6","0",",6","","","","","-8.9",",6,11,","","","0",",,6,31,+","42.7",",,6,23,","25.0",",6,20,","425.4","6","296.3",",6","77.0",",,,6","0",",,,6","8.78",",6","16.07",",,,6","1.48",",,,6"
"USC00062658","1929-11","41.95","-73.36667","167.6","FALLS VILLAGE, CT US","","","0.0",",6","10",",6","5",",6","1",",6","","","","","0",",6","19",",6","2",",6","1",",6","0",",6","","","","","-15.0",",6,30,","","","","","27.9",",,6,18,","23.9",",6,02,","859.4","6","434.0",",6","81.1",",,,6","","","3.87",",6","9.06",",,,6","-1.33",",,,6"
"USC00062658","1929-12","41.95","-73.36667","167.6","FALLS VILLAGE, CT US","","","0.0",",6","12",",6","9",",6","1",",6","","","","","1",",6","28",",6","11",",6","0",",6","0",",6","","","","","-20.0",",6,12,","","","","","26.4",",,6,19,","11.1",",6,07,","1493.7","6","634.3",",6","96.1",",,,6","","","-2.13",",6","2.72",",,,6","-6.98",",,,6"
"USC00062658","1930-01","41.95","-73.36667","167.6","FALLS VILLAGE, CT US","0.0","6","0.0",",6","10",",6","5",",6","0",",6","","","","","5",",6","27",",6","14",",6","0",",6","0",",6","","","","","-23.9",",6,24,","","","","","15.5",",,6,18,","14.4",",6,08,","2158.7","6","665.0",",6","47.0",",,,6","","","-3.12",",6","2.46",",,,6","-8.69",",,,6"
"USC00062658","1930-02","41.95","-73.36667","167.6","FALLS VILLAGE, CT US","0.0","6","0.0",",6","13",",6","6",",6","0",",6","","","","","3",",6","26",",6","7",",6","0",",6","0",",6","","","","","-26.1",",6,17,","","","","","14.7",",,6,13,","18.3",",6,25,+","2706.7","6","548.0",",6","47.6",",,,6","","","-1.24",",6","5.55",",,,6","-8.03",",,,6"
"USC00062658","1930-03","41.95","-73.36667","167.6","FALLS VILLAGE, CT US","0.0","6","0.0",",6","11",",6","7",",6","1",",6","","","0",",6","0",",6","27",",6","2",",6","0",",6","0",",6","","","","","-15.0",",6,22,","","","20",",,6,03,","28.7",",,6,08,","15.6",",6,17,","3225.9","6","519.2",",6","74.7",",,,6","20",",,,6","1.58",",6","7.97",",,,6","-4.81",",,,6"
"USC00062658","1930-04","41.95","-73.36667","167.6","FALLS VILLAGE, CT US","0.0","6","0.0",",6","11",",6","6",",6","0",",6","","","","","0",",6","19",",6","0",",6","3",",6","0",",6","","","","","-7.2",",6,01,","","","","","21.3",",,6,07,","23.9",",6,30,","3572.3","6","346.4",",6","43.3",",,,6","","","6.79",",6","14.15",",,,6","-0.57",",,,6"
"USC00062658","1930-05","41.95","-73.36667","167.6","FALLS VILLAGE, CT US","20.6","6","20.6","2,6","12",",6","10",",6","0",",6","","","0",",6","0",",6","2",",6","0","2,6","17","2,6","3","2,6","","","","","-1.1",",6,04,","","","0",",,6,31,+","22.1",",,6,25,","34.4","2,6,23,","3696.3","6","124.0","2,6","81.0",",,,6","0",",,,6","14.68","2,6","22.94","2,,,6","6.42",",,,6"
"USC00062658","1930-06","41.95","-73.36667","167.6","FALLS VILLAGE, CT US","95.0","6","74.4",",6","10",",6","9",",6","1",",6","","","0",",6","0",",6","1",",6","0",",6","30",",6","6",",6","","","","","-0.6",",6,01,","","","0",",,6,30,+","61.0",",,6,10,","34.4",",6,05,","3705.0","6","8.7",",6","156.7",",,,6","0",",,,6","20.52",",6","28.37",",,,6","12.68",",,,6"
"USC00062658","1930-07","41.95","-73.36667","167.6","FALLS VILLAGE, CT US","192.3","6","97.3",",6","12",",6","8",",6","0",",6","","","0",",6","0",",6","0",",6","0",",6","31",",6","7",",6","","","","","6.7",",6,16,","","","0",",,6,31,+","15.7",",,6,14,","37.2",",6,21,","4.7","6","4.7",",6","79.0",",,,6","0",",,,6","21.32",",6","29.31",",,,6","13.33",",,,6"
"USC00062658","1930-08","41.95","-73.36667","167.6","FALLS VILLAGE, CT US","266.2","6","73.9",",6","11",",6","5",",6","1",",6","","","0",",6","0",",6","0",",6","0",",6","29",",6","7",",6","","","","","3.9",",6,13,","","","0",",,6,31,+","41.9",",,6,29,","37.2",",6,03,","30.5","6","25.8",",6","90.6",",,,6","0",",,,6","19.88",",6","27.97",",,,6","11.80",",,,6"
"USC00062658","1930-09","41.95","-73.36667","167.6","FALLS VILLAGE, CT US","311.8","6","45.6",",6","9",",6","7",",6","1",",6","","","0",",6","0",",6","0",",6","0",",6","27",",6","0",",6","","","","","1.1",",6,28,","","","0",",,6,30,+","35.6",",,6,16,","31.1",",6,26,","91.0","6","60.5",",6","101.8",",,,6","0",",,,6","17.84",",6","24.91",",,,6","10.76",",,,6"
"USC00062658","1930-10","41.95","-73.36667","167.6","FALLS VILLAGE, CT US","311.8","6","0.0",",6","8",",6","5",",6","0",",6","","","","","0",",6","13",",6","0",",6","9",",6","0",",6","","","1","","-9.4",",6,23,","","","","","14.7",",,6,18,","27.8",",6,13,+","387.0","6","296.0",",6","39.7",",,,6","","","8.79",",6","16.42",",,,6","1.15",",,,6"
"USC00062658","1930-11","41.95","-73.36667","167.6","FALLS VILLAGE, CT US","311.8","6","0.0","1,6","","","","","","","","","0",",6","0","1,6","20","1,6","3",",6","0",",6","0",",6","","","","","-16.7","1,6,29,","","","13",",,6,28,","","","18.9",",6,23,","802.9","6","415.9",",6","","","18",",,,6","3.85","1,6","9.74",",,,6","-2.04","1,,,6"
"USC00062658","1930-12","41.95","-73.36667","167.6","FALLS VILLAGE, CT US","311.8","6","0.0","1,6","7",",6","5",",6","1",",6","","","4",",6","1",",6","26",",6","6","1,6","0","1,6","0","1,6","","","","","-18.3",",6,25,","","","127",",,6,24,","39.9",",,6,27,","12.8","1,6,01,","1407.1","6","604.2","1,6","70.0",",,,6","354",",,,6","-1.74","1,6","3.27","1,,,6","-6.75",",,,6"
"USC00062658","1931-01","41.95","-73.36667","167.6","FALLS VILLAGE, CT US","0.0","6","0.0",",6","8",",6","5",",6","0",",6","","","5","2,6","4",",6","31",",6","11",",6","0",",6","0",",6","","","","","-22.8",",6,23,","","","178","2,,6,31,","12.2",",,6,19,","11.1",",6,27,+","2114.2","6","707.1",",6","51.4",",,,6","465","2,,,6","-4.48",",6","2.00",",,,6","-10.95",",,,6"
"USC00062658","1931-02","41.95","-73.36667","167.6","FALLS VILLAGE, CT US","0.0","6","0.0",",6","8",",6","5",",6","0",",6","","","","","8",",6","27",",6","6",",6","0",",6","0",",6","","","","","-27.2",",6,03,","","","","","15.0",",,6,18,","9.4",",6,17,","2737.7","6","623.5",",6","41.5",",,,6","","","-3.93",",6","2.98",",,,6","-10.85",",,,6"
"USC00062658","1931-03","41.95","-73.36667","167.6","FALLS VILLAGE, CT US","0.0","6","0.0","1,6","10",",6","5",",6","1",",6","","","","","0",",6","26",",6","0","1,6","0","1,6","0","1,6","","","","","-11.1",",6,03,","","","","","32.5",",,6,29,","16.1","1,6,27,","3234.6","6","496.9","1,6","72.4",",,,6","","","1.85","1,6","7.08","1,,,6","-3.37",",,,6"
"USC00062658","1931-04","41.95","-73.36667","167.6","FALLS VILLAGE, CT US","0.0","6","0.0","1,6","13",",6","9",",6","0",",6","","","0",",6","0",",6","17",",6","0","1,6","6","1,6","0","1,6","","","","","-6.7",",6,16,","","","13",",,6,08,","9.9",",,6,26,","26.1","1,6,21,","3537.9","6","303.3","1,6","53.7",",,,6","13",",,,6","7.87","1,6","15.55","1,,,6","0.20",",,,6"
"USC00062658","1931-05","41.95","-73.36667","167.6","FALLS VILLAGE, CT US","18.3","6","18.3",",6","18",",6","12",",6","0",",6","","","0",",6","0",",6","5",",6","0",",6","20",",6","1",",6","","","","","-5.6",",6,01,","","","0",",,6,31,+","24.9",",,6,23,","33.3",",6,29,","3674.6","6","136.7",",6","147.5",",,,6","0",",,,6","14.51",",6","22.31",",,,6","6.72",",,,6"
"USC00062658","1931-06","41.95","-73.36667","167.6","FALLS VILLAGE, CT US","59.5","6","41.2","1,6","12",",6","9",",6","3",",6","","","","","0",",6","0",",6","0","1,6","27","1,6","3","1,6","","","","","5.0",",6,03,","","","","","44.7",",,6,09,","35.6","1,6,20,","3696.1","6","21.5","1,6","178.3",",,,6","","","19.12","1,6","26.59","1,,,6","11.64",",,,6"
"USC00062658","1931-07","41.95","-73.36667","167.6","FALLS VILLAGE, CT US","195.2","6","135.7","2,6","16",",6","12",",6","1",",6","","","0",",6","0","1,6","0","1,6","0","1,6","30","1,6","6","1,6","","","","","10.0","1,6,26,","","","0",",,6,31,+","32.5",",,6,06,","35.0","1,6,29,+","0.0","6","0.0","1,6","128.3",",,,6","0",",,,6","23.12","2,6","29.90","1,,,6","16.33","1,,,6"
"USC00062658","1931-08","41.95","-73.36667","167.6","FALLS VILLAGE, CT US","280.3","6","85.1",",6","12",",6","8",",6","1",",6","","","","","0",",6","0",",6","0",",6","30",",6","4",",6","","","","","7.8",",6,25,","","","","","41.7",",,6,15,","35.0",",6,06,","6.9","6","6.9",",6","103.9",",,,6","","","20.86",",6","27.44",",,,6","14.28",",,,6"
"USC00062658","1931-09","41.95","-73.36667","167.6","FALLS VILLAGE, CT US","337.4","6","57.1",",6","8",",6","4",",6","0",",6","","","","","0",",6","1",",6","0",",6","23",",6","5",",6","","","","","-0.6",",6,29,","","","","","11.4",",,6,03,","34.4",",6,10,","68.3","6","61.4",",6","28.9",",,,6","","","18.19",",6","24.83",",,,6","11.55",",,,6"
"USC00062658","1931-10","41.95","-73.36667","167.6","FALLS VILLAGE, CT US","339.3","6","1.9",",6","12",",6","6",",6","0",",6","","","","","0",",6","9",",6","0",",6","12",",6","0",",6","","","","","-5.0",",6,14,","","","","","22.1",",,6,16,","28.9",",6,05,","278.2","6","209.9",",6","69.7",",,,6","","","11.62",",6","19.61",",,,6","3.64",",,,6"
"USC00062658","1931-11","41.95","-73.36667","167.6","FALLS VILLAGE, CT US","339.3","6","0.0",",6","14",",6","4",",6","0",",6","","","1",",6","0",",6","15",",6","0",",6","3",",6","0",",6","","","","","-11.7",",6,28,","","","25",",,6,27,","12.7",",,6,30,","22.8",",6,23,+","617.4","6","339.2",",6","34.6",",,,6","25",",,,6","7.03",",6","12.87",",,,6","1.18",",,,6"
"USC00062658","1931-12","41.95","-73.36667","167.6","FALLS VILLAGE, CT US","339.3","6","0.0",",6","11",",6","8",",6","0",",6","","","","","0",",6","24",",6","3",",6","0",",6","0",",6","","","","","-13.9",",6,21,","","","","","17.8",",,6,04,","15.0",",6,12,","1167.6","6","550.2",",6","69.5",",,,6","","","0.59",",6","6.24",",,,6","-5.07",",,,6"
"USC00062658","1932-01","41.95","-73.36667","167.6","FALLS VILLAGE, CT US","0.0","6","0.0",",6","15",",6","11",",6","0",",6","","","4",",6","0",",6","26",",6","1",",6","0",",6","0",",6","","","","","-10.6",",6,01,","","","38",",,6,09,","15.0",",,6,02,","18.3",",6,14,+","1665.3","6","497.7",",6","89.4",",,,6","126",",,,6","2.28",",6","7.17",",,,6","-2.61",",,,6"
"USC00062658","1932-02","41.95","-73.36667","167.6","FALLS VILLAGE, CT US","0.0","6","0.0",",6","12",",6","3",",6","0",",6","","","2",",6","0",",6","27",",6","2",",6","0",",6","0",",6","","","","","-16.1",",6,25,","","","178",",,6,05,","17.3",",,6,05,","11.7",",6,12,","2234.4","6","569.1",",6","41.3",",,,6","242",",,,6","-1.29",",6","5.11",",,,6","-7.69",",,,6"
"USC00062658","1932-03","41.95","-73.36667","167.6","FALLS VILLAGE, CT US","0.0","6","0.0",",6","10",",6","6",",6","1",",6","","","2",",6","0",",6","29",",6","2",",6","0",",6","0",",6","","","","","-14.4",",6,15,","","","102",",,6,28,","39.4",",,6,28,","13.9",",6,30,+","2798.0","6","563.6",",6","81.8",",,,6","140",",,,6","0.15",",6","6.13",",,,6","-5.83",",,,6"
"USC00062658","1932-04","41.95","-73.36667","167.6","FALLS VILLAGE, CT US","0.0","6","0.0",",6","11",",6","6",",6","1",",6","","","0",",6","0",",6","20",",6","0",",6","6",",6","0",",6","","","","","-8.3",",6,05,","","","0",",T,6,27,+","25.9",",,6,12,","23.3",",6,30,","3163.0","6","365.0",",6","66.9",",,,6","0",",T,,6","6.17",",6","13.83",",,,6","-1.50",",,,6"
"USC00062658","1932-05","41.95","-73.36667","167.6","FALLS VILLAGE, CT US","19.5","6","19.5",",6","6",",6","5",",6","0",",6","","","","","0",",6","4",",6","0",",6","18",",6","3",",6","","","","","-1.7",",6,23,+","","","","","19.8",",,6,01,","35.0",",6,26,","3301.1","6","138.1",",6","66.3",",,,6","","","14.50",",6","22.79",",,,6","6.22",",,,6"
"USC00062658","1932-06","41.95","-73.36667","167.6","FALLS VILLAGE, CT US","74.0","6","54.5",",6","13",",6","8",",6","2",",6","","","","","0",",6","1",",6","0",",6","27",",6","0",",6","","","","","-0.6",",6,08,","","","","","64.5",",,6,17,","31.7",",6,05,","3346.9","6","45.8",",6","175.7",",,,6","","","18.62",",6","26.12",",,,6","11.12",",,,6"
"USC00062658","1932-07","41.95","-73.36667","167.6","FALLS VILLAGE, CT US","139.9","6","65.9",",6","12",",6","10",",6","2",",6","","","","","0",",6","0",",6","0",",6","31",",6","3",",6","","","","","6.1",",6,31,+","","","","","41.7",",,6,01,","33.3",",6,14,","12.3","6","12.3",",6","143.3",",,,6","","","20.06",",6","27.89",",,,6","12.24",",,,6"
"USC00062658","1932-08","41.95","-73.36667","167.6","FALLS VILLAGE, CT US","209.2","6","69.3",",6","10",",6","10",",6","1",",6","","","","","0",",6","0",",6","0",",6","31",",6","3",",6","","","","","7.2",",6,21,","","","","","37.8",",,6,27,","32.8",",6,26,+","15.1","6","2.8",",6","119.7",",,,6","","","20.48",",6","28.21",",,,6","12.75",",,,6"
"USC00062658","1932-09","41.95","-73.36667","167.6","FALLS VILLAGE, CT US","246.9","6","37.7",",6","8",",6","6",",6","0",",6","","","","","0",",6","2",",6","0",",6","21",",6","1",",6","","","","","-2.8",",6,30,","","","","","22.9",",,6,28,","32.2",",6,01,","112.9","6","97.8",",6","72.2",",,,6","","","16.33",",6","23.70",",,,6","8.96",",,,6"
"USC00062658","1932-10","41.95","-73.36667","167.6","FALLS VILLAGE, CT US","249.1","6","2.2",",6","14",",6","6",",6","2",",6","","","0",",6","0",",6","6",",6","0",",6","8",",6","0",",6","","","","","-6.1",",6,14,","","","0",",,6,31,+","35.6",",,6,06,","25.6",",6,09,+","333.7","6","220.8",",6","94.9",",,,6","0",",,,6","11.28",",6","17.12",",,,6","5.45",",,,6"
"USC00062658","1932-11","41.95","-73.36667","167.6","FALLS VILLAGE, CT US","249.1","6","0.0",",6","7",",6","6",",6","3",",6","","","0",",6","0",",6","23",",6","1",",6","0",",6","0",",6","","","","","-16.7",",6,29,","","","0",",,6,30,+","61.2",",,6,19,","18.9",",6,05,","803.2","6","469.5",",6","172.7",",,,6","0",",,,6","2.68",",6","9.25",",,,6","-3.88",",,,6"
"USC00062658","1932-12","41.95","-73.36667","167.6","FALLS VILLAGE, CT US","249.1","6","0.0",",6","13",",6","5",",6","0",",6","","","","","3",",6","27",",6","8",",6","0",",6","0",",6","","","","","-22.8",",6,17,","","","","","5.8",",,6,28,","17.8",",6,07,","1400.6","6","597.4",",6","29.1",",,,6","","","-0.94",",6","5.78",",,,6","-7.66",",,,6"
"USC00062658","1933-01","41.95","-73.36667","167.6","FALLS VILLAGE, CT US","0.0","6","0.0",",6","6",",6","4",",6","0",",6","","","1",",6","0",",6","28",",6","2",",6","0",",6","0",",6","","","","","-15.0",",6,01,","","","140",",,6,09,","19.3",",,6,09,","12.8",",6,30,","1947.5","6","546.9",",6","44.2",",,,6","153",",,,6","0.69",",6","7.06",",,,6","-5.68",",,,6"
"USC00062658","1933-02","41.95","-73.36667","167.6","FALLS VILLAGE, CT US","0.0","6","0.0",",6","","","","","","","","","","","1",",6","26",",6","4",",6","0",",6","0",",6","","","","","-24.4",",6,13,","","","","","","","16.7",",6,08,","2501.8","6","554.3",",6","","","","","-1.46",",6","5.43",",,,6","-8.36",",,,6"
"USC00062658","1933-03","41.95","-73.36667","167.6","FALLS VILLAGE, CT US","0.0","6","0.0","1,6","","","","","","","","","4",",6","0",",6","30",",6","1","1,6","0","1,6","0","1,6","","","","","-15.0",",6,11,","","","152",",,6,19,","","","14.4","1,6,18,+","3030.2","6","528.4","1,6","","","329",",,,6","0.76","1,6","5.86","1,,,6","-4.34",",,,6"
"USC00062658","1933-04","41.95","-73.36667","167.6","FALLS VILLAGE, CT US","0.0","6","0.0",",6","13",",6","9",",6","0",",6","","","2",",6","0",",6","10",",6","0",",6","4",",6","0",",6","","","","","-7.2",",6,28,","","","102",",,6,12,","24.4",",,6,12,","26.1",",6,30,","3327.0","6","296.8",",6","123.0",",,,6","178",",,,6","8.44",",6","15.02",",,,6","1.86",",,,6"
"USC00062658","1933-05","41.95","-73.36667","167.6","FALLS VILLAGE, CT US","18.2","6","18.2",",6","9",",6","5",",6","0",",6","","","","","0",",6","3",",6","0",",6","22",",6","0",",6","","","","","-1.7",",6,08,+","","","","","14.2",",,6,03,","31.7",",6,26,","3432.7","6","105.7",",6","49.7",",,,6","","","15.51",",6","23.29",",,,6","7.73",",,,6"
"USC00062658","1933-06","41.95","-73.36667","167.6","FALLS VILLAGE, CT US","107.3","6","89.1",",6","8",",6","5",",6","0",",6","","","","","0",",6","1",",6","0",",6","26",",6","8",",6","","","1","","-0.6",",6,02,","","","","","15.2",",,6,06,","39.4",",6,29,","3473.7","6","41.0",",6","41.7",",,,6","","","19.94",",6","28.41",",,,6","11.47",",,,6"
"USC00062658","1933-07","41.95","-73.36667","167.6","FALLS VILLAGE, CT US","224.0","6","116.7",",6","13",",6","8",",6","1",",6","","","","","0",",6","0",",6","0",",6","30",",6","12",",6","","","","","6.7",",6,15,","","","","","25.7",",,6,25,","37.2",",6,23,","4.4","6","4.4",",6","71.3",",,,6","","","21.95",",6","30.16",",,,6","13.75",",,,6"
"USC00062658","1933-09","41.95","-73.36667","167.6","FALLS VILLAGE, CT US","","","28.1","3,6","13",",6","7",",6","3",",6","","","","","0",",6","2",",6","0","3,6","22","3,6","0","3,6","","","","","-3.9",",6,13,","","","","","71.1",",,6,16,","30.6","3,6,27,","","","59.1","3,6","207.9",",,,6","","","16.98","3,6","23.73","3,,,6","10.24",",,,6"
"USC00062658","1933-10","41.95","-73.36667","167.6","FALLS VILLAGE, CT US","","","0.0",",6","12",",6","5",",6","0",",6","","","","","0",",6","10",",6","0",",6","4",",6","0",",6","","","","","-7.2",",6,29,","","","","","24.6",",,6,17,","24.4",",6,01,","","","272.8",",6","67.8",",,,6","","","9.53",",6","16.66",",,,6","2.41",",,,6"
"USC00062658","1933-11","41.95","-73.36667","167.6","FALLS VILLAGE, CT US","","","0.0","1,6","7",",6","5",",6","0",",6","","","","","0",",6","25",",6","2","1,6","0","1,6","0","1,6","","","","","-15.0",",6,16,","","","","","5.3",",,6,27,","20.0","1,6,02,","","","488.0","1,6","26.2",",,,6","","","1.45","1,6","7.79","1,,,6","-4.90",",,,6"
"USC00062658","1933-12","41.95","-73.36667","167.6","FALLS VILLAGE, CT US","","","0.0","3,6","14",",6","7",",6","0",",6","","","","","5","1,6","29","1,6","8","2,6","0","2,6","0","2,6","","","","","-28.9","1,6,28,","","","","","17.8",",,6,26,","12.2","2,6,01,","","","620.0","2,6","58.9",",,,6","","","-3.78","3,6","2.70","2,,,6","-10.26","1,,,6"
"USC00062658","1934-01","41.95","-73.36667","167.6","FALLS VILLAGE, CT US","0.0","6","0.0","2,6","10",",6","7",",6","0",",6","","","1",",6","3",",6","30",",6","5","2,6","0","2,6","0","2,6","","","","","-20.6",",6,29,","","","76",",,6,14,","21.6",",,6,14,","10.0","2,6,25,","","","590.8","2,6","85.2",",,,6","76",",,,6","-2.22","2,6","3.59","2,,,6","-8.04",",,,6"
"USC00062658","1934-02","41.95","-73.36667","167.6","FALLS VILLAGE, CT US","0.0","6","0.0",",6","8",",6","5",",6","0",",6","","","6",",6","17",",6","28",",6","17",",6","0",",6","0",",6","","","","","-32.2",",6,09,","","","381",",,6,20,","21.6",",,6,20,","7.8",",6,22,","","","810.2",",6","52.7",",,,6","749",",,,6","-10.60",",6","-1.85",",,,6","-19.36",",,,6"
"USC00062658","1934-03","41.95","-73.36667","167.6","FALLS VILLAGE, CT US","0.0","6","0.0","2,6","13",",6","5",",6","0",",6","","","3",",6","1",",6","28",",6","4","2,6","0","2,6","0","2,6","","","","","-23.3",",6,01,","","","51",",,6,11,","17.5",",,6,28,","16.7","2,6,27,","","","544.0","2,6","57.5",",,,6","114",",,,6","-0.18","2,6","7.19","2,,,6","-7.55",",,,6"
"USC00062658","1934-04","41.95","-73.36667","167.6","FALLS VILLAGE, CT US","0.0","6","0.0","1,6","13",",6","9",",6","0",",6","","","","","0",",6","16",",6","0","1,6","4","1,6","0","1,6","","","","","-7.2",",6,29,","","","","","23.9",",,6,25,","23.9","1,6,24,","","","303.1","1,6","94.1",",,,6","","","7.91","1,6","16.03","1,,,6","-0.22",",,,6"
"USC00062658","1934-05","41.95","-73.36667","167.6","FALLS VILLAGE, CT US","25.8","6","25.8","1,6","12",",6","10",",6","1",",6","","","","","0",",6","7",",6","0","1,6","24","1,6","0","1,6","","","","","-2.8",",6,01,","","","","","28.2",",,6,11,","31.1","1,6,22,","","","107.1","1,6","113.0",",,,6","","","15.69","1,6","24.68","1,,,6","6.70",",,,6"
"USC00062658","1934-06","41.95","-73.36667","167.6","FALLS VILLAGE, CT US","104.7","6","78.9","1,6","10",",6","6",",6","1",",6","","","","","0",",6","0",",6","0","1,6","28","1,6","5","1,6","","","","","1.7",",6,08,","","","","","33.0",",,6,19,","33.9","1,6,29,","","","14.4","1,6","88.2",",,,6","","","20.56","1,6","27.86","1,,,6","13.26",",,,6"
"USC00062658","1934-07","41.95","-73.36667","167.6","FALLS VILLAGE, CT US","210.2","6","105.5","1,6","9",",6","6",",6","2",",6","","","","","0",",6","0",",6","0","1,6","30","1,6","7","1,6","","","","","6.1",",6,18,","","","","","30.5",",,6,28,","36.1","1,6,06,","4.1","6","4.1","1,6","94.8",",,,6","","","21.83","1,6","30.15","1,,,6","13.51",",,,6"
"USC00062658","1934-08","41.95","-73.36667","167.6","FALLS VILLAGE, CT US","262.7","6","52.5","2,6","10",",6","8",",6","1",",6","","","0",",6","0",",6","0",",6","0","2,6","26","2,6","0","2,6","","","","","2.2",",6,30,","","","0",",,6,31,+","39.4",",,6,23,","31.7","2,6,10,+","37.0","6","32.9","2,6","110.5",",,,6","0",",,,6","19.05","2,6","26.27","2,,,6","11.83",",,,6"
"USC00062658","1934-09","41.95","-73.36667","167.6","FALLS VILLAGE, CT US","291.4","6","28.7",",6","14",",6","9",",6","2",",6","","","0",",6","0",",6","0",",6","0",",6","24",",6","0",",6","","","","","3.3",",6,02,+","","","0",",,6,30,+","49.5",",,6,17,","28.9",",6,26,","80.9","6","43.9",",6","203.4",",,,6","0",",,,6","17.83",",6","23.65",",,,6","12.00",",,,6"
"USC00062658","1934-10","41.95","-73.36667","167.6","FALLS VILLAGE, CT US","291.4","6","0.0",",6","7",",6","4",",6","0",",6","","","0",",6","0",",6","14",",6","0",",6","3",",6","0",",6","","","","","-6.1",",6,31,","","","0",",T,6,28,","17.0",",,6,06,","21.7",",6,08,","395.6","6","314.7",",6","55.7",",,,6","0",",T,,6","8.18",",6","15.10",",,,6","1.26",",,,6"
"USC00062658","1934-11","41.95","-73.36667","167.6","FALLS VILLAGE, CT US","291.4","6","0.0",",6","9",",6","5",",6","1",",6","","","0",",6","0",",6","16",",6","0",",6","0",",6","0",",6","","","","","-10.0",",6,15,","","","20",",,6,13,","36.8",",,6,06,","18.9",",6,20,","785.9","6","390.3",",6","94.5",",,,6","20",",,,6","5.32",",6","10.99",",,,6","-0.35",",,,6"
"USC00062658","1934-12","41.95","-73.36667","167.6","FALLS VILLAGE, CT US","291.4","6","0.0","1,6","11",",6","7",",6","0",",6","","","","","3",",6","27",",6","7","1,6","0","1,6","0","1,6","","","","","-20.0",",6,27,","","","","","20.8",",,6,01,","17.8","1,6,01,","1415.0","6","629.1","1,6","68.9",",,,6","","","-2.77","1,6","2.86","1,,,6","-8.41",",,,6"
"USC00062658","1935-01","41.95","-73.36667","167.6","FALLS VILLAGE, CT US","0.0","6","0.0",",6","13",",6","7",",6","1",",6","","","6",",6","7",",6","28",",6","16",",6","0",",6","0",",6","","","","","-32.2",",6,28,","","","305",",,6,24,","38.1",",,6,10,","11.1",",6,10,","2173.8","6","758.8",",6","89.2",",,,6","698",",,,6","-6.14",",6","0.21",",,,6","-12.50",",,,6"
"USC00062658","1935-02","41.95","-73.36667","167.6","FALLS VILLAGE, CT US","0.0","6","0.0",",6","10",",6","6",",6","0",",6","","","7",",6","6",",6","28",",6","7",",6","0",",6","0",",6","","","","","-28.9",",6,01,","","","102",",,6,27,+","17.8",",,6,15,","10.0",",6,25,","2823.2","6","649.4",",6","57.8",",,,6","380",",,,6","-4.86",",6","2.27",",,,6","-11.99",",,,6"
"USC00062658","1935-03","41.95","-73.36667","167.6","FALLS VILLAGE, CT US","0.0","6","0.0",",6","10",",6","7",",6","0",",6","","","3",",6","1",",6","25",",6","1",",6","0",",6","0",",6","","","","","-20.0",",6,01,","","","114",",,6,13,","11.9",",,6,13,","19.4",",6,16,","3327.3","6","504.1",",6","54.4",",,,6","228",",,,6","2.07",",6","9.25",",,,6","-5.10",",,,6"
"USC00062658","1935-04","41.95","-73.36667","167.6","FALLS VILLAGE, CT US","0.8","6","0.8",",6","11",",6","4",",6","0",",6","","","0",",6","0",",6","19",",6","0",",6","3",",6","0",",6","","","","","-8.3",",6,04,","","","13",",,6,17,+","11.4",",,6,30,","30.0",",6,27,","3678.3","6","351.0",",6","38.2",",,,6","26",",,,6","6.66",",6","13.62",",,,6","-0.29",",,,6"
"USC00062658","1935-05","41.95","-73.36667","167.6","FALLS VILLAGE, CT US","2.7","6","1.9",",6","9",",6","3",",6","0",",6","","","0",",6","0",",6","10",",6","0",",6","13",",6","0",",6","","","","","-2.8",",6,24,+","","","0",",,6,31,+","20.6",",,6,07,","29.4",",6,28,+","3893.8","6","215.5",",6","49.4",",,,6","0",",,,6","11.45",",6","19.92",",,,6","2.97",",,,6"
"USC00062658","1935-06","41.95","-73.36667","167.6","FALLS VILLAGE, CT US","34.2","6","31.5","1,6","16",",6","7",",6","1",",6","","","0",",6","0",",6","0",",6","0","1,6","26","1,6","0","1,6","","","","","4.4",",6,16,","","","0",",,6,30,+","40.6",",,6,09,","31.1","1,6,29,","3921.2","6","27.4","1,6","123.4",",,,6","0",",,,6","18.49","1,6","25.86","1,,,6","11.13",",,,6"
"USC00062658","1935-07","41.95","-73.36667","167.6","FALLS VILLAGE, CT US","167.9","6","133.7",",6","14",",6","8",",6","1",",6","","","0",",6","0",",6","0",",6","0",",6","31",",6","7",",6","","","","","6.1",",6,02,","","","0",",,6,31,+","30.0",",,6,24,","35.0",",6,06,","1.7","6","1.7",",6","94.9",",,,6","0",",,,6","22.59",",6","29.88",",,,6","15.30",",,,6"
"USC00062658","1935-08","41.95","-73.36667","167.6","FALLS VILLAGE, CT US","246.5","6","78.6",",6","5",",6","3",",6","0",",6","","","0",",6","0",",6","0",",6","0",",6","31",",6","3",",6","","","","","3.9",",6,29,+","","","0",",,6,31,+","17.8",",,6,14,","35.6",",6,17,","19.0","6","17.3",",6","31.3",",,,6","0",",,,6","20.31",",6","28.15",",,,6","12.48",",,,6"
"USC00062658","1935-09","41.95","-73.36667","167.6","FALLS VILLAGE, CT US","247.4","6","0.9","1,6","12",",6","7",",6","0",",6","","","0",",6","0",",6","2",",6","0","1,6","16","1,6","0","1,6","","","","","-1.1",",6,24,","","","0",",,6,30,+","20.6",",,6,05,","27.2","1,6,25,","125.0","6","106.0","1,6","73.4",",,,6","0",",,,6","14.60","1,6","21.38","1,,,6","7.83",",,,6"
"USC00062658","1935-10","41.95","-73.36667","167.6","FALLS VILLAGE, CT US","247.4","6","0.0",",6","9","1,6","3","1,6","0","1,6","","","0",",6","0",",6","16",",6","0",",6","7",",6","0",",6","","","","","-8.3",",6,17,","","","0",",,6,31,+","6.6","1,,6,23,","22.2",",6,23,+","393.3","6","268.3",",6","22.9","1,,,6","0",",,,6","9.68",",6","18.05",",,,6","1.31",",,,6"
"USC00062658","1935-11","41.95","-73.36667","167.6","FALLS VILLAGE, CT US","247.4","6","0.0",",6","13",",6","9",",6","1",",6","","","","","0",",6","16",",6","0",",6","1",",6","0",",6","","","","","-13.9",",6,25,","","","","","41.9",",,6,29,","22.2",",6,05,","761.4","6","368.1",",6","97.5",",,,6","","","6.06",",6","10.83",",,,6","1.29",",,,6"
"USC00062658","1935-12","41.95","-73.36667","167.6","FALLS VILLAGE, CT US","247.4","6","0.0",",6","7",",6","2",",6","0",",6","","","","","3",",6","29",",6","15",",6","0",",6","0",",6","","","","","-20.6",",6,29,","","","","","10.7",",,6,16,","8.9",",6,10,+","1467.5","6","706.1",",6","23.8",",,,6","","","-4.45",",6","-0.04",",,,6","-8.85",",,,6"
"USC00062658","1936-01","41.95","-73.36667","167.6","FALLS VILLAGE, CT US","0.0","6","0.0",",6","15",",6","10",",6","1",",6","","","6","1,6","8",",6","30",",6","13",",6","0",",6","0",",6","","","","","-26.7",",6,30,","","","305","1,,6,19,","35.3",",,6,03,","10.0",",6,03,","2212.6","6","745.1",",6","131.9",",,,6","724","1,,,6","-5.70",",6","-0.21",",,,6","-11.19",",,,6"
"USC00062658","1936-02","41.95","-73.36667","167.6","FALLS VILLAGE, CT US","0.0","6","0.0","1,6","8",",6","6",",6","0",",6","","","4",",6","15",",6","27",",6","17","1,6","0","1,6","0","1,6","","","","","-28.9",",6,20,","","","152",",,6,14,+","14.0",",,6,14,","11.1","1,6,25,","2955.3","6","742.7","1,6","48.3",",,,6","380",",,,6","-8.32","1,6","-0.82","1,,,6","-15.82",",,,6"
"USC00062658","1936-03","41.95","-73.36667","167.6","FALLS VILLAGE, CT US","0.0","6","0.0",",6","15",",6","9",",6","2",",6","","","2","3,6","2",",6","17",",6","2",",6","1",",6","0",",6","","","","","-18.3",",6,08,+","","","51","3,,6,03,","59.4",",,6,18,","22.2",",6,30,","3369.9","6","414.6",",6","167.3",",,,6","76","3,,,6","4.96",",6","11.68",",,,6","-1.77",",,,6"
"USC00062658","1936-04","41.95","-73.36667","167.6","FALLS VILLAGE, CT US","0.6","6","0.6",",6","16",",6","10",",6","1",",6","","","0",",6","0",",6","15",",6","0",",6","3",",6","0",",6","","","","","-7.2",",6,25,+","","","0",",,6,30,+","36.3",",,6,06,","26.7",",6,29,","3730.0","6","360.1",",6","92.9",",,,6","0",",,,6","6.35",",6","12.36",",,,6","0.34",",,,6"
"USC00062658","1936-05","41.95","-73.36667","167.6","FALLS VILLAGE, CT US","15.2","6","14.6",",6","12",",6","6",",6","0",",6","","","","","0",",6","5",",6","0",",6","23",",6","0",",6","","","4","","-2.2",",6,21,","","","","","21.8",",,6,03,","31.1",",6,09,+","3844.7","6","114.7",",6","69.3",",,,6","","","15.10",",6","24.19",",,,6","6.02",",,,6"
"USC00062658","1936-06","41.95","-73.36667","167.6","FALLS VILLAGE, CT US","46.5","6","31.3",",6","11",",6","5",",6","0",",6","","","","","0",",6","0",",6","0",",6","29",",6","1",",6","","","","","3.9",",6,23,+","","","","","16.3",",,6,18,","33.3",",6,03,","3875.4","6","30.7",",6","57.0",",,,6","","","18.35",",6","25.61",",,,6","11.09",",,,6"
"USC00062658","1936-07","41.95","-73.36667","167.6","FALLS VILLAGE, CT US","134.8","6","88.3",",6","7",",6","7",",6","1",",6","","","","","0",",6","0",",6","0",",6","31",",6","5",",6","","","4","","3.9",",6,01,","","","","","33.0",",,6,23,","37.8",",6,09,","6.9","6","6.9",",6","81.0",",,,6","","","20.96",",6","29.19",",,,6","12.74",",,,6"
"USC00062658","1936-08","41.95","-73.36667","167.6","FALLS VILLAGE, CT US","222.2","6","87.4","1,6","11",",6","10",",6","0",",6","","","","","0",",6","0",",6","0","1,6","30","1,6","4","1,6","","","","","7.8",",6,28,+","","","","","25.1",",,6,22,","33.3","1,6,03,","13.1","6","6.2","1,6","123.2",",,,6","","","20.94","1,6","28.23","1,,,6","13.65",",,,6"
"USC00062658","1936-09","41.95","-73.36667","167.6","FALLS VILLAGE, CT US","243.6","6","21.4",",6","10",",6","5",",6","0",",6","","","","","0",",6","1",",6","0",",6","25",",6","1",",6","","","","","-0.6",",6,26,","","","","","23.6",",,6,19,","33.3",",6,09,","91.0","6","77.9",",6","66.6",",,,6","","","16.45",",6","23.24",",,,6","9.66",",,,6"
"USC00062658","1936-10","41.95","-73.36667","167.6","FALLS VILLAGE, CT US","243.6","6","0.0","1,6","13",",6","5",",6","1",",6","","","0",",6","0",",6","12",",6","0","1,6","7","1,6","0","1,6","","","","","-11.7",",6,28,","","","0",",,6,31,+","43.9",",,6,01,","25.0","1,6,21,","339.1","6","248.1","1,6","105.8",",,,6","0",",,,6","10.10","1,6","16.76","1,,,6","3.44",",,,6"
"USC00062658","1936-11","41.95","-73.36667","167.6","FALLS VILLAGE, CT US","243.6","6","0.0",",6","8",",6","4",",6","0",",6","","","1",",6","0",",6","24",",6","2",",6","1",",6","0",",6","","","","","-15.0",",6,28,+","","","76",",,6,24,","24.6",",,6,05,","22.2",",6,03,","837.5","6","498.4",",6","48.0",",,,6","76",",,,6","1.72",",6","8.18",",,,6","-4.74",",,,6"
"USC00062658","1936-12","41.95","-73.36667","167.6","FALLS VILLAGE, CT US","243.6","6","0.0","1,6","8",",6","8",",6","1",",6","","","","","1",",6","26",",6","4","1,6","0","1,6","0","1,6","","","","","-17.8",",6,01,","","","","","27.2",",,6,20,","13.3","1,6,31,+","1390.8","6","553.3","1,6","126.9",",,,6","","","-0.13","1,6","5.40","1,,,6","-5.66",",,,6"
"USC00062658","1937-01","41.95","-73.36667","167.6","FALLS VILLAGE, CT US","0.0","6","0.0","2,6","14",",6","11",",6","1",",6","","","2","2,6","0","1,6","29","1,6","2","1,6","0","1,6","0","1,6","","","","","-14.4","1,6,24,+","","","51","2,,6,10,","25.7",",,6,25,","17.8","1,6,15,","1905.5","6","514.7","1,6","122.8",",,,6","94","2,,,6","0.40","2,6","6.58","1,,,6","-5.78","1,,,6"
"USC00062658","1937-02","41.95","-73.36667","167.6","FALLS VILLAGE, CT US","0.0","6","0.0",",6","8",",6","5",",6","1",",6","","","2",",6","0",",6","27",",6","1",",6","0",",6","0",",6","","","","","-15.0",",6,03,","","","76",",,6,05,","28.7",",,6,22,","13.3",",6,13,","2437.4","6","531.9",",6","54.3",",,,6","127",",,,6","-0.66",",6","5.26",",,,6","-6.59",",,,6"
"USC00062658","1937-03","41.95","-73.36667","167.6","FALLS VILLAGE, CT US","0.0","6","0.0",",6","12",",6","5",",6","1",",6","","","4","5,6","1",",6","31",",6","2",",6","0",",6","0",",6","","","","","-17.8",",6,10,","","","38","5,,6,13,+","27.4",",,6,16,","15.6",",6,04,","3041.5","6","604.1",",6","71.7",",,,6","126","5,,,6","-1.15",",6","4.66",",,,6","-6.97",",,,6"
"USC00062658","1937-04","41.95","-73.36667","167.6","FALLS VILLAGE, CT US","0.0","6","0.0",",6","10",",6","7",",6","0",",6","","","0",",6","0",",6","17",",6","0",",6","1",",6","0",",6","","","1","","-7.2",",6,04,+","","","13",",,6,03,","21.8",",,6,22,","21.1",",6,30,","3394.1","6","352.6",",6","66.2",",,,6","13",",,,6","6.58",",6","13.86",",,,6","-0.71",",,,6"
"USC00062658","1937-05","41.95","-73.36667","167.6","FALLS VILLAGE, CT US","13.1","6","13.1",",6","15",",6","5",",6","2",",6","","","","","0",",6","6",",6","0",",6","25",",6","0",",6","","","2","","-3.3",",6,11,","","","","","53.8",",,6,15,","31.1",",6,31,+","3516.9","6","122.8",",6","103.4",",,,6","","","14.79",",6","23.55",",,,6","6.04",",,,6"
"USC00062658","1937-06","41.95","-73.36667","167.6","FALLS VILLAGE, CT US","49.4","6","36.3",",6","13",",6","10",",6","2",",6","","","","","0",",6","0",",6","0",",6","28",",6","1",",6","","","2","","6.1",",6,17,+","","","","","65.0",",,6,19,","33.9",",6,01,","3532.7","6","15.8",",6","220.6",",,,6","","","19.02",",6","25.91",",,,6","12.12",",,,6"
"USC00062658","1937-07","41.95","-73.36667","167.6","FALLS VILLAGE, CT US","138.2","6","88.8","1,6","9",",6","7",",6","1",",6","","","","","0",",6","0",",6","0","1,6","30","1,6","4","1,6","","","1","","8.9",",6,28,+","","","","","30.5",",,6,12,","34.4","1,6,10,+","5.6","6","5.6","1,6","88.6",",,,6","","","21.08","1,6","28.57","1,,,6","13.60",",,,6"
"USC00062658","1937-08","41.95","-73.36667","167.6","FALLS VILLAGE, CT US","261.7","6","123.5",",6","10",",6","6",",6","1",",6","","","","","0",",6","0",",6","0",",6","29",",6","5",",6","","","","","8.9",",6,15,","","","","","32.5",",,6,27,","35.0",",6,20,","9.8","6","4.2",",6","85.9",",,,6","","","22.18",",6","29.01",",,,6","15.35",",,,6"
"USC00062658","1937-09","41.95","-73.36667","167.6","FALLS VILLAGE, CT US","282.7","6","21.0",",6","","","","","","","","","","","0",",6","2",",6","0",",6","17",",6","3",",6","","","1","","-1.1",",6,21,","","","","","","","32.2",",6,04,+","133.5","6","123.7",",6","","","","","14.91",",6","22.29",",,,6","7.53",",,,6"
"USC00062658","1937-10","41.95","-73.36667","167.6","FALLS VILLAGE, CT US","286.3","6","3.6",",6","10",",6","10",",6","2",",6","","","","","0",",6","10",",6","0",",6","4",",6","0",",6","","","","","-8.9",",6,17,","","","","","33.3",",,6,21,","25.6",",6,06,","417.4","6","283.9",",6","126.3",",,,6","","","9.29",",6","16.02",",,,6","2.56",",,,6"
"USC00062658","1937-11","41.95","-73.36667","167.6","FALLS VILLAGE, CT US","286.3","6","0.0",",6","9",",6","6",",6","1",",6","","","2",",6","0",",6","21",",6","0",",6","0",",6","0",",6","","","","","-10.6",",6,24,+","","","51",",,6,20,","34.0",",,6,14,","18.3",",6,08,","854.3","6","436.9",",6","78.7",",,,6","76",",,,6","3.77",",6","10.02",",,,6","-2.48",",,,6"
"USC00062658","1937-12","41.95","-73.36667","167.6","FALLS VILLAGE, CT US","286.3","6","0.0",",6","8",",6","7",",6","0",",6","","","","","0",",6","30",",6","8",",6","0",",6","0",",6","","","","","-17.2",",6,13,+","","","","","20.3",",,6,18,","7.8",",6,23,+","1502.5","6","648.2",",6","52.3",",,,6","","","-2.58",",6","2.85",",,,6","-8.01",",,,6"
"USC00062658","1938-01","41.95","-73.36667","167.6","FALLS VILLAGE, CT US","0.0","6","0.0","1,6","12",",6","8",",6","2",",6","","","8",",6","4",",6","30",",6","13","1,6","0","1,6","0","1,6","","","","","-30.0",",6,19,","","","152",",,6,22,+","34.3",",,6,25,","14.4","1,6,25,","2191.2","6","688.7","1,6","108.7",",,,6","736",",,,6","-4.55","1,6","1.72","1,,,6","-10.83",",,,6"
"USC00062658","1938-02","41.95","-73.36667","167.6","FALLS VILLAGE, CT US","0.0","6","0.0",",6","10",",6","6",",6","0",",6","","","2",",6","2",",6","25",",6","3",",6","0",",6","0",",6","","","","","-19.4",",6,21,","","","152",",,6,20,","15.2",",,6,07,","11.7",",6,06,","2747.2","6","556.0",",6","57.7",",,,6","208",",,,6","-1.53",",6","4.39",",,,6","-7.44",",,,6"
"USC00062658","1938-03","41.95","-73.36667","167.6","FALLS VILLAGE, CT US","0.0","6","0.0","1,6","7",",6","4",",6","0",",6","","","1",",6","1",",6","22",",6","1","1,6","4","1,6","0","1,6","","","","","-18.9",",6,04,","","","76",",,6,05,","14.5",",,6,06,","26.7","1,6,23,","3185.3","6","438.1","1,6","34.4",",,,6","76",",,,6","3.77","1,6","10.93","1,,,6","-3.38",",,,6"
"USC00062658","1938-04","41.95","-73.36667","167.6","FALLS VILLAGE, CT US","5.3","6","5.3","1,6","10",",6","8",",6","0",",6","","","1",",6","0",",6","17",",6","0","1,6","8","1,6","0","1,6","","","1","","-10.0",",6,06,","","","127",",,6,07,","19.1",",,6,09,","31.7","1,6,28,","3451.4","6","266.1","1,6","74.8",",,,6","127",",,,6","9.25","1,6","17.54","1,,,6","0.95",",,,6"
"USC00062658","1938-05","41.95","-73.36667","167.6","FALLS VILLAGE, CT US","5.6","6","0.3","1,6","8",",6","7",",6","0",",6","","","","","0",",6","6",",6","0","1,6","14","1,6","0","1,6","","","2","","-3.3",",6,13,","","","","","22.4",",,6,15,","26.1","1,6,28,","3627.2","6","175.8","1,6","60.6",",,,6","","","12.48","1,6","20.16","1,,,6","4.79",",,,6"
"USC00062658","1938-06","41.95","-73.36667","167.6","FALLS VILLAGE, CT US","53.6","6","48.0",",6","11",",6","7",",6","3",",6","","","","","0",",6","1",",6","0",",6","28",",6","3",",6","","","","","0.0",",6,01,","","","","","83.8",",,6,27,","32.2",",6,24,+","3664.1","6","36.9",",6","227.8",",,,6","","","18.70",",6","26.39",",,,6","11.01",",,,6"
"USC00062658","1938-07","41.95","-73.36667","167.6","FALLS VILLAGE, CT US","157.9","6","104.3","1,6","13",",6","12",",6","4",",6","","","","","0",",6","0",",6","0","1,6","30","1,6","1","1,6","","","1","","6.7",",6,04,+","","","","","49.5",",,6,23,","35.0","1,6,07,","7.7","6","7.7","1,6","259.6",",,,6","","","21.51","1,6","27.98","1,,,6","15.05",",,,6"
"USC00062658","1938-08","41.95","-73.36667","167.6","FALLS VILLAGE, CT US","256.5","6","98.6",",6","9",",6","5",",6","2",",6","","","","","0",",6","0",",6","0",",6","31",",6","3",",6","","","3","","6.1",",6,29,","","","","","37.6",",,6,11,","33.3",",6,15,+","15.5","6","7.8",",6","106.3",",,,6","","","21.26",",6","28.68",",,,6","13.85",",,,6"
"USC00062658","1938-09","41.95","-73.36667","167.6","FALLS VILLAGE, CT US","266.0","6","9.5",",6","15",",6","12",",6","5",",6","","","","","0",",6","1",",6","0",",6","17",",6","0",",6","","","","","0.0",",6,09,","","","","","89.2",",,6,22,","27.2",",6,15,","132.2","6","116.7",",6","346.6",",,,6","","","14.76",",6","21.48",",,,6","8.05",",,,6"
"USC00062658","1938-10","41.95","-73.36667","167.6","FALLS VILLAGE, CT US","266.0","6","0.0",",6","4",",6","3",",6","0",",6","","","","","0",",6","10",",6","0",",6","8",",6","0",",6","","","","","-5.6",",6,08,","","","","","21.3",",,6,21,","27.8",",6,17,+","360.0","6","227.8",",6","44.7",",,,6","","","10.98",",6","18.86",",,,6","3.11",",,,6"
"USC00062658","1938-11","41.95","-73.36667","167.6","FALLS VILLAGE, CT US","266.0","6","0.0",",6","13",",6","8",",6","1",",6","","","3",",6","1",",6","21",",6","4",",6","3",",6","0",",6","","","","","-22.2",",6,26,","","","305",",,6,25,","29.2",",,6,25,","22.8",",6,07,+","776.6","6","416.6",",6","87.6",",,,6","471",",,,6","4.45",",6","11.65",",,,6","-2.76",",,,6"
"USC00062658","1938-12","41.95","-73.36667","167.6","FALLS VILLAGE, CT US","266.0","6","0.0",",6","12",",6","7",",6","1",",6","","","2","4,6","2",",6","28",",6","7",",6","0",",6","0",",6","","","","","-20.6",",6,03,","","","76","4,,6,27,","30.2",",,6,06,","12.8",",6,06,","1409.6","6","633.0",",6","74.2",",,,6","101","4,,,6","-2.09",",6","3.29",",,,6","-7.46",",,,6"
"USC00062658","1939-01","41.95","-73.36667","167.6","FALLS VILLAGE, CT US","0.0","6","0.0",",6","9",",6","5",",6","0",",6","","","5",",6","7",",6","30",",6","15",",6","0",",6","0",",6","","","","","-24.4",",6,27,","","","152",",,6,14,","20.1",",,6,31,","9.4",",6,11,+","2127.1","6","717.5",",6","55.2",",,,6","394",",,,6","-4.81",",6","0.96",",,,6","-10.59",",,,6"
"USC00062658","1939-02","41.95","-73.36667","167.6","FALLS VILLAGE, CT US","0.0","6","0.0",",6","13",",6","9",",6","0",",6","","","","","3",",6","28",",6","5",",6","0",",6","0",",6","","","1","","-20.6",",6,17,","","","","","23.6",",,6,07,","16.1",",6,20,","2698.1","6","571.0",",6","83.4",",,,6","","","-2.06",",6","4.88",",,,6","-9.00",",,,6"
"USC00062658","1939-03","41.95","-73.36667","167.6","FALLS VILLAGE, CT US","0.0","6","0.0",",6","12",",6","9",",6","0",",6","","","4","3,6","1",",6","26",",6","6",",6","0",",6","0",",6","","","","","-18.9",",6,11,","","","102","3,,6,12,+","15.5",",,6,16,","16.1",",6,27,","3281.1","6","583.0",",6","77.5",",,,6","305","3,,,6","-0.47",",6","5.77",",,,6","-6.72",",,,6"
"USC00062658","1939-04","41.95","-73.36667","167.6","FALLS VILLAGE, CT US","0.0","6","0.0",",6","12",",6","7",",6","2",",6","","","1",",6","0",",6","21",",6","0",",6","1",",6","0",",6","","","1","","-8.3",",6,08,","","","51",",,6,13,","35.1",",,6,02,","27.8",",6,25,","3657.8","6","376.7",",6","109.5",",,,6","51",",,,6","5.78",",6","12.36",",,,6","-0.81",",,,6"
"USC00062658","1939-05","41.95","-73.36667","167.6","FALLS VILLAGE, CT US","11.7","6","11.7",",6","6",",6","4",",6","0",",6","","","","","0",",6","7",",6","0",",6","20",",6","0",",6","","","","","-3.9",",6,02,","","","","","25.1",",,6,28,","31.1",",6,31,+","3784.3","6","126.5",",6","50.7",",,,6","","","14.63",",6","23.19",",,,6","6.07",",,,6"
"USC00062658","1939-06","41.95","-73.36667","167.6","FALLS VILLAGE, CT US","51.2","6","39.5",",6","9",",6","6",",6","2",",6","","","","","0",",6","0",",6","0",",6","30",",6","0",",6","","","1","","2.2",",6,07,","","","","","28.4",",,6,30,","31.7",",6,08,","3811.6","6","27.3",",6","104.3",",,,6","","","18.74",",6","26.37",",,,6","11.11",",,,6"
"USC00062658","1939-07","41.95","-73.36667","167.6","FALLS VILLAGE, CT US","137.2","6","86.0",",6","6",",6","3",",6","0",",6","","","","","0",",6","0",",6","0",",6","31",",6","4",",6","","","","","5.0",",6,13,","","","","","13.2",",,6,25,","33.3",",6,08,","14.8","6","14.8",",6","22.8",",,,6","","","20.63",",6","28.60",",,,6","12.66",",,,6"
"USC00062658","1939-08","41.95","-73.36667","167.6","FALLS VILLAGE, CT US","240.7","6","103.5",",6","7",",6","5",",6","0",",6","","","","","0",",6","0",",6","0",",6","30",",6","0",",6","","","1","","9.4",",6,27,","","","","","14.5",",,6,04,","31.7",",6,15,+","16.7","6","1.9",",6","49.1",",,,6","","","21.61",",6","28.88",",,,6","14.34",",,,6"
"USC00062658","1939-09","41.95","-73.36667","167.6","FALLS VILLAGE, CT US","269.6","6","28.9",",6","9",",6","6",",6","0",",6","","","","","0",",6","3",",6","0",",6","24",",6","1",",6","","","1","","-1.1",",6,22,","","","","","15.2",",,6,27,","33.3",",6,16,","106.5","6","89.8",",6","53.1",",,,6","","","16.30",",6","23.97",",,,6","8.64",",,,6"
"USC00062658","1939-10","41.95","-73.36667","167.6","FALLS VILLAGE, CT US","271.9","6","2.3",",6","11",",6","7",",6","2",",6","","","","","0",",6","10",",6","0",",6","8",",6","0",",6","","","","","-8.3",",6,25,+","","","","","43.2",",,6,31,","30.0",",6,10,","363.7","6","257.2",",6","121.2",",,,6","","","10.11",",6","17.06",",,,6","3.15",",,,6"
"USC00062658","1939-11","41.95","-73.36667","167.6","FALLS VILLAGE, CT US","271.9","6","0.0",",6","1",",6","1",",6","1",",6","","","0",",6","0",",6","29",",6","0",",6","0",",6","0",",6","","","","","-13.9",",6,26,","","","0",",T,6,09,","44.5",",,6,06,","15.0",",6,16,","882.6","6","518.9",",6","44.5",",,,6","0",",T,,6","1.04",",6","7.59",",,,6","-5.51",",,,6"
"USC00062658","1939-12","41.95","-73.36667","167.6","FALLS VILLAGE, CT US","271.9","6","0.0",",6","8",",6","6",",6","0",",6","","","1","1,6","1",",6","28",",6","9",",6","0",",6","0",",6","","","","","-18.9",",6,28,","","","25","1,,6,21,","14.7",",,6,21,","11.7",",6,01,","1525.0","6","642.4",",6","46.6",",,,6","38","1,,,6","-2.39",",6","3.09",",,,6","-7.87",",,,6"
"USC00062658","1940-01","41.95","-73.36667","167.6","FALLS VILLAGE, CT US","0.0","6","0.0",",6","9",",6","1",",6","1",",6","","","2","3,6","16",",6","31",",6","27",",6","0",",6","0",",6","","","","","-25.0",",6,20,","","","51","3,,6,01,","35.6",",,6,15,","4.4",",6,15,+","2371.2","6","846.2",",6","42.1",",,,6","89","3,,,6","-8.96",",6","-3.02",",,,6","-14.91",",,,6"
"USC00062658","1940-02","41.95","-73.36667","167.6","FALLS VILLAGE, CT US","0.0","6","0.0","1,6","10",",6","6",",6","0",",6","","","6","2,6","3",",6","29",",6","9","1,6","0","1,6","0","1,6","","","","","-25.6",",6,27,","","","203","2,,6,15,","18.5",",,6,15,","10.6","1,6,12,","2991.6","6","620.4","1,6","51.5",",,,6","419","2,,,6","-3.89","1,6","2.26","1,,,6","-10.05",",,,6"
"USC00062658","1940-03","41.95","-73.36667","167.6","FALLS VILLAGE, CT US","0.0","6","0.0","1,6","11",",6","8",",6","2",",6","","","2","4,6","1",",6","29",",6","4","1,6","0","1,6","0","1,6","","","","","-18.9",",6,02,","","","127","4,,6,04,","36.1",",,6,31,","13.9","1,6,31,","3619.1","6","627.5","1,6","114.0",",,,6","152","4,,,6","-2.44","1,6","3.24","1,,,6","-8.12",",,,6"
"USC00062658","1940-04","41.95","-73.36667","167.6","FALLS VILLAGE, CT US","0.0","6","0.0",",6","11",",6","9",",6","2",",6","","","1","1,6","0",",6","17",",6","0",",6","2",",6","0",",6","","","","","-10.6",",6,15,","","","127","1,,6,13,","33.0",",,6,13,","23.9",",6,30,","4023.9","6","404.8",",6","140.0",",,,6","127","1,,,6","4.84",",6","11.61",",,,6","-1.93",",,,6"
"USC00062658","1940-05","41.95","-73.36667","167.6","FALLS VILLAGE, CT US","1.4","6","1.4",",6","12",",6","7",",6","2",",6","","","","","0",",6","4",",6","0",",6","16",",6","0",",6","","","3","","-3.3",",6,10,","","","","","36.3",",,6,31,","27.2",",6,15,","4177.2","6","153.3",",6","125.8",",,,6","","","13.44",",6","20.80",",,,6","6.07",",,,6"
"USC00062658","1940-06","41.95","-73.36667","167.6","FALLS VILLAGE, CT US","37.2","6","35.8",",6","13",",6","8",",6","1",",6","","","","","0",",6","0",",6","0",",6","25",",6","0",",6","","","8","","0.6",",6,22,","","","","","25.7",",,6,29,","30.6",",6,13,","4229.9","6","52.7",",6","96.1",",,,6","","","17.77",",6","25.15",",,,6","10.39",",,,6"
"USC00062658","1940-07","41.95","-73.36667","167.6","FALLS VILLAGE, CT US","144.0","6","106.8",",6","10",",6","6",",6","1",",6","","","","","0",",6","0",",6","0",",6","29",",6","5",",6","","","4","","4.4",",6,02,","","","","","26.9",",,6,12,","33.9",",6,26,","22.2","6","22.2",",6","67.8",",,,6","","","21.06",",6","28.15",",,,6","13.97",",,,6"
"USC00062658","1940-08","41.95","-73.36667","167.6","FALLS VILLAGE, CT US","194.8","6","50.8",",6","8",",6","4",",6","1",",6","","","","","0",",6","1",",6","0",",6","27",",6","0",",6","","","3","","-0.6",",6,25,","","","","","34.8",",,6,07,","30.0",",6,10,+","62.4","6","40.2",",6","92.0",",,,6","","","18.67",",6","25.87",",,,6","11.47",",,,6"
"USC00062658","1940-09","41.95","-73.36667","167.6","FALLS VILLAGE, CT US","205.9","6","11.1","1,6","8",",6","8",",6","2",",6","","","","","0",",6","2",",6","0","1,6","21","1,6","0","1,6","","","1","","-1.7",",6,27,","","","","","43.2",",,6,01,","28.9","1,6,21,","172.0","6","109.6","1,6","133.3",",,,6","","","14.90","1,6","21.95","1,,,6","7.84",",,,6"
"USC00062658","1940-10","41.95","-73.36667","167.6","FALLS VILLAGE, CT US","205.9","6","0.0",",6","8",",6","5",",6","0",",6","","","","","0",",6","18",",6","0",",6","4",",6","0",",6","","","","","-10.0",",6,28,","","","","","21.6",",,6,03,","23.9",",6,07,","519.1","6","347.1",",6","54.7",",,,6","","","7.14",",6","14.28",",,,6","0.00",",,,6"
"USC00062658","1940-11","41.95","-73.36667","167.6","FALLS VILLAGE, CT US","205.9","6","0.0","1,6","12",",6","7",",6","0",",6","","","2","1,6","0",",6","14",",6","0","1,6","0","1,6","0","1,6","","","","","-16.1",",6,29,","","","229","1,,6,27,","24.6",",,6,15,","20.6","1,6,05,","912.4","6","393.3","1,6","100.6",",,,6","254","1,,,6","4.50","1,6","9.07","1,,,6","-0.07",",,,6"
"USC00062658","1940-12","41.95","-73.36667","167.6","FALLS VILLAGE, CT US","205.9","6","0.0","2,6","11",",6","8",",6","0",",6","","","3","1,6","1","2,6","23","2,6","3",",6","0",",6","0",",6","","","","","-20.6","2,6,04,","","","51","1,,6,06,+","19.3",",,6,17,","11.7",",6,25,","1453.6","6","541.2",",6","59.6",",,,6","127","1,,,6","-0.34","2,6","4.80",",,,6","-5.48","2,,,6"
"USC00062658","1941-01","41.95","-73.36667","167.6","FALLS VILLAGE, CT US","0.0","6","0.0",",6","10",",6","4",",6","0",",6","","","6","3,6","3",",6","31",",6","19",",6","0",",6","0",",6","","","","","-20.6",",6,30,","","","203","3,,6,25,","16.0",",,6,25,","8.3",",6,04,","2174.8","6","721.2",",6","44.3",",,,6","482","3,,,6","-4.93",",6","-0.17",",,,6","-9.69",",,,6"
"USC00062658","1941-02","41.95","-73.36667","167.6","FALLS VILLAGE, CT US","0.0","6","0.0",",6","4",",6","3",",6","1",",6","","","2",",6","2",",6","28",",6","8",",6","0",",6","0",",6","","","","","-19.4",",6,06,","","","51",",,6,18,","42.2",",,6,08,","7.8",",6,15,","2786.8","6","612.0",",6","50.6",",,,6","76",",,,6","-3.53",",6","1.79",",,,6","-8.84",",,,6"
"USC00062658","1941-03","41.95","-73.36667","167.6","FALLS VILLAGE, CT US","0.0","6","0.0",",6","11",",6","6",",6","0",",6","","","6","2,6","1",",6","30",",6","8",",6","0",",6","0",",6","","","","","-17.8",",6,13,","","","152","2,,6,09,+","11.9",",,6,09,","10.0",",6,28,","3408.0","6","621.2",",6","45.1",",,,6","507","2,,,6","-1.71",",6","4.28",",,,6","-7.69",",,,6"
"USC00062658","1941-04","41.95","-73.36667","167.6","FALLS VILLAGE, CT US","3.0","6","3.0","1,6","4",",6","3",",6","0",",6","","","","","0","1,6","15","1,6","0",",6","11",",6","1",",6","","","","","-6.7","1,6,11,","","","","","10.9",",,6,06,","32.2",",6,20,","3654.2","6","246.2",",6","23.6",",,,6","","","10.10","1,6","19.87",",,,6","0.34","1,,,6"
"USC00062658","1941-05","41.95","-73.36667","167.6","FALLS VILLAGE, CT US","6.7","6","3.7",",6","7",",6","5",",6","2",",6","","","","","0",",6","12",",6","0",",6","20",",6","0",",6","","","4","","-4.4",",6,03,","","","","","39.4",",,6,28,","31.7",",6,21,","3819.0","6","164.8",",6","84.6",",,,6","","","13.13",",6","23.04",",,,6","3.23",",,,6"
"USC00062658","1941-06","41.95","-73.36667","167.6","FALLS VILLAGE, CT US","39.0","6","32.3","1,6","15",",6","10",",6","2",",6","","","","","0",",6","0",",6","0","1,6","27","1,6","2","1,6","","","7","","2.8",",6,11,+","","","","","35.1",",,6,16,","36.7","1,6,27,","3873.2","6","54.2","1,6","172.4",",,,6","","","17.75","1,6","26.38","1,,,6","9.11",",,,6"
"USC00062658","1941-07","41.95","-73.36667","167.6","FALLS VILLAGE, CT US","102.1","6","63.1","1,6","15",",6","11",",6","2",",6","","","","","0",",6","0",",6","0","1,6","30","1,6","3","1,6","","","5","","5.6",",6,21,","","","","","32.5",",,6,01,","33.3","1,6,02,","10.8","6","10.8","1,6","155.7",",,,6","","","20.10","1,6","27.92","1,,,6","12.27",",,,6"
"USC00062658","1941-08","41.95","-73.36667","167.6","FALLS VILLAGE, CT US","126.9","6","24.8","1,6","9",",6","5",",6","0",",6","","","","","0",",6","0",",6","0","1,6","29","1,6","0","1,6","","","","","0.6",",6,14,","","","","","13.0",",,6,25,","31.7","1,6,26,","72.5","6","61.7","1,6","36.9",",,,6","","","17.11","1,6","25.24","1,,,6","8.98",",,,6"
"USC00062658","1941-09","41.95","-73.36667","167.6","FALLS VILLAGE, CT US","149.2","6","22.3",",6","2",",6","2",",6","0",",6","","","","","0",",6","5",",6","0",",6","23",",6","1",",6","","","","","-6.1",",6,30,","","","","","21.1",",,6,01,","32.8",",6,10,","215.2","6","142.7",",6","41.2",",,,6","","","14.32",",6","23.64",",,,6","5.00",",,,6"
"USC00062658","1941-10","41.95","-73.36667","167.6","FALLS VILLAGE, CT US","154.5","6","5.3",",6","12",",6","6",",6","0",",6","","","","","0",",6","13",",6","0",",6","5",",6","0",",6","","","","","-9.4",",6,29,","","","","","16.5",",,6,10,+","31.1",",6,06,+","507.2","6","292.0",",6","63.2",",,,6","","","9.09",",6","17.02",",,,6","1.15",",,,6"
"USC00062658","1941-11","41.95","-73.36667","167.6","FALLS VILLAGE, CT US","","","","","7",",6","5",",6","0",",6","","","","","","","","","","","","","","","","","","","","","","","","","16.0",",,6,02,","","","","","","","49.0",",,,6","","","","","","","",""
"USC00062658","1941-12","41.95","-73.36667","167.6","FALLS VILLAGE, CT US","","","0.0",",6","7",",6","4",",6","1",",6","","","2","1,6","0",",6","25",",6","4",",6","0",",6","0",",6","","","","","-16.1",",6,21,","","","127","1,,6,13,","49.3",",,6,13,","16.1",",6,04,","","","569.9",",6","81.1",",,,6","152","1,,,6","-0.05",",6","5.17",",,,6","-5.27",",,,6"
"USC00062658","1942-01","41.95","-73.36667","167.6","FALLS VILLAGE, CT US","0.0","6","0.0",",6","7","1,6","5","1,6","0","1,6","","","3","1,6","9",",6","30",",6","13",",6","0",",6","0",",6","","","","","-27.8",",6,11,+","","","102","1,,6,04,","16.3","1,,6,20,","12.8",",6,02,","","","723.0",",6","47.4","1,,,6","183","1,,,6","-4.99",",6","1.01",",,,6","-10.99",",,,6"
"USC00062658","1942-02","41.95","-73.36667","167.6","FALLS VILLAGE, CT US","0.0","6","0.0","1,6","","","","","","","","","4",",6","2","1,6","26","1,6","12",",6","0",",6","0",",6","","","","","-19.4","1,6,03,","","","76",",,6,06,","","","8.9",",6,17,","","","608.4",",6","","","190",",,,6","-4.14","1,6","0.18",",,,6","-8.47","1,,,6"
"USC00062658","1942-03","41.95","-73.36667","167.6","FALLS VILLAGE, CT US","0.0","6","0.0",",6","14",",6","7",",6","3",",6","","","3",",6","0",",6","24",",6","0",",6","0",",6","0",",6","","","","","-7.8",",6,11,","","","102",",,6,03,","40.4",",,6,03,","17.2",",6,08,","","","459.9",",6","156.1",",,,6","229",",,,6","3.50",",6","8.97",",,,6","-1.98",",,,6"
"USC00062658","1942-04","41.95","-73.36667","167.6","FALLS VILLAGE, CT US","0.3","6","0.3","3,6","8",",6","2",",6","0",",6","","","1",",6","0","2,6","13","2,6","0","1,6","12","1,6","0","1,6","","","","","-7.2","2,6,14,","","","51",",,6,11,","9.1",",,6,11,","28.9","1,6,25,","","","220.3","1,6","20.1",",,,6","51",",,,6","9.87","3,6","18.09","1,,,6","1.65","2,,,6"
"USC00062658","1942-05","41.95","-73.36667","167.6","FALLS VILLAGE, CT US","12.0","6","11.7","1,6","13",",6","9",",6","1",",6","","","0",",6","0","1,6","2","1,6","0",",6","22",",6","0",",6","","","","","-2.2","1,6,11,","","","0",",,6,31,+","33.8",",,6,17,","30.6",",6,31,+","","","88.1",",6","137.1",",,,6","0",",,,6","15.91","1,6","23.03",",,,6","8.80","1,,,6"
"USC00062658","1942-06","41.95","-73.36667","167.6","FALLS VILLAGE, CT US","65.1","6","53.1",",6","13",",6","7",",6","1",",6","","","0",",6","0",",6","0",",6","0",",6","25",",6","1",",6","","","","","7.2",",6,26,","","","0",",,6,30,+","42.4",",,6,08,","32.2",",6,13,","","","18.7",",6","125.5",",,,6","0",",,,6","19.48",",6","26.30",",,,6","12.66",",,,6"
"USC00062658","1942-07","41.95","-73.36667","167.6","FALLS VILLAGE, CT US","171.5","6","106.4",",6","10",",6","8",",6","1",",6","","","","","0",",6","0",",6","0",",6","31",",6","2",",6","","","","","6.7",",6,09,","","","","","74.2",",,6,02,","33.9",",6,19,","7.2","6","7.2",",6","143.3",",,,6","","","21.53",",6","28.46",",,,6","14.61",",,,6"
"USC00062658","1942-08","41.95","-73.36667","167.6","FALLS VILLAGE, CT US","247.9","6","76.4",",6","9",",6","7",",6","0",",6","","","","","0",",6","0",",6","0",",6","29",",6","0",",6","","","","","2.8",",6,26,","","","","","18.8",",,6,01,","31.1",",6,22,","35.6","6","28.4",",6","70.8",",,,6","","","19.88",",6","26.54",",,,6","13.22",",,,6"
"USC00062658","1942-09","41.95","-73.36667","167.6","FALLS VILLAGE, CT US","286.8","6","38.9",",6","12",",6","9",",6","0",",6","","","","","0",",6","2",",6","0",",6","22",",6","0",",6","","","","","-2.8",",6,29,","","","","","24.4",",,6,28,","31.1",",6,16,+","113.5","6","77.9",",6","81.5",",,,6","","","17.04",",6","23.78",",,,6","10.29",",,,6"
"USC00062658","1942-10","41.95","-73.36667","167.6","FALLS VILLAGE, CT US","286.8","6","0.0",",6","7",",6","5",",6","2",",6","","","","","0",",6","12",",6","0",",6","6",",6","0",",6","","","","","-5.0",",6,29,","","","","","34.3",",,6,18,","25.0",",6,09,","347.4","6","233.9",",6","84.9",",,,6","","","10.79",",6","17.92",",,,6","3.65",",,,6"
"USC00062658","1942-11","41.95","-73.36667","167.6","FALLS VILLAGE, CT US","286.8","6","0.0",",6","16",",6","10",",6","1",",6","","","0",",6","0",",6","21",",6","0",",6","0",",6","0",",6","","","","","-12.2",",6,15,","","","0",",T,6,27,+","48.3",",,6,26,","20.0",",6,20,","770.4","6","423.0",",6","147.6",",,,6","0",",T,,6","4.23",",6","10.50",",,,6","-2.03",",,,6"
"USC00062658","1942-12","41.95","-73.36667","167.6","FALLS VILLAGE, CT US","286.8","6","0.0",",6","12","1,6","9","1,6","1","1,6","","","5","2,6","5",",6","31",",6","10",",6","0",",6","0",",6","","","","","-26.1",",6,21,+","","","127","2,,6,14,","27.7","1,,6,30,","12.2",",6,02,","1456.9","6","686.5",",6","106.3","1,,,6","278","2,,,6","-3.81",",6","1.03",",,,6","-8.65",",,,6"
"USC00062658","1943-01","41.95","-73.36667","167.6","FALLS VILLAGE, CT US","0.0","6","0.0",",6","13","2,6","6","2,6","1","2,6","","","9","1,6","6",",6","31",",6","16",",6","0",",6","0",",6","","","","","-22.8",",6,09,","","","279","1,,6,29,","27.4","2,,6,29,","8.9",",6,15,","2186.5","6","729.6",",6","77.0","2,,,6","671","1,,,6","-5.20",",6","0.21",",,,6","-10.61",",,,6"
"USC00062658","1943-02","41.95","-73.36667","167.6","FALLS VILLAGE, CT US","0.0","6","0.0",",6","","","","","","","","","3",",6","6",",6","28",",6","10",",6","0",",6","0",",6","","","","","-35.6",",6,16,","","","127",",,6,14,","","","14.4",",6,23,","2796.0","6","609.5",",6","","","203",",,,6","-3.43",",6","3.29",",,,6","-10.15",",,,6"
"USC00062658","1943-03","41.95","-73.36667","167.6","FALLS VILLAGE, CT US","0.0","6","0.0",",6","","","","","","","","","2","1,6","2",",6","26",",6","4",",6","0",",6","0",",6","","","","","-21.1",",6,09,","","","76","1,,6,07,+","","","20.0",",6,26,","3336.4","6","540.4",",6","","","152","1,,,6","0.90",",6","6.76",",,,6","-4.96",",,,6"
"USC00062658","1943-04","41.95","-73.36667","167.6","FALLS VILLAGE, CT US","0.0","6","0.0",",6","","","","","","","","","1",",6","0",",6","20",",6","0",",6","1",",6","0",",6","","","","","-10.0",",6,16,+","","","76",",,6,14,","","","22.2",",6,25,","3738.0","6","401.6",",6","","","76",",,,6","4.95",",6","11.87",",,,6","-1.98",",,,6"
"USC00062658","1943-05","41.95","-73.36667","167.6","FALLS VILLAGE, CT US","11.7","6","11.7","1,6","17",",6","12",",6","0",",6","","","","","0","1,6","2","1,6","0",",6","20",",6","0",",6","","","","","-6.1","1,6,02,","","","","","22.4",",,6,27,","28.3",",6,18,+","3861.8","6","123.8",",6","135.7",",,,6","","","14.60","1,6","21.55",",,,6","7.65","1,,,6"
"USC00062658","1943-06","41.95","-73.36667","167.6","FALLS VILLAGE, CT US","117.0","6","105.3",",6","10",",6","8",",6","0",",6","","","","","0",",6","0",",6","0",",6","30",",6","10",",6","","","","","7.8",",6,06,","","","","","22.4",",,6,02,","35.0",",6,26,","3875.4","6","13.6",",6","80.8",",,,6","","","21.39",",6","28.48",",,,6","14.30",",,,6"
"USC00062658","1943-07","41.95","-73.36667","167.6","FALLS VILLAGE, CT US","218.5","6","101.5",",6","9",",6","9",",6","1",",6","","","","","0",",6","0",",6","0",",6","31",",6","0",",6","","","","","4.4",",6,02,","","","","","27.2",",,6,06,","31.7",",6,27,","9.9","6","9.9",",6","98.6",",,,6","","","21.29",",6","28.55",",,,6","14.02",",,,6"
"USC00062658","1943-08","41.95","-73.36667","167.6","FALLS VILLAGE, CT US","299.7","6","81.2",",6","9",",6","5",",6","0",",6","","","","","0",",6","0",",6","0",",6","31",",6","2",",6","","","","","6.1",",6,20,","","","","","5.8",",,6,28,","32.8",",6,02,","23.0","6","13.1",",6","28.2",",,,6","","","20.53",",6","27.35",",,,6","13.71",",,,6"
"USC00062658","1943-09","41.95","-73.36667","167.6","FALLS VILLAGE, CT US","327.2","6","27.5","1,6","5",",6","2",",6","1",",6","","","","","0",",6","1",",6","0","1,6","20","1,6","2","1,6","","","","","0.0",",6,28,","","","","","38.1",",,6,15,","32.8","1,6,07,","114.2","6","91.2","1,6","45.9",",,,6","","","16.00","1,6","23.24","1,,,6","8.75",",,,6"
"USC00062658","1943-10","41.95","-73.36667","167.6","FALLS VILLAGE, CT US","327.2","6","0.0","2,6","11",",6","7",",6","1",",6","","","0",",6","0","2,6","5","2,6","0",",6","8",",6","0",",6","","","","","-8.3","2,6,11,","","","0",",,6,31,+","46.5",",,6,27,","26.1",",6,07,","351.2","6","237.0",",6","102.9",",,,6","0",",,,6","10.14","2,6","16.70",",,,6","3.58","2,,,6"
"USC00062658","1943-11","41.95","-73.36667","167.6","FALLS VILLAGE, CT US","327.2","6","0.0",",6","11",",6","7",",6","2",",6","","","3",",6","0",",6","25",",6","1",",6","0",",6","0",",6","","","","","-11.1",",6,29,+","","","178",",,6,23,","68.6",",,6,09,","18.9",",6,09,","834.9","6","483.7",",6","148.5",",,,6","254",",,,6","2.21",",6","8.62",",,,6","-4.20",",,,6"
"USC00062658","1943-12","41.95","-73.36667","167.6","FALLS VILLAGE, CT US","327.2","6","0.0",",6","5",",6","1",",6","0",",6","","","0",",6","4",",6","31",",6","8",",6","0",",6","0",",6","","","","","-21.7",",6,24,+","","","13",",,6,13,","13.5",",,6,27,","11.7",",6,09,","1543.6","6","708.7",",6","17.9",",,,6","13",",,,6","-4.53",",6","2.51",",,,6","-11.57",",,,6"
"USC00062658","1944-01","41.95","-73.36667","167.6","FALLS VILLAGE, CT US","0.0","6","0.0",",6","5",",6","3",",6","0",",6","","","3",",6","3",",6","31",",6","7",",6","0",",6","0",",6","","","","","-22.8",",6,17,","","","76",",,6,06,","18.5",",,6,06,","10.0",",6,27,","2216.6","6","673.0",",6","38.9",",,,6","191",",,,6","-3.38",",6","2.56",",,,6","-9.32",",,,6"
"USC00062658","1944-02","41.95","-73.36667","167.6","FALLS VILLAGE, CT US","0.0","6","0.0",",6","9",",6","6",",6","0",",6","","","4",",6","3",",6","29",",6","10",",6","0",",6","0",",6","","","","","-26.1",",6,14,","","","102",",,6,13,+","12.4",",,6,23,","11.1",",6,24,","2858.1","6","641.5",",6","45.1",",,,6","267",",,,6","-3.79",",6","2.12",",,,6","-9.70",",,,6"
"USC00062658","1944-03","41.95","-73.36667","167.6","FALLS VILLAGE, CT US","0.0","6","0.0",",6","13",",6","10",",6","0",",6","","","4",",6","1",",6","27",",6","7",",6","0",",6","0",",6","","","","","-17.8",",6,06,","","","127",",,6,21,","11.2",",,6,24,","16.1",",6,25,","3444.2","6","586.1",",6","76.6",",,,6","305",",,,6","-0.57",",6","5.70",",,,6","-6.84",",,,6"
"USC00062658","1944-04","41.95","-73.36667","167.6","FALLS VILLAGE, CT US","0.0","6","0.0",",6","12",",6","7",",6","1",",6","","","0",",6","0",",6","18",",6","0",",6","1",",6","0",",6","","","","","-11.1",",6,06,","","","0",",T,6,06,+","30.5",",,6,25,","23.3",",6,30,","3834.8","6","390.6",",6","90.4",",,,6","0",",T,,6","5.31",",6","12.56",",,,6","-1.94",",,,6"
"USC00062658","1944-05","41.95","-73.36667","167.6","FALLS VILLAGE, CT US","13.8","6","13.8",",6","8",",6","6",",6","0",",6","","","","","0",",6","3",",6","0",",6","25",",6","0",",6","","","","","-3.3",",6,19,","","","","","21.8",",,6,28,","31.7",",6,05,","3916.3","6","81.5",",6","68.6",",,,6","","","16.15",",6","25.39",",,,6","6.91",",,,6"
"USC00062658","1944-06","41.95","-73.36667","167.6","FALLS VILLAGE, CT US","76.0","6","62.2",",6","13",",6","10",",6","2",",6","","","","","0",",6","2",",6","0",",6","27",",6","3",",6","","","","","-1.1",",6,08,","","","","","66.0",",,6,21,","34.4",",6,29,","3966.6","6","50.3",",6","179.1",",,,6","","","18.73",",6","26.63",",,,6","10.83",",,,6"
"USC00062658","1944-07","41.95","-73.36667","167.6","FALLS VILLAGE, CT US","170.4","6","94.4",",6","12",",6","6",",6","0",",6","","","","","0",",6","0",",6","0",",6","31",",6","6",",6","","","","","3.9",",6,22,","","","","","24.9",",,6,13,","34.4",",6,09,+","8.6","6","8.6",",6","63.8",",,,6","","","21.10",",6","29.91",",,,6","12.29",",,,6"
"USC00062658","1944-08","41.95","-73.36667","167.6","FALLS VILLAGE, CT US","273.2","6","102.8",",6","","","","","","","","","","","0",",6","0",",6","0",",6","31",",6","11",",6","","","","","6.1",",6,08,","","","","","","","36.7",",6,12,","22.3","6","13.7",",6","","","","","21.21",",6","29.62",",,,6","12.79",",,,6"
"USC00062658","1944-09","41.95","-73.36667","167.6","FALLS VILLAGE, CT US","311.9","6","38.7",",6","9",",6","6",",6","1",",6","","","","","0",",6","3",",6","0",",6","23",",6","0",",6","","","","","-1.1",",6,30,+","","","","","36.8",",,6,15,","31.7",",6,02,","88.2","6","65.9",",6","81.6",",,,6","","","17.42",",6","23.96",",,,6","10.89",",,,6"
"USC00062658","1944-10","41.95","-73.36667","167.6","FALLS VILLAGE, CT US","314.1","6","2.2",",6","5",",6","3",",6","1",",6","","","0",",6","0",",6","11",",6","0",",6","6",",6","0",",6","","","","","-8.3",",6,23,","","","0",",,6,31,+","29.2",",,6,21,","28.3",",6,07,","375.2","6","287.0",",6","47.5",",,,6","0",",,,6","9.15",",6","17.17",",,,6","1.13",",,,6"
"USC00062658","1944-11","41.95","-73.36667","167.6","FALLS VILLAGE, CT US","314.1","6","0.0",",6","9",",6","8",",6","1",",6","","","3",",6","0",",6","21",",6","0",",6","0",",6","0",",6","","","","","-10.0",",6,24,","","","102",",,6,17,","41.9",",,6,17,","19.4",",6,03,","802.4","6","427.2",",6","93.7",",,,6","229",",,,6","4.09",",6","9.89",",,,6","-1.70",",,,6"
"USC00062658","1944-12","41.95","-73.36667","167.6","FALLS VILLAGE, CT US","314.1","6","0.0",",6","8","1,6","6","1,6","0","1,6","","","2",",6","6",",6","30",",6","13",",6","0",",6","0",",6","","","","","-25.6",",6,22,","","","203",",,6,28,","18.3","1,,6,28,","8.3",",6,09,","1504.4","6","702.0",",6","67.9","1,,,6","394",",,,6","-4.31",",6","1.57",",,,6","-10.19",",,,6"
"USC00062658","1945-01","41.95","-73.36667","167.6","FALLS VILLAGE, CT US","0.0","6","0.0",",6","16",",6","10",",6","1",",6","","","8",",6","12",",6","30",",6","23",",6","0",",6","0",",6","","","","","-23.9",",6,25,","","","203",",,6,30,+","25.4",",,6,02,","12.2",",6,01,","2324.8","6","820.4",",6","94.4",",,,6","943",",,,6","-8.13",",6","-1.37",",,,6","-14.89",",,,6"
"USC00062658","1945-02","41.95","-73.36667","167.6","FALLS VILLAGE, CT US","0.0","6","0.0",",6","9","1,6","6","1,6","0","1,6","","","5",",6","4",",6","27",",6","5",",6","0",",6","0",",6","","","","","-26.1",",6,04,","","","305",",,6,09,","19.3","1,,6,09,","9.4",",6,22,","2923.3","6","598.5",",6","48.0","1,,,6","547",",,,6","-3.04",",6","3.31",",,,6","-9.40",",,,6"
"USC00062658","1945-03","41.95","-73.36667","167.6","FALLS VILLAGE, CT US","0.3","6","0.3",",6","11",",6","6",",6","0",",6","","","2",",6","0",",6","19",",6","0",",6","10",",6","0",",6","","","","","-12.2",",6,05,","","","76",",,6,01,","9.4",",,6,22,","28.3",",6,29,+","3288.5","6","365.2",",6","47.8",",,,6","127",",,,6","6.56",",6","15.16",",,,6","-2.04",",,,6"
"USC00062658","1945-04","41.95","-73.36667","167.6","FALLS VILLAGE, CT US","3.7","6","3.4",",6","13",",6","8",",6","1",",6","","","0",",6","0",",6","10",",6","0",",6","9",",6","0",",6","","","","","-6.1",",6,07,","","","0",",,6,30,+","61.7",",,6,26,","31.7",",6,12,","3525.0","6","236.5",",6","141.6",",,,6","0",",,,6","10.56",",6","18.70",",,,6","2.42",",,,6"
"USC00062658","1945-05","41.95","-73.36667","167.6","FALLS VILLAGE, CT US","6.5","6","2.8",",6","19",",6","16",",6","1",",6","","","1",",6","0",",6","7",",6","0",",6","13",",6","0",",6","","","","","-1.7",",6,12,+","","","102",",,6,11,","31.8",",,6,11,","28.9",",6,22,","3699.1","6","174.1",",6","169.5",",,,6","102",",,,6","12.81",",6","20.10",",,,6","5.52",",,,6"
"USC00062658","1945-06","41.95","-73.36667","167.6","FALLS VILLAGE, CT US","75.4","6","68.9",",6","15",",6","13",",6","2",",6","","","0",",6","0",",6","0",",6","0",",6","22",",6","4",",6","","","","","0.6",",6,01,","","","0",",,6,30,+","38.6",",,6,19,","35.0",",6,15,","3774.9","6","75.8",",6","170.5",",,,6","0",",,,6","18.10",",6","25.46",",,,6","10.74",",,,6"
"USC00062658","1945-07","41.95","-73.36667","167.6","FALLS VILLAGE, CT US","136.4","6","61.0",",6","16",",6","12",",6","1",",6","","","","","0",",6","0",",6","0",",6","31",",6","1",",6","","","","","3.9",",6,12,","","","","","59.2",",,6,29,","33.9",",6,01,","12.5","6","12.5",",6","208.8",",,,6","","","19.90",",6","27.32",",,,6","12.48",",,,6"
"USC00062658","1945-08","41.95","-73.36667","167.6","FALLS VILLAGE, CT US","192.2","6","55.8",",6","9",",6","5",",6","2",",6","","","0",",6","0",",6","0",",6","0",",6","27",",6","2",",6","","","","","5.0",",6,16,","","","0",",,6,31,+","36.8",",,6,25,","35.6",",6,29,","34.5","6","22.0",",6","92.8",",,,6","0",",,,6","19.42",",6","27.29",",,,6","11.55",",,,6"
"USC00062658","1945-09","41.95","-73.36667","167.6","FALLS VILLAGE, CT US","224.0","6","31.8","1,6","11",",6","8",",6","2",",6","","","0",",6","0",",6","1",",6","0","1,6","22","1,6","0","1,6","","","","","-1.7",",6,30,","","","0",",,6,30,+","57.2",",,6,15,","31.7","1,6,08,","97.1","6","62.6","1,6","124.2",",,,6","0",",,,6","17.28","1,6","24.29","1,,,6","10.26",",,,6"
"USC00062658","1945-10","41.95","-73.36667","167.6","FALLS VILLAGE, CT US","224.0","6","0.0",",6","15",",6","10",",6","0",",6","","","0",",6","0",",6","16",",6","0",",6","7",",6","0",",6","","","","","-5.6",",6,04,","","","0",",T,6,03,","7.6",",,6,25,","26.7",",6,19,","388.3","6","291.2",",6","58.9",",,,6","0",",T,,6","8.94",",6","16.89",",,,6","0.99",",,,6"
"USC00062658","1945-11","41.95","-73.36667","167.6","FALLS VILLAGE, CT US","224.0","6","0.0","1,6","","","","","","","","","2",",6","0","1,6","20","1,6","0",",6","0",",6","0",",6","","","","","-12.2","1,6,24,","","","254",",,6,30,","","","20.6",",6,01,","795.7","6","407.4",",6","","","356",",,,6","4.38","1,6","11.43",",,,6","-2.68","1,,,6"
"USC00062658","1945-12","41.95","-73.36667","167.6","FALLS VILLAGE, CT US","224.0","6","0.0",",6","16",",6","8",",6","0",",6","","","4",",6","9",",6","29",",6","14",",6","0",",6","0",",6","","","","","-23.3",",6,21,","","","356",",,6,20,","21.6",",,6,26,","8.3",",6,08,","1549.3","6","753.6",",6","85.4",",,,6","807",",,,6","-5.98",",6","0.25",",,,6","-12.21",",,,6"
"USC00062658","1946-01","41.95","-73.36667","167.6","FALLS VILLAGE, CT US","0.0","6","0.0",",6","12",",6","5",",6","0",",6","","","4",",6","8",",6","30",",6","8",",6","0",",6","0",",6","","","","","-22.8",",6,28,","","","152",",,6,25,","10.4",",,6,31,","12.2",",6,07,","2240.1","6","690.8",",6","43.0",",,,6","304",",,,6","-3.95",",6","2.48",",,,6","-10.38",",,,6"
"USC00062658","1946-02","41.95","-73.36667","167.6","FALLS VILLAGE, CT US","0.0","6","0.0",",6","8",",6","5",",6","0",",6","","","2",",6","5",",6","28",",6","9",",6","0",",6","0",",6","","","","","-23.3",",6,05,","","","254",",,6,20,","18.8",",,6,20,","15.6",",6,14,","2882.2","6","642.1",",6","64.1",",,,6","305",",,,6","-4.60",",6","2.60",",,,6","-11.80",",,,6"
"USC00062658","1946-03","41.95","-73.36667","167.6","FALLS VILLAGE, CT US","0.0","6","0.0",",6","6",",6","4",",6","0",",6","","","0",",6","0",",6","23",",6","0",",6","7",",6","0",",6","","","","","-15.0",",6,01,","","","0",",T,6,12,","14.2",",,6,08,","27.2",",6,29,","3256.1","6","373.9",",6","40.0",",,,6","0",",T,,6","6.27",",6","15.63",",,,6","-3.08",",,,6"
"USC00062658","1946-04","41.95","-73.36667","167.6","FALLS VILLAGE, CT US","0.0","6","0.0",",6","10",",6","7",",6","0",",6","","","1",",6","0",",6","23",",6","0",",6","5",",6","0",",6","","","","","-8.9",",6,08,","","","51",",,6,09,","12.4",",,6,02,","27.8",",6,23,","3624.8","6","368.7",",6","52.5",",,,6","51",",,,6","6.04",",6","14.31",",,,6","-2.22",",,,6"
"USC00062658","1946-05","41.95","-73.36667","167.6","FALLS VILLAGE, CT US","6.5","6","6.5",",6","14",",6","8",",6","1",",6","","","0",",6","0",",6","7",",6","0",",6","14",",6","0",",6","","","","","-6.1",",6,03,","","","0",",,6,31,+","42.2",",,6,28,","31.7",",6,26,","3804.5","6","179.7",",6","114.8",",,,6","0",",,,6","12.74",",6","21.35",",,,6","4.14",",,,6"
"USC00062658","1946-06","41.95","-73.36667","167.6","FALLS VILLAGE, CT US","37.1","6","30.6","1,6","10",",6","6",",6","0",",6","","","0",",6","0",",6","0",",6","0","1,6","26","1,6","4","1,6","","","","","1.1",",6,03,","","","0",",,6,30,+","24.9",",,6,03,","32.8","1,6,25,","3872.1","6","67.6","1,6","81.8",",,,6","0",",,,6","17.03","1,6","26.02","1,,,6","8.03",",,,6"
"USC00062658","1946-07","41.95","-73.36667","167.6","FALLS VILLAGE, CT US","113.4","6","76.3",",6","8",",6","4",",6","3",",6","","","0",",6","0",",6","0",",6","0",",6","30",",6","6",",6","","","","","2.2",",6,16,","","","0",",,6,31,+","64.8",",,6,23,","35.6",",6,19,","10.5","6","10.5",",6","133.6",",,,6","0",",,,6","20.45",",6","30.10",",,,6","10.81",",,,6"
"USC00062658","1946-08","41.95","-73.36667","167.6","FALLS VILLAGE, CT US","137.8","6","24.4",",6","11",",6","7",",6","0",",6","","","0",",6","0",",6","0",",6","0",",6","31",",6","0",",6","","","","","2.8",",6,31,","","","0",",,6,31,+","12.7",",,6,11,","30.6",",6,17,","47.4","6","36.9",",6","53.6",",,,6","0",",,,6","17.93",",6","26.04",",,,6","9.83",",,,6"
"USC00062658","1946-09","41.95","-73.36667","167.6","FALLS VILLAGE, CT US","162.6","6","24.8",",6","5",",6","5",",6","1",",6","","","0",",6","0",",6","4",",6","0",",6","30",",6","0",",6","","","","","-2.8",",6,14,","","","0",",,6,30,+","47.0",",,6,30,","31.1",",6,20,","118.0","6","70.6",",6","92.7",",,,6","0",",,,6","16.81",",6","26.21",",,,6","7.40",",,,6"
"USC00062658","1946-10","41.95","-73.36667","167.6","FALLS VILLAGE, CT US","164.0","6","1.4",",6","8",",6","4",",6","0",",6","","","0",",6","0",",6","11",",6","0",",6","13",",6","0",",6","","","","","-5.0",",6,22,+","","","0",",,6,31,+","14.0",",,6,27,","29.4",",6,07,","330.5","6","212.5",",6","53.4",",,,6","0",",,,6","11.52",",6","20.19",",,,6","2.85",",,,6"
"USC00062658","1946-11","41.95","-73.36667","167.6","FALLS VILLAGE, CT US","164.0","6","0.0",",6","5",",6","4",",6","0",",6","","","0",",6","0",",6","20",",6","0",",6","1",",6","0",",6","","","","","-12.2",",6,19,","","","0",",T,6,30,+","7.1",",,6,12,","22.8",",6,04,","717.5","6","387.0",",6","23.9",",,,6","0",",T,,6","5.43",",6","12.98",",,,6","-2.12",",,,6"
"USC00062658","1946-12","41.95","-73.36667","167.6","FALLS VILLAGE, CT US","164.0","6","0.0",",6","7",",6","4",",6","0",",6","","","3",",6","0",",6","30",",6","7",",6","0",",6","0",",6","","","","","-17.2",",6,31,","","","102",",,6,21,","18.8",",,6,21,","18.3",",6,10,","1360.8","6","643.3",",6","54.7",",,,6","152",",,,6","-2.42",",6","4.33",",,,6","-9.16",",,,6"
"USC00062658","1947-01","41.95","-73.36667","167.6","FALLS VILLAGE, CT US","0.0","6","0.0",",6","10",",6","8",",6","0",",6","","","2",",6","3",",6","30",",6","5",",6","0",",6","0",",6","","","","","-22.8",",6,10,","","","76",",,6,06,+","16.3",",,6,31,","16.1",",6,31,","1989.4","6","628.6",",6","62.9",",,,6","152",",,,6","-1.94",",6","5.00",",,,6","-8.88",",,,6"
"USC00062658","1947-02","41.95","-73.36667","167.6","FALLS VILLAGE, CT US","0.0","6","0.0",",6","7",",6","4",",6","1",",6","","","5",",6","5",",6","28",",6","9",",6","0",",6","0",",6","","","","","-21.1",",6,06,","","","356",",,6,21,","25.4",",,6,05,","9.4",",6,14,","2654.1","6","664.7",",6","63.2",",,,6","776",",,,6","-5.41",",6","1.31",",,,6","-12.13",",,,6"
"USC00062658","1947-03","41.95","-73.36667","167.6","FALLS VILLAGE, CT US","0.0","6","0.0",",6","11",",6","5",",6","1",",6","","","2",",6","0",",6","31",",6","1",",6","0",",6","0",",6","","","","","-15.0",",6,18,","","","152",",,6,02,","27.9",",,6,03,","13.3",",6,24,","3245.2","6","591.1",",6","82.7",",,,6","203",",,,6","-0.74",",6","5.85",",,,6","-7.33",",,,6"
"USC00062658","1947-04","41.95","-73.36667","167.6","FALLS VILLAGE, CT US","0.8","6","0.8",",6","12",",6","8",",6","1",",6","","","0",",6","0",",6","22",",6","0",",6","6",",6","0",",6","","","","","-10.0",",6,04,+","","","13",",,6,22,","33.0",",,6,06,","25.6",",6,06,","3593.0","6","347.8",",6","104.4",",,,6","13",",,,6","6.77",",6","15.54",",,,6","-2.00",",,,6"
"USC00062658","1947-05","41.95","-73.36667","167.6","FALLS VILLAGE, CT US","7.2","6","6.4","1,6","19",",6","12",",6","0",",6","","","0",",6","0",",6","7",",6","0","1,6","12","1,6","0","1,6","","","","","-6.7",",6,10,","","","0",",T,6,08,","24.1",",,6,26,","31.1","1,6,24,","3774.7","6","181.7","1,6","128.4",",,,6","0",",T,,6","12.60","1,6","20.69","1,,,6","4.51",",,,6"
"USC00062658","1947-06","41.95","-73.36667","167.6","FALLS VILLAGE, CT US","32.2","6","25.0",",6","14",",6","8",",6","0",",6","","","0",",6","0",",6","0",",6","0",",6","24",",6","2",",6","","","","","0.6",",6,04,","","","0",",,6,30,+","18.3",",,6,25,","32.2",",6,29,+","3850.7","6","76.0",",6","90.0",",,,6","0",",,,6","16.63",",6","25.10",",,,6","8.17",",,,6"
"USC00062658","1947-07","41.95","-73.36667","167.6","FALLS VILLAGE, CT US","97.0","6","64.8","2,6","15",",6","9",",6","0",",6","","","0",",6","0",",6","0",",6","0","2,6","29","2,6","2","2,6","","","","","5.6",",6,24,","","","0",",,6,31,+","20.6",",,6,28,","32.2","2,6,30,+","6.9","6","6.9","2,6","91.7",",,,6","0",",,,6","20.48","2,6","28.64","2,,,6","12.32",",,,6"
"USC00062658","1947-08","41.95","-73.36667","167.6","FALLS VILLAGE, CT US","187.2","6","90.2",",6","9",",6","3",",6","0",",6","","","0",",6","0",",6","0",",6","0",",6","29",",6","6",",6","","","","","3.9",",6,02,","","","0",",,6,31,+","9.4",",,6,08,","35.6",",6,25,+","23.3","6","16.4",",6","23.7",",,,6","0",",,,6","20.71",",6","28.10",",,,6","13.33",",,,6"
"USC00062658","1947-09","41.95","-73.36667","167.6","FALLS VILLAGE, CT US","226.7","6","39.5",",6","7",",6","6",",6","1",",6","","","0",",6","0",",6","6",",6","0",",6","21",",6","1",",6","","","","","-8.3",",6,28,","","","0",",,6,30,+","29.2",",,6,16,","32.8",",6,13,","145.2","6","121.9",",6","86.1",",,,6","0",",,,6","15.59",",6","24.06",",,,6","7.11",",,,6"
"USC00062658","1947-10","41.95","-73.36667","167.6","FALLS VILLAGE, CT US","","","","","4",",6","2",",6","1",",6","","","0",",6","","","","","0",",6","23",",6","0",",6","","","","","","","","","0",",,6,31,+","34.0",",,6,31,","31.7",",6,17,","","","","","41.9",",,,6","0",",,,6","","","22.45",",,,6","",""
"USC00062658","1947-11","41.95","-73.36667","167.6","FALLS VILLAGE, CT US","","","0.0","1,6","10",",6","6",",6","2",",6","","","1",",6","0","1,6","25","1,6","1",",6","0",",6","0",",6","","","","","-15.6","1,6,30,","","","25",",,6,27,","55.1",",,6,09,","15.6",",6,03,","","","495.9",",6","135.2",",,,6","38",",,,6","1.29","1,6","8.24",",,,6","-5.66","1,,,6"
"USC00062658","1947-12","41.95","-73.36667","167.6","FALLS VILLAGE, CT US","","","","","7",",6","5",",6","1",",6","","","4",",6","2",",6","31",",6","","","","","","","","","","","-23.3",",6,25,","","","356",",,6,27,","26.9",",,6,27,","","","","","","","51.8",",,,6","508",",,,6","","","","","-10.09",",,,6"
"USC00062658","1948-01","41.95","-73.36667","167.6","FALLS VILLAGE, CT US","0.0","0","0.0",",6","13",",6","8",",6","0",",6","","","10",",6","12",",6","31",",6","19",",6","0",",6","0",",6","","","","","-30.0",",6,19,","","","203",",,6,25,","13.2",",,6,25,","5.6",",6,09,","","","808.2",",6","64.8",",,,6","868",",,,6","-7.74",",6","-0.77",",,,6","-14.71",",,,6"
"USC00062658","1948-02","41.95","-73.36667","167.6","FALLS VILLAGE, CT US","0.0","0","0.0",",6","11","1,6","7","1,6","0","1,6","","","6",",6","9",",6","28",",6","15",",6","0",",6","0",",6","","","","","-31.1",",6,10,","","","76",",,6,28,+","22.4","1,,6,14,","11.1",",6,17,","","","701.4",",6","48.9","1,,,6","291",",,,6","-5.85",",6","1.47",",,,6","-13.18",",,,6"
"USC00062658","1948-03","41.95","-73.36667","167.6","FALLS VILLAGE, CT US","0.0","0","0.0",",6","12",",6","9",",6","0",",6","","","4",",6","6",",6","25",",6","5",",6","0",",6","0",",6","","","","","-27.8",",6,06,","","","152",",,6,03,","24.6",",,6,22,","20.6",",6,31,","","","513.4",",6","95.2",",,,6","330",",,,6","1.77",",6","9.85",",,,6","-6.31",",,,6"
"USC00062658","1948-04","41.95","-73.36667","167.6","FALLS VILLAGE, CT US","0.0","0","0.0","1,6","12",",6","7",",6","0",",6","","","0",",6","0","1,6","14","1,6","0",",6","6",",6","0",",6","","","","","-7.2","1,6,11,","","","0",",T,6,04,","19.1",",,6,15,+","25.0",",6,20,","","","286.7",",6","88.9",",,,6","0",",T,,6","8.47","1,6","15.92",",,,6","1.02","1,,,6"
"USC00062658","1948-05","41.95","-73.36667","167.6","FALLS VILLAGE, CT US","","","","","16",",6","14",",6","0",",6","","","0",",6","0",",","4",",6","","","","","","","","","","","-3.3",",6,02,","","","0",",,6,31,+","16.5",",,6,17,","","","","","","","134.7",",,,6","0",",,,6","","","","","6.81",",,,6"
"USC00062658","1948-06","41.95","-73.36667","167.6","FALLS VILLAGE, CT US","","","43.0",",0","19",",0","12",",0","0",",0","0","1,0","0","1,0","0",",0","0",",0","0",",0","29",",0","3",",0","","","","","3.3",",0,06,","0","1,,0,30,+","0","1,,0,30,+","24.1",",,0,23,","33.3",",0,29,","","","32.5",",0","148.5",",,,0","0","1,,,0","18.68",",0","26.62",",,,0","10.74",",,,0"
"USC00062658","1948-07","41.95","-73.36667","167.6","FALLS VILLAGE, CT US","","","100.7",",0","9",",0","8",",0","0",",0","0",",0","0",",0","0",",0","0",",0","0",",0","31",",0","4",",0","","","","","7.8",",0,08,","0",",,0,31,+","0",",,0,31,+","14.0",",,0,22,","32.8",",0,01,","2.5","0","2.5",",0","71.2",",,,0","0",",,,0","21.50",",0","29.52",",,,0","13.48",",,,0"
"USC00062658","1948-08","41.95","-73.36667","167.6","FALLS VILLAGE, CT US","","","93.3",",0","5",",0","3",",0","1",",0","0",",0","0",",0","0",",0","0",",0","0",",0","31",",0","4",",0","","","","","6.1",",0,08,","0",",,0,31,+","0",",,0,31,+","31.0",",,0,06,","37.8",",0,26,","14.7","0","12.2",",0","58.5",",,,0","0",",,,0","20.95",",0","28.73",",,,0","13.16",",,,0"
"USC00062658","1948-09","41.95","-73.36667","167.6","FALLS VILLAGE, CT US","","","39.5",",0","2",",0","2",",0","0",",0","0",",0","0",",0","0",",0","4",",0","0",",0","28",",0","4",",0","","","","","-1.1",",0,22,+","0",",,0,30,+","0",",,0,30,+","14.0",",,0,10,","32.8",",0,14,","91.2","0","76.5",",0","22.9",",,,0","0",",,,0","17.10",",0","26.73",",,,0","7.46",",,,0"
"USC00062658","1948-10","41.95","-73.36667","167.6","FALLS VILLAGE, CT US","","","0.3",",0","7",",0","4",",0","0",",0","0",",0","0",",0","0",",0","14",",0","0",",0","7",",0","0",",0","","","","","-10.0",",0,22,","0",",,0,31,+","0",",,0,31,+","19.3",",,0,01,","28.3",",0,07,","368.1","0","276.9",",0","44.7",",,,0","0",",,,0","9.41",",0","17.79",",,,0","1.03",",,,0"
"USC00062658","1948-11","41.95","-73.36667","167.6","FALLS VILLAGE, CT US","","","0.5",",0","17",",0","10",",0","1",",0","1",",0","1",",0","0",",0","15",",0","0",",0","5",",0","0",",0","","","","","-10.0",",0,30,","51",",,0,29,","51",",,0,29,","33.0",",,0,11,","23.3",",0,06,","689.9","0","321.8",",0","106.8",",,,0","51",",,,0","7.62",",0","14.94",",,,0","0.31",",,,0"
"USC00062658","1948-12","41.95","-73.36667","167.6","FALLS VILLAGE, CT US","","","0.0",",0","8","2,0","7","2,0","1","2,0","","","2",",0","4",",0","30",",0","7",",0","0",",0","0",",0","","","","","-24.4",",0,27,","","","102",",,0,20,","94.0","2,,0,31,","14.4",",0,05,","1302.8","0","612.9",",0","132.2","2,,,0","178",",,,0","-1.44",",0","5.18",",,,0","-8.05",",,,0"
"USC00062658","1949-01","41.95","-73.36667","167.6","FALLS VILLAGE, CT US","0.0","0","0.0",",0","11",",0","8",",0","2",",0","10","5,0","4",",0","2",",0","30",",0","2",",0","0",",0","0",",0","","","","","-20.6",",0,30,","229","5,,0,31,","152",",,0,31,+","71.1",",,0,01,","15.6",",0,19,","1892.9","0","590.1",",0","176.3",",,,0","608",",,,0","-0.70",",0","5.12",",,,0","-6.53",",,,0"
"USC00062658","1949-02","41.95","-73.36667","167.6","FALLS VILLAGE, CT US","0.0","0","0.0","1,0","12",",0","9",",0","0",",0","","","2",",0","3",",0","25",",0","3","1,0","0","1,0","0","1,0","","","","","-24.4",",0,03,","","","203",",,0,28,","16.8",",,0,28,","13.9","1,0,19,+","2417.8","0","524.9","1,0","60.6",",,,0","279",",,,0","-1.04","1,0","6.09","1,,,0","-8.17",",,,0"
"USC00062658","1949-03","41.95","-73.36667","167.6","FALLS VILLAGE, CT US","0.0","0","0.0",",0","9",",0","5",",0","0",",0","","","3",",0","2",",0","25",",0","3",",0","3",",0","0",",0","","","","","-21.7",",0,20,","","","102",",,0,18,","9.1",",,0,23,+","24.4",",0,27,","2915.4","0","497.6",",0","33.6",",,,0","229",",,,0","2.28",",0","9.46",",,,0","-4.90",",,,0"
"USC00062658","1949-04","41.95","-73.36667","167.6","FALLS VILLAGE, CT US","0.0","0","0.0",",0","12",",0","6",",0","1",",0","0",",0","0",",0","0",",0","16",",0","0",",0","10",",0","0",",0","","","","","-7.2",",0,05,","0",",,0,30,+","0",",,0,30,+","30.5",",,0,14,","25.6",",0,30,","3213.0","0","297.6",",0","90.0",",,,0","0",",,,0","8.41",",0","16.91",",,,0","-0.09",",,,0"
"USC00062658","1949-05","41.95","-73.36667","167.6","FALLS VILLAGE, CT US","11.1","0","11.1",",0","14",",0","10",",0","1",",0","0",",0","0",",0","0",",0","8",",0","0",",0","23",",0","1",",0","","","","","-1.1",",0,30,+","0",",,0,31,+","0",",,0,31,+","52.8",",,0,20,","32.2",",0,05,","3358.1","0","145.1",",0","141.0",",,,0","0",",,,0","14.01",",0","23.46",",,,0","4.55",",,,0"
"USC00062658","1949-06","41.95","-73.36667","167.6","FALLS VILLAGE, CT US","89.3","0","78.2",",0","6",",0","3",",0","0",",0","0","2,0","0",",0","0",",0","0",",0","0",",0","29",",0","6",",0","","","3","","0.6",",0,09,","0","2,,0,30,+","0",",,0,30,+","11.2",",,0,26,","34.4",",0,25,","3392.9","0","34.8",",0","23.7",",,,0","0",",,,0","19.78",",0","29.10",",,,0","10.47",",,,0"
"USC00062658","1949-07","41.95","-73.36667","167.6","FALLS VILLAGE, CT US","207.7","0","118.4","4,0","11","3,0","8","3,0","0","3,0","0","3,0","0","3,0","0","4,0","0","4,0","0","3,0","28","3,0","12","3,0","","","6","","5.0","4,0,08,","0","3,,0,31,+","0","3,,0,31,+","13.2","3,,0,13,","36.7","3,0,20,","0.5","0","0.5","3,0","74.2","3,,,0","0","3,,,0","22.77","4,0","31.31","3,,,0","14.23","4,,,0"
"USC00062658","1949-08","41.95","-73.36667","167.6","FALLS VILLAGE, CT US","","","","","","","","","","","","","","","","","","","","","","","","","","","2","","","","","","","","","","","","","","","","","","","","","","","","",""
"USC00062658","1949-09","41.95","-73.36667","167.6","FALLS VILLAGE, CT US","","","20.5",",0","14",",0","8",",0","0",",0","0",",0","0",",0","0",",0","2",",0","0",",0","18",",0","0",",0","2","","2","","0.0",",0,26,+","0",",,0,30,+","0",",,0,30,+","14.7",",,0,30,","29.4",",0,06,+","","","106.2",",0","51.9",",,,0","0",",,,0","15.48",",0","22.36",",,,0","8.59",",,,0"
"USC00062658","1949-10","41.95","-73.36667","167.6","FALLS VILLAGE, CT US","","","10.8",",0","8",",0","5",",0","0",",0","0",",0","0",",0","0",",0","6",",0","0",",0","13",",0","0",",0","","","","","-5.6",",0,28,","0",",,0,31,+","0",",,0,31,+","19.6",",,0,26,","30.0",",0,10,","","","181.5",",0","69.9",",,,0","0",",,,0","12.83",",0","20.26",",,,0","5.39",",,,0"
"USC00062658","1949-11","41.95","-73.36667","167.6","FALLS VILLAGE, CT US","","","0.0","2,0","11",",0","6",",0","0",",0","1",",0","1",",0","0","1,0","22","1,0","0","1,0","0","1,0","0","1,0","2","","","","-12.8","1,0,27,","51",",,0,27,","51",",,0,27,","16.0",",,0,14,","20.0","1,0,08,","","","400.3","1,0","38.2",",,,0","51",",,,0","4.01","2,0","10.44","1,,,0","-2.42","1,,,0"
"USC00062658","1949-12","41.95","-73.36667","167.6","FALLS VILLAGE, CT US","","","0.0",",0","12",",0","10",",0","1",",0","11",",0","4","1,0","3",",0","27",",0","6",",0","0",",0","0",",0","2","","","","-23.3",",0,10,","203",",,0,07,+","152","1,,0,02,","32.5",",,0,13,","16.1",",0,28,","","","600.2",",0","104.1",",,,0","305","1,,,0","-1.03",",0","5.37",",,,0","-7.42",",,,0"
"USC00062658","1950-01","41.95","-73.36667","167.6","FALLS VILLAGE, CT US","0.0","0","0.0",",0","20",",0","9",",0","0",",0","2",",0","5",",0","1",",0","23",",0","4",",0","0",",0","0",",0","2","","","","-18.3",",0,09,","51",",,0,31,","51",",,0,22,+","21.8",",,0,07,","20.6",",0,26,","","","536.5",",0","84.4",",,,0","190",",,,0","1.03",",0","6.44",",,,0","-4.39",",,,0"
"USC00062658","1950-02","41.95","-73.36667","167.6","FALLS VILLAGE, CT US","0.0","0","0.0",",0","12",",0","7",",0","0",",0","","","6","3,0","6",",0","28",",0","9",",0","0",",0","0",",0","","","","","-23.9",",0,08,","","","178","3,,0,14,","24.1",",,0,14,","8.3",",0,09,","","","628.6",",0","71.1",",,,0","482","3,,,0","-4.12",",0","1.45",",,,0","-9.68",",,,0"
"USC00062658","1950-03","41.95","-73.36667","167.6","FALLS VILLAGE, CT US","0.0","0","0.0",",0","12",",0","7",",0","0",",0","","","3",",0","2",",0","27",",0","4",",0","0",",0","0",",0","1","","2","","-23.9",",0,04,","","","76",",,0,21,","20.3",",,0,09,","20.0",",0,28,","","","599.8",",0","56.4",",,,0","204",",,,0","-1.02",",0","5.40",",,,0","-7.43",",,,0"
"USC00062658","1950-04","41.95","-73.36667","167.6","FALLS VILLAGE, CT US","0.0","0","0.0",",0","17",",0","9",",0","0",",0","1","1,0","3",",0","0",",0","19",",0","0",",0","4",",0","0",",0","","","","","-9.4",",0,01,","76","1,,0,14,","51",",,0,14,+","9.9",",,0,26,","26.1",",0,04,","","","356.4",",0","61.7",",,,0","127",",,,0","6.45",",0","13.62",",,,0","-0.72",",,,0"
"USC00062658","1950-05","41.95","-73.36667","167.6","FALLS VILLAGE, CT US","3.0","0","3.0",",0","13",",0","8",",0","1",",0","0",",0","0","1,0","0",",0","2",",0","0",",0","19",",0","0",",0","","","2","","-3.9",",0,09,","0",",,0,31,+","0","1,,0,31,+","25.4",",,0,24,","28.3",",0,06,","","","139.6",",0","109.1",",,,0","0","1,,,0","13.93",",0","21.49",",,,0","6.36",",,,0"
"USC00062658","1950-06","41.95","-73.36667","167.6","FALLS VILLAGE, CT US","48.3","0","45.3",",0","12",",0","10",",0","1",",0","0",",0","0",",0","0",",0","0",",0","0",",0","28",",0","3",",0","","","3","","2.8",",0,05,","0",",,0,30,+","0",",,0,30,+","26.4",",,0,11,","32.2",",0,27,+","","","42.1",",0","132.5",",,,0","0",",,,0","18.44",",0","26.55",",,,0","10.33",",,,0"
"USC00062658","1950-07","41.95","-73.36667","167.6","FALLS VILLAGE, CT US","121.4","0","73.1",",0","12",",0","10",",0","0",",0","0",",0","0",",0","0",",0","0",",0","0",",0","31",",0","0",",0","","","6","","6.1",",0,15,","0",",,0,31,+","0",",,0,31,+","14.7",",,0,14,","31.7",",0,31,","9.7","0","9.7",",0","77.0",",,,0","0",",,,0","20.38",",0","28.00",",,,0","12.76",",,,0"
"USC00062658","1950-08","41.95","-73.36667","167.6","FALLS VILLAGE, CT US","172.8","0","51.4",",0","11",",0","7",",0","3",",0","0",",0","0",",0","0",",0","0",",0","0",",0","31",",0","0",",0","","","5","","5.6",",0,13,","0",",,0,31,+","0",",,0,31,+","37.1",",,0,01,","30.0",",0,09,","28.1","0","18.4",",0","119.8",",,,0","0",",,,0","19.40",",0","26.43",",,,0","12.37",",,,0"
"USC00062658","1950-09","41.95","-73.36667","167.6","FALLS VILLAGE, CT US","183.9","0","11.1","1,0","11","1,0","4","1,0","0","1,0","0","1,0","0","1,0","0","1,0","4","1,0","0","1,0","13","1,0","0","1,0","","","","","-4.4","1,0,25,","0","1,,0,30,+","0","1,,0,30,+","7.9","1,,0,10,","29.4","1,0,09,","154.0","0","125.9","1,0","33.7","1,,,0","0","1,,,0","14.37","1,0","20.78","1,,,0","7.97","1,,,0"
"USC00062658","1950-10","41.95","-73.36667","167.6","FALLS VILLAGE, CT US","184.2","0","0.3","1,0","6",",0","4",",0","0",",0","0",",0","0",",0","0",",0","10",",0","0","1,0","9","1,0","0","1,0","","","","","-8.3",",0,27,","0",",,0,31,+","0",",,0,31,+","10.7",",,0,12,","28.9","1,0,01,","368.6","0","214.6","1,0","33.5",",,,0","0",",,,0","11.09","1,0","19.12","1,,,0","3.06",",,,0"
"USC00062658","1950-11","41.95","-73.36667","167.6","FALLS VILLAGE, CT US","184.2","0","0.0",",0","10",",0","8",",0","4",",0","3",",0","2",",0","0",",0","21",",0","0",",0","3",",0","0",",0","","","","","-11.7",",0,15,","51",",,0,29,+","51",",,0,28,","51.3",",,0,26,","26.7",",0,02,+","767.0","0","398.4",",0","178.6",",,,0","76",",,,0","5.05",",0","12.24",",,,0","-2.13",",,,0"
"USC00062658","1950-12","41.95","-73.36667","167.6","FALLS VILLAGE, CT US","184.2","0","0.0",",0","13",",0","9",",0","1",",0","","","5",",0","5",",0","29",",0","8",",0","0",",0","0",",0","","","","","-26.1",",0,28,","","","127",",,0,26,","25.9",",,0,04,","16.1",",0,04,","1427.2","0","660.2",",0","85.2",",,,0","382",",,,0","-2.96",",0","2.98",",,,0","-8.91",",,,0"
"USC00062658","1951-01","41.95","-73.36667","167.6","FALLS VILLAGE, CT US","0.0","0","0.0",",0","10",",0","7",",0","1",",0","","","4",",0","1",",0","29",",0","9",",0","0",",0","0",",0","","","","","-19.4",",0,09,","","","127",",,0,08,","25.4",",,0,15,","14.4",",0,20,","2053.6","0","626.4",",0","66.5",",,,0","228",",,,0","-1.87",",0","3.65",",,,0","-7.39",",,,0"
"USC00062658","1951-02","41.95","-73.36667","167.6","FALLS VILLAGE, CT US","0.0","0","0.0",",0","7",",0","4",",0","3",",0","","","3",",0","3",",0","24",",0","3",",0","0",",0","0",",0","2","","","","-23.9",",0,10,","","","127",",,0,08,","37.6",",,0,08,","13.9",",0,13,","2594.2","0","540.6",",0","114.8",",,,0","206",",,,0","-0.97",",0","4.90",",,,0","-6.84",",,,0"
"USC00062658","1951-03","41.95","-73.36667","167.6","FALLS VILLAGE, CT US","0.0","0","0.0",",0","12",",0","7",",0","1",",0","4","2,0","2","1,0","0",",0","25",",0","0",",0","0",",0","0",",0","","","","","-10.6",",0,27,+","102","2,,0,01,","102","1,,0,01,","38.4",",,0,31,","18.9",",0,28,","3073.6","0","479.4",",0","103.5",",,,0","153","1,,,0","2.87",",0","8.09",",,,0","-2.35",",,,0"
"USC00062658","1951-04","41.95","-73.36667","167.6","FALLS VILLAGE, CT US","0.0","0","0.0",",0","11","1,0","6","1,0","0","1,0","0",",0","0",",0","0",",0","12",",0","0",",0","2",",0","0",",0","","","","","-3.9",",0,06,","0",",,0,30,+","0",",,0,30,+","24.6","1,,0,03,","22.2",",0,29,","3371.9","0","298.3",",0","80.2","1,,,0","0",",,,0","8.39",",0","15.18",",,,0","1.60",",,,0"
"USC00062658","1951-05","41.95","-73.36667","167.6","FALLS VILLAGE, CT US","14.4","0","14.4","1,0","10","1,0","6","1,0","0","1,0","0","1,0","0","1,0","0","1,0","5","1,0","0","1,0","22","1,0","0","1,0","","","3","","-2.2","1,0,14,","0","1,,0,31,+","0","1,,0,31,+","23.9","1,,0,24,","31.1","1,0,17,+","3486.5","0","114.6","1,0","77.9","1,,,0","0","1,,,0","15.00","1,0","23.68","1,,,0","6.31","1,,,0"
"USC00062658","1951-06","41.95","-73.36667","167.6","FALLS VILLAGE, CT US","63.5","0","49.1",",0","10",",0","9",",0","0",",0","0",",0","0",",0","0",",0","0",",0","0",",0","26",",0","0",",0","","","4","","3.3",",0,12,+","0",",,0,30,+","0",",,0,30,+","18.3",",,0,14,","31.1",",0,02,","3525.2","0","38.7",",0","80.0",",,,0","0",",,,0","18.68",",0","25.92",",,,0","11.44",",,,0"
"USC00062658","1951-07","41.95","-73.36667","167.6","FALLS VILLAGE, CT US","161.6","0","98.1",",0","11",",0","7",",0","2",",0","0",",0","0",",0","0",",0","0",",0","0",",0","31",",0","2",",0","","","4","","7.2",",0,21,","0",",,0,31,+","0",",,0,31,+","43.7",",,0,20,","32.2",",0,31,+","2.8","0","2.8",",0","105.3",",,,0","0",",,,0","21.41",",0","28.36",",,,0","14.45",",,,0"
"USC00062658","1951-08","41.95","-73.36667","167.6","FALLS VILLAGE, CT US","229.7","0","68.1",",0","13",",0","7",",0","1",",0","0",",0","0",",0","0",",0","0",",0","0",",0","31",",0","0",",0","","","6","","5.6",",0,05,","0",",,0,31,+","0",",,0,31,+","58.4",",,0,17,","31.7",",0,31,","29.0","0","26.2",",0","121.4",",,,0","0",",,,0","19.69",",0","26.86",",,,0","12.52",",,,0"
"USC00062658","1951-09","41.95","-73.36667","167.6","FALLS VILLAGE, CT US","238.3","0","8.6",",0","10",",0","7",",0","2",",0","0",",0","0",",0","0",",0","1",",0","0",",0","22",",0","0",",0","","","2","","-2.2",",0,30,","0",",,0,30,+","0",",,0,30,+","34.3",",,0,02,","30.0",",0,12,","120.6","0","91.6",",0","108.1",",,,0","0",",,,0","15.57",",0","22.50",",,,0","8.63",",,,0"
"USC00062658","1951-10","41.95","-73.36667","167.6","FALLS VILLAGE, CT US","243.4","0","5.1",",0","5",",0","4",",0","2",",0","0",",0","0",",0","0",",0","6",",0","0",",0","8",",0","0",",0","","","","","-3.3",",0,30,","0",",,0,31,+","0",",,0,31,+","48.5",",,0,08,","28.9",",0,05,","333.6","0","213.0",",0","89.5",",,,0","0",",,,0","11.62",",0","17.90",",,,0","5.35",",,,0"
"USC00062658","1951-11","41.95","-73.36667","167.6","FALLS VILLAGE, CT US","243.4","0","0.0",",0","12",",0","9",",0","0",",0","3",",0","2",",0","0",",0","22",",0","2",",0","0",",0","0",",0","","","","","-14.4",",0,28,","76",",,0,26,+","76",",,0,26,+","24.4",",,0,03,","18.3",",0,14,","808.9","0","475.3",",0","149.4",",,,0","152",",,,0","2.49",",0","8.51",",,,0","-3.53",",,,0"
"USC00062658","1951-12","41.95","-73.36667","167.6","FALLS VILLAGE, CT US","243.4","0","0.0",",0","10",",0","9",",0","0",",0","","","3",",0","4",",0","26",",0","10",",0","0",",0","0",",0","3","","","","-23.3",",0,28,+","","","152",",,0,15,","20.8",",,0,18,","16.7",",0,07,","1418.4","0","609.5",",0","102.6",",,,0","292",",,,0","-1.33",",0","4.39",",,,0","-7.05",",,,0"
"USC00062658","1952-01","41.95","-73.36667","167.6","FALLS VILLAGE, CT US","0.0","0","0.0",",0","15",",0","10",",0","0",",0","10","5,0","8",",0","2",",0","28",",0","8",",0","0",",0","0",",0","1","","","","-19.4",",0,30,","203","5,,0,11,","102",",,0,03,","19.1",",,0,27,","11.1",",0,23,","2048.5","0","630.1",",0","99.7",",,,0","419",",,,0","-1.99",",0","3.29",",,,0","-7.28",",,,0"
"USC00062658","1952-02","41.95","-73.36667","167.6","FALLS VILLAGE, CT US","0.0","0","0.0",",0","12",",0","6",",0","0",",0","","","3",",0","0",",0","27",",0","3",",0","0",",0","0",",0","","","","","-16.7",",0,24,","","","203",",,0,18,","20.3",",,0,18,","11.1",",0,02,","2637.8","0","589.3",",0","54.4",",,,0","394",",,,0","-1.99",",0","3.52",",,,0","-7.49",",,,0"
"USC00062658","1952-03","41.95","-73.36667","167.6","FALLS VILLAGE, CT US","0.0","0","0.0",",0","11",",0","6",",0","0",",0","","","4",",0","1",",0","28",",0","2",",0","0",",0","0",",0","","","1","","-17.8",",0,02,","","","102",",,0,20,","17.3",",,0,11,","17.2",",0,26,+","3186.9","0","549.1",",0","70.4",",,,0","203",",,,0","0.62",",0","6.03",",,,0","-4.79",",,,0"
"USC00062658","1952-04","41.95","-73.36667","167.6","FALLS VILLAGE, CT US","0.0","0","0.0",",0","11",",0","10",",0","3",",0","0",",0","0",",0","0",",0","8",",0","0",",0","10",",0","0",",0","","","1","","-5.6",",0,12,","0",",,0,30,+","0",",,0,30,+","36.3",",,0,06,","26.7",",0,22,","3437.2","0","250.3",",0","169.9",",,,0","0",",,,0","9.99",",0","16.94",",,,0","3.03",",,,0"
"USC00062658","1952-05","41.95","-73.36667","167.6","FALLS VILLAGE, CT US","0.0","0","0.0",",0","12",",0","7",",0","1",",0","0",",0","0",",0","0",",0","8",",0","0",",0","12",",0","0",",0","","","","","-3.3",",0,05,+","0",",,0,31,+","0",",,0,31,+","28.7",",,0,12,","26.7",",0,28,","3624.8","0","187.6",",0","93.0",",,,0","0",",,,0","12.28",",0","20.07",",,,0","4.49",",,,0"
"USC00062658","1952-06","41.95","-73.36667","167.6","FALLS VILLAGE, CT US","56.3","0","56.3",",0","12",",0","7",",0","2",",0","0",",0","0",",0","0",",0","0",",0","0",",0","29",",0","3",",0","","","6","","5.6",",0,14,","0",",,0,30,+","0",",,0,30,+","40.1",",,0,02,","36.7",",0,26,","3637.8","0","13.0",",0","124.0",",,,0","0",",,,0","19.77",",0","27.23",",,,0","12.31",",,,0"
"USC00062658","1952-07","41.95","-73.36667","167.6","FALLS VILLAGE, CT US","188.8","0","132.5",",0","8",",0","6",",0","1",",0","0",",0","0",",0","0",",0","0",",0","0",",0","31",",0","8",",0","","","2","","6.7",",0,02,","0",",,0,31,+","0",",,0,31,+","36.8",",,0,11,","34.4",",0,23,","0.6","0","0.6",",0","76.3",",,,0","0",",,,0","22.59",",0","30.41",",,,0","14.77",",,,0"
"USC00062658","1952-08","41.95","-73.36667","167.6","FALLS VILLAGE, CT US","272.3","0","83.5",",0","11",",0","9",",0","1",",0","0",",0","0",",0","0",",0","0",",0","0",",0","31",",0","1",",0","","","1","","3.3",",0,24,","0",",,0,31,+","0",",,0,31,+","57.7",",,0,06,","32.8",",0,27,","13.1","0","12.5",",0","132.9",",,,0","0",",,,0","20.62",",0","27.34",",,,0","13.91",",,,0"
"USC00062658","1952-09","41.95","-73.36667","167.6","FALLS VILLAGE, CT US","293.8","0","21.5",",0","8","2,0","6","2,0","1","2,0","0",",0","0",",0","0",",0","0",",0","0",",0","25",",0","0",",0","2","","3","","1.7",",0,28,","0",",,0,30,+","0",",,0,30,+","45.7","2,,0,02,","31.1",",0,11,","87.2","0","74.1",",0","118.7",",a,,0","0",",,,0","16.58",",0","23.93",",,,0","9.23",",,,0"
"USC00062658","1952-10","41.95","-73.36667","167.6","FALLS VILLAGE, CT US","293.8","0","0.0",",0","2",",0","2",",0","1",",0","0",",0","0",",0","0",",0","20",",0","0",",0","5",",0","0",",0","","","1","","-8.3",",0,26,","0",",,0,31,+","0",",T,0,29,+","30.0",",,0,03,","23.9",",0,06,","410.4","0","323.2",",0","34.6",",,,0","0",",T,,0","7.91",",0","15.73",",,,0","0.09",",,,0"
"USC00062658","1952-11","41.95","-73.36667","167.6","FALLS VILLAGE, CT US","293.8","0","0.0",",0","9",",0","4",",0","1",",0","0",",0","0",",0","0",",0","20",",0","0",",0","0",",0","0",",0","3","","","","-9.4",",0,29,+","0",",,0,30,+","0",",T,0,30,+","26.9",",,0,23,","19.4",",0,01,","825.8","0","415.4",",0","62.5",",,,0","0",",T,,0","4.49",",0","10.66",",,,0","-1.69",",,,0"
"USC00062658","1952-12","41.95","-73.36667","167.6","FALLS VILLAGE, CT US","293.8","0","0.0",",0","8",",0","3",",0","1",",0","2","1,0","2",",0","0",",0","28",",0","4",",0","0",",0","0",",0","","","","","-17.2",",0,28,","51","1,,0,03,","51",",,0,03,","50.8",",,0,12,","15.6",",0,11,","1409.5","0","583.7",",0","72.3",",,,0","89",",,,0","-0.50",",0","4.44",",,,0","-5.43",",,,0"
"USC00062658","1953-01","41.95","-73.36667","167.6","FALLS VILLAGE, CT US","0.0","0","0.0",",0","13",",0","9",",0","2",",0","","","6",",0","0",",0","30",",0","6",",0","0",",0","0",",0","2","","","","-13.3",",0,27,","","","114",",,0,22,","42.7",",,0,25,","12.2",",0,24,","2009.2","0","599.7",",0","159.0",",,,0","444",",,,0","-1.01",",0","4.21",",,,0","-6.23",",,,0"
"USC00062658","1953-02","41.95","-73.36667","167.6","FALLS VILLAGE, CT US","0.0","0","0.0",",0","12",",0","8",",0","0",",0","","","2",",0","0",",0","26",",0","3",",0","0",",0","0",",0","","","","","-15.6",",0,05,","","","102",",,0,12,","12.4",",,0,16,","18.3",",0,21,","2525.7","0","516.5",",0","58.6",",,,0","153",",,,0","-0.11",",0","5.84",",,,0","-6.07",",,,0"
"USC00062658","1953-03","41.95","-73.36667","167.6","FALLS VILLAGE, CT US","0.0","0","0.0",",0","15",",0","11",",0","3",",0","","","","","0",",0","20",",0","4",",0","0",",0","0",",0","","","","","-14.4",",0,11,","","","","","43.2",",,0,16,","20.0",",0,23,","2994.9","0","469.2",",0","203.5",",,,0","","","3.20",",0","8.41",",,,0","-2.01",",,,0"
"USC00062658","1953-04","41.95","-73.36667","167.6","FALLS VILLAGE, CT US","0.0","0","0.0",",0","12",",0","11",",0","1",",0","1",",0","1","1,0","0",",0","10",",0","0",",0","2",",0","0",",0","","","2","","-2.8",",0,22,+","25",",,0,14,","25","1,,0,20,","27.4",",,0,08,","23.9",",0,26,","3299.2","0","304.3",",0","136.1",",,,0","25","1,,,0","8.19",",0","14.10",",,,0","2.28",",,,0"
"USC00062658","1953-05","41.95","-73.36667","167.6","FALLS VILLAGE, CT US","9.4","0","9.4",",0","19",",0","16",",0","1",",0","0",",0","0",",0","0",",0","0",",0","0",",0","21",",0","0",",0","","","8","","0.6",",0,29,","0",",,0,31,+","0",",,0,31,+","30.7",",,0,01,","31.7",",0,11,","3404.5","0","105.3",",0","145.5",",,,0","0",",,,0","15.24",",0","22.22",",,,0","8.26",",,,0"
"USC00062658","1953-06","41.95","-73.36667","167.6","FALLS VILLAGE, CT US","79.7","0","70.3",",0","6",",0","4",",0","1",",0","0",",0","0",",0","0",",0","0",",0","0",",0","28",",0","5",",0","","","6","","0.6",",0,03,","0",",,0,30,+","0",",,0,30,+","62.2",",,0,29,","34.4",",0,26,+","3450.6","0","46.1",",0","100.8",",,,0","0",",,,0","19.14",",0","28.01",",,,0","10.27",",,,0"
"USC00062658","1953-07","41.95","-73.36667","167.6","FALLS VILLAGE, CT US","177.3","0","97.6",",0","9",",0","6",",0","0",",0","0",",0","0",",0","0",",0","0",",0","0",",0","31",",0","7",",0","","","5","","5.6",",0,25,","0",",,0,31,+","0",",,0,31,+","17.5",",,0,09,","36.1",",0,18,","9.1","0","9.1",",0","45.6",",,,0","0",",,,0","21.19",",0","29.30",",,,0","13.07",",,,0"
"USC00062658","1953-08","41.95","-73.36667","167.6","FALLS VILLAGE, CT US","244.3","0","67.0",",0","5",",0","3",",0","0",",0","0",",0","0",",0","0",",0","0",",0","0",",0","31",",0","6",",0","","","1","","3.3",",0,20,","0",",,0,31,+","0",",,0,31,+","17.5",",,0,10,","36.1",",0,30,","34.4","0","25.3",",0","32.5",",,,0","0",",,,0","19.68",",0","28.45",",,,0","10.90",",,,0"
"USC00062658","1953-09","41.95","-73.36667","167.6","FALLS VILLAGE, CT US","286.3","0","42.0",",0","7",",0","5",",0","1",",0","0",",0","0",",0","0",",0","2",",0","0",",0","22",",0","4",",0","","","2","","-2.8",",0,24,","0",",,0,30,+","0",",,0,30,+","89.2",",,0,13,","38.3",",0,02,","139.1","0","104.7",",0","118.0",",,,0","0",",,,0","16.24",",0","24.61",",,,0","7.87",",,,0"
"USC00062658","1953-10","41.95","-73.36667","167.6","FALLS VILLAGE, CT US","286.3","0","0.0",",0","7",",0","6",",0","1",",0","0",",0","0",",0","0",",0","15",",0","0",",0","11",",0","0",",0","","","","","-7.8",",0,14,","0",",,0,31,+","0",",,0,31,+","40.1",",,0,30,","26.7",",0,03,","393.5","0","254.4",",0","116.8",",,,0","0",",,,0","10.13",",0","18.83",",,,0","1.42",",,,0"
"USC00062658","1953-11","41.95","-73.36667","167.6","FALLS VILLAGE, CT US","286.3","0","0.0",",0","6",",0","5",",0","0",",0","1",",0","1",",0","0",",0","26",",0","1",",0","1",",0","0",",0","","","","","-8.9",",0,27,","102",",,0,07,","102",",,0,07,","23.6",",,0,23,","21.1",",0,20,","815.4","0","421.9",",0","62.5",",,,0","102",",,,0","4.27",",0","12.04",",,,0","-3.50",",,,0"
"USC00062658","1953-12","41.95","-73.36667","167.6","FALLS VILLAGE, CT US","286.3","0","0.0",",0","9",",0","9",",0","2",",0","1",",0","1",",0","0",",0","29",",0","3",",0","0",",0","0",",0","3","","","","-17.2",",0,18,","25",",,0,01,","25",",,0,01,","38.6",",,0,10,","17.2",",0,07,","1364.6","0","549.2",",0","127.9",",,,0","25",",,,0","0.62",",0","7.53",",,,0","-6.29",",,,0"
"USC00062658","1954-01","41.95","-73.36667","167.6","FALLS VILLAGE, CT US","0.0","0","0.0",",0","13",",0","12",",0","0",",0","14","5,0","9",",0","7",",0","30",",0","15",",0","0",",0","0",",0","2","","","","-29.4",",0,18,","305","5,,0,17,+","102",",,0,15,","11.2",",,0,06,","11.7",",0,21,+","2105.8","0","741.2",",0","67.7",",,,0","483",",,,0","-5.58",",0","0.94",",,,0","-12.09",",,,0"
"USC00062658","1954-02","41.95","-73.36667","167.6","FALLS VILLAGE, CT US","0.0","0","0.0",",0","9",",0","6",",0","0",",0","8","5,0","2",",0","3",",0","27",",0","4",",0","1",",0","0",",0","","","","","-22.2",",0,01,","76","5,,0,10,+","51",",,0,09,+","11.9",",,0,22,","22.2",",0,16,","2625.8","0","520.0",",0","56.6",",,,0","102",",,,0","-0.24",",0","6.90",",,,0","-7.38",",,,0"
"USC00062658","1954-03","41.95","-73.36667","167.6","FALLS VILLAGE, CT US","0.0","0","0.0",",0","6",",0","6",",0","2",",0","1",",0","1",",0","0",",0","27",",0","2",",0","0",",0","0",",0","","","1","","-11.1",",0,12,","25",",,0,15,","25",",,0,15,","26.2",",,0,04,","19.4",",0,29,","3140.0","0","514.2",",0","92.5",",,,0","25",",,,0","1.75",",0","8.19",",,,0","-4.70",",,,0"
"USC00062658","1954-04","41.95","-73.36667","167.6","FALLS VILLAGE, CT US","0.0","0","0.0","1,0","17",",0","9",",0","1",",0","1",",0","0",",0","0","1,0","12","1,0","0",",0","9",",0","0",",0","","","1","","-14.4","1,0,04,","25",",,0,01,","13",",,0,01,","25.9",",,0,18,","28.3",",0,22,+","3425.6","0","285.6",",0","102.3",",,,0","13",",,,0","8.56","1,0","16.96",",,,0","0.16","1,,,0"
"USC00062658","1954-05","41.95","-73.36667","167.6","FALLS VILLAGE, CT US","0.0","0","0.0","1,0","13",",0","8",",0","1",",0","0",",0","0",",0","0",",0","5",",0","0","1,0","15","1,0","0","1,0","","","3","","-3.9",",0,06,","0",",,0,31,+","0",",,0,31,+","30.5",",,0,22,","27.2","1,0,31,+","3611.0","0","185.4","1,0","102.3",",,,0","0",",,,0","12.22","1,0","20.35","1,,,0","4.10",",,,0"
"USC00062658","1954-06","41.95","-73.36667","167.6","FALLS VILLAGE, CT US","39.4","0","39.4",",0","9",",0","1",",0","0",",0","0",",0","0",",0","0",",0","0",",0","0",",0","29",",0","2",",0","","","3","","2.8",",0,17,","0",",,0,30,+","0",",,0,30,+","22.4",",,0,13,","33.3",",0,22,","3644.6","0","33.6",",0","32.2",",,,0","0",",,,0","18.53",",0","26.92",",,,0","10.14",",,,0"
"USC00062658","1954-07","41.95","-73.36667","167.6","FALLS VILLAGE, CT US","98.3","0","58.9",",0","12",",0","7",",0","1",",0","0",",0","0",",0","0",",0","0",",0","0",",0","31",",0","5",",0","","","6","","4.4",",0,17,","0",",,0,31,+","0",",,0,31,+","31.8",",,0,30,","35.6",",0,31,+","17.2","0","17.2",",0","101.8",",,,0","0",",,,0","19.68",",0","28.29",",,,0","11.07",",,,0"
"USC00062658","1954-08","41.95","-73.36667","167.6","FALLS VILLAGE, CT US","128.8","0","30.5",",0","13",",0","6",",0","1",",0","0",",0","0",",0","0",",0","0",",0","0",",0","30",",0","1",",0","","","4","","3.3",",0,18,","0",",,0,31,+","0",",,0,31,+","40.6",",,0,25,","34.4",",0,01,","51.1","0","33.9",",0","104.8",",,,0","0",",,,0","18.22",",0","26.12",",,,0","10.32",",,,0"
"USC00062658","1954-09","41.95","-73.36667","167.6","FALLS VILLAGE, CT US","134.3","0","5.5",",0","12",",0","10",",0","3",",0","0",",0","0",",0","0",",0","2",",0","0",",0","17",",0","0",",0","","","2","","-0.6",",0,24,+","0",",,0,30,+","0",",,0,30,+","72.1",",,0,12,","28.3",",0,07,+","169.5","0","118.4",",0","220.9",",,,0","0",",,,0","14.57",",0","21.62",",,,0","7.52",",,,0"
"USC00062658","1954-10","41.95","-73.36667","167.6","FALLS VILLAGE, CT US","142.9","0","8.6","1,0","9",",0","6",",0","0",",0","0",",0","0",",0","0",",0","13",",0","0","1,0","12","1,0","0","1,0","","","","","-6.7",",0,08,","0",",,0,31,+","0",",,0,31,+","16.3",",,0,16,","29.4","1,0,12,","385.7","0","216.2","1,0","53.6",",,,0","0",",,,0","11.35","1,0","19.36","1,,,0","3.34",",,,0"
"USC00062658","1954-11","41.95","-73.36667","167.6","FALLS VILLAGE, CT US","142.9","0","0.0",",0","12",",0","8",",0","3",",0","0",",0","0",",0","0",",0","24",",0","0",",0","0",",0","0",",0","","","","","-12.2",",0,11,","0",",,0,30,+","0",",T,0,21,","52.3",",,0,03,","18.3",",0,20,","845.2","0","459.5",",0","153.8",",,,0","0",",T,,0","3.02",",0","9.67",",,,0","-3.64",",,,0"
"USC00062658","1954-12","41.95","-73.36667","167.6","FALLS VILLAGE, CT US","142.9","0","0.0",",0","11",",0","6",",0","1",",0","","","2",",0","0",",0","31",",0","8",",0","0",",0","0",",0","","","","","-16.1",",0,23,","","","76",",,0,16,","29.2",",,0,15,","13.3",",0,29,","1487.9","0","642.7",",0","98.2",",,,0","127",",,,0","-2.40",",0","3.37",",,,0","-8.17",",,,0"
"USC00062658","1955-01","41.95","-73.36667","167.6","FALLS VILLAGE, CT US","0.0","0","0.0",",0","7",",0","3",",0","0",",0","1",",0","1",",0","5",",0","31",",0","16",",0","0",",0","0",",0","","","","","-21.7",",0,30,","51",",,0,22,","51",",,0,22,","5.8",",,0,02,","7.2",",0,02,","2246.9","0","759.0",",0","16.8",",,,0","64",",,,0","-6.15",",0","-0.39",",,,0","-11.92",",,,0"
"USC00062658","1955-02","41.95","-73.36667","167.6","FALLS VILLAGE, CT US","0.0","0","0.0",",0","12",",0","6",",0","1",",0","","","5",",0","4",",0","28",",0","6",",0","0",",0","0",",0","","","","","-26.1",",0,03,","","","76",",,0,12,","31.2",",,0,07,","12.8",",0,10,","2848.8","0","601.9",",0","83.4",",,,0","254",",,,0","-3.16",",0","3.53",",,,0","-9.86",",,,0"
"USC00062658","1955-03","41.95","-73.36667","167.6","FALLS VILLAGE, CT US","0.0","0","0.0",",0","17",",0","6",",0","0",",0","8",",0","8",",0","1",",0","29",",0","2",",0","0",",0","0",",0","1","","2","","-21.1",",0,08,","102",",,0,09,+","51",",,0,26,+","18.3",",,0,22,","18.9",",0,11,+","3402.1","0","553.3",",0","72.6",",,,0","369",",,,0","0.48",",0","7.22",",,,0","-6.25",",,,0"
"USC00062658","1955-04","41.95","-73.36667","167.6","FALLS VILLAGE, CT US","0.0","0","0.0",",0","13",",0","9",",0","2",",0","1","2,0","1",",0","0",",0","15",",0","0",",0","7",",0","0",",0","2","","","","-6.7",",0,09,","203","2,,0,04,","203",",,0,04,","40.9",",,0,04,","25.0",",0,11,","3693.5","0","291.4",",0","143.1",",,,0","203",",,,0","8.62",",0","16.54",",,,0","0.70",",,,0"
"USC00062658","1955-05","41.95","-73.36667","167.6","FALLS VILLAGE, CT US","13.0","0","13.0",",0","8",",0","5",",0","0",",0","0",",0","0",",0","0",",0","10",",0","0",",0","28",",0","0",",0","","","6","","-4.4",",0,10,","0",",,0,31,+","0",",,0,31,+","15.2",",,0,26,","30.6",",0,29,+","3815.3","0","121.8",",0","44.9",",,,0","0",",,,0","14.82",",0","24.69",",,,0","4.95",",,,0"
"USC00062658","1955-06","41.95","-73.36667","167.6","FALLS VILLAGE, CT US","33.6","0","20.6",",0","13",",0","8",",0","0",",0","0",",0","0",",0","0",",0","0",",0","0",",0","25",",0","0",",0","","","2","","4.4",",0,10,","0",",,0,30,+","0",",,0,30,+","14.2",",,0,20,","31.1",",0,29,+","3872.4","0","57.1",",0","55.1",",,,0","0",",,,0","17.12",",0","25.48",",,,0","8.76",",,,0"
"USC00062658","1955-07","41.95","-73.36667","167.6","FALLS VILLAGE, CT US","176.1","0","142.5",",0","10",",0","6",",0","0",",0","0",",0","0",",0","0",",0","0",",0","0",",0","31",",0","17",",0","","","4","","5.0",",0,30,","0",",,0,31,+","0",",,0,31,+","15.2",",,0,10,","36.1",",0,05,","2.0","0","2.0",",0","46.9",",,,0","0",",,,0","22.87",",0","32.08",",,,0","13.65",",,,0"
"USC00062658","1955-08","41.95","-73.36667","167.6","FALLS VILLAGE, CT US","317.7","0","141.6",",0","13",",0","10",",0","3",",0","0",",0","0",",0","0",",0","0",",0","0",",0","31",",0","9",",0","","","12","","7.2",",0,29,","0",",,0,31,+","0",",,0,31,+","241.3",",,0,19,","37.8",",0,05,","6.2","0","4.2",",0","455.0",",,,0","0",",,,0","22.76",",0","29.69",",,,0","15.84",",,,0"
"USC00062658","1955-09","41.95","-73.36667","167.6","FALLS VILLAGE, CT US","337.2","0","19.5",",0","8",",0","5",",0","0",",0","0",",0","0",",0","0",",0","0",",0","0",",0","19",",0","0",",0","","","2","","0.6",",0,23,","0",",,0,30,+","0",",,0,30,+","22.6",",,0,28,","30.0",",0,04,","94.5","0","88.3",",0","75.6",",,,0","0",",,,0","16.04",",0","22.61",",,,0","9.47",",,,0"
"USC00062658","1955-10","41.95","-73.36667","167.6","FALLS VILLAGE, CT US","337.2","0","0.0","1,0","14",",0","12",",0","4",",0","0",",0","0",",0","0",",0","5",",0","0","1,0","9","1,0","0","1,0","","","2","","-5.0",",0,23,","0",",,0,31,+","0",",T,0,25,","63.0",",,0,31,","26.1","1,0,11,","295.9","0","201.4","1,0","267.2",",,,0","0",",T,,0","11.57","1,0","18.02","1,,,0","5.12",",,,0"
"USC00062658","1955-11","41.95","-73.36667","167.6","FALLS VILLAGE, CT US","337.2","0","0.0",",0","10",",0","9",",0","2",",0","2","2,0","2",",0","0",",0","17",",0","1",",0","0",",0","0",",0","","","1","","-8.9",",0,29,","102","2,,0,20,","102",",,0,20,","42.7",",,0,05,","17.2",",0,02,","735.8","0","439.9",",0","145.3",",,,0","153",",,,0","3.67",",0","8.22",",,,0","-0.89",",,,0"
"USC00062658","1955-12","41.95","-73.36667","167.6","FALLS VILLAGE, CT US","337.2","0","0.0",",0","10",",0","6",",0","0",",0","3","5,0","6",",0","4",",0","30",",0","16",",0","0",",0","0",",0","","","","","-23.9",",0,21,","102","5,,0,23,","102",",,0,23,","7.6",",,0,22,","6.1",",0,25,","1477.7","0","741.9",",0","35.7",",,,0","330",",,,0","-5.60",",0","-0.63",",,,0","-10.57",",,,0"
"USC00062658","1956-01","41.95","-73.36667","167.6","FALLS VILLAGE, CT US","0.0","0","0.0","1,0","14","1,0","5","1,0","0","1,0","","","5","1,0","1","1,0","27","1,0","15","1,0","0","1,0","0","1,0","","","","","-22.2","1,0,02,","","","127","1,,0,23,","19.1","1,,0,09,","8.3","1,0,09,","2129.9","0","652.2","1,0","56.0","1,,,0","330","1,,,0","-3.41","1,0","0.40","1,,,0","-7.22","1,,,0"
"USC00062658","1956-02","41.95","-73.36667","167.6","FALLS VILLAGE, CT US","0.0","0","0.0",",0","14","1,0","10","1,0","0","1,0","10","3,0","6",",0","0",",0","27",",0","6",",0","0",",0","0",",0","","","","","-16.7",",0,04,","102","3,,0,28,","102",",,0,28,+","13.7","1,,0,07,","12.2",",0,25,","2706.5","0","576.6",",0","84.0","1,,,0","420",",,,0","-1.55",",0","3.32",",,,0","-6.41",",,,0"
"USC00062658","1956-03","41.95","-73.36667","167.6","FALLS VILLAGE, CT US","0.0","0","0.0","1,0","17",",0","11",",0","0",",0","22","1,0","10",",0","2",",0","29",",0","2","1,0","0","1,0","0","1,0","","","1","","-22.2",",0,18,","483","1,,0,20,","254",",,0,17,","16.8",",,0,07,","9.4","1,0,22,+","3287.7","0","581.2","1,0","107.0",",,,0","1042",",,,0","-1.10","1,0","4.60","1,,,0","-6.81",",,,0"
"USC00062658","1956-04","41.95","-73.36667","167.6","FALLS VILLAGE, CT US","0.0","0","0.0",",0","17",",0","10",",0","1",",0","4",",0","1","2,0","0",",0","19",",0","0",",0","1",",0","0",",0","1","","3","","-8.9",",0,02,","152",",,0,08,","152","2,,0,08,","35.1",",,0,30,","27.8",",0,28,","3674.8","0","387.1",",0","142.3",",,,0","152","2,,,0","5.43",",0","11.93",",,,0","-1.07",",,,0"
"USC00062658","1956-05","41.95","-73.36667","167.6","FALLS VILLAGE, CT US","12.8","0","12.8",",0","12",",0","5",",0","0",",0","0",",0","0",",0","0",",0","11",",0","0",",0","11",",0","0",",0","","","1","","-5.0",",0,09,","0",",,0,31,+","0",",,0,31,+","9.1",",,0,03,","31.1",",0,31,","3877.7","0","202.9",",0","27.0",",,,0","0",",,,0","12.20",",0","20.13",",,,0","4.27",",,,0"
"USC00062658","1956-06","41.95","-73.36667","167.6","FALLS VILLAGE, CT US","76.9","0","64.1",",0","9",",0","7",",0","0",",0","0",",0","0",",0","0",",0","0",",0","0",",0","29",",0","4",",0","","","1","","2.8",",0,19,","0",",,0,30,+","0",",,0,30,+","21.8",",,0,03,","34.4",",0,14,","3897.5","0","19.8",",0","57.2",",,,0","0",",,,0","19.81",",0","27.85",",,,0","11.78",",,,0"
"USC00062658","1956-07","41.95","-73.36667","167.6","FALLS VILLAGE, CT US","157.8","0","80.9",",0","10",",0","9",",0","1",",0","0",",0","0",",0","0",",0","0",",0","0",",0","30",",0","1",",0","4","","2","","6.1",",0,31,+","0",",,0,31,+","0",",,0,31,+","30.7",",,0,06,","32.2",",0,01,","15.6","0","15.6",",0","99.8",",,,0","0",",,,0","20.44",",0","27.41",",,,0","13.47",",,,0"
"USC00062658","1956-08","41.95","-73.36667","167.6","FALLS VILLAGE, CT US","227.7","0","69.9",",0","7",",0","5",",0","0",",0","0",",0","0",",0","0",",0","0",",0","0",",0","31",",0","2",",0","","","1","","4.4",",0,03,","0",",,0,31,+","0",",,0,31,+","7.9",",,0,31,+","33.3",",0,18,","27.3","0","11.7",",0","33.7",",,,0","0",",,,0","20.21",",0","27.75",",,,0","12.67",",,,0"
"USC00062658","1956-09","41.95","-73.36667","167.6","FALLS VILLAGE, CT US","247.7","0","20.0","1,0","15",",0","11",",0","1",",0","0",",0","0",",0","0",",0","2",",0","0","1,0","13","1,0","0","1,0","2","","5","","-1.7",",0,21,","0",",,0,30,+","0",",,0,30,+","30.2",",,0,24,","30.6","1,0,05,","158.3","0","131.0","1,0","125.0",",,,0","0",",,,0","14.72","1,0","20.78","1,,,0","8.66",",,,0"
"USC00062658","1956-10","41.95","-73.36667","167.6","FALLS VILLAGE, CT US","247.7","0","0.0",",0","5",",0","4",",0","0",",0","0",",0","0",",0","0",",0","11",",0","0",",0","4",",0","0",",0","","","","","-5.6",",0,12,","0",",,0,31,+","0",",,0,31,+","18.5",",,0,07,","27.8",",0,16,+","401.0","0","242.7",",0","48.6",",,,0","0",",,,0","10.50",",0","18.23",",,,0","2.78",",,,0"
"USC00062658","1956-11","41.95","-73.36667","167.6","FALLS VILLAGE, CT US","248.2","0","0.5",",0","11",",0","5",",0","1",",0","1",",0","1",",0","0",",0","19",",0","2",",0","2",",0","0",",0","","","","","-12.8",",0,25,","51",",,0,18,","51",",,0,18,","39.9",",,0,01,","23.3",",0,01,","808.9","0","407.9",",0","111.0",",,,0","51",",,,0","4.76",",0","11.22",",,,0","-1.71",",,,0"
"USC00062658","1956-12","41.95","-73.36667","167.6","FALLS VILLAGE, CT US","248.2","0","0.0",",0","15",",0","8",",0","1",",0","","","3",",0","0",",0","24",",0","1",",0","0",",0","0",",0","5","","","","-15.6",",0,31,","","","152",",,0,09,","29.0",",,0,15,","15.6",",0,06,","1363.6","0","554.7",",0","108.7",",,,0","305",",,,0","0.44",",0","5.34",",,,0","-4.46",",,,0"
"USC00062658","1957-01","41.95","-73.36667","167.6","FALLS VILLAGE, CT US","0.0","0","0.0","4,0","10","3,0","3","3,0","0","3,0","","","6","3,0","7","3,0","27","3,0","17","4,0","0","4,0","0","4,0","2","","","","-31.1","3,0,18,","","","76","3,,0,16,+","14.5","3,,0,23,","15.6","4,0,23,","2062.2","0","698.6","4,0","35.1","3,,,0","330","3,,,0","-7.51","4,0","-0.89","4,,,0","-14.13","3,,,0"
"USC00062658","1957-02","41.95","-73.36667","167.6","FALLS VILLAGE, CT US","","","","","4","5,0","2","5,0","0","5,0","","","2","5,0","","","","","","","","","","","","","","","","","","","38","5,,0,17,","10.7","5,,0,27,","","","","","","","23.5","5,,,0","63","5,,,0","","","","","",""
"USC00062658","1957-03","41.95","-73.36667","167.6","FALLS VILLAGE, CT US","","","0.0",",0","8",",0","5",",0","0",",0","","","2",",0","0",",0","25",",0","1",",0","1",",0","0",",0","1","","","","-11.7",",0,05,","","","51",",,0,21,+","10.4",",,0,16,","22.2",",0,14,","","","494.2",",0","32.7",",,,0","115",",,,0","2.39",",0","8.31",",,,0","-3.53",",,,0"
"USC00062658","1957-04","41.95","-73.36667","167.6","FALLS VILLAGE, CT US","","","5.8",",0","9","1,0","8","1,0","0","1,0","","","2",",0","0",",0","13",",0","0",",0","12",",0","0",",0","","","","","-7.8",",0,15,","","","102",",,0,05,","23.9","1,,0,09,","29.4",",0,27,","","","267.5",",0","101.4","1,,,0","178",",,,0","9.61",",0","16.33",",,,0","2.89",",,,0"
"USC00062658","1957-05","41.95","-73.36667","167.6","FALLS VILLAGE, CT US","","","15.3",",0","11",",0","6",",0","0",",0","0",",0","0",",0","0",",0","5",",0","0",",0","21",",0","0",",0","","","2","","-1.1",",0,17,+","0",",,0,31,+","0",",,0,31,+","21.6",",,0,21,","31.1",",0,09,","","","131.7",",0","66.9",",,,0","0",",,,0","14.58",",0","23.10",",,,0","6.05",",,,0"
"USC00062658","1957-06","41.95","-73.36667","167.6","FALLS VILLAGE, CT US","","","105.0",",0","7",",0","4",",0","0",",0","0",",0","0",",0","0",",0","0",",0","0",",0","29",",0","9",",0","","","1","","1.7",",0,10,","0",",,0,30,+","0",",,0,30,+","16.0",",,0,28,","35.6",",0,18,","","","25.3",",0","41.4",",,,0","0",",,,0","20.99",",0","28.89",",,,0","13.09",",,,0"
"USC00062658","1957-07","41.95","-73.36667","167.6","FALLS VILLAGE, CT US","","","99.3","1,0","9",",0","7",",0","0",",0","0",",0","0",",0","0",",0","0",",0","0","1,0","30","1,0","7","1,0","","","5","","5.0",",0,03,","0",",,0,31,+","0",",,0,31,+","21.1",",,0,30,","36.1","1,0,21,","8.2","0","8.2","1,0","58.7",",,,0","0",",,,0","21.37","1,0","29.49","1,,,0","13.25",",,,0"
"USC00062658","1957-08","41.95","-73.36667","167.6","FALLS VILLAGE, CT US","","","50.1",",0","8",",0","6",",0","1",",0","0","2,0","0",",0","0",",0","0",",0","0",",0","31",",0","1",",0","","","4","","4.4",",0,28,","0","2,,0,31,+","0",",,0,31,+","26.4",",,0,22,","33.9",",0,03,","37.1","0","28.9",",0","75.2",",,,0","0",",,,0","19.02",",0","26.94",",,,0","11.09",",,,0"
"USC00062658","1957-09","41.95","-73.36667","167.6","FALLS VILLAGE, CT US","","","41.7",",0","9",",0","3",",0","1",",0","0",",0","0",",0","0",",0","4",",0","0",",0","24",",0","0",",0","","","3","","-3.9",",0,29,","0",",,0,30,+","0",",,0,30,+","26.7",",,0,17,","31.1",",0,16,+","120.8","0","83.7",",0","48.3",",,,0","0",",,,0","16.93",",0","24.11",",,,0","9.76",",,,0"
"USC00062658","1957-10","41.95","-73.36667","167.6","FALLS VILLAGE, CT US","","","0.0",",0","9",",0","3",",0","0",",0","0",",0","0",",0","0",",0","13",",0","0",",0","5",",0","0",",0","1","","","","-5.0",",0,12,","0",",,0,31,+","0",",T,0,28,","19.3",",,0,25,","23.9",",0,16,","390.8","0","270.0",",0","49.3",",,,0","0",",T,,0","9.62",",0","16.63",",,,0","2.62",",,,0"
"USC00062658","1957-11","41.95","-73.36667","167.6","FALLS VILLAGE, CT US","","","0.0",",0","9",",0","7",",0","1",",0","0",",0","0",",0","0",",0","18",",0","0",",0","0",",0","0",",0","","","1","","-12.2",",0,27,","0",",T,0,10,","0",",T,0,10,","29.0",",,0,09,","19.4",",0,19,","766.8","0","376.0",",0","96.5",",,,0","0",",T,,0","5.80",",0","11.60",",,,0","0.00",",,,0"
"USC00062658","1957-12","41.95","-73.36667","167.6","FALLS VILLAGE, CT US","","","0.0",",0","16",",0","9",",0","2",",0","2","3,0","1",",0","0",",0","24",",0","3",",0","0",",0","0",",0","","","","","-16.7",",0,13,","127","3,,0,12,","127",",,0,12,","60.5",",,0,21,","16.1",",0,21,","1297.3","0","530.5",",0","186.7",",,,0","140",",,,0","1.22",",0","6.09",",,,0","-3.65",",,,0"
"USC00062658","1958-01","41.95","-73.36667","167.6","FALLS VILLAGE, CT US","0.0","0","0.0",",0","13",",0","10",",0","0",",0","","","6",",0","5",",0","28",",0","11",",0","0",",0","0",",0","1","","","","-22.8",",0,10,","","","152",",,0,08,","22.4",",,0,26,","6.1",",0,01,","1988.5","0","691.2",",0","117.3",",,,0","405",",,,0","-3.96",",0","0.91",",,,0","-8.83",",,,0"
"USC00062658","1958-02","41.95","-73.36667","167.6","FALLS VILLAGE, CT US","0.0","0","0.0",",0","4",",0","4",",0","0",",0","","","3",",0","5",",0","26",",0","16",",0","0",",0","0",",0","","","","","-25.0",",0,18,","","","152",",,0,17,+","13.0",",,0,16,","10.0",",0,26,","2665.2","0","676.7",",0","43.5",",,,0","406",",,,0","-5.84",",0","-0.73",",,,0","-10.94",",,,0"
"USC00062658","1958-03","41.95","-73.36667","167.6","FALLS VILLAGE, CT US","0.0","0","0.0",",0","10","1,0","7","1,0","0","1,0","","","6",",0","0",",0","27",",0","0",",0","0",",0","0",",0","","","","","-8.3",",0,09,","","","127",",,0,21,+","20.1","1,,0,15,","13.3",",0,30,","3164.4","0","499.2",",0","71.7","1,,,0","445",",,,0","2.23",",0","6.55",",,,0","-2.10",",,,0"
"USC00062658","1958-04","41.95","-73.36667","167.6","FALLS VILLAGE, CT US","0.0","0","0.0",",0","13",",0","10",",0","2",",0","","","","","0",",0","11",",0","0",",0","8",",0","0",",0","","","1","","-5.6",",0,05,","","","","","31.2",",,0,07,","27.2",",0,21,","3442.5","0","278.1",",0","143.8",",,,0","","","9.06",",0","16.04",",,,0","2.09",",,,0"
"USC00062658","1958-05","41.95","-73.36667","167.6","FALLS VILLAGE, CT US","1.1","0","1.1",",0","14",",0","11",",0","0",",0","0",",0","0",",0","0",",0","4",",0","0",",0","15",",0","0",",0","","","2","","-1.1",",0,14,","0",",,0,31,+","0",",,0,31,+","21.8",",,0,26,","28.3",",0,31,+","3619.3","0","176.8",",0","94.9",",,,0","0",",,,0","12.67",",0","19.69",",,,0","5.65",",,,0"
"USC00062658","1958-06","41.95","-73.36667","167.6","FALLS VILLAGE, CT US","19.5","0","18.4",",0","8","1,0","6","1,0","0","1,0","0",",0","0",",0","0",",0","0",",0","0",",0","24",",0","0",",0","","","2","","1.1",",0,18,+","0",",,0,30,+","0",",,0,30,+","9.1","1,,0,12,","30.0",",0,30,","3685.1","0","65.8",",0","35.4","1,,,0","0",",,,0","16.76",",0","24.06",",,,0","9.45",",,,0"
"USC00062658","1958-07","41.95","-73.36667","167.6","FALLS VILLAGE, CT US","137.6","0","118.1",",0","16",",0","8",",0","2",",0","0",",0","0",",0","0",",0","0",",0","0",",0","31",",0","3",",0","3","","6","","8.3",",0,21,","0",",,0,31,+","0",",,0,31,+","112.0",",,0,27,","33.3",",0,02,","2.7","0","2.7",",0","199.7",",,,0","0",",,,0","22.05",",0","28.06",",,,0","16.05",",,,0"
"USC00062658","1958-08","41.95","-73.36667","167.6","FALLS VILLAGE, CT US","219.9","0","82.3",",0","10",",0","7",",0","1",",0","0",",0","0",",0","0",",0","0",",0","0",",0","31",",0","0",",0","4","","6","","8.3",",0,20,","0",",,0,31,+","0",",,0,31,+","31.0",",,0,22,","31.1",",0,31,+","8.3","0","5.6",",0","104.4",",,,0","0",",,,0","20.81",",0","27.62",",,,0","14.00",",,,0"
"USC00062658","1958-09","41.95","-73.36667","167.6","FALLS VILLAGE, CT US","242.4","0","22.5",",0","6","2,0","6","2,0","2","2,0","0",",0","0",",0","0",",0","0",",0","0",",0","20",",0","0",",0","3","","1","","1.1",",0,29,","0",",,0,30,+","0",",,0,30,+","47.2","2,,0,18,","30.6",",0,16,","90.1","0","81.8",",0","150.3",",a,,0","0",",,,0","16.36",",0","22.78",",,,0","9.93",",,,0"
"USC00062658","1958-10","41.95","-73.36667","167.6","FALLS VILLAGE, CT US","242.4","0","0.0","2,0","11",",0","8",",0","2",",0","0",",0","0",",0","0","1,0","8","1,0","0","1,0","6","1,0","0","1,0","","","","","-3.9","1,0,19,+","0",",,0,31,+","13",",,0,26,","38.6",",,0,26,","27.2","1,0,10,","346.9","0","256.8","1,0","129.9",",,,0","13",",,,0","9.43","2,0","15.59","1,,,0","3.27","1,,,0"
"USC00062658","1958-11","41.95","-73.36667","167.6","FALLS VILLAGE, CT US","242.4","0","0.0","1,0","12",",0","6",",0","2",",0","","","","","0",",0","18",",0","1","1,0","0","1,0","0","1,0","","","","","-11.1",",0,30,","","","","","38.4",",,0,29,","16.7","1,0,06,+","738.9","0","392.0","1,0","93.1",",,,0","","","4.93","1,0","10.29","1,,,0","-0.43",",,,0"
"USC00062658","1958-12","41.95","-73.36667","167.6","FALLS VILLAGE, CT US","242.4","0","0.0",",0","3","2,0","3","2,0","0","2,0","","","","","6",",0","31",",0","19",",0","0",",0","0",",0","","","","","-21.1",",0,11,","","","","","7.6","2,,0,06,","9.4",",0,06,","1488.8","0","749.9",",0","12.6","2,,,0","","","-5.86",",0","0.22",",,,0","-11.93",",,,0"
"USC00062658","1959-01","41.95","-73.36667","167.6","FALLS VILLAGE, CT US","0.0","0","0.0",",0","10","2,0","6","2,0","1","2,0","","","","","5",",0","28",",0","15",",0","0",",0","0",",0","","","","","-21.1",",0,05,","","","","","28.4","2,,0,21,","15.6",",0,22,","2194.4","0","705.6",",0","80.5",",a,,0","","","-4.43",",0","1.13",",,,0","-9.99",",,,0"
"USC00062658","1959-02","41.95","-73.36667","167.6","FALLS VILLAGE, CT US","0.0","0","0.0",",0","8",",0","5",",0","1",",0","","","","","4",",0","28",",0","9",",0","0",",0","0",",0","","","","","-19.4",",0,25,+","","","","","29.0",",,0,10,","7.8",",0,28,","2827.8","0","633.4",",0","70.5",",,,0","","","-4.29",",0","1.69",",,,0","-10.26",",,,0"
"USC00062658","1959-03","41.95","-73.36667","167.6","FALLS VILLAGE, CT US","0.0","0","0.0",",0","14",",0","11",",0","0",",0","","","","","0",",0","27",",0","2",",0","0",",0","0",",0","","","","","-13.3",",0,29,+","","","","","13.2",",,0,04,","19.4",",0,20,","3360.5","0","532.7",",0","84.5",",,,0","","","1.15",",0","7.38",",,,0","-5.08",",,,0"
"USC00062658","1959-04","41.95","-73.36667","167.6","FALLS VILLAGE, CT US","0.0","0","0.0",",0","16",",0","10",",0","0",",0","0",",0","0",",0","0",",0","12",",0","0",",0","8",",0","0",",0","1","","","","-6.7",",0,14,","0",",,0,30,+","0",",,0,30,+","21.6",",,0,03,","25.0",",0,16,","3645.7","0","285.2",",0","90.2",",,,0","0",",,,0","8.83",",0","16.60",",,,0","1.05",",,,0"
"USC00062658","1959-05","41.95","-73.36667","167.6","FALLS VILLAGE, CT US","41.7","0","41.7","1,0","11",",0","4",",0","0",",0","0",",0","0",",0","0",",0","4",",0","0","1,0","23","1,0","2","1,0","","","3","","-1.1",",0,09,+","0",",,0,31,+","0",",,0,31,+","10.4",",,0,14,","32.2","1,0,29,+","3747.7","0","102.0","1,0","37.3",",,,0","0",",,,0","16.23","1,0","24.80","1,,,0","7.67",",,,0"
"USC00062658","1959-06","41.95","-73.36667","167.6","FALLS VILLAGE, CT US","103.9","0","62.2",",0","14",",0","11",",0","2",",0","0",",0","0",",0","0",",0","0",",0","0",",0","23",",0","4",",0","","","2","","6.7",",0,20,","0",",,0,30,+","0",",,0,30,+","46.0",",,0,03,","34.4",",0,29,","3784.7","0","37.0",",0","136.5",",,,0","0",",,,0","19.17",",0","25.72",",,,0","12.62",",,,0"
"USC00062658","1959-07","41.95","-73.36667","167.6","FALLS VILLAGE, CT US","230.2","0","126.3",",0","8",",0","6",",0","2",",0","0",",0","0",",0","0",",0","0",",0","0",",0","31",",0","2",",0","3","","4","","7.8",",0,08,+","0",",,0,31,+","0",",,0,31,+","64.3",",,0,21,","33.9",",0,29,","1.1","0","1.1",",0","153.8",",,,0","0",",,,0","22.37",",0","29.04",",,,0","15.71",",,,0"
"USC00062658","1959-08","41.95","-73.36667","167.6","FALLS VILLAGE, CT US","363.3","0","133.1",",0","10",",0","6",",0","0",",0","0",",0","0",",0","0",",0","0",",0","0",",0","30",",0","11",",0","9","","2","","6.1",",0,03,","0",",,0,31,+","0",",,0,31,+","23.9",",,0,05,","33.9",",0,17,+","6.9","0","5.8",",0","76.9",",,,0","0",",,,0","22.44",",0","29.23",",,,0","15.65",",,,0"
"USC00062658","1959-09","41.95","-73.36667","167.6","FALLS VILLAGE, CT US","435.8","0","72.5",",0","6",",0","5",",0","1",",0","0",",0","0",",0","0",",0","3",",0","0",",0","25",",0","1",",0","17","","4","","0.0",",0,19,+","0",",,0,30,+","0",",,0,30,+","46.0",",,0,04,","32.8",",0,09,","83.0","0","76.1",",0","79.1",",,,0","0",",,,0","18.22",",0","25.75",",,,0","10.68",",,,0"
"USC00062658","1959-10","41.95","-73.36667","167.6","FALLS VILLAGE, CT US","447.5","0","11.7",",0","16",",0","8",",0","2",",0","0",",0","0",",0","0",",0","8",",0","0",",0","9",",0","0",",0","4","","","","-6.7",",0,21,","0",",,0,31,+","0",",,0,31,+","47.2",",,0,25,","29.4",",0,06,","303.4","0","220.4",",0","185.0",",,,0","0",",,,0","11.60",",0","17.75",",,,0","5.45",",,,0"
"USC00062658","1959-11","41.95","-73.36667","167.6","FALLS VILLAGE, CT US","447.5","0","0.0",",0","14",",0","8",",0","2",",0","2",",0","1",",0","0",",0","18",",0","1",",0","1",",0","0",",0","2","","1","","-11.1",",0,30,+","51",",,0,29,","51",",,0,29,","33.0",",,0,25,","21.1",",0,06,","724.4","0","421.0",",0","155.1",",,,0","51",",,,0","4.30",",0","10.10",",,,0","-1.50",",,,0"
"USC00062658","1959-12","41.95","-73.36667","167.6","FALLS VILLAGE, CT US","447.5","0","0.0","1,0","12",",0","8",",0","0",",0","12",",","","","2",",0","30",",0","8","1,0","0","1,0","0","1,0","6","","","","-22.2",",0,24,","203",",,0,24,+","","","23.9",",,0,29,","13.9","1,0,13,","1304.0","0","579.6","1,0","98.3",",,,0","","","-0.98","1,0","4.02","1,,,0","-5.98",",,,0"
"USC00062658","1960-01","41.95","-73.36667","167.6","FALLS VILLAGE, CT US","0.0","0","0.0",",0","11",",0","8",",0","1",",0","","","","","2",",0","30",",0","7",",0","0",",0","0",",0","","","","","-19.4",",0,02,","","","","","27.9",",,0,03,","11.7",",0,03,","1987.6","0","683.6",",0","76.3",",,,0","","","-3.72",",0","1.90",",,,0","-9.34",",,,0"
"USC00062658","1960-02","41.95","-73.36667","167.6","FALLS VILLAGE, CT US","0.0","0","0.0",",0","10",",0","8",",0","1",",0","","","","","0",",0","27",",0","4",",0","0",",0","0",",0","1","","","","-12.2",",0,15,+","","","","","28.2",",,0,19,","16.1",",0,11,","2541.7","0","554.1",",0","95.3",",,,0","","","-0.77",",0","4.10",",,,0","-5.65",",,,0"
"USC00062658","1960-03","41.95","-73.36667","167.6","FALLS VILLAGE, CT US","0.0","0","0.0",",0","10",",0","4",",0","1",",0","22",",","","","2",",0","28",",0","10",",0","0",",0","0",",0","2","","","","-18.3",",0,12,","305",",,0,12,+","","","26.2",",,0,31,","16.7",",0,31,","3190.8","0","649.1",",0","58.0",",,,0","","","-2.60",",0","3.19",",,,0","-8.40",",,,0"
"USC00062658","1960-04","41.95","-73.36667","167.6","FALLS VILLAGE, CT US","0.0","0","0.0",",0","17",",0","13",",0","2",",0","","","","","0",",0","8",",0","0",",0","12",",0","0",",0","2","","1","","-5.0",",0,20,+","","","","","29.7",",,0,05,","26.7",",0,14,","3440.6","0","249.8",",0","123.2",",,,0","","","10.01",",0","17.16",",,,0","2.85",",,,0"
"USC00062658","1960-05","41.95","-73.36667","167.6","FALLS VILLAGE, CT US","4.8","0","4.8",",0","13","3,0","9","3,0","0","3,0","0",",0","0",",0","0",",0","1",",0","0",",0","23",",0","0",",0","5","","1","","-1.7",",0,03,","0",",,0,31,+","0",",,0,31,+","13.7","3,,0,02,","27.8",",0,27,","3533.5","0","92.9",",0","68.6",",a,,0","0",",,,0","15.49",",0","23.04",",,,0","7.94",",,,0"
"USC00062658","1960-06","41.95","-73.36667","167.6","FALLS VILLAGE, CT US","43.6","0","38.8",",0","13",",0","11",",0","3",",0","0",",0","0",",0","0",",0","0",",0","0",",0","29",",0","1",",0","14","","6","","3.9",",0,08,","0",",,0,30,+","0",",,0,30,+","39.6",",,0,05,","32.8",",0,27,","3562.8","0","29.3",",0","163.2",",,,0","0",",,,0","18.65",",0","26.16",",,,0","11.13",",,,0"
"USC00062658","1960-07","41.95","-73.36667","167.6","FALLS VILLAGE, CT US","114.7","0","71.1",",0","12",",0","8",",0","2",",0","0",",0","0",",0","0",",0","0",",0","0",",0","31",",0","1",",0","9","","4","","6.1",",0,25,+","0",",,0,31,+","0",",,0,31,+","48.0",",,0,31,","32.2",",0,13,","11.4","0","11.4",",0","137.2",",,,0","0",",,,0","20.26",",0","27.70",",,,0","12.81",",,,0"
"USC00062658","1960-08","41.95","-73.36667","167.6","FALLS VILLAGE, CT US","201.5","0","86.8",",0","12",",0","7",",0","2",",0","0",",0","0",",0","0",",0","0",",0","0",",0","31",",0","0",",0","12","","","","6.1",",0,25,","0",",,0,31,+","0",",,0,31,+","33.0",",,0,16,","31.7",",0,29,","17.2","0","5.8",",0","127.2",",,,0","0",",,,0","20.95",",0","27.78",",,,0","14.11",",,,0"
"USC00062658","1960-09","41.95","-73.36667","167.6","FALLS VILLAGE, CT US","218.7","0","17.2",",0","10",",0","5",",0","3",",0","0",",0","0",",0","0",",0","0",",0","0",",0","20",",0","0",",0","22","","","","3.9",",0,15,","0",",,0,30,+","0",",,0,30,+","73.2",",,0,13,","30.6",",0,01,","86.9","0","69.7",",0","196.9",",,,0","0",",,,0","16.58",",0","23.09",",,,0","10.07",",,,0"
"USC00062658","1960-10","41.95","-73.36667","167.6","FALLS VILLAGE, CT US","218.7","0","0.0",",0","9",",0","7",",0","1",",0","0",",0","1",",0","0",",0","13",",0","0",",0","6",",0","0",",0","14","","","","-6.1",",0,22,","0",",,0,31,+","51",",,0,25,","46.7",",,0,20,","26.7",",0,15,","361.6","0","274.7",",0","84.7",",,,0","51",",,,0","9.47",",0","16.94",",,,0","2.01",",,,0"
"USC00062658","1960-11","41.95","-73.36667","167.6","FALLS VILLAGE, CT US","218.7","0","0.0",",0","9",",0","5",",0","1",",0","0",",0","0",",0","0",",0","22",",0","0",",0","0",",0","0",",0","4","","","","-11.1",",0,08,","0",",,0,30,+","0",",,0,30,+","28.2",",,0,30,","16.7",",0,27,+","775.5","0","413.9",",0","65.8",",,,0","0",",,,0","4.54",",0","11.81",",,,0","-2.74",",,,0"
"USC00062658","1960-12","41.95","-73.36667","167.6","FALLS VILLAGE, CT US","218.7","0","0.0",",0","8",",0","5",",0","0",",0","19","1,0","1","3,0","8",",0","31",",0","13",",0","0",",0","0",",0","","","","","-25.6",",0,28,","457","1,,0,31,+","356","3,,0,12,","16.5",",,0,12,","13.9",",0,06,","1522.6","0","747.1",",0","53.8",",,,0","356","3,,,0","-5.77",",0","1.48",",,,0","-13.01",",,,0"
"USC00062658","1961-01","41.95","-73.36667","167.6","FALLS VILLAGE, CT US","0.0","0","0.0",",0","8",",0","6",",0","0",",0","","","2","1,0","12",",0","31",",0","15",",0","0",",0","0",",0","1","","","","-34.4",",0,22,","","","610","1,,0,20,","19.1",",,0,20,","9.4",",0,07,","2368.5","0","845.9",",0","65.0",",,,0","915","1,,,0","-8.95",",0","-1.04",",,,0","-16.86",",,,0"
"USC00062658","1961-02","41.95","-73.36667","167.6","FALLS VILLAGE, CT US","0.0","0","0.0",",0","9",",0","7",",0","1",",0","","","1",",0","8",",0","28",",0","7",",0","0",",0","0",",0","6","","","","-28.9",",0,02,","","","38",",,0,16,","26.7",",,0,26,","16.1",",0,19,","2967.3","0","598.8",",0","71.8",",,,0","343",",a,,0","-3.05",",0","4.15",",,,0","-10.26",",,,0"
"USC00062658","1961-03","41.95","-73.36667","167.6","FALLS VILLAGE, CT US","0.0","0","0.0",",0","15",",0","9",",0","0",",0","","","4",",0","0",",0","28",",0","2",",0","1",",0","0",",0","3","","","","-15.6",",0,18,","","","127",",,0,14,","22.4",",,0,09,","23.3",",0,28,","3502.4","0","535.1",",0","82.7",",,,0","368",",,,0","1.07",",0","7.51",",,,0","-5.36",",,,0"
"USC00062658","1961-04","41.95","-73.36667","167.6","FALLS VILLAGE, CT US","0.0","0","0.0",",0","18",",0","12",",0","0",",0","0",",0","1",",0","0",",0","18",",0","0",",0","1",",0","0",",0","2","","3","","-6.7",",0,20,+","0",",,0,30,+","25",",,0,13,","20.3",",,0,17,","21.1",",0,26,","3858.2","0","355.8",",0","112.2",",,,0","25",",,,0","6.47",",0","12.74",",,,0","0.20",",,,0"
"USC00062658","1961-05","41.95","-73.36667","167.6","FALLS VILLAGE, CT US","10.9","0","10.9",",0","16",",0","12",",0","1",",0","0",",0","0",",0","0",",0","5",",0","0",",0","16",",0","0",",0","10","","3","","-4.4",",0,01,","0",",,0,31,+","0",",,0,31,+","32.3",",,0,27,","30.6",",0,14,","4034.3","0","176.1",",0","124.6",",,,0","0",",,,0","13.00",",0","20.45",",,,0","5.56",",,,0"
"USC00062658","1961-06","41.95","-73.36667","167.6","FALLS VILLAGE, CT US","61.8","0","50.9",",0","9",",0","6",",0","1",",0","0",",0","0",",0","0",",0","0",",0","0",",0","29",",0","1",",0","7","","5","","3.3",",0,04,","0",",,0,30,+","0",",,0,30,+","73.7",",,0,09,","32.2",",0,13,","4062.9","0","28.6",",0","145.3",",,,0","0",",,,0","19.08",",0","26.95",",,,0","11.20",",,,0"
"USC00062658","1961-07","41.95","-73.36667","167.6","FALLS VILLAGE, CT US","168.5","0","106.7",",0","9",",0","5",",0","0",",0","0",",0","0",",0","0",",0","0",",0","0",",0","30",",0","3",",0","22","","2","","5.6",",0,07,","0",",,0,31,+","0",",,0,31,+","14.7",",,0,15,","32.2",",0,23,+","9.7","0","9.7",",0","39.3",",,,0","0",",,,0","21.46",",0","28.87",",,,0","14.05",",,,0"
"USC00062658","1961-08","41.95","-73.36667","167.6","FALLS VILLAGE, CT US","248.0","0","79.5",",0","13",",0","7",",0","1",",0","0",",0","0",",0","0",",0","0",",0","0",",0","31",",0","1",",0","19","","1","","4.4",",0,14,","0",",,0,31,+","0",",,0,31,+","33.0",",,0,11,","32.2",",0,10,","18.7","0","9.0",",0","88.7",",,,0","0",",,,0","20.61",",0","27.79",",,,0","13.43",",,,0"
"USC00062658","1961-09","41.95","-73.36667","167.6","FALLS VILLAGE, CT US","339.4","0","91.4",",0","7",",0","5",",0","1",",0","0",",0","0",",0","0",",0","0",",0","0",",0","26",",0","6",",0","24","","","","1.7",",0,30,","0",",,0,30,+","0",",,0,30,+","29.7",",,0,22,","32.8",",0,12,+","63.5","0","44.8",",0","91.1",",,,0","0",",,,0","19.89",",0","27.10",",,,0","12.67",",,,0"
"USC00062658","1961-10","41.95","-73.36667","167.6","FALLS VILLAGE, CT US","339.4","0","0.0","1,0","5",",0","4",",0","1",",0","0",",0","0",",0","0",",0","6",",0","0","1,0","12","1,0","0","1,0","16","","","","-5.6",",0,28,","0",",,0,31,+","0",",,0,31,+","30.2",",,0,15,","25.6","1,0,19,+","244.6","0","181.1","1,0","57.4",",,,0","0",",,,0","12.25","1,0","19.67","1,,,0","4.84",",,,0"
"USC00062658","1961-11","41.95","-73.36667","167.6","FALLS VILLAGE, CT US","339.4","0","0.0",",0","12","2,0","7","2,0","1","2,0","","","0","1,0","0",",0","18",",0","1",",0","0",",0","0",",0","4","","","","-7.2",",0,20,","","","0","1,T,0,29,+","35.6","2,,0,07,","20.0",",0,05,","648.2","0","403.6",",0","109.0",",a,,0","0","1,T,,0","4.88",",0","9.48",",,,0","0.28",",,,0"
"USC00062658","1961-12","41.95","-73.36667","167.6","FALLS VILLAGE, CT US","339.4","0","0.0",",0","14",",0","7",",0","0",",0","","","2","1,0","2",",0","30",",0","9",",0","0",",0","0",",0","","","","","-21.7",",0,31,","","","127","1,,0,28,+","15.2",",,0,19,","8.9",",0,05,","1283.5","0","635.3",",0","62.4",",,,0","254","1,,,0","-2.16",",0","2.39",",,,0","-6.71",",,,0"
"USC00062658","1962-01","41.95","-73.36667","167.6","FALLS VILLAGE, CT US","0.0","0","0.0",",0","12",",0","6",",0","1",",0","14",",","","","3",",0","30",",0","14",",0","0",",0","0",",0","","","","","-18.9",",0,31,+","254",",,0,05,+","","","48.8",",,0,07,","14.4",",0,16,","1979.6","0","696.1",",0","85.0",",,,0","","","-4.12",",0","1.81",",,,0","-10.05",",,,0"
"USC00062658","1962-02","41.95","-73.36667","167.6","FALLS VILLAGE, CT US","0.0","0","0.0",",0","15",",0","7",",0","1",",0","","","3","3,0","4",",0","26",",0","11",",0","0",",0","0",",0","","","","","-26.7",",0,11,","","","76","3,,0,20,","27.9",",,0,24,","10.0",",0,05,","2626.2","0","646.6",",0","83.7",",,,0","178","3,,,0","-4.76",",0","0.82",",,,0","-10.34",",,,0"
"USC00062658","1962-03","41.95","-73.36667","167.6","FALLS VILLAGE, CT US","0.0","0","0.0","1,0","7",",0","2",",0","0",",0","","","0",",0","0",",0","26",",0","4","1,0","2","1,0","0","1,0","1","","","","-16.1",",0,02,","","","0",",T,0,17,+","11.4",",,0,13,","25.0","1,0,30,","3123.3","0","497.1","1,0","21.4",",,,0","0",",T,,0","1.83","1,0","7.75","1,,,0","-4.08",",,,0"
"USC00062658","1962-04","41.95","-73.36667","167.6","FALLS VILLAGE, CT US","4.4","0","4.4","1,0","13",",0","9",",0","0",",0","0",",0","0",",0","0",",0","17",",0","0","1,0","7","1,0","1","1,0","5","","1","","-8.3",",0,04,","0",",,0,30,+","0",",T,0,16,+","23.4",",,0,01,","32.2","1,0,27,","3430.5","0","307.2","1,0","97.7",",,,0","0",",T,,0","7.98","1,0","15.69","1,,,0","0.28",",,,0"
"USC00062658","1962-05","41.95","-73.36667","167.6","FALLS VILLAGE, CT US","28.5","0","24.1","2,0","10",",0","3",",0","0",",0","0",",0","0",",0","0",",0","5",",0","0","2,0","20","2,0","3","2,0","10","","2","","-2.2",",0,10,","0",",,0,31,+","0",",,0,31,+","19.1",",,0,25,","33.9","2,0,19,","3554.5","0","124.0","2,0","44.1",",,,0","0",",,,0","15.01","2,0","23.42","2,,,0","6.59",",,,0"
"USC00062658","1962-06","41.95","-73.36667","167.6","FALLS VILLAGE, CT US","88.1","0","59.6","1,0","11",",0","4",",0","1",",0","0",",0","0",",0","0",",0","0",",0","0","1,0","28","1,0","1","1,0","14","","2","","3.9",",0,09,","0",",,0,30,+","0",",,0,30,+","27.4",",,0,12,","32.2","1,0,18,","3571.2","0","16.7","1,0","69.9",",,,0","0",",,,0","19.81","1,0","27.48","1,,,0","12.15",",,,0"
"USC00062658","1962-07","41.95","-73.36667","167.6","FALLS VILLAGE, CT US","146.4","0","58.3",",0","8",",0","5",",0","0",",0","0",",0","0",",0","0",",0","0",",0","0",",0","31",",0","2",",0","11","","3","","5.6",",0,04,","0",",,0,31,+","0",",,0,31,+","15.2",",,0,10,","34.4",",0,08,","10.3","0","10.3",",0","37.6",",,,0","0",",,,0","19.88",",0","28.11",",,,0","11.65",",,,0"
"USC00062658","1962-08","41.95","-73.36667","167.6","FALLS VILLAGE, CT US","212.2","0","65.8",",0","10",",0","8",",0","2",",0","0",",0","0",",0","0",",0","0",",0","0",",0","29",",0","0",",0","18","","2","","3.9",",0,19,","0",",,0,31,+","0",",,0,31,+","56.4",",,0,08,","31.7",",0,06,","25.8","0","15.5",",0","166.9",",,,0","0",",,,0","19.96",",0","26.81",",,,0","13.10",",,,0"
"USC00062658","1962-09","41.95","-73.36667","167.6","FALLS VILLAGE, CT US","231.7","0","19.5",",0","11",",0","4",",0","0",",0","0",",0","0",",0","0",",0","2",",0","0",",0","17",",0","0",",0","12","","","","-2.8",",0,21,","0",",,0,30,+","0",",,0,30,+","17.5",",,0,28,","29.4",",0,13,","148.3","0","122.5",",0","44.9",",,,0","0",",,,0","14.90",",0","21.59",",,,0","8.20",",,,0"
"USC00062658","1962-10","41.95","-73.36667","167.6","FALLS VILLAGE, CT US","232.3","0","0.6","1,0","13",",0","7",",0","0",",0","0",",0","0",",0","0",",0","11",",0","0","1,0","7","1,0","0","1,0","8","","1","","-6.7",",0,25,","0",",,0,31,+","0",",T,0,27,","21.8",",,0,31,","27.8","1,0,12,","397.0","0","248.7","1,0","70.0",",,,0","0",",T,,0","10.10","1,0","16.56","1,,,0","3.65",",,,0"
"USC00062658","1962-11","41.95","-73.36667","167.6","FALLS VILLAGE, CT US","232.3","0","0.0",",0","11",",0","6",",0","0",",0","0",",0","0",",0","0",",0","25",",0","0",",0","0",",0","0",",0","","","","","-10.0",",0,27,","0",",,0,30,+","0",",T,0,24,+","17.8",",,0,11,","16.7",",0,10,","880.7","0","483.7",",0","79.7",",,,0","0",",T,,0","2.21",",0","8.00",",,,0","-3.59",",,,0"
"USC00062658","1962-12","41.95","-73.36667","167.6","FALLS VILLAGE, CT US","232.3","0","0.0",",0","10",",0","6",",0","0",",0","","","","","9",",0","29",",0","12",",0","0",",0","0",",0","2","","","","-22.8",",0,31,+","","","","","16.5",",,0,07,","15.6",",0,01,","1595.7","0","715.0",",0","69.4",",,,0","","","-4.73",",0","1.50",",,,0","-10.96",",,,0"
"USC00062658","1963-01","41.95","-73.36667","167.6","FALLS VILLAGE, CT US","0.0","0","0.0","1,0","7",",0","6",",0","0",",0","","","","","6","1,0","30","1,0","13",",0","0",",0","0",",0","","","","","-26.1","1,0,29,","","","","","15.7",",,0,27,","10.0",",0,10,","2288.2","0","692.5",",0","68.8",",,,0","","","-4.93","1,0","0.90",",,,0","-10.76","1,,,0"
"USC00062658","1963-02","41.95","-73.36667","167.6","FALLS VILLAGE, CT US","0.0","0","0.0",",0","9",",0","7",",0","0",",0","","","2","5,0","11",",0","28",",0","15",",0","0",",0","0",",0","1","","","","-26.1",",0,27,","","","178","5,,0,25,","16.8",",,0,20,","8.3",",0,18,","3005.4","0","717.2",",0","64.6",",,,0","305","5,,,0","-7.28",",0","0.48",",,,0","-15.04",",,,0"
"USC00062658","1963-03","41.95","-73.36667","167.6","FALLS VILLAGE, CT US","0.0","0","0.0",",0","12",",0","8",",0","0",",0","","","","","0",",0","27",",0","1",",0","1",",0","0",",0","6","","1","","-15.6",",0,01,","","","","","15.0",",,0,14,","21.1",",0,25,","3517.5","0","512.1",",0","70.0",",,,0","","","1.81",",0","7.54",",,,0","-3.91",",,,0"
"USC00062658","1963-04","41.95","-73.36667","167.6","FALLS VILLAGE, CT US","0.0","0","0.0",",0","8",",0","5",",0","0",",0","","","","","0",",0","20",",0","0",",0","3",",0","0",",0","4","","","","-6.1",",0,14,","","","","","7.4",",,0,18,","22.8",",0,18,","3851.5","0","334.0",",0","27.2",",,,0","","","7.20",",0","15.04",",,,0","-0.64",",,,0"
"USC00062658","1963-05","41.95","-73.36667","167.6","FALLS VILLAGE, CT US","5.3","0","5.3",",0","13",",0","5",",0","0",",0","1",",0","1",",0","0",",0","5",",0","0",",0","21",",0","0",",0","9","","1","","-2.8",",0,24,","25",",,0,02,","25",",,0,02,","18.5",",,0,11,","30.6",",0,09,","3997.7","0","146.2",",0","56.7",",,,0","25",",,,0","13.79",",0","22.17",",,,0","5.41",",,,0"
"USC00062658","1963-06","41.95","-73.36667","167.6","FALLS VILLAGE, CT US","57.4","0","52.1",",0","9",",0","8",",0","3",",0","0",",0","0",",0","0",",0","0",",0","0",",0","28",",0","2",",0","4","","3","","3.3",",0,22,","0",",,0,30,+","0",",,0,30,+","40.1",",,0,29,","33.3",",0,28,","4027.8","0","30.1",",0","141.4",",,,0","0",",,,0","19.07",",0","27.24",",,,0","10.90",",,,0"
"USC00062658","1963-07","41.95","-73.36667","167.6","FALLS VILLAGE, CT US","172.7","0","115.3",",0","11",",0","7",",0","1",",0","0",",0","0",",0","0",",0","0",",0","0",",0","31",",0","10",",0","20","","5","","5.0",",0,09,","0",",,0,31,+","0",",,0,31,+","26.9",",,0,08,","35.0",",0,02,","13.0","0","13.0",",0","103.7",",,,0","0",",,,0","21.63",",0","28.81",",,,0","14.45",",,,0"
"USC00062658","1963-08","41.95","-73.36667","167.6","FALLS VILLAGE, CT US","217.2","0","44.5",",0","11",",0","9",",0","0",",0","0",",0","0",",0","0",",0","0",",0","0",",0","31",",0","0",",0","21","","4","","3.9",",0,26,","0",",,0,31,+","0",",,0,31,+","12.2",",,0,02,","29.4",",0,23,+","35.5","0","22.5",",0","49.9",",,,0","0",",,,0","19.04",",0","25.86",",,,0","12.22",",,,0"
"USC00062658","1963-09","41.95","-73.36667","167.6","FALLS VILLAGE, CT US","225.6","0","8.4",",0","7",",0","6",",0","2",",0","0",",0","0",",0","0",",0","4",",0","0",",0","18",",0","0",",0","11","","2","","-4.4",",0,24,","0",",,0,30,+","0",",,0,30,+","30.0",",,0,30,","27.8",",0,09,","167.4","0","131.9",",0","107.0",",,,0","0",",,,0","14.21",",0","21.71",",,,0","6.72",",,,0"
"USC00062658","1963-10","41.95","-73.36667","167.6","FALLS VILLAGE, CT US","225.9","0","0.3",",0","3",",0","2",",0","0",",0","0",",0","0",",0","0",",0","10",",0","0",",0","22",",0","0",",0","","","1","","-3.3",",0,14,+","0",",,0,31,+","0",",,0,31,+","4.1",",,0,28,","29.4",",0,07,","357.8","0","190.4",",0","9.1",",,,0","0",",,,0","12.20",",0","21.72",",,,0","2.68",",,,0"
"USC00062658","1963-11","41.95","-73.36667","167.6","FALLS VILLAGE, CT US","225.9","0","0.0",",0","12",",0","9",",0","2",",0","","","","","0",",0","11",",0","0",",0","1",",0","0",",0","","","","","-7.2",",0,26,","","","","","48.3",",,0,30,","21.1",",0,18,","695.1","0","337.3",",0","149.7",",,,0","","","7.09",",0","12.52",",,,0","1.66",",,,0"
"USC00062658","1963-12","41.95","-73.36667","167.6","FALLS VILLAGE, CT US","225.9","0","0.0",",0","12",",0","6",",0","1",",0","","","","","4",",0","31",",0","19",",0","0",",0","0",",0","","","","","-26.7",",0,31,","","","","","26.7",",,0,09,","11.1",",0,09,","1445.5","0","750.4",",0","61.2",",,,0","","","-5.87",",0","-0.86",",,,0","-10.88",",,,0"
"USC00062658","1964-01","41.95","-73.36667","167.6","FALLS VILLAGE, CT US","0.0","0","0.0",",0","12",",0","9",",0","0",",0","","","","","4",",0","30",",0","9",",0","0",",0","0",",0","","","","","-26.7",",0,15,","","","","","16.5",",,0,14,","11.7",",0,25,","2123.2","0","677.7",",0","79.5",",,,0","","","-3.53",",0","2.86",",,,0","-9.92",",,,0"
"USC00062658","1964-02","41.95","-73.36667","167.6","FALLS VILLAGE, CT US","0.0","0","0.0","2,0","11",",0","7",",0","0",",0","","","","","3",",0","29",",0","7","2,0","0","2,0","0","2,0","","","","","-21.7",",0,28,","","","","","15.2",",,0,16,","7.2","2,0,26,","2726.7","0","603.5","2,0","58.7",",,,0","","","-3.94","2,0","1.92","2,,,0","-9.80",",,,0"
"USC00062658","1964-03","41.95","-73.36667","167.6","FALLS VILLAGE, CT US","0.0","0","0.0","1,0","11",",0","7",",0","0",",0","","","1","5,0","0",",0","26",",0","2","1,0","1","1,0","0","1,0","","","1","","-13.3",",0,01,","","","51","5,,0,18,","20.8",",,0,10,","21.7","1,0,25,","3196.5","0","469.8","1,0","72.3",",,,0","51","5,,,0","2.65","1,0","8.68","1,,,0","-3.38",",,,0"
"USC00062658","1964-04","41.95","-73.36667","167.6","FALLS VILLAGE, CT US","0.0","0","0.0",",0","15",",0","10",",0","0",",0","","","0","3,0","0",",0","13",",0","0",",0","4",",0","0",",0","","","3","","-12.8",",0,01,","","","0","3,,0,30,+","23.4",",,0,15,","27.2",",0,18,","3513.8","0","317.3",",0","92.2",",,,0","0","3,,,0","7.76",",0","14.76",",,,0","0.76",",,,0"
"USC00062658","1964-05","41.95","-73.36667","167.6","FALLS VILLAGE, CT US","26.8","0","26.8",",0","4",",0","2",",0","0",",0","0",",0","0",",0","0",",0","4",",0","0",",0","25",",0","2",",0","","","2","","-2.2",",0,03,+","0",",,0,31,+","0",",,0,31,+","17.0",",,0,15,","32.8",",0,24,+","3614.8","0","101.0",",0","36.8",",,,0","0",",,,0","15.94",",0","25.15",",,,0","6.73",",,,0"
"USC00062658","1964-06","41.95","-73.36667","167.6","FALLS VILLAGE, CT US","76.0","0","49.2",",0","11",",0","7",",0","0",",0","0",",0","0",",0","0",",0","1",",0","0",",0","27",",0","5",",0","","","3","","0.0",",0,03,","0",",,0,30,+","0",",,0,30,+","17.3",",,0,25,","35.6",",0,30,","3670.3","0","55.5",",0","53.9",",,,0","0",",,,0","18.12",",0","26.59",",,,0","9.65",",,,0"
"USC00062658","1964-07","41.95","-73.36667","167.6","FALLS VILLAGE, CT US","190.1","0","114.1","1,0","9",",0","6",",0","0",",0","0",",0","0",",0","0","1,0","0","1,0","0",",0","30",",0","8",",0","","","6","","6.7","1,0,31,","0",",,0,31,+","0",",,0,31,+","21.3",",,0,02,","35.6",",0,29,","3.0","0","3.0",",0","56.9",",,,0","0",",,,0","22.13","1,0","29.44",",,,0","14.82","1,,,0"
"USC00062658","1964-08","41.95","-73.36667","167.6","FALLS VILLAGE, CT US","232.8","0","42.7",",0","10",",0","5",",0","1",",0","0",",0","0",",0","0",",0","0",",0","0",",0","30",",0","0",",0","","","6","","2.8",",0,10,","0",",,0,31,+","0",",,0,31,+","46.5",",,0,13,","31.7",",0,30,","43.8","0","40.8",",0","83.5",",,,0","0",",,,0","18.40",",0","26.35",",,,0","10.44",",,,0"
"USC00062658","1964-09","41.95","-73.36667","167.6","FALLS VILLAGE, CT US","262.5","0","29.7",",0","6",",0","4",",0","0",",0","0",",0","0",",0","0",",0","1",",0","0",",0","24",",0","1",",0","","","","","-2.2",",0,16,","0",",,0,30,+","0",",,0,30,+","15.2",",,0,29,","33.3",",0,11,","142.3","0","98.5",",0","29.6",",,,0","0",",,,0","16.04",",0","24.44",",,,0","7.64",",,,0"
"USC00062658","1964-10","41.95","-73.36667","167.6","FALLS VILLAGE, CT US","262.5","0","0.0",",0","5",",0","5",",0","0",",0","0",",0","0",",0","0",",0","16",",0","0",",0","9",",0","0",",0","","","","","-7.8",",0,12,+","0",",,0,31,+","0",",,0,31,+","14.0",",,0,21,","26.7",",0,16,","442.3","0","300.0",",0","38.2",",,,0","0",",,,0","8.65",",0","17.10",",,,0","0.21",",,,0"
"USC00062658","1964-11","41.95","-73.36667","167.6","FALLS VILLAGE, CT US","262.5","0","0.0",",0","7",",0","5",",0","0",",0","0",",0","0",",0","0",",0","19",",0","0",",0","1",",0","0",",0","","","","","-12.8",",0,23,","0",",,0,30,+","0",",,0,30,+","16.5",",,0,26,","21.1",",0,13,","845.3","0","403.0",",0","45.3",",,,0","0",",,,0","4.90",",0","11.73",",,,0","-1.93",",,,0"
"USC00062658","1964-12","41.95","-73.36667","167.6","FALLS VILLAGE, CT US","262.5","0","0.0",",0","15",",0","8",",0","0",",0","","","","","2",",0","28",",0","11",",0","0",",0","0",",0","","","","","-18.3",",0,08,","","","","","22.9",",,0,28,","16.7",",0,25,","1482.5","0","637.2",",0","99.4",",,,0","","","-2.22",",0","3.07",",,,0","-7.52",",,,0"
"USC00062658","1965-01","41.95","-73.36667","167.6","FALLS VILLAGE, CT US","0.0","0","0.0",",0","13",",0","8",",0","0",",0","20","5,0","","","7",",0","31",",0","16",",0","0",",0","0",",0","","","","","-27.2",",0,31,","381","5,,0,24,","","","20.3",",,0,24,","10.0",",0,09,","2262.3","0","779.8",",0","60.4",",,,0","","","-6.82",",0","-0.56",",,,0","-13.09",",,,0"
"USC00062658","1965-02","41.95","-73.36667","167.6","FALLS VILLAGE, CT US","0.0","0","0.0",",0","8",",0","5",",0","1",",0","18",",0","2",",0","4",",0","27",",0","10",",0","0",",0","0",",0","","","","","-27.8",",0,04,","381",",,0,05,+","102",",,0,02,","32.8",",,0,08,","10.0",",0,25,+","2888.3","0","626.0",",0","55.8",",,,0","140",",,,0","-4.02",",0","2.10",",,,0","-10.14",",,,0"
"USC00062658","1965-03","41.95","-73.36667","167.6","FALLS VILLAGE, CT US","0.0","0","0.0",",0","12",",0","5",",0","0",",0","5",",0","3",",0","0",",0","29",",0","1",",0","0",",0","0",",0","","","","","-16.7",",0,22,","127",",,0,21,","127",",,0,21,","8.4",",,0,06,","14.4",",0,04,","3443.6","0","555.3",",0","27.5",",,,0","177",",,,0","0.42",",0","5.84",",,,0","-5.00",",,,0"
"USC00062658","1965-04","41.95","-73.36667","167.6","FALLS VILLAGE, CT US","0.0","0","0.0",",0","11",",0","7",",0","0",",0","2",",0","2",",0","0",",0","17",",0","0",",0","1",",0","0",",0","","","1","","-8.3",",0,04,+","51",",,0,18,","51",",,0,18,","14.7",",,0,16,","25.0",",0,30,","3798.5","0","354.9",",0","64.3",",,,0","76",",,,0","6.50",",0","13.51",",,,0","-0.50",",,,0"
"USC00062658","1965-05","41.95","-73.36667","167.6","FALLS VILLAGE, CT US","26.1","0","26.1",",0","10",",0","5",",0","1",",0","0",",0","0",",0","0",",0","2",",0","0",",0","28",",0","1",",0","","","6","","-1.1",",0,14,","0",",,0,31,+","0",",,0,31,+","27.7",",,0,28,","32.2",",0,26,","3899.6","0","101.1",",0","58.5",",,,0","0",",,,0","15.91",",0","25.05",",,,0","6.77",",,,0"
"USC00062658","1965-06","41.95","-73.36667","167.6","FALLS VILLAGE, CT US","72.9","0","46.8",",0","10",",0","6",",0","1",",0","0",",0","0",",0","0",",0","0",",0","0",",0","26",",0","5",",0","","","4","","1.7",",0,04,","0",",,0,30,+","0",",,0,30,+","28.2",",,0,03,","33.3",",0,23,","3959.6","0","60.0",",0","57.8",",,,0","0",",,,0","17.90",",0","26.66",",,,0","9.13",",,,0"
"USC00062658","1965-07","41.95","-73.36667","167.6","FALLS VILLAGE, CT US","146.2","0","73.3",",0","8",",0","4",",0","1",",0","0",",0","0",",0","0",",0","0",",0","0",",0","31",",0","4",",0","","","2","","5.6",",0,21,+","0",",,0,31,+","0",",,0,31,+","25.9",",,0,04,","35.0",",0,14,","16.3","0","16.3",",0","41.2",",,,0","0",",,,0","20.17",",0","28.15",",,,0","12.19",",,,0"
"USC00062658","1965-08","41.95","-73.36667","167.6","FALLS VILLAGE, CT US","238.6","0","92.4",",0","13",",0","8",",0","1",",0","0",",0","0",",0","0",",0","0",",0","0",",0","28",",0","3",",0","","","7","","1.1",",0,31,+","0",",,0,31,+","0",",,0,31,+","43.9",",,0,10,","34.4",",0,07,","45.2","0","28.9",",0","120.8",",,,0","0",",,,0","20.38",",0","27.10",",,,0","13.66",",,,0"
"USC00062658","1965-09","41.95","-73.36667","167.6","FALLS VILLAGE, CT US","275.1","0","36.5",",0","10",",0","7",",0","1",",0","0",",0","0",",0","0",",0","1",",0","0",",0","20",",0","0",",0","","","4","","-3.9",",0,28,","0",",,0,30,+","0",",,0,30,+","27.7",",,0,25,","31.7",",0,10,","127.9","0","82.7",",0","94.0",",,,0","0",",,,0","16.79",",0","23.41",",,,0","10.18",",,,0"
"USC00062658","1965-10","41.95","-73.36667","167.6","FALLS VILLAGE, CT US","275.1","0","0.0",",0","13",",0","6",",0","1",",0","0",",0","0",",0","0",",0","16",",0","0",",0","4",",0","0",",0","","","2","","-7.2",",0,30,","0",",,0,31,+","0",",,0,31,+","30.2",",,0,02,","25.6",",0,20,+","415.5","0","287.6",",0","76.4",",,,0","0",",,,0","9.06",",0","16.45",",,,0","1.66",",,,0"
"USC00062658","1965-11","41.95","-73.36667","167.6","FALLS VILLAGE, CT US","275.1","0","0.0",",0","14",",0","6",",0","0",",0","","","3",",0","0",",0","21",",0","0",",0","0",",0","0",",0","","","1","","-8.9",",0,25,+","","","25",",,0,30,+","16.5",",,0,17,","17.8",",0,04,","867.6","0","452.1",",0","64.3",",,,0","75",",,,0","3.26",",0","8.82",",,,0","-2.30",",,,0"
"USC00062658","1965-12","41.95","-73.36667","167.6","FALLS VILLAGE, CT US","275.1","0","0.0",",0","10",",0","4",",0","1",",0","","","1",",0","0",",0","31",",0","4",",0","0",",0","0",",0","","","","","-15.6",",0,27,","","","102",",,0,12,","25.9",",,0,26,","15.6",",0,31,","1472.0","0","604.4",",0","53.5",",,,0","102",",,,0","-1.16",",0","4.52",",,,0","-6.85",",,,0"
"USC00062658","1966-01","41.95","-73.36667","167.6","FALLS VILLAGE, CT US","0.0","0","0.0",",0","13",",0","5",",0","0",",0","","","5",",0","3",",0","31",",0","15",",0","0",",0","0",",0","","","","","-23.9",",0,28,","","","25",",,0,28,+","14.2",",,0,24,","15.0",",0,01,","2188.9","0","716.9",",0","54.5",",,,0","429",",a,,0","-4.79",",0","0.11",",,,0","-9.69",",,,0"
"USC00062658","1966-02","41.95","-73.36667","167.6","FALLS VILLAGE, CT US","0.0","0","0.0",",0","9",",0","5",",0","1",",0","16",",0","4",",0","3",",0","26",",0","10",",0","0",",0","0",",0","","","","","-23.9",",0,07,","356",",,0,06,+","152",",,0,25,","32.8",",,0,14,","11.7",",0,11,","2808.5","0","619.6",",0","59.1",",,,0","253",",,,0","-3.79",",0","2.41",",,,0","-10.00",",,,0"
"USC00062658","1966-03","41.95","-73.36667","167.6","FALLS VILLAGE, CT US","0.0","0","0.0",",0","10",",0","5",",0","0",",0","8",",0","2",",0","0",",0","26",",0","1",",0","0",",0","0",",0","","","","","-12.2",",0,09,","203",",,0,13,","152",",,0,13,","18.3",",,0,13,","20.6",",0,18,","3320.4","0","511.9",",0","59.3",",,,0","203",",,,0","1.82",",0","7.94",",,,0","-4.30",",,,0"
"USC00062658","1966-04","41.95","-73.36667","167.6","FALLS VILLAGE, CT US","0.0","0","0.0",",0","11",",0","5",",0","0",",0","0",",0","0",",0","0",",0","20",",0","0",",0","1",",0","0",",0","","","","","-6.7",",0,13,+","0",",,0,30,+","0",",T,0,01,","11.7",",,0,24,","21.1",",0,23,","3691.1","0","370.7",",0","34.1",",,,0","0",",T,,0","5.98",",0","13.41",",,,0","-1.46",",,,0"
"USC00062658","1966-05","41.95","-73.36667","167.6","FALLS VILLAGE, CT US","3.3","0","3.3",",0","15",",0","8",",0","0",",0","0",",0","0",",0","0",",0","6",",0","0",",0","12",",0","0",",0","","","1","","-4.4",",0,11,+","0",",,0,31,+","0",",T,0,09,","15.0",",,0,22,","27.8",",0,27,+","3883.7","0","192.6",",0","85.8",",,,0","0",",T,,0","12.23",",0","19.43",",,,0","5.02",",,,0"
"USC00062658","1966-06","41.95","-73.36667","167.6","FALLS VILLAGE, CT US","65.0","0","61.7",",0","10",",0","4",",0","1",",0","0",",0","0",",0","0",",0","0",",0","0",",0","27",",0","1",",0","","","7","","1.1",",0,03,","0",",,0,30,+","0",",,0,30,+","40.6",",,0,10,","32.8",",0,27,","3914.6","0","30.9",",0","64.6",",,,0","0",",,,0","19.36",",0","27.32",",,,0","11.39",",,,0"
"USC00062658","1966-07","41.95","-73.36667","167.6","FALLS VILLAGE, CT US","176.2","0","111.2",",0","7",",0","5",",0","1",",0","0",",0","0",",0","0",",0","0",",0","0",",0","31",",0","10",",0","","","5","","6.1",",0,16,","0",",,0,31,+","0",",,0,31,+","29.2",",,0,20,","36.7",",0,03,","3.9","0","3.9",",0","49.0",",,,0","0",",,,0","21.79",",0","30.57",",,,0","13.02",",,,0"
"USC00062658","1966-08","41.95","-73.36667","167.6","FALLS VILLAGE, CT US","253.6","0","77.4",",0","6",",0","5",",0","1",",0","0",",0","0",",0","0",",0","0",",0","0",",0","31",",0","5",",0","","","3","","5.0",",0,04,","0",",,0,31,+","0",",,0,31,+","56.9",",,0,12,","36.7",",0,11,","10.9","0","7.0",",0","78.9",",,,0","0",",,,0","20.60",",0","28.98",",,,0","12.23",",,,0"
"USC00062658","1966-09","41.95","-73.36667","167.6","FALLS VILLAGE, CT US","268.3","0","14.7","1,0","9",",0","6",",0","2",",0","0",",0","0",",0","0",",0","2",",0","0","1,0","16","1,0","0","1,0","","","","","-1.1",",0,27,","0",",,0,30,+","0",",,0,30,+","41.1",",,0,05,","31.7","1,0,02,","119.5","0","108.6","1,0","132.0",",,,0","0",",,,0","15.17","1,0","21.62","1,,,0","8.71",",,,0"
"USC00062658","1966-10","41.95","-73.36667","167.6","FALLS VILLAGE, CT US","268.3","0","0.0",",0","9",",0","6",",0","2",",0","0",",0","0",",0","0",",0","11",",0","0",",0","4",",0","0",",0","","","","","-8.3",",0,31,","0",",,0,31,+","0",",,0,31,+","55.9",",,0,20,","24.4",",0,09,","392.2","0","272.7",",0","124.0",",,,0","0",",,,0","9.54",",0","17.15",",,,0","1.93",",,,0"
"USC00062658","1966-11","41.95","-73.36667","167.6","FALLS VILLAGE, CT US","268.3","0","0.0",",0","14",",0","9",",0","1",",0","0",",0","0",",0","0",",0","15",",0","0",",0","0",",0","0",",0","","","","","-11.1",",0,23,+","0",",,0,30,+","0",",,0,30,+","30.7",",,0,03,","19.4",",0,03,+","760.9","0","368.7",",0","101.4",",,,0","0",",,,0","6.04",",0","12.31",",,,0","-0.22",",,,0"
"USC00062658","1966-12","41.95","-73.36667","167.6","FALLS VILLAGE, CT US","268.3","0","0.0",",0","14",",0","8",",0","0",",0","19",",0","4",",0","1",",0","27",",0","11",",0","0",",0","0",",0","","","","","-17.8",",0,04,","330",",,0,28,+","330",",,0,25,","24.4",",,0,25,","17.2",",0,11,+","1388.6","0","627.7",",0","70.2",",,,0","546",",,,0","-1.91",",0","2.99",",,,0","-6.82",",,,0"
"USC00062658","1967-01","41.95","-73.36667","167.6","FALLS VILLAGE, CT US","0.0","0","0.0",",0","9",",0","3",",0","0",",0","27",",0","2",",0","1",",0","29",",0","4",",0","0",",0","0",",0","","","","","-17.8",",0,19,","254",",,0,01,","51",",,0,28,","14.5",",,0,28,","15.0",",0,24,","2003.4","0","614.8",",0","28.7",",,,0","89",",,,0","-1.50",",0","3.85",",,,0","-6.85",",,,0"
"USC00062658","1967-02","41.95","-73.36667","167.6","FALLS VILLAGE, CT US","0.0","0","0.0","1,0","15",",0","6",",0","0",",0","20","1,0","4",",0","4",",0","28",",0","9","1,0","0","1,0","0","1,0","","","1","","-26.7",",0,08,","381","1,,0,28,","330",",,0,08,","14.7",",,0,24,","12.8","1,0,15,","2642.7","0","639.3","1,0","66.9",",,,0","788",",a,,0","-5.34","1,0","0.99","1,,,0","-11.68",",,,0"
"USC00062658","1967-03","41.95","-73.36667","167.6","FALLS VILLAGE, CT US","0.0","0","0.0",",0","13",",0","7",",0","1",",0","28",",0","4",",0","3",",0","28",",0","5",",0","0",",0","0",",0","","","","","-22.8",",0,19,","584",",,0,09,+","356",",,0,07,","34.3",",,0,07,","16.1",",0,11,","3235.9","0","593.2",",0","96.4",",,,0","814",",,,0","-0.80",",0","5.51",",,,0","-7.11",",,,0"
"USC00062658","1967-04","41.95","-73.36667","167.6","FALLS VILLAGE, CT US","0.0","0","0.0",",0","12",",0","10",",0","0",",0","0",",0","1",",0","0",",0","14",",0","0",",0","4",",0","0",",0","","","4","","-10.6",",0,12,","0",",T,0,07,","51",",,0,25,","18.8",",,0,16,","22.2",",0,22,+","3580.9","0","345.0",",0","88.3",",,,0","51",",,,0","6.83",",0","13.70",",,,0","-0.03",",,,0"
"USC00062658","1967-05","41.95","-73.36667","167.6","FALLS VILLAGE, CT US","1.4","0","1.4","1,0","15",",0","8",",0","0",",0","0",",0","1",",0","0",",0","8",",0","0","1,0","7","1,0","0","1,0","","","","","-2.8",",0,13,","0",",,0,31,+","25",",,0,06,","17.8",",,0,12,","26.7","1,0,19,","3822.6","0","241.7","1,0","94.7",",,,0","25",",,,0","10.34","1,0","17.50","1,,,0","3.17",",,,0"
"USC00062658","1967-06","41.95","-73.36667","167.6","FALLS VILLAGE, CT US","63.1","0","61.7",",0","10",",0","9",",0","1",",0","0",",0","0",",0","0",",0","0",",0","0",",0","28",",0","4",",0","","","7","","0.6",",0,01,","0",",,0,30,+","0",",,0,30,+","43.9",",,0,23,","33.9",",0,16,","3838.2","0","15.6",",0","128.3",",,,0","0",",,,0","19.87",",0","27.50",",,,0","12.24",",,,0"
"USC00062658","1967-07","41.95","-73.36667","167.6","FALLS VILLAGE, CT US","174.5","0","111.4",",0","17",",0","13",",0","1",",0","0",",0","0",",0","0",",0","0",",0","0",",0","31",",0","0",",0","","","11","","8.3",",0,07,","0",",,0,31,+","0",",,0,31,+","25.7",",,0,17,","30.6",",0,25,+","2.0","0","2.0",",0","154.7",",,,0","0",",,,0","21.86",",0","28.17",",,,0","15.56",",,,0"
"USC00062658","1967-08","41.95","-73.36667","167.6","FALLS VILLAGE, CT US","240.4","0","65.9",",0","13",",0","9",",0","1",",0","0",",0","0",",0","0",",0","0",",0","0",",0","30",",0","0",",0","","","4","","7.8",",0,24,","0",",,0,31,+","0",",,0,31,+","26.4",",,0,26,","30.0",",0,19,+","12.2","0","10.2",",0","88.7",",,,0","0",",,,0","20.13",",0","26.41",",,,0","13.85",",,,0"
"USC00062658","1967-09","41.95","-73.36667","167.6","FALLS VILLAGE, CT US","250.4","0","10.0",",0","7",",0","6",",0","0",",0","0",",0","0",",0","0",",0","3",",0","0",",0","26",",0","0",",0","","","","","-1.1",",0,26,","0",",,0,30,+","0",",,0,30,+","14.2",",,0,29,","27.8",",0,17,+","108.5","0","96.3",",0","46.0",",,,0","0",",,,0","15.46",",0","23.34",",,,0","7.58",",,,0"
"USC00062658","1967-10","41.95","-73.36667","167.6","FALLS VILLAGE, CT US","250.4","0","0.0",",0","11",",0","4",",0","2",",0","0",",0","0",",0","0",",0","12",",0","0",",0","4",",0","0",",0","","","","","-7.8",",0,30,","0",",,0,31,+","0",",,0,31,+","39.9",",,0,11,","27.2",",0,03,","376.1","0","267.6",",0","113.2",",,,0","0",",,,0","9.70",",0","16.85",",,,0","2.56",",,,0"
"USC00062658","1967-11","41.95","-73.36667","167.6","FALLS VILLAGE, CT US","250.4","0","0.0","1,0","14",",0","6",",0","0",",0","0",",0","1",",0","0",",0","24",",0","2","1,0","0","1,0","0","1,0","","","1","","-12.2",",0,30,+","0",",,0,30,+","25",",,0,18,","14.0",",,0,03,","18.9","1,0,03,+","867.9","0","491.8","1,0","57.9",",,,0","25",",,,0","1.37","1,0","6.82","1,,,0","-4.08",",,,0"
"USC00062658","1967-12","41.95","-73.36667","167.6","FALLS VILLAGE, CT US","250.4","0","0.0","1,0","13",",0","9",",0","3",",0","3",",0","1",",0","1","1,0","27","1,0","8",",0","0",",0","0",",0","","","","","-19.4","1,0,30,","254",",,0,31,+","254",",,0,29,","38.6",",,0,13,","13.9",",0,22,","1452.1","0","584.2",",0","149.4",",,,0","257",",,,0","-1.03","1,0","4.05",",,,0","-6.11","1,,,0"
"USC00062658","1968-01","41.95","-73.36667","167.6","FALLS VILLAGE, CT US","0.0","0","0.0",",0","11",",0","6",",0","0",",0","31",",0","5",",0","10",",0","31",",0","16",",0","0",",0","0",",0","","","","","-30.0",",0,11,","483",",,0,14,+","102",",,0,07,","13.7",",,0,31,","7.8",",0,20,","2261.0","0","808.9",",0","45.0",",,,0","274",",,,0","-7.76",",0","-0.98",",,,0","-14.54",",,,0"
"USC00062658","1968-02","41.95","-73.36667","167.6","FALLS VILLAGE, CT US","0.0","0","0.0","1,0","4",",0","1",",0","0",",0","29",",0","1",",0","4","1,0","28","1,0","16",",0","0",",0","0",",0","","","","","-21.7","1,0,22,","127",",,0,26,+","25",",,0,10,","16.0",",,0,03,","7.8",",0,03,","2949.0","0","688.0",",0","17.6",",,,0","38",",,,0","-6.27","1,0","-0.46",",,,0","-12.08","1,,,0"
"USC00062658","1968-03","41.95","-73.36667","167.6","FALLS VILLAGE, CT US","0.0","0","0.0",",0","12",",0","7",",0","1",",0","13",",0","2",",0","0",",0","22",",0","0",",0","2",",0","0",",0","","","1","","-14.4",",0,03,","279",",,0,03,+","165",",,0,01,","33.5",",,0,18,","25.6",",0,29,","3430.0","0","481.0",",0","111.1",",,,0","229",",,,0","2.82",",0","9.07",",,,0","-3.44",",,,0"
"USC00062658","1968-04","41.95","-73.36667","167.6","FALLS VILLAGE, CT US","0.0","0","0.0",",0","8",",0","4",",0","1",",0","0",",0","0",",0","0",",0","13",",0","0",",0","7",",0","0",",0","","","1","","-6.1",",0,07,","0",",,0,30,+","0",",,0,30,+","72.6",",,0,25,","27.2",",0,13,","3698.4","0","268.4",",0","92.9",",,,0","0",",,,0","9.39",",0","18.37",",,,0","0.41",",,,0"
"USC00062658","1968-05","41.95","-73.36667","167.6","FALLS VILLAGE, CT US","0.0","0","0.0",",0","15",",0","8",",0","2",",0","0",",0","0",",0","0",",0","4",",0","0",",0","11",",0","0",",0","","","1","","-3.9",",0,08,","0",",,0,31,+","0",",,0,31,+","31.5",",,0,30,","25.0",",0,30,+","3867.8","0","169.4",",0","110.3",",,,0","0",",,,0","12.87",",0","19.95",",,,0","5.79",",,,0"
"USC00062658","1968-06","41.95","-73.36667","167.6","FALLS VILLAGE, CT US","35.2","0","35.2",",0","18",",0","12",",0","2",",0","0",",0","0",",0","0",",0","0",",0","0",",0","26",",0","4",",0","","","6","","6.1",",0,01,","0",",,0,30,+","0",",,0,30,+","66.3",",,0,13,","32.8",",0,06,","3903.3","0","35.5",",0","224.5",",,,0","0",",,,0","18.32",",0","25.24",",,,0","11.41",",,,0"
"USC00062658","1968-07","41.95","-73.36667","167.6","FALLS VILLAGE, CT US","149.4","0","114.2",",0","5",",0","3",",0","0",",0","0",",0","0",",0","0",",0","0",",0","0",",0","31",",0","6",",0","","","2","","5.0",",0,30,","0",",,0,31,+","0",",,0,31,+","7.9",",,0,20,","35.0",",0,17,+","6.4","0","6.4",",0","21.6",",,,0","0",",,,0","21.81",",0","29.57",",,,0","14.06",",,,0"
"USC00062658","1968-08","41.95","-73.36667","167.6","FALLS VILLAGE, CT US","237.6","0","88.2",",0","8",",0","5",",0","0",",0","0",",0","0",",0","0",",0","0",",0","0",",0","31",",0","2",",0","","","2","","3.9",",0,30,","0",",,0,31,+","0",",,0,31,+","23.4",",,0,17,","33.9",",0,25,","36.1","0","29.7",",0","61.8",",,,0","0",",,,0","20.22",",0","28.14",",,,0","12.30",",,,0"
"USC00062658","1968-09","41.95","-73.36667","167.6","FALLS VILLAGE, CT US","252.0","0","14.4",",0","6",",0","4",",0","1",",0","0",",0","0",",0","0",",0","0",",0","0",",0","26",",0","0",",0","","","3","","0.6",",0,30,","0",",,0,30,+","0",",,0,30,+","35.3",",,0,11,","29.4",",0,25,","97.3","0","61.2",",0","85.0",",,,0","0",",,,0","16.77",",0","24.82",",,,0","8.72",",,,0"
"USC00062658","1968-10","41.95","-73.36667","167.6","FALLS VILLAGE, CT US","252.0","0","0.0",",0","11",",0","6",",0","0",",0","0",",0","0",",0","0",",0","5",",0","0",",0","10",",0","0",",0","","","","","-3.9",",0,31,","0",",,0,31,+","0",",,0,31,+","16.8",",,0,08,","27.8",",0,02,","322.0","0","224.7",",0","65.1",",,,0","0",",,,0","11.08",",0","17.97",",,,0","4.19",",,,0"
"USC00062658","1968-11","41.95","-73.36667","167.6","FALLS VILLAGE, CT US","252.0","0","0.0",",0","15",",0","10",",0","1",",0","5","1,0","1","4,0","0",",0","23",",0","0",",0","1",",0","0",",0","","","1","","-7.8",",0,28,+","76","1,,0,14,+","51","4,,0,22,","29.7",",,0,08,","21.1",",0,02,","776.0","0","454.0",",0","113.9",",,,0","51","4,,,0","3.20",",0","8.47",",,,0","-2.07",",,,0"
"USC00062658","1968-12","41.95","-73.36667","167.6","FALLS VILLAGE, CT US","252.0","0","0.0",",0","13",",0","7",",0","2",",0","16","1,0","6",",0","5",",0","30",",0","11",",0","0",",0","0",",0","","","1","","-22.2",",0,26,","229","1,,0,18,+","203",",,0,15,","36.3",",,0,05,","11.7",",0,02,","1482.0","0","706.0",",0","114.3",",,,0","405",",,,0","-4.44",",0","1.26",",,,0","-10.14",",,,0"
"USC00062658","1969-01","41.95","-73.36667","167.6","FALLS VILLAGE, CT US","0.0","0","0.0",",0","10",",0","5",",0","0",",0","30","1,0","2","1,0","5",",0","30",",0","19",",0","0",",0","0",",0","","","","","-23.3",",0,05,","406","1,,0,18,+","102","1,,0,07,","13.5",",,0,31,","8.9",",0,22,","2219.0","0","737.0",",0","38.0",",,,0","166","1,,,0","-5.44",",0","0.35",",,,0","-11.23",",,,0"
"USC00062658","1969-02","41.95","-73.36667","167.6","FALLS VILLAGE, CT US","0.0","0","0.0",",0","12",",0","5",",0","1",",0","27","1,0","8",",0","4",",0","28",",0","6",",0","0",",0","0",",0","","","","","-19.4",",0,17,","1143","1,,0,10,","762",",,0,10,","30.7",",,0,10,","8.3",",0,21,","2841.5","0","622.5",",0","62.1",",,,0","1283",",,,0","-3.90",",0","1.57",",,,0","-9.37",",,,0"
"USC00062658","1969-03","41.95","-73.36667","167.6","FALLS VILLAGE, CT US","0.0","0","0.0",",0","7",",0","5",",0","1",",0","21",",0","1",",0","2",",0","27",",0","3",",0","0",",0","0",",0","","","1","","-20.0",",0,08,+","635",",,0,06,+","127",",,0,03,","29.2",",,0,25,","16.1",",0,18,","3434.0","0","592.5",",0","50.2",",,,0","140",",,,0","-0.78",",0","5.41",",,,0","-6.97",",,,0"
"USC00062658","1969-04","41.95","-73.36667","167.6","FALLS VILLAGE, CT US","0.0","0","0.0",",0","14",",0","11",",0","2",",0","0",",0","0",",0","0",",0","13",",0","0",",0","8",",0","0",",0","","","2","","-11.7",",0,01,","0",",,0,30,+","0",",,0,30,+","59.7",",,0,23,","29.4",",0,28,","3705.0","0","271.0",",0","158.8",",,,0","0",",,,0","9.30",",0","17.46",",,,0","1.14",",,,0"
"USC00062658","1969-05","41.95","-73.36667","167.6","FALLS VILLAGE, CT US","13.3","0","13.3",",0","11",",0","8",",0","1",",0","0",",0","0",",0","0",",0","7",",0","0",",0","19",",0","1",",0","","","5","","-3.3",",0,06,","0",",,0,31,+","0",",,0,31,+","25.7",",,0,10,","32.2",",0,29,","3856.8","0","151.8",",0","99.0",",,,0","0",",,,0","13.87",",0","22.27",",,,0","5.46",",,,0"
"USC00062658","1969-06","41.95","-73.36667","167.6","FALLS VILLAGE, CT US","59.4","0","46.1",",0","13",",0","6",",0","1",",0","0",",0","0",",0","0",",0","0",",0","0",",0","30",",0","3",",0","","","3","","3.9",",0,10,+","0",",,0,30,+","0",",,0,30,+","52.3",",,0,16,","33.9",",0,28,","3892.1","0","35.3",",0","117.3",",,,0","0",",,,0","18.70",",0","26.37",",,,0","11.02",",,,0"
"USC00062658","1969-07","41.95","-73.36667","167.6","FALLS VILLAGE, CT US","131.7","0","72.3","1,0","16",",0","11",",0","3",",0","0",",0","0",",0","0",",0","0",",0","0","1,0","30","1,0","3","1,0","","","4","","5.0",",0,09,","0",",,0,31,+","0",",,0,31,+","53.6",",,0,13,","33.9","1,0,17,","11.2","0","11.2","1,0","210.7",",,,0","0",",,,0","20.33","1,0","26.98","1,,,0","13.68",",,,0"
"USC00062658","1969-08","41.95","-73.36667","167.6","FALLS VILLAGE, CT US","226.1","0","94.4",",0","12",",0","7",",0","2",",0","0",",0","0",",0","0",",0","0",",0","0",",0","31",",0","1",",0","","","7","","3.9",",0,27,","0",",,0,31,+","0",",,0,31,+","44.5",",,0,04,","32.2",",0,31,","27.3","0","16.1",",0","126.8",",,,0","0",",,,0","20.86",",0","28.39",",,,0","13.32",",,,0"
"USC00062658","1969-09","41.95","-73.36667","167.6","FALLS VILLAGE, CT US","257.4","0","31.3",",0","9",",0","6",",0","0",",0","0",",0","0",",0","0",",0","0",",0","0",",0","22",",0","0",",0","","","2","","2.2",",0,30,+","0",",,0,30,+","0",",,0,30,+","24.1",",,0,09,","31.7",",0,01,","116.5","0","89.2",",0","73.1",",,,0","0",",,,0","16.41",",0","23.50",",,,0","9.31",",,,0"
"USC00062658","1969-10","41.95","-73.36667","167.6","FALLS VILLAGE, CT US","257.4","0","0.0",",0","8",",0","3",",0","0",",0","0",",0","0",",0","0",",0","14",",0","0",",0","10",",0","0",",0","","","","","-7.8",",0,23,","0",",,0,31,+","0",",,0,31,+","18.5",",,0,03,","25.6",",0,12,","400.5","0","284.0",",0","46.0",",,,0","0",",,,0","9.17",",0","17.04",",,,0","1.31",",,,0"
"USC00062658","1969-11","41.95","-73.36667","167.6","FALLS VILLAGE, CT US","257.4","0","0.0","1,0","17",",0","9",",0","3",",0","0",",0","1",",0","0",",0","16",",0","0","1,0","0","1,0","0","1,0","","","","","-10.6",",0,22,","0",",,0,30,+","25",",,0,06,","45.5",",,0,06,","17.2","1,0,03,","812.8","0","412.3","1,0","144.7",",,,0","25",",,,0","4.25","1,0","8.83","1,,,0","-0.34",",,,0"
"USC00062658","1969-12","41.95","-73.36667","167.6","FALLS VILLAGE, CT US","257.4","0","0.0","1,0","15",",0","11",",0","1",",0","17",",0","11",",0","2","1,0","28","1,0","16",",0","0",",0","0",",0","","","","","-24.4","1,0,25,","1016",",,0,31,","254",",,0,26,+","25.9",",,0,22,","12.2",",0,11,","1474.2","0","661.4",",0","128.0",",,,0","1054",",,,0","-3.75","1,0","0.68",",,,0","-8.18","1,,,0"
"USC00062658","1970-01","41.95","-73.36667","167.6","FALLS VILLAGE, CT US","0.0","0","0.0",",0","12",",0","1",",0","0",",0","","","4",",0","18",",0","30",",0","24",",0","0",",0","0",",0","","","","","-26.7",",0,23,+","","","102",",,0,01,","5.6",",,0,01,","8.3",",0,30,+","2338.4","0","864.2",",0","20.3",",,,0","293",",,,0","-9.55",",0","-2.82",",,,0","-16.27",",,,0"
"USC00062658","1970-02","41.95","-73.36667","167.6","FALLS VILLAGE, CT US","0.0","0","0.0","1,0","7",",0","5",",0","1",",0","","","4",",0","4",",0","26",",0","10","1,0","0","1,0","0","1,0","","","","","-19.4",",0,05,","","","51",",,0,15,+","29.7",",,0,04,","10.0","1,0,02,","2921.4","0","583.0","1,0","78.4",",,,0","152",",,,0","-3.11","1,0","3.07","1,,,0","-9.29",",,,0"
"USC00062658","1970-03","41.95","-73.36667","167.6","FALLS VILLAGE, CT US","0.0","0","0.0",",0","11",",0","8",",0","0",",0","","","6",",0","0",",0","29",",0","1",",0","0",",0","0",",0","","","1","","-14.4",",0,30,","","","318",",,0,30,","16.5",",,0,30,","13.3",",0,26,","3476.5","0","555.1",",0","68.2",",,,0","508",",,,0","0.43",",0","5.56",",,,0","-4.71",",,,0"
"USC00062658","1970-04","41.95","-73.36667","167.6","FALLS VILLAGE, CT US","0.0","0","0.0",",0","9",",0","7",",0","1",",0","","","2",",0","0",",0","17",",0","0",",0","6",",0","0",",0","","","2","","-12.2",",0,01,","","","76",",,0,02,+","38.4",",,0,03,","28.3",",0,29,","3801.9","0","325.4",",0","96.6",",,,0","152",",,,0","7.49",",0","15.35",",,,0","-0.38",",,,0"
"USC00062658","1970-05","41.95","-73.36667","167.6","FALLS VILLAGE, CT US","","","","","14",",0","10",",0","0",",0","0",",0","0",",0","0",",0","2",",0","","","","","","","","","2","","-6.7",",0,07,","0",",,0,31,+","0",",,0,31,+","16.8",",,0,18,","","","","","","","77.7",",,,0","0",",,,0","","","","","7.73",",,,0"
"USC00062658","1970-06","41.95","-73.36667","167.6","FALLS VILLAGE, CT US","","","32.7","3,0","12",",0","9",",0","0",",0","0",",0","0",",0","0",",0","0",",0","0","3,0","24","3,0","0","3,0","","","5","","4.4",",0,29,+","0",",,0,30,+","0",",,0,30,+","18.8",",,0,07,","31.1","3,0,01,","","","31.1","3,0","67.0",",,,0","0",",,,0","18.50","3,0","25.39","3,,,0","11.62",",,,0"
"USC00062658","1970-07","41.95","-73.36667","167.6","FALLS VILLAGE, CT US","","","104.4",",0","8",",0","7",",0","1",",0","0",",0","0",",0","0",",0","0",",0","0",",0","31",",0","6",",0","","","5","","8.9",",0,23,+","0",",,0,31,+","0",",,0,31,+","39.1",",,0,05,","33.3",",0,29,+","0.6","0","0.6",",0","77.6",",,,0","0",",,,0","21.68",",0","28.45",",,,0","14.91",",,,0"
"USC00062658","1970-08","41.95","-73.36667","167.6","FALLS VILLAGE, CT US","","","94.0",",0","10",",0","6",",0","1",",0","0",",0","0",",0","0",",0","0",",0","0",",0","31",",0","5",",0","","","6","","6.1",",0,19,","0",",,0,31,+","0",",,0,31,+","31.5",",,0,24,","34.4",",0,15,","4.8","0","4.2",",0","93.3",",,,0","0",",,,0","21.23",",0","28.93",",,,0","13.53",",,,0"
"USC00062658","1970-09","41.95","-73.36667","167.6","FALLS VILLAGE, CT US","","","39.5",",0","12",",0","8",",0","0",",0","0",",0","0",",0","0",",0","0",",0","0",",0","22",",0","0",",0","","","5","","2.2",",0,30,","0",",,0,30,+","0",",,0,30,+","21.6",",,0,16,","31.7",",0,23,+","79.7","0","74.9",",0","99.5",",,,0","0",",,,0","17.15",",0","23.82",",,,0","10.48",",,,0"
"USC00062658","1970-10","41.95","-73.36667","167.6","FALLS VILLAGE, CT US","","","0.6",",0","7",",0","5",",0","0",",0","0",",0","0",",0","0",",0","7",",0","0",",0","10",",0","0",",0","","","2","","-6.7",",0,20,","0",",,0,31,+","0",",,0,31,+","14.7",",,0,23,","26.1",",0,08,","285.8","0","206.1",",0","49.8",",,,0","0",",,,0","11.70",",0","17.83",",,,0","5.57",",,,0"
"USC00062658","1970-11","41.95","-73.36667","167.6","FALLS VILLAGE, CT US","","","0.0",",0","13",",0","9",",0","0",",0","0",",0","0",",0","0",",0","14",",0","0",",0","0",",0","0",",0","","","","","-11.7",",0,25,","0",",,0,30,+","0",",T,0,25,","16.8",",,0,21,","18.3",",0,11,","680.2","0","394.4",",0","95.6",",,,0","0",",T,,0","5.19",",0","10.70",",,,0","-0.33",",,,0"
"USC00062658","1970-12","41.95","-73.36667","167.6","FALLS VILLAGE, CT US","","","0.0",",0","10",",0","7",",0","0",",0","22",",0","7",",0","2",",0","30",",0","21",",0","0",",0","0",",0","","","","","-18.9",",0,16,","635",",,0,31,+","152",",,0,17,+","16.8",",,0,04,","15.0",",0,02,","1365.8","0","685.6",",0","79.5",",,,0","659",",,,0","-3.78",",0","0.86",",,,0","-8.42",",,,0"
"USC00062658","1971-01","41.95","-73.36667","167.6","FALLS VILLAGE, CT US","0.0","0","0.0","1,0","10",",0","6",",0","0",",0","31",",0","6",",0","9","1,0","30","1,0","15",",0","0",",0","0",",0","","","","","-30.6","1,0,19,","864",",,0,04,+","178",",,0,02,","11.7",",,0,05,","6.1",",0,25,+","2165.3","0","799.5",",0","43.3",",,,0","406",",,,0","-8.37","1,0","-1.15",",,,0","-15.59","1,,,0"
"USC00062658","1971-02","41.95","-73.36667","167.6","FALLS VILLAGE, CT US","0.0","0","0.0",",0","12",",0","7",",0","0",",0","","","2",",0","6",",0","28",",0","6",",0","0",",0","0",",0","","","","","-30.0",",0,01,","","","102",",,0,08,","14.2",",,0,14,","10.0",",0,28,","2764.0","0","598.7",",0","78.3",",,,0","127",",,,0","-3.05",",0","2.75",",,,0","-8.84",",,,0"
"USC00062658","1971-03","41.95","-73.36667","167.6","FALLS VILLAGE, CT US","0.0","0","0.0",",0","9",",0","5",",0","0",",0","","","5",",0","0",",0","31",",0","2",",0","0",",0","0",",0","","","","","-11.7",",0,26,","","","127",",,0,20,+","15.7",",,0,20,","15.6",",0,16,","3327.9","0","563.9",",0","53.2",",,,0","368",",,,0","0.14",",0","5.30",",,,0","-5.02",",,,0"
"USC00062658","1971-04","41.95","-73.36667","167.6","FALLS VILLAGE, CT US","0.0","0","0.0",",0","12",",0","6",",0","0",",0","4",",0","3",",0","0",",0","20",",0","0",",0","1",",0","0",",0","","","1","","-7.2",",0,09,+","432",",,0,07,","381",",,0,07,","21.6",",,0,07,","24.4",",0,13,","3700.5","0","372.6",",0","60.4",",,,0","496",",,,0","5.91",",0","13.19",",,,0","-1.37",",,,0"
"USC00062658","1971-05","41.95","-73.36667","167.6","FALLS VILLAGE, CT US","2.0","0","2.0",",0","14",",0","10",",0","0",",0","0",",0","0",",0","0",",0","4",",0","0",",0","18",",0","0",",0","","","1","","-1.7",",0,01,","0",",,0,31,+","0",",,0,31,+","21.8",",,0,04,","29.4",",0,19,","3870.7","0","170.2",",0","115.2",",,,0","0",",,,0","12.91",",0","20.71",",,,0","5.10",",,,0"
"USC00062658","1971-06","41.95","-73.36667","167.6","FALLS VILLAGE, CT US","50.9","0","48.9","1,0","8",",0","4",",0","0",",0","0",",0","0",",0","0",",0","0",",0","0","1,0","29","1,0","1","1,0","","","4","","1.7",",0,06,","0",",,0,30,+","0",",,0,30,+","9.9",",,0,26,","32.2","1,0,30,","3891.0","0","20.3","1,0","31.2",",,,0","0",",,,0","19.17","1,0","27.97","1,,,0","10.37",",,,0"
"USC00062658","1971-07","41.95","-73.36667","167.6","FALLS VILLAGE, CT US","120.1","0","69.2","1,0","9",",0","7",",0","1",",0","0",",0","0",",0","0",",0","0",",0","0","1,0","30","1,0","3","1,0","","","6","","5.6",",0,13,+","0",",,0,31,+","0",",,0,31,+","36.3",",,0,30,","33.3","1,0,09,","7.0","0","7.0","1,0","79.3",",,,0","0",",,,0","20.36","1,0","29.16","1,,,0","11.56",",,,0"
"USC00062658","1971-08","41.95","-73.36667","167.6","FALLS VILLAGE, CT US","179.7","0","59.6",",0","11",",0","8",",0","1",",0","0",",0","0",",0","0",",0","0",",0","0",",0","31",",0","0",",0","","","3","","2.8",",0,24,","0",",,0,31,+","0",",,0,31,+","86.4",",,0,28,","31.1",",0,10,+","23.2","0","16.2",",0","192.0",",,,0","0",",,,0","19.73",",0","27.43",",,,0","12.04",",,,0"
"USC00062658","1971-09","41.95","-73.36667","167.6","FALLS VILLAGE, CT US","221.1","0","41.4",",0","11",",0","8",",0","1",",0","0",",0","0",",0","0",",0","1",",0","0",",0","23",",0","0",",0","","","2","","0.0",",0,25,","0",",,0,30,+","0",",,0,30,+","58.9",",,0,14,","30.6",",0,05,","82.0","0","58.8",",0","140.5",",,,0","0",",,,0","17.75",",0","23.73",",,,0","11.78",",,,0"
"USC00062658","1971-10","41.95","-73.36667","167.6","FALLS VILLAGE, CT US","221.9","0","0.8",",0","7",",0","4",",0","1",",0","0",",0","0",",0","0",",0","4",",0","0",",0","14",",0","0",",0","","","1","","-1.1",",0,19,+","0",",,0,31,+","0",",,0,31,+","63.8",",,0,11,","26.7",",0,02,","250.9","0","168.9",",0","84.5",",,,0","0",",,,0","12.91",",0","20.07",",,,0","5.75",",,,0"
"USC00062658","1971-11","41.95","-73.36667","167.6","FALLS VILLAGE, CT US","221.9","0","0.0",",0","17",",0","10",",0","0",",0","5","1,0","3",",0","0",",0","27",",0","2",",0","2",",0","0",",0","","","","","-11.7",",0,24,","356","1,,0,26,","254",",,0,25,","22.9",",,0,30,","23.3",",0,02,","729.3","0","478.4",",0","105.3",",,,0","407",",,,0","2.39",",0","8.11",",,,0","-3.33",",,,0"
"USC00062658","1971-12","41.95","-73.36667","167.6","FALLS VILLAGE, CT US","221.9","0","0.0","1,0","14",",0","6",",0","0",",0","8","1,0","3","1,0","1",",0","29",",0","3","1,0","0","1,0","0","1,0","","","","","-18.3",",0,05,","762","1,,0,06,+","76","1,,0,31,","23.6",",,0,31,","15.6","1,0,11,","1298.6","0","569.3","1,0","80.2",",,,0","139","1,,,0","-0.68","1,0","5.09","1,,,0","-6.45",",,,0"
"USC00062658","1972-01","41.95","-73.36667","167.6","FALLS VILLAGE, CT US","0.0","0","0.0",",0","12",",0","6",",0","0",",0","15","2,0","4","1,0","4",",0","31",",0","11",",0","0",",0","0",",0","","","","","-21.1",",0,06,","127","2,,0,09,+","25","1,,0,28,+","20.8",",,0,10,","11.7",",0,13,","1984.0","0","685.4",",0","65.1",",,,0","100","1,,,0","-3.78",",0","2.54",",,,0","-10.09",",,,0"
"USC00062658","1972-02","41.95","-73.36667","167.6","FALLS VILLAGE, CT US","0.0","0","0.0",",0","10",",0","8",",0","0",",0","24",",0","6",",0","7",",0","29",",0","13",",0","0",",0","0",",0","","","","","-23.9",",0,23,","508",",,0,27,+","127",",,0,26,+","18.8",",,0,14,","12.8",",0,15,","2658.3","0","674.3",",0","87.3",",,,0","572",",,,0","-4.92",",0","1.40",",,,0","-11.23",",,,0"
"USC00062658","1972-03","41.95","-73.36667","167.6","FALLS VILLAGE, CT US","0.0","0","0.0",",0","16",",0","9",",0","0",",0","20","2,0","4","1,0","0",",0","27",",0","4",",0","0",",0","0",",0","","","2","","-16.7",",0,10,","254","2,,0,01,","102","1,,0,15,","22.6",",,0,23,","18.3",",0,01,","3216.9","0","558.6",",0","98.9",",,,0","229","1,,,0","0.31",",0","6.14",",,,0","-5.51",",,,0"
"USC00062658","1972-04","41.95","-73.36667","167.6","FALLS VILLAGE, CT US","0.0","0","0.0",",0","12",",0","10",",0","0",",0","6",",0","2",",0","0",",0","23",",0","0",",0","4",",0","0",",0","","","","","-7.8",",0,08,+","127",",,0,08,+","127",",,0,07,","22.1",",,0,21,","27.8",",0,19,","3613.1","0","396.2",",0","124.0",",,,0","152",",,,0","5.13",",0","12.89",",,,0","-2.63",",,,0"
"USC00062658","1972-05","41.95","-73.36667","167.6","FALLS VILLAGE, CT US","3.3","0","3.3",",0","15",",0","10",",0","0",",0","0",",0","0",",0","0",",0","4",",0","0",",0","20",",0","0",",0","","","3","","-2.8",",0,11,","0",",,0,31,+","0",",,0,31,+","22.9",",,0,16,","31.7",",0,28,","3729.9","0","116.8",",0","111.6",",,,0","0",",,,0","14.67",",0","22.54",",,,0","6.81",",,,0"
"USC00062658","1972-06","41.95","-73.36667","167.6","FALLS VILLAGE, CT US","30.3","0","27.0",",0","20",",0","13",",0","4",",0","0",",0","0",",0","0",",0","0",",0","0",",0","25",",0","0",",0","","","5","","0.6",",0,12,","0",",,0,30,+","0",",,0,30,+","47.5",",,0,01,","27.8",",0,15,","3772.5","0","42.6",",0","249.9",",,,0","0",",,,0","17.81",",0","23.58",",,,0","12.05",",,,0"
"USC00062658","1972-07","41.95","-73.36667","167.6","FALLS VILLAGE, CT US","144.9","0","114.6",",0","13",",0","5",",0","1",",0","0",",0","0",",0","0",",0","0",",0","0",",0","31",",0","4",",0","","","5","","8.9",",0,29,","0",",,0,31,+","0",",,0,31,+","41.4",",,0,04,","32.8",",0,19,","7.5","0","7.5",",0","96.7",",,,0","0",",,,0","21.79",",0","28.65",",,,0","14.93",",,,0"
"USC00062658","1972-08","41.95","-73.36667","167.6","FALLS VILLAGE, CT US","205.4","0","60.5",",0","10",",0","7",",0","1",",0","0",",0","0",",0","0",",0","0",",0","0",",0","30",",0","1",",0","","","5","","4.4",",0,11,","0",",,0,31,+","0",",,0,31,+","44.2",",,0,15,","32.8",",0,25,","25.5","0","18.0",",0","83.2",",,,0","0",",,,0","19.70",",0","26.80",",,,0","12.61",",,,0"
"USC00062658","1972-09","41.95","-73.36667","167.6","FALLS VILLAGE, CT US","224.4","0","19.0",",0","9",",0","4",",0","1",",0","0",",0","0",",0","0",",0","0",",0","0",",0","22",",0","0",",0","","","3","","1.1",",0,23,","0",",,0,30,+","0",",,0,30,+","25.7",",,0,19,","30.6",",0,18,","90.7","0","65.2",",0","49.8",",,,0","0",",,,0","16.79",",0","24.08",",,,0","9.51",",,,0"
"USC00062658","1972-10","41.95","-73.36667","167.6","FALLS VILLAGE, CT US","224.4","0","0.0",",0","10",",0","7",",0","1",",0","0",",0","0",",0","0",",0","15",",0","0",",0","3",",0","0",",0","","","","","-10.0",",0,21,","0",",,0,31,+","13",",,0,19,","74.2",",,0,08,","22.8",",0,04,","418.6","0","327.9",",0","113.9",",,,0","13",",,,0","7.75",",0","14.65",",,,0","0.85",",,,0"
"USC00062658","1972-11","41.95","-73.36667","167.6","FALLS VILLAGE, CT US","224.4","0","0.0",",0","14",",0","10",",0","2",",0","2",",0","1",",0","0",",0","20",",0","2",",0","0",",0","0",",0","","","","","-14.4",",0,23,","25",",,0,16,+","25",",,0,15,","43.4",",,0,15,","16.1",",0,26,","903.8","0","485.2",",0","166.9",",,,0","25",",,,0","2.16",",0","6.76",",,,0","-2.44",",,,0"
"USC00062658","1972-12","41.95","-73.36667","167.6","FALLS VILLAGE, CT US","224.4","0","0.0",",0","17",",0","11",",0","1",",0","16",",0","3",",0","0",",0","31",",0","5",",0","0",",0","0",",0","","","","","-15.0",",0,18,","102",",,0,31,+","102",",,0,16,","26.9",",,0,07,","15.6",",0,06,","1496.9","0","593.1",",0","146.2",",,,0","229",",,,0","-0.80",",0","3.55",",,,0","-5.15",",,,0"
"USC00062658","1973-01","41.95","-73.36667","167.6","FALLS VILLAGE, CT US","0.0","0","0.0",",0","9",",0","7",",0","1",",0","4","1,0","3",",0","6",",0","30",",0","9",",0","0",",0","0",",0","","","","","-23.3",",0,30,","356","1,,0,30,","229",",,0,29,","28.2",",,0,01,","17.2",",0,18,","2153.1","0","656.2",",0","96.0",",,,0","407",",,,0","-2.84",",0","3.56",",,,0","-9.23",",,,0"
"USC00062658","1973-02","41.95","-73.36667","167.6","FALLS VILLAGE, CT US","0.0","0","0.0",",0","9",",0","5",",0","1",",0","18",",0","4",",0","4",",0","28",",0","9",",0","0",",0","0",",0","","","","","-22.2",",0,18,+","356",",,0,01,","25",",,0,26,+","50.0",",,0,03,","11.7",",0,03,","2780.1","0","627.0",",0","79.3",",,,0","100",",,,0","-4.06",",0","2.08",",,,0","-10.20",",,,0"
"USC00062658","1973-03","41.95","-73.36667","167.6","FALLS VILLAGE, CT US","0.0","0","0.0",",0","14",",0","8",",0","0",",0","1",",0","0",",0","0",",0","20",",0","0",",0","0",",0","0",",0","","","","","-10.0",",0,01,","25",",,0,19,","13",",,0,19,","24.4",",,0,18,","18.9",",0,16,","3203.8","0","423.7",",0","83.2",",,,0","13",",,,0","4.67",",0","11.06",",,,0","-1.73",",,,0"
"USC00062658","1973-04","41.95","-73.36667","167.6","FALLS VILLAGE, CT US","0.5","0","0.5",",0","19",",0","9",",0","1",",0","1",",0","0",",0","0",",0","12",",0","0",",0","8",",0","0",",0","","","1","","-7.8",",0,15,+","25",",,0,08,","13",",,0,08,","37.6",",,0,02,","30.0",",0,22,","3500.0","0","296.2",",0","136.8",",,,0","13",",,,0","8.48",",0","15.35",",,,0","1.60",",,,0"
"USC00062658","1973-05","41.95","-73.36667","167.6","FALLS VILLAGE, CT US","3.0","0","2.5",",0","20",",0","14",",0","1",",0","0",",0","0",",0","0",",0","2",",0","0",",0","11",",0","0",",0","","","4","","-2.2",",0,07,","0",",,0,31,+","0",",,0,31,+","30.2",",,0,11,","27.2",",0,30,","3676.2","0","176.2",",0","163.7",",,,0","0",",,,0","12.73",",0","19.98",",,,0","5.48",",,,0"
"USC00062658","1973-06","41.95","-73.36667","167.6","FALLS VILLAGE, CT US","74.2","0","71.2",",0","15","2,0","8","2,0","1","2,0","0",",0","0",",0","0",",0","0",",0","0",",0","30",",0","2",",0","","","3","","2.2",",0,03,","0",",,0,30,+","0",",,0,30,+","57.9","2,,0,30,","33.9",",0,11,","3694.5","0","18.3",",0","116.0",",a,,0","0",",,,0","20.10",",0","27.12",",,,0","13.07",",,,0"
"USC00062658","1973-07","41.95","-73.36667","167.6","FALLS VILLAGE, CT US","176.5","0","102.3",",0","12",",0","10",",0","2",",0","0",",0","0",",0","0",",0","0",",0","0",",0","31",",0","3",",0","","","3","","5.0",",0,13,","0",",,0,31,+","0",",,0,31,+","39.6",",,0,28,","32.8",",0,10,+","6.1","0","6.1",",0","145.4",",,,0","0",",,,0","21.44",",0","29.08",",,,0","13.80",",,,0"
"USC00062658","1973-08","41.95","-73.36667","167.6","FALLS VILLAGE, CT US","286.5","0","110.0",",0","9",",0","8",",0","2",",0","0",",0","0",",0","0",",0","0",",0","0",",0","31",",0","5",",0","","","5","","5.6",",0,23,","0",",,0,31,+","0",",,0,31,+","49.8",",,0,03,","33.3",",0,31,","9.4","0","3.3",",0","110.3",",,,0","0",",,,0","21.77",",0","28.89",",,,0","14.65",",,,0"
"USC00062658","1973-09","41.95","-73.36667","167.6","FALLS VILLAGE, CT US","319.8","0","33.3",",0","7",",0","4",",0","1",",0","0",",0","0",",0","0",",0","2",",0","0",",0","21",",0","2",",0","","","1","","-2.2",",0,21,","0",",,0,30,+","0",",,0,30,+","29.2",",,0,15,","32.8",",0,04,","129.6","0","120.2",",0","80.5",",,,0","0",",,,0","15.44",",0","23.30",",,,0","7.57",",,,0"
"USC00062658","1973-10","41.95","-73.36667","167.6","FALLS VILLAGE, CT US","321.2","0","1.4",",0","10",",0","6",",0","1",",0","0",",0","0",",0","0",",0","12",",0","0",",0","12",",0","0",",0","","","","","-5.0",",0,22,","0",",,0,31,+","0",",,0,31,+","48.8",",,0,30,","25.6",",0,03,","386.4","0","256.8",",0","66.7",",,,0","0",",,,0","10.09",",0","18.44",",,,0","1.75",",,,0"
"USC00062658","1973-11","41.95","-73.36667","167.6","FALLS VILLAGE, CT US","321.2","0","0.0",",0","12",",0","8",",0","0",",0","1",",0","1",",0","0",",0","21",",0","0",",0","0",",0","0",",0","","","","","-10.0",",0,21,","25",",,0,06,","25",",,0,06,","11.4",",,0,28,","20.6",",0,15,+","804.6","0","418.2",",0","56.0",",,,0","25",",,,0","4.39",",0","10.58",",,,0","-1.79",",,,0"
"USC00062658","1973-12","41.95","-73.36667","167.6","FALLS VILLAGE, CT US","321.2","0","0.0",",0","14",",0","12",",0","4",",0","10",",0","2",",0","1",",0","29",",0","6",",0","0",",0","0",",0","","","1","","-19.4",",0,19,","127",",,0,20,+","102",",,0,17,","41.7",",,0,21,","17.2",",0,04,","1399.6","0","595.0",",0","243.1",",,,0","127",",,,0","-0.86",",0","5.09",",,,0","-6.81",",,,0"
"USC00062658","1974-01","41.95","-73.36667","167.6","FALLS VILLAGE, CT US","0.0","0","0.0",",0","11",",0","10",",0","0",",0","23",",0","4",",0","4",",0","31",",0","10",",0","0",",0","0",",0","","","","","-23.3",",0,18,+","305",",,0,14,+","127",",,0,10,","20.1",",,0,11,","17.2",",0,27,","2077.0","0","677.4",",0","91.8",",,,0","305",",,,0","-3.52",",0","3.19",",,,0","-10.23",",,,0"
"USC00062658","1974-02","41.95","-73.36667","167.6","FALLS VILLAGE, CT US","0.0","0","0.0",",0","9","1,0","3","1,0","1","1,0","19",",0","6",",0","3",",0","27",",0","12",",0","0",",0","0",",0","","","","","-20.6",",0,09,","203",",,0,11,+","102",",,0,03,","27.9","1,,0,23,","15.0",",0,22,","2691.9","0","614.9",",0","47.7","1,,,0","227",",,,0","-3.63",",0","2.39",",,,0","-9.64",",,,0"
"USC00062658","1974-03","41.95","-73.36667","167.6","FALLS VILLAGE, CT US","0.0","0","0.0",",0","11",",0","7",",0","2",",0","2","1,0","2",",0","0",",0","26",",0","1",",0","0",",0","0",",0","","","","","-11.1",",0,26,","102","1,,0,30,","102",",,0,30,","37.6",",,0,17,","19.4",",0,07,","3190.9","0","499.0",",0","96.7",",,,0","153",",,,0","2.24",",0","7.96",",,,0","-3.49",",,,0"
"USC00062658","1974-04","41.95","-73.36667","167.6","FALLS VILLAGE, CT US","4.5","0","4.5",",0","12",",0","7",",0","0",",0","1",",0","1",",0","0",",0","14",",0","0",",0","10",",0","0",",0","","","2","","-5.6",",0,20,","51",",,0,10,","51",",,0,10,","15.0",",,0,06,","30.6",",0,29,","3448.3","0","257.4",",0","66.7",",,,0","51",",,,0","9.90",",0","17.64",",,,0","2.17",",,,0"
"USC00062658","1974-05","41.95","-73.36667","167.6","FALLS VILLAGE, CT US","13.6","0","9.1",",0","15",",0","11",",0","1",",0","0",",0","0",",0","0",",0","3",",0","0",",0","12",",0","0",",0","","","1","","-3.3",",0,08,+","0",",,0,31,+","0",",,0,31,+","34.8",",,0,13,","30.6",",0,22,","3615.0","0","166.7",",0","114.7",",,,0","0",",,,0","13.25",",0","20.48",",,,0","6.02",",,,0"
"USC00062658","1974-06","41.95","-73.36667","167.6","FALLS VILLAGE, CT US","50.0","0","36.4",",0","12",",0","6",",0","0",",0","0",",0","0",",0","0",",0","0",",0","0",",0","28",",0","2",",0","","","2","","6.1",",0,14,+","0",",,0,30,+","0",",,0,30,+","17.3",",,0,22,","33.3",",0,11,+","3644.8","0","29.8",",0","76.7",",,,0","0",",,,0","18.56",",0","25.56",",,,0","11.55",",,,0"
"USC00062658","1974-07","41.95","-73.36667","167.6","FALLS VILLAGE, CT US","139.8","0","89.8",",0","13","1,0","7","1,0","0","1,0","0",",0","0",",0","0",",0","0",",0","0",",0","31",",0","4",",0","","","6","","7.2",",0,21,","0",",,0,31,+","0",",,0,31,+","17.0","1,,0,06,","35.0",",0,09,","4.5","0","4.5",",0","82.1","1,,,0","0",",,,0","21.08",",0","28.40",",,,0","13.76",",,,0"
"USC00062658","1974-08","41.95","-73.36667","167.6","FALLS VILLAGE, CT US","204.6","0","64.8",",0","11",",0","7",",0","0",",0","0",",0","0",",0","0",",0","0",",0","0",",0","30",",0","0",",0","","","5","","6.1",",0,11,","0",",,0,31,+","0",",,0,31,+","24.4",",,0,18,","30.6",",0,21,+","10.1","0","5.6",",0","98.4",",,,0","0",",,,0","20.24",",0","27.44",",,,0","13.05",",,,0"
"USC00062658","1974-09","41.95","-73.36667","167.6","FALLS VILLAGE, CT US","223.2","0","18.6",",0","15",",0","10",",0","3",",0","0",",0","0",",0","0",",0","1",",0","0",",0","18",",0","0",",0","","","5","","-0.6",",0,25,","0",",,0,30,+","0",",,0,30,+","43.9",",,0,04,","29.4",",0,13,","109.0","0","98.9",",0","177.2",",,,0","0",",,,0","15.66",",0","21.96",",,,0","9.35",",,,0"
"USC00062658","1974-10","41.95","-73.36667","167.6","FALLS VILLAGE, CT US","223.2","0","0.0",",0","8",",0","5",",0","0",",0","0",",0","0",",0","0",",0","18",",0","0",",0","1",",0","0",",0","","","","","-8.9",",0,19,","0",",,0,31,+","0",",,0,31,+","22.6",",,0,17,","25.0",",0,06,","459.5","0","350.5",",0","66.2",",,,0","0",",,,0","7.03",",0","14.62",",,,0","-0.56",",,,0"
"USC00062658","1974-11","41.95","-73.36667","167.6","FALLS VILLAGE, CT US","223.2","0","0.0",",0","11",",0","7",",0","0",",0","1",",0","1",",0","0",",0","22",",0","0",",0","1",",0","0",",0","","","","","-11.1",",0,23,","25",",,0,22,","25",",,0,22,","24.4",",,0,21,","25.0",",0,01,","884.8","0","425.3",",0","79.2",",,,0","25",",,,0","4.16",",0","10.45",",,,0","-2.14",",,,0"
"USC00062658","1974-12","41.95","-73.36667","167.6","FALLS VILLAGE, CT US","223.2","0","0.0",",0","11",",0","6",",0","1",",0","22",",0","3",",0","0",",0","30",",0","2",",0","0",",0","0",",0","","","","","-13.9",",0,27,+","102",",,0,29,+","102",",,0,02,","41.1",",,0,02,","13.3",",0,09,+","1487.2","0","602.4",",0","109.3",",,,0","229",",,,0","-1.10",",0","3.95",",,,0","-6.15",",,,0"
"USC00062658","1975-01","41.95","-73.36667","167.6","FALLS VILLAGE, CT US","0.0","0","0.0","1,0","16",",0","11",",0","0",",0","20",",0","4",",0","2","1,0","28","1,0","7",",0","0",",0","0",",0","","","","","-18.9","1,0,21,","178",",,0,07,","127",",,0,14,+","22.4",",,0,26,","14.4",",0,11,","2093.2","0","606.0",",0","109.3",",,,0","304",",,,0","-1.83","1,0","3.69",",,,0","-7.35","1,,,0"
"USC00062658","1975-02","41.95","-73.36667","167.6","FALLS VILLAGE, CT US","0.0","0","0.0",",0","12",",0","8",",0","1",",0","17",",0","6",",0","2",",0","25",",0","9",",0","0",",0","0",",0","","","","","-23.3",",0,10,","305",",,0,14,","102",",,0,13,","29.5",",,0,25,","12.2",",0,22,","2683.4","0","590.2",",0","78.6",",,,0","330",",,,0","-2.75",",0","2.90",",,,0","-8.39",",,,0"
"USC00062658","1975-03","41.95","-73.36667","167.6","FALLS VILLAGE, CT US","0.0","0","0.0",",0","13",",0","9",",0","1",",0","3",",0","2",",0","0",",0","28",",0","2",",0","0",",0","0",",0","","","","","-14.4",",0,10,+","51",",,0,16,+","51",",,0,15,","26.7",",,0,20,","15.6",",0,25,","3241.6","0","558.2",",0","87.0",",,,0","76",",,,0","0.33",",0","6.38",",,,0","-5.73",",,,0"
"USC00062658","1975-04","41.95","-73.36667","167.6","FALLS VILLAGE, CT US","0.0","0","0.0",",0","7",",0","5",",0","1",",0","3",",0","1",",0","0",",0","25",",0","0",",0","0",",0","0",",0","","","","","-7.8",",0,10,","152",",,0,04,","152",",,0,04,","45.5",",,0,04,","20.6",",0,30,","3648.1","0","406.5",",0","70.4",",,,0","152",",,,0","4.78",",0","11.81",",,,0","-2.25",",,,0"
"USC00062658","1975-05","41.95","-73.36667","167.6","FALLS VILLAGE, CT US","30.2","0","30.2",",0","14",",0","8",",0","1",",0","0",",0","0",",0","0",",0","2",",0","0",",0","25",",0","2",",0","","","5","","-0.6",",0,08,+","0",",,0,31,+","0",",,0,31,+","28.2",",,0,13,","32.8",",0,24,","3747.7","0","99.6",",0","93.8",",,,0","0",",,,0","16.10",",0","24.37",",,,0","7.82",",,,0"
"USC00062658","1975-06","41.95","-73.36667","167.6","FALLS VILLAGE, CT US","80.8","0","50.6",",0","16",",0","8",",0","2",",0","0",",0","0",",0","0",",0","0",",0","0",",0","26",",0","1",",0","","","3","","2.2",",0,10,","0",",,0,30,+","0",",,0,30,+","42.4",",,0,13,","32.2",",0,23,","3787.0","0","39.3",",0","136.3",",,,0","0",",,,0","18.71",",0","25.33",",,,0","12.08",",,,0"
"USC00062658","1975-07","41.95","-73.36667","167.6","FALLS VILLAGE, CT US","188.5","0","107.7",",0","15",",0","8",",0","4",",0","0",",0","0",",0","0",",0","0",",0","0",",0","31",",0","1",",0","","","4","","4.4",",0,01,","0",",,0,31,+","0",",,0,31,+","61.5",",,0,14,","32.8",",0,31,","3.1","0","3.1",",0","217.9",",,,0","0",",,,0","21.71",",0","28.86",",,,0","14.55",",,,0"
"USC00062658","1975-08","41.95","-73.36667","167.6","FALLS VILLAGE, CT US","265.7","0","77.2",",0","17",",0","8",",0","1",",0","0",",0","0",",0","0",",0","0",",0","0",",0","27",",0","3",",0","","","5","","5.0",",0,21,","0",",,0,31,+","0",",,0,31,+","35.3",",,0,30,","35.0",",0,02,","26.8","0","23.7",",0","107.6",",,,0","0",",,,0","20.06",",0","26.77",",,,0","13.35",",,,0"
"USC00062658","1975-09","41.95","-73.36667","167.6","FALLS VILLAGE, CT US","268.5","0","2.8",",0","17",",0","11",",0","3",",0","0",",0","0",",0","0",",0","1",",0","0",",0","13",",0","0",",0","","","3","","-1.1",",0,15,","0",",,0,30,+","0",",,0,30,+","63.0",",,0,25,","25.0",",0,08,+","158.8","0","132.0",",0","184.2",",,,0","0",",,,0","14.03",",0","20.31",",,,0","7.74",",,,0"
"USC00062658","1975-10","41.95","-73.36667","167.6","FALLS VILLAGE, CT US","268.5","0","0.0",",0","10",",0","8",",0","0",",0","0",",0","0",",0","0",",0","8",",0","0",",0","7",",0","0",",0","","","","","-4.4",",0,31,","0",",,0,31,+","0",",,0,31,+","23.6",",,0,18,","27.2",",0,15,","383.6","0","224.8",",0","90.2",",,,0","0",",,,0","11.08",",0","17.96",",,,0","4.21",",,,0"
"USC00062658","1975-11","41.95","-73.36667","167.6","FALLS VILLAGE, CT US","268.5","0","0.0",",0","12",",0","6",",0","2",",0","0",",0","0",",0","0",",0","21",",0","0",",0","5",",0","0",",0","","","","","-7.8",",0,01,","0",",,0,30,+","0",",,0,30,+","35.3",",,0,13,","22.8",",0,09,+","742.6","0","359.0",",0","111.6",",,,0","0",",,,0","6.37",",0","13.28",",,,0","-0.55",",,,0"
"USC00062658","1975-12","41.95","-73.36667","167.6","FALLS VILLAGE, CT US","268.5","0","0.0",",0","13",",0","8",",0","0",",0","","","","","3",",0","30",",0","12",",0","0",",0","0",",0","","","","","-24.4",",0,25,","","","","","15.0",",,0,27,","15.6",",0,01,","1397.4","0","654.8",",0","85.4",",,,0","","","-2.79",",0","2.96",",,,0","-8.54",",,,0"
"USC00062658","1976-01","41.95","-73.36667","167.6","FALLS VILLAGE, CT US","0.0","0","0.0",",0","13",",0","8",",0","1",",0","","","","","9",",0","31",",0","16",",0","0",",0","0",",0","","","","","-25.0",",0,19,","","","","","41.7",",,0,28,","12.8",",0,27,","2204.5","0","807.1",",0","123.9",",,,0","","","-7.70",",0","-0.88",",,,0","-14.52",",,,0"
"USC00062658","1976-02","41.95","-73.36667","167.6","FALLS VILLAGE, CT US","0.0","0","0.0",",0","12",",0","7",",0","1",",0","","","","","2",",0","27",",0","2",",0","0",",0","0",",0","","","","","-20.0",",0,03,","","","","","30.5",",,0,02,","18.9",",0,25,","2745.1","0","540.6",",0","70.0",",,,0","","","-0.31",",0","7.36",",,,0","-7.98",",,,0"
"USC00062658","1976-03","41.95","-73.36667","167.6","FALLS VILLAGE, CT US","0.0","0","0.0",",0","10",",0","7",",0","0",",0","","","","","1",",0","27",",0","3",",0","1",",0","0",",0","","","1","","-18.3",",0,18,","","","","","12.7",",,0,17,","22.8",",0,20,","3236.6","0","491.5",",0","60.7",",,,0","","","2.48",",0","10.17",",,,0","-5.22",",,,0"
"USC00062658","1976-04","41.95","-73.36667","167.6","FALLS VILLAGE, CT US","5.2","0","5.2",",0","10",",0","6",",0","1",",0","","","","","0",",0","14",",0","0",",0","8",",0","2",",0","","","2","","-8.9",",0,12,","","","","","25.4",",,0,02,","32.2",",0,19,+","3528.9","0","292.3",",0","84.9",",,,0","","","8.76",",0","16.44",",,,0","1.09",",,,0"
"USC00062658","1976-05","41.95","-73.36667","167.6","FALLS VILLAGE, CT US","9.6","0","4.4",",0","17",",0","6",",0","2",",0","0",",0","0",",0","0",",0","6",",0","0",",0","16",",0","0",",0","","","2","","-4.4",",0,05,","0",",,0,31,+","0",",,0,31,+","35.8",",,0,19,","27.8",",0,06,","3695.0","0","166.1",",0","120.1",",,,0","0",",,,0","13.12",",0","20.52",",,,0","5.72",",,,0"
"USC00062658","1976-06","41.95","-73.36667","167.6","FALLS VILLAGE, CT US","99.4","0","89.8",",0","10",",0","5",",0","1",",0","0",",0","0",",0","0",",0","0",",0","0",",0","29",",0","0",",0","","","4","","4.4",",0,13,","0",",,0,30,+","0",",,0,30,+","25.9",",,0,29,","31.7",",0,10,","3713.6","0","18.6",",0","68.0",",,,0","0",",,,0","20.70",",0","27.58",",,,0","13.83",",,,0"
"USC00062658","1976-07","41.95","-73.36667","167.6","FALLS VILLAGE, CT US","157.3","0","57.9",",0","13",",0","6",",0","2",",0","0",",0","0",",0","0",",0","0",",0","0",",0","31",",0","0",",0","","","","","5.0",",0,26,","0",",,0,31,+","0",",,0,31,+","30.5",",,0,24,","31.1",",0,06,","6.4","0","6.4",",0","111.2",",,,0","0",",,,0","20.00",",0","27.06",",,,0","12.93",",,,0"
"USC00062658","1976-08","41.95","-73.36667","167.6","FALLS VILLAGE, CT US","202.5","0","45.2",",0","12",",0","11",",0","1",",0","0",",0","0",",0","0",",0","1",",0","0",",0","31",",0","1",",0","","","3","","0.0",",0,31,","0",",,0,31,+","0",",,0,31,+","79.8",",,0,10,","32.2",",0,22,","34.1","0","27.7",",0","198.5",",,,0","0",",,,0","18.90",",0","26.49",",,,0","11.31",",,,0"
"USC00062658","1976-09","41.95","-73.36667","167.6","FALLS VILLAGE, CT US","203.3","0","0.8",",0","10",",0","7",",0","1",",0","0",",0","0",",0","0",",0","4",",0","0",",0","16",",0","0",",0","","","","","-2.2",",0,29,+","0",",,0,30,+","0",",,0,30,+","35.6",",,0,11,","27.8",",0,14,","165.9","0","131.8",",0","90.5",",,,0","0",",,,0","13.97",",0","21.77",",,,0","6.16",",,,0"
"USC00062658","1976-10","41.95","-73.36667","167.6","FALLS VILLAGE, CT US","203.3","0","0.0",",0","11",",0","9",",0","2",",0","0",",0","0",",0","0",",0","18",",0","0",",0","5",",0","0",",0","","","","","-9.4",",0,19,","0",",,0,31,+","0",",,0,31,+","47.0",",,0,04,","22.2",",0,09,","504.7","0","338.8",",0","148.0",",,,0","0",",,,0","7.40",",0","14.72",",,,0","0.09",",,,0"
"USC00062658","1976-11","41.95","-73.36667","167.6","FALLS VILLAGE, CT US","203.3","0","0.0",",0","7",",0","5",",0","0",",0","0",",0","0",",0","0",",0","25",",0","1",",0","0",",0","0",",0","","","","","-12.8",",0,30,","0",",,0,30,+","0",",T,0,06,","5.6",",,0,06,","16.7",",0,27,","1003.9","0","499.2",",0","21.6",",,,0","0",",T,,0","1.69",",0","7.42",",,,0","-4.03",",,,0"
"USC00062658","1976-12","41.95","-73.36667","167.6","FALLS VILLAGE, CT US","203.3","0","0.0",",0","12",",0","5",",0","1",",0","","","","","4",",0","31",",0","12",",0","0",",0","0",",0","","","","","-21.7",",0,03,","","","","","30.2",",,0,08,","12.8",",0,07,","1730.6","0","726.7",",0","59.7",",,,0","","","-5.11",",0","1.21",",,,0","-11.43",",,,0"
"USC00062658","1977-01","41.95","-73.36667","167.6","FALLS VILLAGE, CT US","0.0","0","0.0",",0","11",",0","6",",0","0",",0","","","","","10",",0","31",",0","21",",0","0",",0","0",",0","","","","","-26.1",",0,18,","","","","","16.5",",,0,11,","5.0",",0,29,","2571.6","0","841.0",",0","39.8",",,,0","","","-8.80",",0","-2.63",",,,0","-14.96",",,,0"
"USC00062658","1977-02","41.95","-73.36667","167.6","FALLS VILLAGE, CT US","0.0","0","0.0",",0","8",",0","6",",0","1",",0","","","","","6",",0","26",",0","10",",0","0",",0","0",",0","","","","","-22.2",",0,09,","","","","","36.3",",,0,25,","11.7",",0,11,","3178.8","0","607.2",",0","64.6",",,,0","","","-3.35",",0","2.66",",,,0","-9.36",",,,0"
"USC00062658","1977-03","41.95","-73.36667","167.6","FALLS VILLAGE, CT US","0.0","0","0.0",",0","10",",0","7",",0","2",",0","","","","","0",",0","24",",0","0",",0","5",",0","0",",0","","","","","-12.2",",0,20,","","","","","62.0",",,0,23,","28.9",",0,30,","3620.5","0","441.7",",0","188.1",",,,0","","","4.09",",0","10.74",",,,0","-2.56",",,,0"
"USC00062658","1977-04","41.95","-73.36667","167.6","FALLS VILLAGE, CT US","0.0","0","0.0",",0","12",",0","7",",0","1",",0","0",",0","0",",0","0",",0","16",",0","0",",0","9",",0","0",",0","","","","","-7.8",",0,10,+","0",",,0,30,+","0",",,0,30,+","40.4",",,0,24,","29.4",",0,22,","3922.8","0","302.3",",0","112.1",",,,0","0",",,,0","8.26",",0","15.98",",,,0","0.54",",,,0"
"USC00062658","1977-05","41.95","-73.36667","167.6","FALLS VILLAGE, CT US","26.7","0","26.7",",0","8",",0","5",",0","0",",0","0",",0","0",",0","0",",0","6",",0","0",",0","22",",0","0",",0","","","1","","-1.7",",0,01,","0",",,0,31,+","0",",,0,31,+","24.1",",,0,09,","31.1",",0,28,+","4039.4","0","116.6",",0","78.4",",,,0","0",",,,0","15.43",",0","24.54",",,,0","6.33",",,,0"
"USC00062658","1977-06","41.95","-73.36667","167.6","FALLS VILLAGE, CT US","60.8","0","34.1",",0","11",",0","8",",0","1",",0","0",",0","0",",0","0",",0","0",",0","0",",0","25",",0","0",",0","","","","","1.7",",0,09,","0",",,0,30,+","0",",,0,30,+","34.5",",,0,19,","29.4",",0,28,+","4092.1","0","52.7",",0","88.4",",,,0","0",",,,0","17.71",",0","24.44",",,,0","10.98",",,,0"
"USC00062658","1977-07","41.95","-73.36667","167.6","FALLS VILLAGE, CT US","171.6","0","110.8",",0","10",",0","6",",0","1",",0","0",",0","0",",0","0",",0","0",",0","0",",0","31",",0","7",",0","","","","","6.1",",0,27,+","0",",,0,31,+","0",",,0,31,+","33.8",",,0,26,","36.1",",0,22,+","12.1","0","12.1",",0","66.6",",,,0","0",",,,0","21.52",",0","29.15",",,,0","13.89",",,,0"
"USC00062658","1977-08","41.95","-73.36667","167.6","FALLS VILLAGE, CT US","258.8","0","87.2",",0","13",",0","10",",0","2",",0","0",",0","0",",0","0",",0","0",",0","0",",0","31",",0","2",",0","","","2","","4.4",",0,21,","0",",,0,31,+","0",",,0,31,+","50.3",",,0,02,","32.8",",0,29,+","40.4","0","28.3",",0","140.2",",,,0","0",",,,0","20.23",",0","27.01",",,,0","13.46",",,,0"
"USC00062658","1977-09","41.95","-73.36667","167.6","FALLS VILLAGE, CT US","283.4","0","24.6",",0","18",",0","13",",0","3",",0","0",",0","0",",0","0",",0","0",",0","0",",0","21",",0","0",",0","","","4","","2.2",",0,12,","0",",,0,30,+","0",",,0,30,+","30.7",",,0,19,","31.1",",0,02,","129.2","0","88.8",",0","187.0",",,,0","0",",,,0","16.19",",0","22.01",",,,0","10.37",",,,0"
"USC00062658","1977-10","41.95","-73.36667","167.6","FALLS VILLAGE, CT US","283.4","0","0.0",",0","11",",0","8",",0","1",",0","0",",0","0",",0","0",",0","12",",0","0",",0","1",",0","0",",0","","","1","","-6.1",",0,31,","0",",,0,31,+","0",",,0,31,+","28.7",",,0,10,","24.4",",0,27,","413.3","0","284.1",",0","120.4",",,,0","0",",,,0","9.17",",0","15.98",",,,0","2.35",",,,0"
"USC00062658","1977-11","41.95","-73.36667","167.6","FALLS VILLAGE, CT US","283.4","0","0.0",",0","15",",0","8",",0","0",",0","","","","","0",",0","16",",0","0",",0","0",",0","0",",0","","","2","","-7.2",",0,28,","","","","","20.1",",,0,09,","20.6",",0,03,","801.3","0","388.0",",0","80.0",",,,0","","","5.40",",0","10.58",",,,0","0.21",",,,0"
"USC00062658","1977-12","41.95","-73.36667","167.6","FALLS VILLAGE, CT US","283.4","0","0.0",",0","14",",0","10",",0","1",",0","","","","","4",",0","31",",0","10",",0","0",",0","0",",0","","","","","-21.1",",0,12,","","","","","30.0",",,0,15,","8.3",",0,25,+","1465.4","0","664.1",",0","117.0",",,,0","","","-3.09",",0","2.11",",,,0","-8.28",",,,0"
"USC00062658","1978-01","41.95","-73.36667","167.6","FALLS VILLAGE, CT US","0.0","0","0.0",",0","14",",0","8",",0","2",",0","","","","","4",",0","31",",0","20",",0","0",",0","0",",0","","","","","-20.6",",0,23,","","","","","58.4",",,0,26,","15.0",",0,26,+","2211.4","0","746.0",",0","184.0",",,,0","","","-5.73",",0","-0.17",",,,0","-11.30",",,,0"
"USC00062658","1978-02","41.95","-73.36667","167.6","FALLS VILLAGE, CT US","0.0","0","0.0","1,0","5",",0","2",",0","0",",0","","","","","10",",0","28",",0","18","1,0","0","1,0","0","1,0","","","","","-25.6",",0,09,","","","","","20.8",",,0,07,","3.3","1,0,17,+","2929.8","0","718.4","1,0","29.3",",,,0","","","-8.29","1,0","-1.44","1,,,0","-15.15",",,,0"
"USC00062658","1978-03","41.95","-73.36667","167.6","FALLS VILLAGE, CT US","0.0","0","0.0",",0","7",",0","6",",0","0",",0","","","","","1",",0","29",",0","7",",0","0",",0","0",",0","","","","","-18.3",",0,09,","","","","","21.8",",,0,15,","15.6",",0,21,","3522.9","0","593.1",",0","69.5",",,,0","","","-0.80",",0","5.89",",,,0","-7.49",",,,0"
"USC00062658","1978-04","41.95","-73.36667","167.6","FALLS VILLAGE, CT US","0.0","0","0.0",",0","7",",0","2",",0","0",",0","0",",0","0",",0","0",",0","21",",0","0",",0","2",",0","0",",0","","","","","-7.8",",0,03,","0",",,0,30,+","0",",,0,30,+","12.4",",,0,20,","22.8",",0,13,","3883.4","0","360.5",",0","19.6",",,,0","0",",,,0","6.32",",0","14.04",",,,0","-1.41",",,,0"
"USC00062658","1978-05","41.95","-73.36667","167.6","FALLS VILLAGE, CT US","21.4","0","21.4",",0","12",",0","9",",0","1",",0","0",",0","0",",0","0",",0","4",",0","0",",0","17",",0","0",",0","","","1","","-5.0",",0,01,","0",",,0,31,+","0",",,0,31,+","33.3",",,0,25,","31.1",",0,31,","4037.1","0","153.7",",0","96.0",",,,0","0",",,,0","14.07",",0","21.69",",,,0","6.45",",,,0"
"USC00062658","1978-06","41.95","-73.36667","167.6","FALLS VILLAGE, CT US","67.2","0","45.8",",0","11",",0","8",",0","2",",0","0",",0","0",",0","0",",0","0",",0","0",",0","28",",0","0",",0","","","2","","0.6",",0,15,","0",",,0,30,+","0",",,0,30,+","53.8",",,0,09,","31.1",",0,27,+","4083.7","0","46.6",",0","163.2",",,,0","0",",,,0","18.31",",0","26.19",",,,0","10.42",",,,0"
"USC00062658","1978-07","41.95","-73.36667","167.6","FALLS VILLAGE, CT US","142.0","0","74.8",",0","8",",0","7",",0","0",",0","0",",0","0",",0","0",",0","0",",0","0",",0","30",",0","3",",0","","","4","","3.3",",0,02,","0",",,0,31,+","0",",,0,31,+","13.0",",,0,11,","35.0",",0,23,","24.3","0","24.3",",0","65.3",",,,0","0",",,,0","19.96",",0","27.58",",,,0","12.34",",,,0"
"USC00062658","1978-08","41.95","-73.36667","167.6","FALLS VILLAGE, CT US","222.4","0","80.4",",0","12",",0","7",",0","1",",0","0",",0","0",",0","0",",0","0",",0","0",",0","31",",0","0",",0","","","3","","6.7",",0,22,","0",",,0,31,+","0",",,0,31,+","29.7",",,0,07,","31.7",",0,15,","32.2","0","7.9",",0","81.9",",,,0","0",",,,0","20.67",",0","27.13",",,,0","14.21",",,,0"
"USC00062658","1978-09","41.95","-73.36667","167.6","FALLS VILLAGE, CT US","232.7","0","10.3",",0","9",",0","4",",0","1",",0","0",",0","0",",0","0",",0","5",",0","0",",0","15",",0","0",",0","","","1","","-1.7",",0,29,","0",",,0,30,+","0",",,0,30,+","45.5",",,0,19,","29.4",",0,21,","158.4","0","126.2",",0","77.7",",,,0","0",",,,0","14.47",",0","21.98",",,,0","6.96",",,,0"
"USC00062658","1978-10","41.95","-73.36667","167.6","FALLS VILLAGE, CT US","232.7","0","0.0",",0","8",",0","5",",0","0",",0","0",",0","0",",0","0",",0","15",",0","0",",0","6",",0","0",",0","","","","","-7.8",",0,18,","0",",,0,31,+","0",",,0,31,+","11.7",",,0,27,","25.0",",0,22,","445.0","0","286.6",",0","41.9",",,,0","0",",,,0","9.09",",0","16.35",",,,0","1.83",",,,0"
"USC00062658","1978-11","41.95","-73.36667","167.6","FALLS VILLAGE, CT US","232.7","0","0.0",",0","7",",0","5",",0","0",",0","","","","","0",",0","23",",0","4",",0","2",",0","0",",0","","","","","-9.4",",0,27,","","","","","11.2",",,0,30,","22.2",",0,06,","875.6","0","430.6",",0","37.3",",,,0","","","3.98",",0","10.22",",,,0","-2.27",",,,0"
"USC00062658","1978-12","41.95","-73.36667","167.6","FALLS VILLAGE, CT US","232.7","0","0.0",",0","10",",0","6",",0","0",",0","","","","","1",",0","30",",0","7",",0","0",",0","0",",0","","","2","","-18.9",",0,29,","","","","","22.4",",,0,25,","16.7",",0,04,","1507.7","0","632.1",",0","80.0",",,,0","","","-2.06",",0","4.03",",,,0","-8.15",",,,0"
"USC00062658","1979-01","41.95","-73.36667","167.6","FALLS VILLAGE, CT US","0.0","0","0.0","1,0","16",",0","12",",0","4",",0","","","","","2",",0","30",",0","13","1,0","0","1,0","0","1,0","","","","","-22.2",",0,19,","","","","","59.7",",,0,25,","14.4","1,0,02,","2161.6","0","653.9","1,0","250.3",",,,0","","","-3.56","1,0","1.28","1,,,0","-8.41",",,,0"
"USC00062658","1979-02","41.95","-73.36667","167.6","FALLS VILLAGE, CT US","0.0","0","0.0",",0","10",",0","6",",0","0",",0","","","","","10",",0","28",",0","19",",0","0",",0","0",",0","","","","","-29.4",",0,12,","","","","","20.6",",,0,24,","8.3",",0,28,","2923.4","0","761.8",",0","69.0",",,,0","","","-8.88",",0","-3.34",",,,0","-14.41",",,,0"
"USC00062658","1979-03","41.95","-73.36667","167.6","FALLS VILLAGE, CT US","0.0","0","0.0",",0","12",",0","6",",0","1",",0","0",",0","0",",0","0",",0","23",",0","1",",0","1",",0","0",",0","","","","","-12.2",",0,16,","0",",,0,31,+","0",",,0,31,+","42.7",",,0,07,","21.1",",0,23,","3382.6","0","459.2",",0","104.0",",,,0","0",",,,0","3.52",",0","10.05",",,,0","-3.01",",,,0"
"USC00062658","1979-04","41.95","-73.36667","167.6","FALLS VILLAGE, CT US","0.0","0","0.0",",0","16",",0","11",",0","0",",0","0",",0","0",",0","0",",0","16",",0","0",",0","4",",0","0",",0","","","","","-5.6",",0,20,+","0",",,0,30,+","0",",,0,30,+","16.8",",,0,27,+","24.4",",0,24,","3721.3","0","338.7",",0","102.9",",,,0","0",",,,0","7.04",",0","13.67",",,,0","0.42",",,,0"
"USC00062658","1979-05","41.95","-73.36667","167.6","FALLS VILLAGE, CT US","13.9","0","13.9",",0","10",",0","8",",0","1",",0","0",",0","0",",0","0",",0","2",",0","0",",0","21",",0","3",",0","","","","","-1.1",",0,03,+","0",",,0,31,+","0",",,0,31,+","47.2",",,0,25,","32.8",",0,10,+","3823.6","0","102.3",",0","106.0",",,,0","0",",,,0","15.48",",0","22.24",",,,0","8.72",",,,0"
"USC00062658","1979-06","41.95","-73.36667","167.6","FALLS VILLAGE, CT US","39.4","0","25.5",",0","4","1,0","2","1,0","0","1,0","0",",0","0",",0","0",",0","1",",0","0",",0","27",",0","0",",0","","","1","","0.0",",0,26,","0",",,0,30,+","0",",,0,30,+","18.5","1,,0,12,","31.1",",0,16,","3876.6","0","53.0",",0","22.3","1,,,0","0",",,,0","17.42",",0","25.56",",,,0","9.27",",,,0"
"USC00062658","1979-07","41.95","-73.36667","167.6","FALLS VILLAGE, CT US","148.4","0","109.0",",0","6","2,0","3","2,0","0","2,0","0",",0","0",",0","0",",0","0",",0","0",",0","31",",0","5",",0","","","2","","2.8",",0,07,","0",",,0,31,+","0",",,0,31,+","19.8","2,,0,27,","34.4",",0,14,","19.4","0","19.4",",0","39.5",",a,,0","0",",,,0","21.22",",0","29.16",",,,0","13.28",",,,0"
"USC00062658","1979-08","41.95","-73.36667","167.6","FALLS VILLAGE, CT US","229.4","0","81.0",",0","12",",0","9",",0","2",",0","0",",0","0",",0","0",",0","0",",0","0",",0","30",",0","4",",0","","","5","","2.8",",0,17,","0",",,0,31,+","0",",,0,31,+","29.7",",,0,13,","33.3",",0,01,","44.1","0","24.7",",0","137.8",",,,0","0",",,,0","20.15",",0","27.15",",,,0","13.15",",,,0"
"USC00062658","1979-09","41.95","-73.36667","167.6","FALLS VILLAGE, CT US","246.9","0","17.5",",0","9",",0","6",",0","2",",0","0",",0","0",",0","0",",0","1",",0","0",",0","21",",0","0",",0","","","1","","-2.2",",0,20,","0",",,0,30,+","0",",,0,30,+","51.1",",,0,22,","29.4",",0,03,","149.5","0","105.4",",0","144.0",",,,0","0",",,,0","15.40",",0","22.79",",,,0","8.02",",,,0"
"USC00062658","1979-10","41.95","-73.36667","167.6","FALLS VILLAGE, CT US","248.3","0","1.4",",0","12",",0","8",",0","1",",0","","","1",",0","0",",0","12",",0","0",",0","7",",0","0",",0","","","1","","-6.1",",0,31,","","","76",",,0,10,","27.4",",,0,02,","28.9",",0,22,","426.0","0","276.5",",0","86.1",",,,0","76",",,,0","9.46",",0","15.56",",,,0","3.36",",,,0"
"USC00062658","1979-11","41.95","-73.36667","167.6","FALLS VILLAGE, CT US","248.3","0","0.0",",0","12",",0","10",",0","2",",0","","","0",",0","0",",0","17",",0","0",",0","0",",0","0",",0","","","","","-8.3",",0,30,","","","0",",,0,30,+","37.6",",,0,03,","20.6",",0,02,","790.2","0","364.2",",0","121.7",",,,0","0",",,,0","6.19",",0","12.62",",,,0","-0.24",",,,0"
"USC00062658","1979-12","41.95","-73.36667","167.6","FALLS VILLAGE, CT US","248.3","0","0.0",",0","7",",0","5",",0","0",",0","","","","","0",",0","28",",0","6",",0","0",",0","0",",0","","","","","-16.7",",0,19,","","","","","13.5",",,0,07,","17.8",",0,12,","1365.3","0","575.1",",0","51.7",",,,0","","","-0.22",",0","5.62",",,,0","-6.05",",,,0"
"USC00062658","1980-01","41.95","-73.36667","167.6","FALLS VILLAGE, CT US","0.0","0","0.0",",0","3",",0","1",",0","1",",0","","","","","0",",0","30",",0","12",",0","0",",0","0",",0","","","","","-16.1",",0,25,+","","","","","34.8",",,0,12,","14.4",",0,12,","2052.7","0","687.4",",0","35.6",",,,0","","","-3.84",",0","2.08",",,,0","-9.76",",,,0"
"USC00062658","1980-02","41.95","-73.36667","167.6","FALLS VILLAGE, CT US","0.0","0","0.0","1,0","5",",0","3",",0","0",",0","","","","","6",",0","29",",0","13","1,0","0","1,0","0","1,0","","","","","-25.0",",0,18,","","","","","9.4",",,0,17,","11.1","1,0,20,","2735.6","0","682.9","1,0","20.9",",,,0","","","-6.20","1,0","0.68","1,,,0","-13.08",",,,0"
"USC00062658","1980-03","41.95","-73.36667","167.6","FALLS VILLAGE, CT US","0.0","0","0.0",",0","13",",0","11",",0","1",",0","","","","","1",",0","22",",0","5",",0","0",",0","0",",0","","","1","","-18.9",",0,01,","","","","","66.0",",,0,22,","16.7",",0,20,","3265.8","0","530.2",",0","159.8",",,,0","","","1.23",",0","7.15",",,,0","-4.69",",,,0"
"USC00062658","1980-04","41.95","-73.36667","167.6","FALLS VILLAGE, CT US","0.0","0","0.0",",0","13","2,0","4","2,0","1","2,0","","","","","0",",0","13",",0","0",",0","3",",0","0",",0","","","1","","-3.9",",0,18,+","","","","","44.2","2,,0,10,","23.9",",0,20,","3548.0","0","282.2",",0","88.3","2,,,0","","","8.93",",0","15.98",",,,0","1.87",",,,0"
"USC00062658","1980-05","41.95","-73.36667","167.6","FALLS VILLAGE, CT US","9.1","0","9.1",",0","9",",0","3",",0","0",",0","0",",0","0",",0","0",",0","1",",0","0",",0","24",",0","0",",0","","","4","","-0.6",",0,10,","0",",,0,31,+","0",",,0,31,+","10.9",",,0,22,","31.7",",0,23,","3646.3","0","98.3",",0","29.2",",,,0","0",",,,0","15.46",",0","24.11",",,,0","6.81",",,,0"
"USC00062658","1980-06","41.95","-73.36667","167.6","FALLS VILLAGE, CT US","36.3","0","27.2",",0","12",",0","5",",0","2",",0","0",",0","0",",0","0",",0","1",",0","0",",0","24",",0","2",",0","","","1","","0.0",",0,09,","0",",,0,30,+","0",",,0,30,+","61.7",",,0,30,","33.3",",0,25,","3717.6","0","71.3",",0","120.6",",,,0","0",",,,0","16.86",",0","25.15",",,,0","8.58",",,,0"
"USC00062658","1980-07","41.95","-73.36667","167.6","FALLS VILLAGE, CT US","150.2","0","113.9",",0","8",",0","5",",0","0",",0","0",",0","0",",0","0",",0","0",",0","0",",0","31",",0","7",",0","","","3","","7.2",",0,07,","0",",,0,31,+","0",",,0,31,+","15.2",",,0,06,","36.1",",0,21,","3.1","0","3.1",",0","45.4",",,,0","0",",,,0","21.91",",0","29.90",",,,0","13.92",",,,0"
"USC00062658","1980-08","41.95","-73.36667","167.6","FALLS VILLAGE, CT US","268.8","0","118.6",",0","9",",0","7",",0","0",",0","0",",0","0",",0","0",",0","0",",0","0",",0","31",",0","6",",0","","","3","","7.8",",0,17,","0",",,0,31,+","0",",,0,31,+","15.2",",,0,11,","33.3",",0,08,","4.8","0","1.7",",0","59.8",",,,0","0",",,,0","22.11",",0","29.03",",,,0","15.19",",,,0"
"USC00062658","1980-09","41.95","-73.36667","167.6","FALLS VILLAGE, CT US","323.1","0","54.3",",0","7",",0","3",",0","1",",0","0",",0","0",",0","0",",0","0",",0","0",",0","25",",0","3",",0","","","2","","0.6",",0,28,","0",",,0,30,+","0",",,0,30,+","46.2",",,0,18,","33.9",",0,02,","70.0","0","65.2",",0","72.3",",,,0","0",",,,0","17.97",",0","25.25",",,,0","10.69",",,,0"
"USC00062658","1980-10","41.95","-73.36667","167.6","FALLS VILLAGE, CT US","323.9","0","0.8",",0","9",",0","7",",0","1",",0","0",",0","0",",0","0",",0","11",",0","0",",0","5",",0","0",",0","","","","","-7.2",",0,24,","0",",,0,31,+","0",",,0,31,+","37.8",",,0,26,","27.2",",0,17,","361.7","0","291.7",",0","78.3",",,,0","0",",,,0","8.95",",0","15.20",",,,0","2.70",",,,0"
"USC00062658","1980-11","41.95","-73.36667","167.6","FALLS VILLAGE, CT US","323.9","0","0.0",",0","11",",0","9",",0","0",",0","","","1",",0","0",",0","23",",0","0",",0","0",",0","0",",0","","","","","-11.1",",0,21,","","","203",",,0,18,","24.1",",,0,18,","16.7",",0,07,","839.4","0","477.7",",0","83.2",",,,0","203",",,,0","2.41",",0","7.45",",,,0","-2.63",",,,0"
"USC00062658","1980-12","41.95","-73.36667","167.6","FALLS VILLAGE, CT US","323.9","0","0.0",",0","9",",0","3",",0","0",",0","","","","","6",",0","30",",0","12",",0","0",",0","0",",0","","","","","-26.7",",0,26,","","","","","6.6",",,0,03,","14.4",",0,02,","1541.7","0","702.3",",0","21.6",",,,0","","","-4.32",",0","2.25",",,,0","-10.90",",,,0"
"USC00062658","1981-01","41.95","-73.36667","167.6","FALLS VILLAGE, CT US","0.0","0","0.0","2,0","8",",0","1",",0","0",",0","","","","","11","1,0","30","1,0","20","1,0","0","1,0","0","1,0","","","","","-31.7","1,0,12,","","","","","17.0",",,0,07,","7.2","1,0,27,","2332.8","0","791.1","1,0","23.2",",,,0","","","-8.99","2,0","-2.21","1,,,0","-15.78","1,,,0"
"USC00062658","1981-02","41.95","-73.36667","167.6","FALLS VILLAGE, CT US","0.0","0","0.0",",0","17",",0","12",",0","3",",0","","","","","4",",0","21",",0","4",",0","0",",0","0",",0","","","","","-20.6",",0,06,+","","","","","39.6",",,0,12,","18.3",",0,18,","2837.0","0","504.2",",0","207.2",",,,0","","","0.33",",0","7.08",",,,0","-6.43",",,,0"
"USC00062658","1981-03","41.95","-73.36667","167.6","FALLS VILLAGE, CT US","0.0","0","0.0",",0","7",",0","1",",0","0",",0","","","","","0",",0","29",",0","1",",0","2",",0","0",",0","","","","","-13.3",",0,20,","","","","","3.3",",,0,31,","25.0",",0,29,","3353.9","0","516.9",",0","10.2",",,,0","","","1.66",",0","7.89",",,,0","-4.57",",,,0"
"USC00062658","1981-04","41.95","-73.36667","167.6","FALLS VILLAGE, CT US","0.0","0","0.0",",0","11",",0","8",",0","0",",0","0",",0","0",",0","0",",0","12",",0","0",",0","7",",0","0",",0","","","1","","-7.2",",0,07,","0",",,0,30,+","0",",,0,30,+","19.6",",,0,30,","25.0",",0,03,","3617.0","0","263.1",",0","89.8",",,,0","0",",,,0","9.56",",0","16.93",",,,0","2.20",",,,0"
"USC00062658","1981-05","41.95","-73.36667","167.6","FALLS VILLAGE, CT US","25.7","0","25.7",",0","10",",0","7",",0","1",",0","0",",0","0",",0","0",",0","5",",0","0",",0","20",",0","0",",0","","","4","","-2.2",",0,09,","0",",,0,31,+","0",",,0,31,+","43.9",",,0,12,","31.7",",0,25,","3744.4","0","127.4",",0","96.8",",,,0","0",",,,0","15.05",",0","23.25",",,,0","6.85",",,,0"
"USC00062658","1981-06","41.95","-73.36667","167.6","FALLS VILLAGE, CT US","83.1","0","57.4",",0","14",",0","10",",0","1",",0","0",",0","0",",0","0",",0","0",",0","0",",0","29",",0","1",",0","","","2","","5.0",",0,01,","0",",,0,30,+","0",",,0,30,+","26.4",",,0,23,","34.4",",0,16,","3761.6","0","17.2",",0","136.0",",,,0","0",",,,0","19.67",",0","27.05",",,,0","12.29",",,,0"
"USC00062658","1981-07","41.95","-73.36667","167.6","FALLS VILLAGE, CT US","192.3","0","109.2","1,0","14",",0","10",",0","0",",0","0",",0","0",",0","0",",0","0",",0","0","1,0","30","1,0","6","1,0","","","2","","8.9",",0,24,","0",",,0,31,+","0",",,0,31,+","17.0",",,0,21,","33.9","1,0,09,","2.2","0","2.2","1,0","76.3",",,,0","0",",,,0","21.85","1,0","28.78","1,,,0","14.93",",,,0"
"USC00062658","1981-08","41.95","-73.36667","167.6","FALLS VILLAGE, CT US","272.1","0","79.8",",0","5",",0","2",",0","0",",0","0",",0","0",",0","0",",0","0",",0","0",",0","31",",0","0",",0","","","2","","4.4",",0,17,","0",",,0,31,+","0",",,0,31,+","11.9",",,0,12,","31.7",",0,10,","17.2","0","15.0",",0","18.0",",,,0","0",",,,0","20.42",",0","27.82",",,,0","13.02",",,,0"
"USC00062658","1981-09","41.95","-73.36667","167.6","FALLS VILLAGE, CT US","288.8","0","16.7",",0","14",",0","9",",0","0",",0","0",",0","0",",0","0",",0","0",",0","0",",0","19",",0","0",",0","","","3","","1.7",",0,30,","0",",,0,30,+","0",",,0,30,+","18.8",",,0,09,","28.9",",0,14,","100.7","0","83.5",",0","67.7",",,,0","0",",,,0","16.11",",0","22.11",",,,0","10.11",",,,0"
"USC00062658","1981-10","41.95","-73.36667","167.6","FALLS VILLAGE, CT US","288.8","0","0.0",",0","12",",0","10",",0","2",",0","0",",0","0",",0","0",",0","14",",0","0",",0","2",",0","0",",0","","","1","","-5.6",",0,25,","0",",,0,31,+","0",",,0,31,+","29.0",",,0,24,","21.1",",0,22,+","411.2","0","310.5",",0","120.3",",,,0","0",",,,0","8.32",",0","15.00",",,,0","1.63",",,,0"
"USC00062658","1981-11","41.95","-73.36667","167.6","FALLS VILLAGE, CT US","288.8","0","0.0",",0","12",",0","5",",0","0",",0","0",",0","0",",0","0",",0","16",",0","1",",0","0",",0","0",",0","","","","","-9.4",",0,25,+","0",",,0,30,+","0",",,0,30,+","17.0",",,0,18,","18.9",",0,05,+","827.0","0","415.8",",0","53.7",",,,0","0",",,,0","4.47",",0","9.53",",,,0","-0.58",",,,0"
"USC00062658","1981-12","41.95","-73.36667","167.6","FALLS VILLAGE, CT US","288.8","0","0.0",",0","13",",0","8",",0","2",",0","","","6",",0","3",",0","30",",0","7",",0","0",",0","0",",0","","","","","-21.1",",0,21,","","","254",",,0,16,","34.0",",,0,16,","8.9",",0,23,","1472.1","0","645.1",",0","104.1",",,,0","558",",,,0","-2.48",",0","1.94",",,,0","-6.89",",,,0"
"USC00062658","1982-01","41.95","-73.36667","167.6","FALLS VILLAGE, CT US","0.0","0","0.0","1,0","16",",0","6",",0","0",",0","","","","","14",",0","31",",0","20","1,0","0","1,0","0","1,0","","","","","-27.8",",0,19,+","","","","","23.1",",,0,05,","12.2","1,0,05,+","2283.9","0","811.8","1,0","85.2",",,,0","","","-8.87","1,0","-2.23","1,,,0","-15.52",",,,0"
"USC00062658","1982-02","41.95","-73.36667","167.6","FALLS VILLAGE, CT US","0.0","0","0.0",",0","7",",0","6",",0","2",",0","","","","","2",",0","28",",0","10",",0","0",",0","0",",0","2","","","","-22.2",",0,12,+","","","","","33.3",",,0,01,","10.0",",0,15,","2891.5","0","607.6",",0","107.0",",,,0","","","-3.37",",0","2.38",",,,0","-9.11",",,,0"
"USC00062658","1982-03","41.95","-73.36667","167.6","FALLS VILLAGE, CT US","0.0","0","0.0",",0","11",",0","6",",0","0",",0","","","5",",0","1",",0","27",",0","2",",0","0",",0","0",",0","1","","1","","-17.8",",0,04,","","","51",",,0,05,","20.8",",,0,08,","18.9",",0,30,","3429.4","0","537.9",",0","58.2",",,,0","151",",,,0","0.98",",0","7.58",",,,0","-5.62",",,,0"
"USC00062658","1982-04","41.95","-73.36667","167.6","FALLS VILLAGE, CT US","0.0","0","0.0","1,0","11",",0","7",",0","3",",0","","","0","2,0","0","1,0","19","1,0","1",",0","8",",0","0",",0","","","","","-11.7","1,0,08,","","","0","2,,0,30,+","29.7",",,0,27,","26.7",",0,25,","3765.8","0","336.4",",0","127.1",",,,0","0","2,,,0","6.64","1,0","14.48",",,,0","-1.20","1,,,0"
"USC00062658","1982-05","41.95","-73.36667","167.6","FALLS VILLAGE, CT US","10.5","0","10.5",",0","9",",0","4",",0","1",",0","0",",0","0",",0","0",",0","2",",0","0",",0","25",",0","0",",0","1","","2","","-2.2",",0,05,","0",",,0,31,+","0",",,0,31,+","30.0",",,0,29,","29.4",",0,27,","3864.8","0","99.0",",0","58.2",",,,0","0",",,,0","15.48",",0","23.35",",,,0","7.61",",,,0"
"USC00062658","1982-06","41.95","-73.36667","167.6","FALLS VILLAGE, CT US","34.1","0","23.6",",0","19",",0","11",",0","3",",0","0",",0","0",",0","0",",0","0",",0","0",",0","26",",0","0",",0","1","","2","","5.0",",0,03,","0",",,0,30,+","0",",,0,30,+","53.8",",,0,06,","29.4",",0,28,","3911.2","0","46.4",",0","185.4",",,,0","0",",,,0","17.57",",0","24.19",",,,0","10.96",",,,0"
"USC00062658","1982-07","41.95","-73.36667","167.6","FALLS VILLAGE, CT US","131.6","0","97.5",",0","6",",0","4",",0","1",",0","0",",0","0",",0","0",",0","0",",0","0",",0","31",",0","5",",0","","","","","4.4",",0,02,","0",",,0,31,+","0",",,0,31,+","25.9",",,0,20,","35.0",",0,18,","12.5","0","12.5",",0","82.5",",,,0","0",",,,0","21.07",",0","29.23",",,,0","12.92",",,,0"
"USC00062658","1982-08","41.95","-73.36667","167.6","FALLS VILLAGE, CT US","180.9","0","49.3","1,0","8",",0","4",",0","0",",0","0",",0","0",",0","0",",0","0",",0","0","1,0","29","1,0","0","1,0","","","2","","1.1",",0,22,","0",",,0,31,+","0",",,0,31,+","20.1",",,0,26,","30.0","1,0,08,","41.4","0","28.9","1,0","44.0",",,,0","0",",,,0","19.01","1,0","26.35","1,,,0","11.68",",,,0"
"USC00062658","1982-09","41.95","-73.36667","167.6","FALLS VILLAGE, CT US","202.8","0","21.9",",0","10",",0","7",",0","0",",0","0",",0","0",",0","0",",0","0",",0","0",",0","23",",0","0",",0","","","1","","1.1",",0,20,","0",",,0,30,+","0",",,0,30,+","13.2",",,0,03,","31.1",",0,12,","119.7","0","78.3",",0","54.6",",,,0","0",",,,0","16.45",",0","23.93",",,,0","8.98",",,,0"
"USC00062658","1982-10","41.95","-73.36667","167.6","FALLS VILLAGE, CT US","202.8","0","0.0","2,0","7",",0","6",",0","1",",0","0",",0","0",",0","0","1,0","12","1,0","0","1,0","10","1,0","0","1,0","","","","","-8.3","1,0,23,","0",",,0,31,+","0",",,0,31,+","134.6",",,0,26,","26.1","1,0,06,","382.1","0","262.4","1,0","174.4",",,,0","0",",,,0","9.41","2,0","17.34","1,,,0","1.48","1,,,0"
"USC00062658","1982-11","41.95","-73.36667","167.6","FALLS VILLAGE, CT US","202.8","0","0.0",",0","13",",0","5",",0","1",",0","0",",0","0",",0","0",",0","18",",0","0",",0","5",",0","0",",0","","","","","-12.8",",0,28,","0",",,0,30,+","0",",,0,30,+","33.5",",,0,13,","27.2",",0,02,","768.4","0","386.3",",0","82.5",",,,0","0",",,,0","5.46",",0","12.62",",,,0","-1.71",",,,0"
"USC00062658","1982-12","41.95","-73.36667","167.6","FALLS VILLAGE, CT US","202.8","0","0.0",",0","15",",0","4",",0","1",",0","","","","","3",",0","25",",0","6",",0","0",",0","0",",0","3","","","","-20.0",",0,14,","","","","","26.7",",,0,17,","19.4",",0,06,","1315.9","0","547.5",",0","49.4",",,,0","","","0.67",",0","6.88",",,,0","-5.54",",,,0"
"USC00062658","1983-01","41.95","-73.36667","167.6","FALLS VILLAGE, CT US","0.0","0","0.0",",0","8",",0","5",",0","2",",0","","","0","3,0","5",",0","30",",0","11",",0","0",",0","0",",0","","","","","-23.9",",0,20,","","","0","3,,0,31,+","35.1",",,0,11,","13.3",",0,11,","2014.2","0","698.3",",0","101.1",",,,0","0","3,,,0","-4.19",",0","1.94",",,,0","-10.33",",,,0"
"USC00062658","1983-02","41.95","-73.36667","167.6","FALLS VILLAGE, CT US","0.0","0","0.0",",0","7",",0","6",",0","2",",0","","","","","4",",0","26",",0","8",",0","0",",0","0",",0","1","","","","-23.9",",0,10,","","","","","28.4",",,0,12,","13.3",",0,03,","2592.9","0","578.7",",0","81.3",",,,0","","","-2.34",",0","3.93",",,,0","-8.60",",,,0"
"USC00062658","1983-03","41.95","-73.36667","167.6","FALLS VILLAGE, CT US","0.0","0","0.0",",0","16",",0","12",",0","1",",0","0",",0","0",",0","0",",0","23",",0","1",",0","0",",0","0",",0","","","","","-9.4",",0,25,","0",",,0,31,+","0",",,0,31,+","26.9",",,0,28,","15.0",",0,19,+","3065.8","0","472.9",",0","138.2",",,,0","0",",,,0","3.08",",0","8.27",",,,0","-2.12",",,,0"
"USC00062658","1983-04","41.95","-73.36667","167.6","FALLS VILLAGE, CT US","0.6","0","0.6",",0","15",",0","11",",0","4",",0","0",",0","0",",0","0",",0","13",",0","0",",0","4",",0","0",",0","","","","","-6.7",",0,02,","0",",,0,30,+","0",",,0,30,+","53.3",",,0,17,","27.8",",0,28,","3369.7","0","303.9",",0","204.6",",,,0","0",",,,0","8.22",",0","14.44",",,,0","2.01",",,,0"
"USC00062658","1983-05","41.95","-73.36667","167.6","FALLS VILLAGE, CT US","4.0","0","3.4","1,0","19",",0","14",",0","0",",0","0",",0","0",",0","0",",0","4",",0","0","1,0","15","1,0","0","1,0","","","2","","-2.8",",0,18,","0",",,0,31,+","0",",,0,31,+","18.3",",,0,16,","26.1","1,0,23,","3516.6","0","146.9","1,0","119.8",",,,0","0",",,,0","13.52","1,0","20.48","1,,,0","6.56",",,,0"
"USC00062658","1983-06","41.95","-73.36667","167.6","FALLS VILLAGE, CT US","70.7","0","66.7","1,0","8",",0","7",",0","1",",0","0",",0","0",",0","0",",0","0",",0","0","1,0","28","1,0","6","1,0","","","","","2.2",",0,10,","0",",,0,30,+","0",",,0,30,+","29.2",",,0,29,","33.3","1,0,27,","3539.4","0","22.8","1,0","102.6",",,,0","0",",,,0","19.75","1,0","27.90","1,,,0","11.60",",,,0"
"USC00062658","1983-07","41.95","-73.36667","167.6","FALLS VILLAGE, CT US","195.4","0","124.7",",0","8",",0","4",",0","0",",0","0",",0","0",",0","0",",0","0",",0","0",",0","31",",0","11",",0","2","","3","","6.7",",0,11,","0",",,0,31,+","0",",,0,31,+","19.3",",,0,06,","33.9",",0,04,","3.0","0","3.0",",0","35.4",",,,0","0",",,,0","22.26",",0","29.89",",,,0","14.62",",,,0"
"USC00062658","1983-08","41.95","-73.36667","167.6","FALLS VILLAGE, CT US","297.6","0","102.2","2,0","12",",0","10",",0","1",",0","0",",0","0",",0","0",",0","0",",0","0","2,0","28","2,0","5","2,0","","","","","6.7",",0,15,","0",",,0,31,+","0",",,0,31,+","25.4",",,0,05,","33.3","2,0,08,+","8.0","0","5.0","2,0","96.4",",,,0","0",",,,0","21.64","2,0","29.13","2,,,0","14.14",",,,0"
"USC00062658","1983-09","41.95","-73.36667","167.6","FALLS VILLAGE, CT US","353.9","0","56.3",",0","5",",0","2",",0","1",",0","0",",0","0",",0","0",",0","0",",0","0",",0","25",",0","6",",0","","","","","1.7",",0,29,+","0",",,0,30,+","0",",,0,30,+","37.6",",,0,22,","34.4",",0,11,","85.0","0","77.0",",0","47.3",",,,0","0",",,,0","17.65",",0","25.56",",,,0","9.73",",,,0"
"USC00062658","1983-10","41.95","-73.36667","167.6","FALLS VILLAGE, CT US","359.2","0","5.3",",0","10",",0","6",",0","0",",0","0",",0","0",",0","0",",0","7",",0","0",",0","8",",0","0",",0","2","","2","","-7.2",",0,31,","0",",,0,31,+","0",",,0,31,+","21.6",",,0,24,","27.2",",0,05,","325.3","0","240.3",",0","83.9",",,,0","0",",,,0","10.75",",0","16.90",",,,0","4.61",",,,0"
"USC00062658","1983-11","41.95","-73.36667","167.6","FALLS VILLAGE, CT US","359.2","0","0.0","1,0","14",",0","9",",0","2",",0","0",",0","0",",0","0",",0","19",",0","0","1,0","0","1,0","0","1,0","","","","","-7.2",",0,14,","0",",,0,30,+","0",",,0,30,+","29.5",",,0,25,","20.0","1,0,09,","719.7","0","394.4","1,0","125.0",",,,0","0",",,,0","4.68","1,0","10.00","1,,,0","-0.65",",,,0"
"USC00062658","1983-12","41.95","-73.36667","167.6","FALLS VILLAGE, CT US","359.2","0","0.0","3,0","13",",0","7",",0","2",",0","","","3","1,0","2","2,0","27","2,0","10","1,0","0","1,0","0","1,0","","","","","-22.8","2,0,26,","","","51","1,,0,25,+","31.8",",,0,14,","10.6","1,0,15,","1298.6","0","578.9","1,0","137.0",",,,0","132","1,,,0","-2.48","3,0","2.37","1,,,0","-7.34","2,,,0"
"USC00062658","1984-01","41.95","-73.36667","167.6","FALLS VILLAGE, CT US","0.0","0","0.0","2,0","13",",0","5",",0","0",",0","","","10",",0","8",",0","30",",0","17","2,0","0","2,0","0","2,0","2","","","","-30.6",",0,22,","","","152",",,0,11,","15.5",",,0,25,","12.2","2,0,27,","2011.8","0","713.2","2,0","45.8",",,,0","633",",,,0","-6.16","2,0","0.02","2,,,0","-12.34",",,,0"
"USC00062658","1984-02","41.95","-73.36667","167.6","FALLS VILLAGE, CT US","0.0","0","0.0",",0","14",",0","9",",0","0",",0","","","1","2,0","1",",0","22",",0","4",",0","0",",0","0",",0","5","","","","-23.9",",0,02,","","","102","2,,0,06,","15.0",",,0,29,","16.1",",0,25,","2506.3","0","494.5",",0","91.5",",,,0","102","2,,,0","1.28",",0","6.40",",,,0","-3.83",",,,0"
"USC00062658","1984-03","41.95","-73.36667","167.6","FALLS VILLAGE, CT US","0.0","0","0.0",",0","12",",0","7",",0","1",",0","","","3","3,0","1",",0","27",",0","7",",0","0",",0","0",",0","","","1","","-20.6",",0,10,","","","178","3,,0,30,","41.9",",,0,14,","15.0",",0,16,","3107.9","0","601.6",",0","100.1",",,,0","381","3,,,0","-1.07",",0","4.03",",,,0","-6.18",",,,0"
"USC00062658","1984-04","41.95","-73.36667","167.6","FALLS VILLAGE, CT US","0.0","0","0.0",",0","13",",0","10",",0","1",",0","0","1,0","0",",0","0",",0","9",",0","0",",0","4",",0","0",",0","","","1","","-6.7",",0,01,","0","1,,0,30,+","0",",,0,30,+","29.5",",,0,06,","25.6",",0,30,+","3418.6","0","310.7",",0","98.8",",,,0","0",",,,0","7.98",",0","14.04",",,,0","1.91",",,,0"
"USC00062658","1984-05","41.95","-73.36667","167.6","FALLS VILLAGE, CT US","5.2","0","5.2",",0","14",",0","11",",0","3",",0","0",",0","0",",0","0",",0","4",",0","0",",0","12",",0","0",",0","2","","3","","-1.7",",0,18,","0",",,0,31,+","0",",,0,31,+","96.0",",,0,30,","29.4",",0,26,","3589.9","0","171.3",",0","297.0",",,,0","0",",,,0","12.98",",0","20.16",",,,0","5.80",",,,0"
"USC00062658","1984-06","41.95","-73.36667","167.6","FALLS VILLAGE, CT US","82.7","0","77.5","1,0","8",",0","5",",0","0",",0","0",",0","0",",0","0",",0","0",",0","0","1,0","26","1,0","6","1,0","","","3","","3.3",",0,01,","0",",,0,30,+","0",",,0,30,+","9.7",",,0,02,","34.4","1,0,08,","3616.4","0","26.5","1,0","41.0",",,,0","0",",,,0","20.12","1,0","27.61","1,,,0","12.63",",,,0"
"USC00062658","1984-07","41.95","-73.36667","167.6","FALLS VILLAGE, CT US","184.0","0","101.3",",0","13",",0","9",",0","1",",0","0",",0","0",",0","0",",0","0",",0","0",",0","31",",0","2",",0","","","5","","8.3",",0,26,","0",",,0,31,+","0",",,0,31,+","39.4",",,0,07,","32.2",",0,15,+","1.7","0","1.7",",0","116.9",",,,0","0",",,,0","21.55",",0","27.73",",,,0","15.36",",,,0"
"USC00062658","1984-08","41.95","-73.36667","167.6","FALLS VILLAGE, CT US","302.4","0","118.4",",0","10",",0","5",",0","0",",0","0",",0","0",",0","0",",0","0",",0","0",",0","31",",0","1",",0","","","3","","7.8",",0,21,","0",",,0,31,+","0",",,0,31,+","20.3",",,0,17,+","32.2",",0,04,","5.6","0","3.9",",0","85.2",",,,0","0",",,,0","22.03",",0","28.07",",,,0","15.98",",,,0"
"USC00062658","1984-09","41.95","-73.36667","167.6","FALLS VILLAGE, CT US","317.5","0","15.1",",0","8",",0","5",",0","0",",0","0",",0","0",",0","0",",0","0",",0","0",",0","20",",0","0",",0","4","","","","1.7",",0,27,+","0",",,0,30,+","0",",,0,30,+","12.7",",,0,04,","28.9",",0,25,","109.9","0","104.3",",0","38.3",",,,0","0",",,,0","15.36",",0","22.49",",,,0","8.23",",,,0"
"USC00062658","1984-10","41.95","-73.36667","167.6","FALLS VILLAGE, CT US","318.0","0","0.5",",0","11",",0","4",",0","0",",0","0",",0","0",",0","0",",0","4",",0","0",",0","11",",0","0",",0","","","1","","-5.6",",0,06,","0",",,0,31,+","0",",,0,31,+","22.4",",,0,23,","23.9",",0,20,+","290.0","0","180.1",",0","57.1",",,,0","0",",,,0","12.54",",0","18.81",",,,0","6.27",",,,0"
"USC00062658","1984-11","41.95","-73.36667","167.6","FALLS VILLAGE, CT US","318.0","0","0.0","1,0","10",",0","7",",0","1",",0","0",",0","0",",0","0","1,0","19","1,0","0",",0","0",",0","0",",0","","","","","-8.9","1,0,23,","0",",,0,30,+","0",",,0,30,+","27.7",",,0,12,","18.3",",0,10,","686.6","0","396.6",",0","70.8",",,,0","0",",,,0","4.62","1,0","10.63",",,,0","-1.39","1,,,0"
"USC00062658","1984-12","41.95","-73.36667","167.6","FALLS VILLAGE, CT US","318.0","0","0.0",",0","13",",0","5",",0","0",",0","4",",0","1",",0","0",",0","24",",0","2",",0","1",",0","0",",0","","","1","","-12.2",",0,08,","76",",,0,06,","76",",,0,06,","14.5",",,0,22,","21.7",",0,29,","1193.5","0","506.9",",0","50.2",",,,0","97",",,,0","1.98",",0","7.17",",,,0","-3.21",",,,0"
"USC00062658","1985-01","41.95","-73.36667","167.6","FALLS VILLAGE, CT US","0.0","0","0.0",",0","10",",0","3",",0","0",",0","","","7","3,0","1",",0","30",",0","20",",0","0",",0","0",",0","1","","","","-19.4",",0,21,","","","51","3,,0,31,+","3.3",",,0,18,","12.8",",0,02,","1944.2","0","750.7",",0","17.8",",,,0","292","3,,,0","-5.88",",0","-0.94",",,,0","-10.83",",,,0"
"USC00062658","1985-02","41.95","-73.36667","167.6","FALLS VILLAGE, CT US","0.0","0","0.0",",0","9",",0","4",",0","1",",0","","","3",",0","3",",0","26",",0","10",",0","1",",0","0",",0","1","","","","-26.1",",0,04,","","","102",",,0,02,","41.9",",,0,13,","21.1",",0,24,","2512.7","0","568.5",",0","61.4",",,,0","199",",,,0","-1.97",",0","4.23",",,,0","-8.17",",,,0"
"USC00062658","1985-03","41.95","-73.36667","167.6","FALLS VILLAGE, CT US","0.0","0","0.0",",0","6",",0","4",",0","0",",0","1",",0","0","1,0","0",",0","23",",0","1",",0","2",",0","0",",0","","","","","-12.8",",0,07,","25",",,0,05,","0","1,,0,31,+","16.8",",,0,13,","22.8",",0,28,","2957.7","0","445.0",",0","47.2",",,,0","0","1,,,0","3.98",",0","10.64",",,,0","-2.69",",,,0"
"USC00062658","1985-04","41.95","-73.36667","167.6","FALLS VILLAGE, CT US","0.0","0","0.0",",0","11",",0","7",",0","0",",0","0",",0","0",",0","0",",0","11",",0","0",",0","7",",0","0",",0","","","2","","-6.1",",0,10,","0",",,0,30,+","0",",,0,30,+","21.6",",,0,08,","28.9",",0,30,+","3209.9","0","252.2",",0","56.0",",,,0","0",",,,0","9.93",",0","16.69",",,,0","3.16",",,,0"
"USC00062658","1985-05","41.95","-73.36667","167.6","FALLS VILLAGE, CT US","14.2","0","14.2","1,0","12",",0","10",",0","0",",0","0",",0","0",",0","0",",0","2",",0","0","1,0","20","1,0","0","1,0","","","2","","-2.8",",0,09,","0",",,0,31,+","0",",,0,31,+","14.0",",,0,03,","30.6","1,0,11,","3301.7","0","91.8","1,0","98.4",",,,0","0",",,,0","15.87","1,0","23.37","1,,,0","8.36",",,,0"
"USC00062658","1985-06","41.95","-73.36667","167.6","FALLS VILLAGE, CT US","36.2","0","22.0",",0","18",",0","11",",0","1",",0","0",",0","0",",0","0",",0","0",",0","0",",0","24",",0","0",",0","1","","5","","4.4",",0,15,+","0",",,0,30,+","0",",,0,30,+","31.0",",,0,29,","27.8",",0,23,+","3346.1","0","44.4",",0","142.3",",,,0","0",",,,0","17.59",",0","24.10",",,,0","11.07",",,,0"
"USC00062658","1985-07","41.95","-73.36667","167.6","FALLS VILLAGE, CT US","136.1","0","99.9",",0","9",",0","6",",0","3",",0","0",",0","0",",0","0",",0","0",",0","0",",0","31",",0","0",",0","","","6","","7.8",",0,24,","0",",,0,31,+","0",",,0,31,+","47.2",",,0,15,","31.1",",0,21,+","0.8","0","0.8",",0","158.3",",,,0","0",",,,0","21.53",",0","28.40",",,,0","14.66",",,,0"
"USC00062658","1985-08","41.95","-73.36667","167.6","FALLS VILLAGE, CT US","214.9","0","78.8",",0","12",",0","6",",0","2",",0","0",",0","0",",0","0",",0","0",",0","0",",0","30",",0","2",",0","","","3","","8.9",",0,24,+","0",",,0,31,+","0",",,0,31,+","58.4",",,0,01,","32.2",",0,15,+","6.1","0","5.3",",0","154.7",",,,0","0",",,,0","20.70",",0","27.09",",,,0","14.32",",,,0"
"USC00062658","1985-09","41.95","-73.36667","167.6","FALLS VILLAGE, CT US","253.8","0","38.9",",0","10",",0","6",",0","1",",0","0",",0","0",",0","0",",0","0",",0","0",",0","23",",0","0",",0","","","2","","2.2",",0,13,","0",",,0,30,+","0",",,0,30,+","72.4",",,0,28,","30.6",",0,06,+","68.6","0","62.5",",0","119.0",",,,0","0",",,,0","17.55",",0","23.92",",,,0","11.17",",,,0"
"USC00062658","1985-10","41.95","-73.36667","167.6","FALLS VILLAGE, CT US","253.8","0","0.0","1,0","12",",0","5",",0","0",",0","0",",0","0",",0","0",",0","10",",0","0","1,0","9","1,0","0","1,0","","","1","","-3.9",",0,30,+","0",",,0,31,+","0",",,0,31,+","16.8",",,0,04,","23.9","1,0,01,","282.5","0","213.9","1,0","62.9",",,,0","0",",,,0","11.10","1,0","17.99","1,,,0","4.22",",,,0"
"USC00062658","1985-11","41.95","-73.36667","167.6","FALLS VILLAGE, CT US","253.8","0","0.0",",0","15",",0","10",",0","1",",0","0",",0","0",",0","0",",0","14",",0","0",",0","1",",0","0",",0","","","","","-5.6",",0,01,","0",",,0,30,+","0",",T,0,17,","27.7",",,0,17,","22.8",",0,20,","658.9","0","376.4",",0","129.6",",,,0","0",",T,,0","5.79",",0","10.19",",,,0","1.39",",,,0"
"USC00062658","1985-12","41.95","-73.36667","167.6","FALLS VILLAGE, CT US","253.8","0","0.0","2,0","9",",0","4",",0","0",",0","","","","","3","2,0","26","2,0","7",",0","0",",0","0",",0","","","","","-18.9","2,0,20,","","","","","14.0",",,0,14,","12.2",",0,02,","1282.5","0","623.6",",0","44.0",",,,0","","","-3.18","2,0","1.73",",,,0","-8.09","2,,,0"
"USC00062658","1986-01","41.95","-73.36667","167.6","FALLS VILLAGE, CT US","0.0","0","0.0",",0","7",",0","4",",0","2",",0","","","1","1,0","5",",0","29",",0","11",",0","0",",0","0",",0","","","","","-19.4",",0,15,","","","102","1,,0,05,","37.6",",,0,26,","12.8",",0,18,","1964.0","0","681.5",",0","90.2",",,,0","102","1,,,0","-3.65",",0","2.24",",,,0","-9.54",",,,0"
"USC00062658","1986-02","41.95","-73.36667","167.6","FALLS VILLAGE, CT US","0.0","0","0.0","1,0","9",",0","8",",0","0",",0","","","","","0","1,0","25","1,0","14","1,0","0","1,0","0","1,0","","","","","-17.2","1,0,14,","","","","","16.0",",,0,19,","5.0","1,0,02,","2557.8","0","593.8","1,0","74.1",",,,0","","","-3.66","1,0","0.74","1,,,0","-8.06","1,,,0"
"USC00062658","1986-03","41.95","-73.36667","167.6","FALLS VILLAGE, CT US","0.0","0","0.0",",0","9",",0","8",",0","1",",0","3",",0","0",",0","0",",0","21",",0","2",",0","4",",0","0",",0","","","2","","-16.7",",0,08,","25",",,0,03,+","0",",,0,31,+","39.9",",,0,15,","27.8",",0,30,","3041.0","0","483.2",",0","84.7",",,,0","0",",,,0","2.75",",0","9.63",",,,0","-4.14",",,,0"
"USC00062658","1986-04","41.95","-73.36667","167.6","FALLS VILLAGE, CT US","0.0","0","0.0",",0","14",",0","4",",0","0",",0","0",",0","0",",0","0",",0","14",",0","0",",0","7",",0","0",",0","","","1","","-6.1",",0,13,","0",",T,0,24,","0",",T,0,24,","11.9",",,0,24,","27.8",",0,29,","3301.5","0","260.5",",0","40.6",",,,0","0",",T,,0","9.65",",0","17.23",",,,0","2.07",",,,0"
"USC00062658","1986-05","41.95","-73.36667","167.6","FALLS VILLAGE, CT US","28.1","0","28.1",",0","10",",0","6",",0","0",",0","0",",0","0",",0","0",",0","2",",0","0",",0","25",",0","1",",0","1","","2","","-3.9",",0,04,","0",",,0,31,+","0",",,0,31,+","20.6",",,0,17,","32.2",",0,30,","3393.2","0","91.7",",0","55.1",",,,0","0",",,,0","16.28",",0","24.51",",,,0","8.05",",,,0"
"USC00062658","1986-06","41.95","-73.36667","167.6","FALLS VILLAGE, CT US","66.4","0","38.3","1,0","13",",0","11",",0","2",",0","0",",0","0",",0","0",",0","0",",0","0","1,0","26","1,0","0","1,0","3","","6","","1.1",",0,03,","0",",,0,30,+","0",",,0,30,+","105.4",",,0,06,","31.1","1,0,01,","3427.8","0","34.6","1,0","224.3",",,,0","0",",,,0","18.46","1,0","25.94","1,,,0","10.98",",,,0"
"USC00062658","1986-07","41.95","-73.36667","167.6","FALLS VILLAGE, CT US","177.2","0","110.8",",0","12",",0","9",",0","3",",0","0",",0","0",",0","0",",0","0",",0","0",",0","29",",0","3",",0","","","2","","6.7",",0,04,+","0",",,0,31,+","0",",,0,31,+","37.3",",,0,03,","33.9",",0,06,","8.5","0","8.5",",0","163.3",",,,0","0",",,,0","21.63",",0","27.73",",,,0","15.54",",,,0"
"USC00062658","1986-08","41.95","-73.36667","167.6","FALLS VILLAGE, CT US","244.7","0","67.5",",0","12",",0","11",",0","2",",0","0",",0","0",",0","0",",0","0",",0","0",",0","30",",0","0",",0","","","4","","3.3",",0,30,+","0",",,0,31,+","0",",,0,31,+","44.7",",,0,18,","30.6",",0,08,","31.4","0","22.9",",0","181.4",",,,0","0",",,,0","19.77",",0","25.94",",,,0","13.60",",,,0"
"USC00062658","1986-09","41.95","-73.36667","167.6","FALLS VILLAGE, CT US","262.2","0","17.5",",0","9",",0","4",",0","0",",0","0",",0","0",",0","0",",0","1",",0","0",",0","16",",0","0",",0","5","","4","","0.0",",0,17,","0",",,0,30,+","0",",,0,30,+","7.1",",,0,23,","30.6",",0,30,","110.3","0","78.9",",0","24.7",",,,0","0",",,,0","16.29",",0","21.83",",,,0","10.74",",,,0"
"USC00062658","1986-10","41.95","-73.36667","167.6","FALLS VILLAGE, CT US","265.5","0","3.3","3,0","12",",0","7",",0","1",",0","0",",0","0",",0","0","3,0","12","3,0","0","3,0","5","3,0","0","3,0","","","","","-5.0","3,0,19,+","0",",,0,31,+","0",",,0,31,+","30.5",",,0,04,","25.0","3,0,01,","343.7","0","233.4","3,0","79.2",",,,0","0",",,,0","10.12","3,0","17.23","3,,,0","3.01","3,,,0"
"USC00062658","1986-11","41.95","-73.36667","167.6","FALLS VILLAGE, CT US","265.5","0","0.0","2,0","12",",0","8",",0","1",",0","0",",0","0",",0","0","1,0","19","1,0","0","2,0","0","2,0","0","2,0","","","","","-13.9","1,0,20,","0",",,0,30,+","0",",,0,30,+","27.9",",,0,21,","19.4","2,0,09,","753.6","0","409.9","2,0","112.7",",,,0","0",",,,0","3.65","2,0","9.14","2,,,0","-1.85","1,,,0"
"USC00062658","1986-12","41.95","-73.36667","167.6","FALLS VILLAGE, CT US","265.5","0","0.0","2,0","6",",0","4",",0","1",",0","","","","","0","1,0","26","1,0","1","1,0","0","1,0","0","1,0","2","","","","-9.4","1,0,13,","","","","","26.7",",,0,19,","10.0","1,0,03,","1282.0","0","528.4","1,0","60.7",",,,0","","","0.11","2,0","4.25","1,,,0","-4.03","1,,,0"
"USC00062658","1987-01","41.95","-73.36667","167.6","FALLS VILLAGE, CT US","0.0","0","0.0","3,0","10",",0","7",",0","1",",0","","","","","5","3,0","28","3,0","12",",0","0",",0","0",",0","","","","","-24.4","3,0,27,+","","","","","26.7",",,0,23,","9.4",",0,15,","1933.4","0","651.4",",0","98.8",",,,0","","","-4.89","3,0","0.91",",,,0","-10.70","3,,,0"
"USC00062658","1987-02","41.95","-73.36667","167.6","FALLS VILLAGE, CT US","0.0","0","0.0","1,0","3",",0","1",",0","0",",0","","","1","1,0","4","1,0","27","1,0","8",",0","0",",0","0",",0","","","","","-23.3","1,0,15,","","","25","1,,0,10,","2.5",",,0,09,","8.3",",0,07,+","2551.7","0","618.3",",0","4.3",",,,0","25","1,,,0","-4.52","1,0","2.30",",,,0","-11.33","1,,,0"
"USC00062658","1987-03","41.95","-73.36667","167.6","FALLS VILLAGE, CT US","0.0","0","0.0",",0","8",",0","6",",0","0",",0","","","","","0",",0","27",",0","1",",0","1",",0","0",",0","","","","","-15.0",",0,11,","","","","","15.2",",,0,02,","22.2",",0,25,","3027.4","0","475.7",",0","53.1",",,,0","","","2.99",",0","9.53",",,,0","-3.55",",,,0"
"USC00062658","1987-04","41.95","-73.36667","167.6","FALLS VILLAGE, CT US","2.8","0","2.8",",0","13",",0","9",",0","2",",0","0",",0","0",",0","0",",0","7",",0","0",",0","6",",0","0",",0","","","1","","-5.6",",0,02,","0",",,0,30,+","0",",,0,30,+","78.5",",,0,05,","27.2",",0,21,","3273.6","0","246.2",",0","195.3",",,,0","0",",,,0","10.22",",0","16.63",",,,0","3.81",",,,0"
"USC00062658","1987-05","41.95","-73.36667","167.6","FALLS VILLAGE, CT US","25.9","0","23.1","3,0","11",",0","9",",0","0",",0","0",",0","0",",0","0","2,0","4","2,0","0","1,0","19","1,0","2","1,0","","","2","","-1.7","2,0,02,+","0",",,0,31,+","0",",,0,31,+","11.4",",,0,04,","32.8","1,0,30,","3378.9","0","105.3","1,0","54.1",",,,0","0",",,,0","15.08","3,0","22.95","1,,,0","7.22","2,,,0"
"USC00062658","1987-06","41.95","-73.36667","167.6","FALLS VILLAGE, CT US","93.1","0","67.2",",0","14",",0","9",",0","0",",0","0",",0","0",",0","0",",0","0",",0","0",",0","28",",0","0",",0","2","","2","","3.3",",0,07,","0",",,0,30,+","0",",,0,30,+","10.4",",,0,05,","31.7",",0,19,","3394.5","0","15.6",",0","64.6",",,,0","0",",,,0","20.05",",0","26.62",",,,0","13.48",",,,0"
"USC00062658","1987-07","41.95","-73.36667","167.6","FALLS VILLAGE, CT US","234.7","0","141.6","1,0","10",",0","6",",0","0",",0","0",",0","0",",0","0","1,0","0","1,0","0",",0","31",",0","10",",0","3","","6","","8.3","1,0,29,","0",",,0,31,+","0",",,0,31,+","23.9",",,0,03,","34.4",",0,24,+","2.5","0","2.5",",0","54.2",",,,0","0",",,,0","22.93","1,0","29.55",",,,0","16.32","1,,,0"
"USC00062658","1987-08","41.95","-73.36667","167.6","FALLS VILLAGE, CT US","301.5","0","66.8","2,0","10",",0","7",",0","1",",0","0",",0","0",",0","0",",0","0",",0","0","2,0","28","2,0","2","2,0","6","","2","","3.3",",0,25,+","0",",,0,31,+","0",",,0,31,+","30.7",",,0,29,","33.9","2,0,17,","24.5","0","22.0","2,0","107.4",",,,0","0",",,,0","19.94","2,0","27.22","2,,,0","12.66",",,,0"
"USC00062658","1987-09","41.95","-73.36667","167.6","FALLS VILLAGE, CT US","314.0","0","12.5","1,0","10",",0","7",",0","3",",0","0",",0","0",",0","0","1,0","1","1,0","0",",0","18",",0","0",",0","3","","1","","0.0","1,0,26,","0",",,0,30,+","0",",,0,30,+","31.8",",,0,14,","27.2",",0,29,","109.6","0","85.1",",0","133.4",",,,0","0",",,,0","15.80","1,0","21.89",",,,0","9.70","1,,,0"
"USC00062658","1987-10","41.95","-73.36667","167.6","FALLS VILLAGE, CT US","314.0","0","0.0","1,0","12",",0","9",",0","1",",0","0",",0","0",",0","0","1,0","14","1,0","0",",0","2",",0","0",",0","3","","2","","-5.0","1,0,27,","0",",,0,31,+","0",",,0,31,+","43.2",",,0,04,","22.2",",0,16,","401.2","0","291.6",",0","133.5",",,,0","0",",,,0","8.69","1,0","15.86",",,,0","1.52","1,,,0"
"USC00062658","1987-11","41.95","-73.36667","167.6","FALLS VILLAGE, CT US","314.0","0","0.0",",0","9",",0","6",",0","0",",0","0",",0","0",",0","0",",0","21",",0","1",",0","1",",0","0",",0","","","","","-11.7",",0,22,+","0",",,0,30,+","0",",,0,30,+","18.3",",,0,11,","23.9",",0,04,","803.2","0","402.0",",0","58.2",",,,0","0",",,,0","4.93",",0","11.29",",,,0","-1.43",",,,0"
"USC00062658","1987-12","41.95","-73.36667","167.6","FALLS VILLAGE, CT US","314.0","0","0.0","2,0","10",",0","5",",0","0",",0","1","2,0","0","3,0","1","1,0","27","1,0","3","1,0","0","1,0","0","1,0","","","","","-18.3","1,0,30,","127","2,,0,29,","0","3,,0,31,+","8.9",",,0,16,+","13.3","1,0,09,","1319.9","0","516.7","1,0","39.8",",,,0","0","3,,,0","0.18","2,0","4.61","1,,,0","-4.24","1,,,0"
"USC00062658","1988-01","41.95","-73.36667","167.6","FALLS VILLAGE, CT US","0.0","0","0.0","2,0","9",",0","6",",0","0",",0","","","","","8",",0","30",",0","13","2,0","0","2,0","0","2,0","","","","","-27.2",",0,15,+","","","","","17.8",",,0,26,","13.9","2,0,31,","1996.4","0","676.5","2,0","55.0",",,,0","","","-5.25","2,0","1.47","2,,,0","-11.97",",,,0"
"USC00062658","1988-02","41.95","-73.36667","167.6","FALLS VILLAGE, CT US","0.0","0","0.0","2,0","11",",0","8",",0","0",",0","","","","","2","2,0","25","2,0","6",",0","0",",0","0",",0","","","","","-23.3","2,0,07,","","","","","18.8",",,0,13,","10.6",",0,01,","2582.6","0","586.2",",0","74.1",",,,0","","","-3.32","2,0","2.91",",,,0","-9.56","2,,,0"
"USC00062658","1988-03","41.95","-73.36667","167.6","FALLS VILLAGE, CT US","0.0","0","0.0","2,0","9",",0","4",",0","0",",0","0","3,0","0","2,0","0","1,0","26","1,0","1","1,0","1","1,0","0","1,0","","","","","-15.6","1,0,02,","0","3,,0,31,+","0","2,,0,31,+","21.3",",,0,27,","22.2","1,0,24,","3054.7","0","472.1","1,0","42.7",",,,0","0","2,,,0","2.22","2,0","8.53","1,,,0","-4.10","1,,,0"
"USC00062658","1988-04","41.95","-73.36667","167.6","FALLS VILLAGE, CT US","0.0","0","0.0","2,0","9",",0","3",",0","0",",0","0",",0","0",",0","0","1,0","10","1,0","0","1,0","2","1,0","0","1,0","2","","","","-3.9","1,0,26,+","0",",,0,30,+","0",",,0,30,+","16.3",",,0,28,","22.8","1,0,27,","3349.2","0","294.5","1,0","43.3",",,,0","0",",,,0","7.93","2,0","14.12","1,,,0","1.74","1,,,0"
"USC00062658","1988-05","41.95","-73.36667","167.6","FALLS VILLAGE, CT US","17.5","0","17.5","1,0","13",",0","10",",0","0",",0","0",",0","0",",0","0","1,0","1","1,0","0",",0","22",",0","0",",0","","","","","-0.6","1,0,04,","0",",,0,31,+","0",",,0,31,+","17.5",",,0,25,","30.0",",0,31,+","3456.2","0","107.0",",0","74.3",",,,0","0",",,,0","15.24","1,0","22.55",",,,0","7.94","1,,,0"
"USC00062658","1988-06","41.95","-73.36667","167.6","FALLS VILLAGE, CT US","78.0","0","60.5",",0","7",",0","2",",0","0",",0","0",",0","0",",0","0",",0","0",",0","0",",0","26",",0","6",",0","","","","","2.8",",0,11,+","0",",,0,30,+","0",",,0,30,+","4.1",",,0,17,","34.4",",0,15,","3509.9","0","53.7",",0","12.8",",,,0","0",",,,0","18.56",",0","26.82",",,,0","10.30",",,,0"
"USC00062658","1988-07","41.95","-73.36667","167.6","FALLS VILLAGE, CT US","237.4","0","159.4","1,0","18",",0","14",",0","2",",0","0",",0","0",",0","0",",0","0",",0","0","1,0","29","1,0","9","1,0","","","3","","7.2",",0,03,+","0",",,0,31,+","0",",,0,31,+","62.5",",,0,22,","36.7","1,0,08,","8.9","0","8.9","1,0","207.7",",,,0","0",",,,0","23.37","1,0","30.12","1,,,0","16.63",",,,0"
"USC00062658","1988-08","41.95","-73.36667","167.6","FALLS VILLAGE, CT US","384.7","0","147.3",",0","9",",0","6",",0","2",",0","0",",0","0",",0","0",",0","0",",0","0",",0","30",",0","9",",0","","","","","4.4",",0,22,","0",",,0,31,+","0",",,0,31,+","50.3",",,0,30,","33.9",",0,15,+","25.9","0","17.0",",0","137.5",",,,0","0",",,,0","22.54",",0","28.72",",,,0","16.35",",,,0"
"USC00062658","1988-09","41.95","-73.36667","167.6","FALLS VILLAGE, CT US","393.2","0","8.5",",0","6",",0","3",",0","1",",0","0",",0","0",",0","0",",0","1",",0","0",",0","24",",0","0",",0","","","","","0.0",",0,29,","0",",,0,30,+","0",",,0,30,+","31.0",",,0,05,","27.8",",0,19,","111.3","0","85.4",",0","42.1",",,,0","0",",,,0","15.77",",0","22.69",",,,0","8.85",",,,0"
"USC00062658","1988-10","41.95","-73.36667","167.6","FALLS VILLAGE, CT US","393.5","0","0.3",",0","10",",0","8",",0","0",",0","0",",0","0",",0","0",",0","16",",0","0",",0","3",",0","0",",0","","","","","-7.2",",0,31,","0",",,0,31,+","0",",,0,31,+","16.5",",,0,22,","25.6",",0,01,","436.1","0","324.8",",0","60.1",",,,0","0",",,,0","7.86",",0","14.11",",,,0","1.62",",,,0"
"USC00062658","1988-11","41.95","-73.36667","167.6","FALLS VILLAGE, CT US","393.5","0","0.0",",0","13",",0","10",",0","2",",0","0",",0","0",",0","0",",0","18",",0","0",",0","0",",0","0",",0","1","","1","","-7.2",",0,23,","0",",,0,30,+","0",",,0,30,+","49.8",",,0,21,","18.3",",0,06,+","827.4","0","391.3",",0","196.5",",,,0","0",",,,0","5.29",",0","11.26",",,,0","-0.68",",,,0"
"USC00062658","1988-12","41.95","-73.36667","167.6","FALLS VILLAGE, CT US","393.5","0","0.0","1,0","7",",0","4",",0","0",",0","","","","","3",",0","31",",0","9","1,0","0","1,0","0","1,0","","","","","-21.7",",0,18,","","","","","14.2",",,0,14,","11.7","1,0,29,+","1445.6","0","618.2","1,0","43.7",",,,0","","","-2.22","1,0","3.36","1,,,0","-7.80",",,,0"
"USC00062658","1989-01","41.95","-73.36667","167.6","FALLS VILLAGE, CT US","0.0","0","0.0",",0","13",",0","6",",0","0",",0","0","3,0","0","3,0","0",",0","30",",0","3",",0","0",",0","0",",0","","","","","-16.7",",0,05,","0","3,,0,31,+","0","3,,0,31,+","9.1",",,0,27,","13.3",",0,24,","2048.6","0","603.0",",0","39.2",",,,0","0","3,,,0","-1.12",",0","4.34",",,,0","-6.58",",,,0"
"USC00062658","1989-02","41.95","-73.36667","167.6","FALLS VILLAGE, CT US","0.0","0","0.0",",0","11",",0","6",",0","0",",0","0","4,0","0","4,0","0",",0","26",",0","12",",0","0",",0","0",",0","","","","","-15.0",",0,18,","0","4,,0,28,+","0","4,,0,28,+","24.6",",,0,22,","17.2",",0,01,","2643.3","0","594.7",",0","56.0",",,,0","0","4,,,0","-2.91",",0","2.36",",,,0","-8.18",",,,0"
"USC00062658","1989-03","41.95","-73.36667","167.6","FALLS VILLAGE, CT US","0.3","0","0.3","1,0","8",",0","5",",0","1",",0","","","0","3,0","0",",0","22",",0","1","1,0","2","1,0","0","1,0","","","","","-15.0",",0,08,","","","0","3,,0,31,+","27.2",",,0,25,","26.1","1,0,28,","3104.1","0","460.8","1,0","60.4",",,,0","0","3,,,0","2.82","1,0","9.86","1,,,0","-4.22",",,,0"
"USC00062658","1989-04","41.95","-73.36667","167.6","FALLS VILLAGE, CT US","0.3","0","0.0",",0","13",",0","10",",0","0",",0","0",",0","0",",0","0",",0","16",",0","0",",0","2",",0","0",",0","4","","","","-6.7",",0,12,","0",",,0,30,+","0",",,0,30,+","20.1",",,0,06,","23.9",",0,30,","3441.2","0","337.1",",0","88.5",",,,0","0",",,,0","7.10",",0","14.04",",,,0","0.15",",,,0"
"USC00062658","1989-05","41.95","-73.36667","167.6","FALLS VILLAGE, CT US","15.6","0","15.3",",0","15",",0","10",",0","3",",0","0",",0","0",",0","0",",0","1",",0","0",",0","18",",0","0",",0","","","1","","-0.6",",0,04,","0",",,0,31,+","0",",,0,31,+","39.9",",,0,17,","31.1",",0,19,","3546.5","0","105.3",",0","202.1",",,,0","0",",,,0","15.43",",0","22.47",",,,0","8.39",",,,0"
"USC00062658","1989-06","41.95","-73.36667","167.6","FALLS VILLAGE, CT US","89.9","0","74.3",",0","17",",0","10",",0","1",",0","0",",0","0",",0","0",",0","0",",0","0",",0","27",",0","1",",0","","","3","","6.7",",0,12,","0",",,0,30,+","0",",,0,30,+","33.0",",,0,03,","32.2",",0,27,","3558.4","0","11.9",",0","128.3",",,,0","0",",,,0","20.41",",0","26.55",",,,0","14.28",",,,0"
"USC00062658","1989-07","41.95","-73.36667","167.6","FALLS VILLAGE, CT US","192.5","0","102.6","1,0","7",",0","6",",0","1",",0","0",",0","0",",0","0","1,0","0","1,0","0",",0","31",",0","3",",0","","","3","","8.9","1,0,01,","0",",,0,31,+","0",",,0,31,+","37.1",",,0,11,","32.8",",0,26,+","0.0","0","0.0",",0","86.4",",,,0","0",",,,0","21.66","1,0","28.37",",,,0","14.95","1,,,0"
"USC00062658","1989-08","41.95","-73.36667","167.6","FALLS VILLAGE, CT US","278.7","0","86.2","2,0","10",",0","5",",0","2",",0","0",",0","0",",0","0","2,0","0","2,0","0",",0","31",",0","3",",0","","","2","","5.6","2,0,27,","0",",,0,31,+","0",",,0,31,+","32.0",",,0,12,","32.8",",0,06,+","16.3","0","16.3",",0","100.5",",,,0","0",",,,0","20.79","2,0","27.21",",,,0","14.37","2,,,0"
"USC00062658","1989-09","41.95","-73.36667","167.6","FALLS VILLAGE, CT US","306.0","0","27.3","1,0","11",",0","9",",0","1",",0","0",",0","0",",0","0","1,0","1","1,0","0",",0","19",",0","1",",0","","","","","-1.1","1,0,28,","0",",,0,30,+","0",",,0,30,+","40.1",",,0,15,","32.8",",0,10,","83.1","0","66.8",",0","138.7",",,,0","0",",,,0","16.82","1,0","23.25",",,,0","10.39","1,,,0"
"USC00062658","1989-10","41.95","-73.36667","167.6","FALLS VILLAGE, CT US","306.0","0","0.0",",0","9",",0","7",",0","2",",0","0",",0","0",",0","0",",0","4",",0","0",",0","9",",0","0",",0","","","3","","-2.2",",0,24,","0",",,0,31,+","0",",,0,31,+","46.5",",,0,21,","23.3",",0,28,+","314.1","0","231.0",",0","137.7",",,,0","0",",,,0","10.88",",0","17.67",",,,0","4.09",",,,0"
"USC00062658","1989-11","41.95","-73.36667","167.6","FALLS VILLAGE, CT US","306.0","0","0.0",",0","15",",0","8",",0","1",",0","","","0","2,0","0",",0","20",",0","2",",0","1",",0","0",",0","","","1","","-15.0",",0,24,","","","0","2,,0,30,+","25.9",",,0,17,","21.1",",0,14,","738.9","0","424.8",",0","79.6",",,,0","0","2,,,0","4.17",",0","10.04",",,,0","-1.69",",,,0"
"USC00062658","1989-12","41.95","-73.36667","167.6","FALLS VILLAGE, CT US","306.0","0","0.0","1,0","8","1,0","3","1,0","0","1,0","","","","","9","1,0","30","1,0","27",",0","0",",0","0",",0","1","","","","-26.1","1,0,24,","","","","","7.4","1,,0,16,","5.6",",0,31,","1551.7","0","812.8",",0","21.3","1,,,0","","","-8.62","1,0","-3.01",",,,0","-14.23","1,,,0"
"USC00062658","1990-01","41.95","-73.36667","167.6","FALLS VILLAGE, CT US","0.0","0","0.0","2,0","11",",0","7",",0","1",",0","","","","","0","1,0","27","1,0","4","1,0","0","1,0","0","1,0","1","","","","-8.9","1,0,07,+","","","","","33.5",",,0,30,","17.2","1,0,18,","2059.8","0","508.1","1,0","107.5",",,,0","","","0.84","2,0","5.61","1,,,0","-3.92","1,,,0"
"USC00062658","1990-02","41.95","-73.36667","167.6","FALLS VILLAGE, CT US","0.0","0","0.0","1,0","12",",0","11",",0","0",",0","1","3,0","0","4,0","2","1,0","24","1,0","6",",0","0",",0","0",",0","1","","","","-19.4","1,0,27,","152","3,,0,26,","0","4,,0,28,+","15.2",",,0,16,","17.2",",0,23,","2559.1","0","499.3",",0","80.5",",,,0","0","4,,,0","-0.10","1,0","5.84",",,,0","-6.04","1,,,0"
"USC00062658","1990-03","41.95","-73.36667","167.6","FALLS VILLAGE, CT US","","","","","12",",0","8",",0","0",",0","1",",0","0",",0","0",",0","20",",0","","","","","","","","","","","-16.1",",0,08,","25",",,0,30,","20",",,0,30,","24.9",",,0,21,","","","","","","","86.5",",,,0","20",",,,0","","","","","-2.70",",,,0"
"USC00062658","1990-04","41.95","-73.36667","167.6","FALLS VILLAGE, CT US","","","7.8","1,0","13",",0","9",",0","1",",0","0",",0","0",",0","0","1,0","10","1,0","0",",0","8",",0","2",",0","","","","","-6.7","1,0,13,","0",",,0,30,+","0",",,0,30,+","46.5",",,0,04,","33.9",",0,28,","","","269.2",",0","105.6",",,,0","0",",,,0","9.40","1,0","16.51",",,,0","2.28","1,,,0"
"USC00062658","1990-05","41.95","-73.36667","167.6","FALLS VILLAGE, CT US","","","0.0",",0","16",",0","12",",0","2",",0","0",",0","0",",0","0",",0","1",",0","0",",0","13",",0","0",",0","1","","1","","0.0",",0,23,","0",",,0,31,+","0",",,0,31,+","38.9",",,0,11,","26.1",",0,28,+","","","162.0",",0","174.9",",,,0","0",",,,0","13.11",",0","20.28",",,,0","5.93",",,,0"
"USC00062658","1990-06","41.95","-73.36667","167.6","FALLS VILLAGE, CT US","","","47.8","1,0","11",",0","7",",0","0",",0","0",",0","0",",0","0",",0","0",",0","0","1,0","28","1,0","0","1,0","","","6","","3.3",",0,01,","0",",,0,30,+","0",",,0,30,+","22.9",",,0,30,","30.0","1,0,22,+","","","23.0","1,0","68.4",",,,0","0",",,,0","19.23","1,0","26.58","1,,,0","11.88",",,,0"
"USC00062658","1990-07","41.95","-73.36667","167.6","FALLS VILLAGE, CT US","","","128.3",",0","9",",0","6",",0","1",",0","0",",0","0",",0","0",",0","0",",0","0",",0","31",",0","5",",0","","","2","","7.8",",0,08,","0",",,0,31,+","0",",,0,31,+","44.2",",,0,13,","33.3",",0,05,","4.4","0","4.4",",0","66.4",",,,0","0",",,,0","22.33",",0","29.05",",,,0","15.61",",,,0"
"USC00062658","1990-08","41.95","-73.36667","167.6","FALLS VILLAGE, CT US","","","97.6","2,0","12",",0","9",",0","4",",0","0",",0","0",",0","0",",0","0",",0","0","2,0","28","2,0","4","2,0","","","4","","9.4",",0,02,","0",",,0,31,+","0",",,0,31,+","88.6",",,0,07,","34.4","2,0,01,","8.0","0","3.6","2,0","247.0",",,,0","0",",,,0","21.51","2,0","28.13","2,,,0","14.89",",,,0"
"USC00062658","1990-09","41.95","-73.36667","167.6","FALLS VILLAGE, CT US","","","24.2","1,0","12",",0","6",",0","0",",0","0",",0","0",",0","0","1,0","2","1,0","0",",0","21",",0","0",",0","","","2","","-0.6","1,0,18,","0",",,0,30,+","0",",,0,30,+","5.8",",,0,15,","28.9",",0,13,+","105.4","0","97.4",",0","30.4",",,,0","0",",,,0","15.87","1,0","23.15",",,,0","8.59","1,,,0"
"USC00062658","1990-10","41.95","-73.36667","167.6","FALLS VILLAGE, CT US","","","4.8",",0","9",",0","7",",0","3",",0","0",",0","0",",0","0",",0","6",",0","0",",0","16",",0","0",",0","","","","","-4.4",",0,30,","0",",,0,31,+","0",",,0,31,+","64.3",",,0,24,","28.9",",0,07,","286.8","0","181.4",",0","167.2",",,,0","0",",,,0","12.64",",0","19.78",",,,0","5.49",",,,0"
"USC00062658","1990-11","41.95","-73.36667","167.6","FALLS VILLAGE, CT US","","","0.0",",0","10",",0","5",",0","1",",0","0",",0","0",",0","0",",0","20",",0","0",",0","4",",0","0",",0","","","","","-6.7",",0,13,","0",",,0,30,+","0",",,0,30,+","33.8",",,0,11,","23.3",",0,03,","678.6","0","391.8",",0","70.1",",,,0","0",",,,0","5.27",",0","12.27",",,,0","-1.72",",,,0"
"USC00062658","1990-12","41.95","-73.36667","167.6","FALLS VILLAGE, CT US","","","0.0","1,0","13",",0","10",",0","1",",0","3",",0","1",",0","0","1,0","27","1,0","1",",0","0",",0","0",",0","2","","","","-12.2","1,0,15,","178",",,0,28,","178",",,0,28,","36.3",",,0,24,","18.3",",0,23,","1176.5","0","497.9",",0","155.7",",,,0","178",",,,0","1.77","1,0","8.02",",,,0","-4.49","1,,,0"
"USC00062658","1991-01","41.95","-73.36667","167.6","FALLS VILLAGE, CT US","0.0","0","0.0",",0","10",",0","6",",0","0",",0","11",",0","3","2,0","4",",0","29",",0","10",",0","0",",0","0",",0","","","","","-20.6",",0,23,","76",",,0,11,","76","2,,0,12,+","14.2",",,0,12,","8.9",",0,30,+","1854.8","0","678.3",",0","49.7",",,,0","177","2,,,0","-3.55",",0","2.34",",,,0","-9.43",",,,0"
"USC00062658","1991-02","41.95","-73.36667","167.6","FALLS VILLAGE, CT US","0.0","0","0.0",",0","9",",0","7",",0","0",",0","2",",0","1","2,0","0",",0","26",",0","4",",0","0",",0","0",",0","1","","","","-15.6",",0,16,+","51",",,0,27,","51","2,,0,27,","7.6",",,0,08,","17.8",",0,05,","2377.2","0","522.4",",0","41.2",",,,0","51","2,,,0","-0.33",",0","6.24",",,,0","-6.89",",,,0"
"USC00062658","1991-03","41.95","-73.36667","167.6","FALLS VILLAGE, CT US","0.0","0","0.0",",0","15",",0","11",",0","0",",0","2",",0","1",",0","0",",0","23",",0","0",",0","0",",0","0",",0","","","","","-11.7",",0,10,","127",",,0,15,","127",",,0,15,","20.3",",,0,04,","20.0",",0,03,+","2831.1","0","453.9",",0","110.4",",,,0","127",",,,0","3.69",",0","9.91",",,,0","-2.53",",,,0"
"USC00062658","1991-04","41.95","-73.36667","167.6","FALLS VILLAGE, CT US","5.6","0","5.6",",0","10",",0","4",",0","1",",0","0",",0","0",",0","0",",0","12",",0","0",",0","9",",0","0",",0","1","","","","-6.1",",0,04,","0",",,0,30,+","0",",,0,30,+","33.3",",,0,22,","30.6",",0,08,+","3064.3","0","233.2",",0","53.4",",,,0","0",",,,0","10.75",",0","18.84",",,,0","2.65",",,,0"
"USC00062658","1991-05","41.95","-73.36667","167.6","FALLS VILLAGE, CT US","57.9","0","52.3",",0","11",",0","7",",0","2",",0","0",",0","0",",0","0",",0","0",",0","0",",0","25",",0","0",",0","2","","3","","0.6",",0,05,","0",",,0,31,+","0",",,0,31,+","50.0",",,0,07,","31.1",",0,27,+","3135.9","0","71.6",",0","158.4",",,,0","0",",,,0","17.71",",0","26.03",",,,0","9.39",",,,0"
"USC00062658","1991-06","41.95","-73.36667","167.6","FALLS VILLAGE, CT US","123.7","0","65.8",",0","11",",0","8",",0","1",",0","0",",0","0",",0","0",",0","0",",0","0",",0","29",",0","3",",0","2","","3","","5.0",",0,14,","0",",,0,30,+","0",",,0,30,+","41.7",",,0,01,","33.3",",0,29,+","3156.9","0","21.0",",0","96.7",",,,0","0",",,,0","19.83",",0","27.81",",,,0","11.85",",,,0"
"USC00062658","1991-07","41.95","-73.36667","167.6","FALLS VILLAGE, CT US","237.2","0","113.5",",0","9",",0","5",",0","0",",0","0",",0","0",",0","0",",0","0",",0","0",",0","31",",0","10",",0","3","","1","","6.7",",0,10,","0",",,0,31,+","0",",,0,31,+","14.0",",,0,27,","37.8",",0,20,","0.0","0","0.0",",0","35.9",",,,0","0",",,,0","21.99",",0","30.18",",,,0","13.80",",,,0"
"USC00062658","1991-08","41.95","-73.36667","167.6","FALLS VILLAGE, CT US","334.0","0","96.8",",0","9",",0","7",",0","1",",0","0",",0","0",",0","0",",0","0",",0","0",",0","31",",0","3",",0","","","","","10.0",",0,08,+","0",",,0,31,+","0",",,0,31,+","68.8",",,0,20,","32.2",",0,30,+","0.5","0","0.5",",0","156.7",",,,0","0",",,,0","21.44",",0","28.66",",,,0","14.22",",,,0"
"USC00062658","1991-09","41.95","-73.36667","167.6","FALLS VILLAGE, CT US","359.4","0","25.4",",0","8",",0","5",",0","3",",0","0",",0","0",",0","0",",0","2",",0","0",",0","18",",0","0",",0","3","","","","-1.7",",0,30,","0",",,0,30,+","0",",,0,30,+","46.7",",,0,25,","31.7",",0,16,","103.5","0","103.0",",0","148.9",",,,0","0",",,,0","15.75",",0","22.88",",,,0","8.61",",,,0"
"USC00062658","1991-10","41.95","-73.36667","167.6","FALLS VILLAGE, CT US","359.7","0","0.3","1,0","9",",0","7",",0","1",",0","0",",0","0",",0","0","1,0","9","1,0","0",",0","13",",0","0",",0","5","","","","-5.6","1,0,30,","0",",,0,31,+","0",",,0,31,+","26.9",",,0,12,","25.6",",0,04,+","323.4","0","219.9",",0","97.9",",,,0","0",",,,0","11.03","1,0","18.52",",,,0","3.54","1,,,0"
"USC00062658","1991-11","41.95","-73.36667","167.6","FALLS VILLAGE, CT US","359.7","0","0.0",",0","11",",0","5",",0","1",",0","0",",0","0",",0","0",",0","18",",0","0",",0","1",",0","0",",0","3","","","","-11.7",",0,18,","0",",,0,30,+","0",",,0,30,+","35.8",",,0,23,","22.2",",0,20,","721.2","0","397.8",",0","95.5",",,,0","0",",,,0","5.07",",0","10.65",",,,0","-0.50",",,,0"
"USC00062658","1991-12","41.95","-73.36667","167.6","FALLS VILLAGE, CT US","359.7","0","0.0","1,0","14",",0","7",",0","0",",0","","","","","0","1,0","25","1,0","4",",0","0",",0","0",",0","1","","","","-16.7","1,0,19,","","","","","21.1",",,0,04,","18.3",",0,01,","1279.8","0","558.6",",0","87.0",",,,0","","","-0.32","1,0","5.38",",,,0","-6.02","1,,,0"
"USC00062658","1992-01","41.95","-73.36667","167.6","FALLS VILLAGE, CT US","0.0","0","0.0",",0","6",",0","4",",0","0",",0","","","0","1,0","3",",0","28",",0","8",",0","0",",0","0",",0","1","","","","-20.0",",0,17,","","","0","1,T,0,19,+","23.1",",,0,24,","15.6",",0,14,","1929.9","0","650.1",",0","42.8",",,,0","0","1,T,,0","-2.64",",0","3.49",",,,0","-8.76",",,,0"
"USC00062658","1992-02","41.95","-73.36667","167.6","FALLS VILLAGE, CT US","0.0","0","0.0","1,0","11","1,0","4","1,0","0","1,0","4","1,0","1",",0","2",",0","27",",0","3","1,0","0","1,0","0","1,0","1","","","","-20.0",",0,13,","51","1,,0,25,","51",",,0,25,","18.5","1,,0,26,","11.1","1,0,19,","2492.8","0","562.9","1,0","47.7","1,,,0","64",",,,0","-1.74","1,0","4.01","1,,,0","-7.49",",,,0"
"USC00062658","1992-03","41.95","-73.36667","167.6","FALLS VILLAGE, CT US","0.0","0","0.0",",0","11",",0","7",",0","1",",0","4",",0","2",",0","0",",0","26",",0","2",",0","0",",0","0",",0","1","","1","","-14.4",",0,24,+","76",",,0,23,","76",",,0,23,","31.2",",,0,27,","15.0",",0,26,","3053.2","0","560.4",",0","90.3",",,,0","114",",,,0","0.25",",0","6.48",",,,0","-5.97",",,,0"
"USC00062658","1992-04","41.95","-73.36667","167.6","FALLS VILLAGE, CT US","0.0","0","0.0","1,0","12",",0","7",",0","0",",0","0",",0","0",",0","0",",0","14",",0","0","1,0","3","1,0","0","1,0","","","1","","-6.1",",0,15,+","0",",,0,30,+","0",",,0,30,+","19.8",",,0,17,","22.8","1,0,21,","3374.4","0","321.2","1,0","96.7",",,,0","0",",,,0","7.27","1,0","13.97","1,,,0","0.57",",,,0"
"USC00062658","1992-05","41.95","-73.36667","167.6","FALLS VILLAGE, CT US","4.1","0","4.1",",0","10",",0","4",",0","0",",0","0",",0","0",",0","0",",0","2",",0","0",",0","19",",0","2",",0","","","1","","-2.2",",0,07,","0",",,0,31,+","0",",,0,31,+","19.6",",,0,03,","32.2",",0,23,+","3509.9","0","135.5",",0","45.9",",,,0","0",",,,0","14.10",",0","22.41",",,,0","5.78",",,,0"
"USC00062658","1992-06","41.95","-73.36667","167.6","FALLS VILLAGE, CT US","27.9","0","23.8",",0","10",",0","7",",0","2",",0","0",",0","0",",0","0",",0","0",",0","0",",0","29",",0","0",",0","","","3","","4.4",",0,22,+","0",",,0,30,+","0",",,0,30,+","35.6",",,0,25,","30.6",",0,14,","3547.0","0","37.1",",0","136.4",",,,0","0",",,,0","17.89",",0","25.83",",,,0","9.95",",,,0"
"USC00062658","1992-07","41.95","-73.36667","167.6","FALLS VILLAGE, CT US","96.9","0","69.0","1,0","13",",0","8",",0","1",",0","0",",0","0",",0","0",",0","0",",0","0","1,0","30","1,0","0","1,0","","","5","","3.3",",0,03,","0",",,0,31,+","0",",,0,31,+","31.8",",,0,16,","31.7","1,0,15,+","11.1","0","11.1","1,0","126.0",",,,0","0",",,,0","20.27","1,0","27.25","1,,,0","13.29",",,,0"
"USC00062658","1992-08","41.95","-73.36667","167.6","FALLS VILLAGE, CT US","145.8","0","48.9",",0","11",",0","9",",0","0",",0","0",",0","0",",0","0",",0","0",",0","0",",0","28",",0","1",",0","","","4","","5.0",",0,21,","0",",,0,31,+","0",",,0,31,+","23.9",",,0,01,","32.2",",0,27,","34.6","0","23.5",",0","134.9",",,,0","0",",,,0","19.15",",0","25.79",",,,0","12.52",",,,0"
"USC00062658","1992-09","41.95","-73.36667","167.6","FALLS VILLAGE, CT US","172.6","0","26.8",",0","8",",0","5",",0","0",",0","0",",0","0",",0","0",",0","2",",0","0",",0","23",",0","0",",0","","","2","","-1.7",",0,25,","0",",,0,30,+","0",",,0,30,+","22.4",",,0,11,","28.9",",0,17,","121.9","0","87.3",",0","61.2",",,,0","0",",,,0","16.32",",0","22.99",",,,0","9.64",",,,0"
"USC00062658","1992-10","41.95","-73.36667","167.6","FALLS VILLAGE, CT US","172.6","0","0.0",",0","10",",0","6",",0","1",",0","0",",0","0",",0","0",",0","15",",0","0",",0","5",",0","0",",0","","","","","-6.1",",0,07,","0",",,0,31,+","0",",,0,31,+","25.7",",,0,10,","25.0",",0,03,","435.5","0","313.6",",0","60.2",",,,0","0",",,,0","8.22",",0","15.14",",,,0","1.29",",,,0"
"USC00062658","1992-11","41.95","-73.36667","167.6","FALLS VILLAGE, CT US","172.6","0","0.0","2,0","13",",0","10",",0","2",",0","0",",0","0",",0","0","2,0","15","2,0","0",",0","0",",0","0",",0","","","1","","-11.1","2,0,09,","0",",,0,30,+","0",",,0,30,+","31.8",",,0,23,","20.0",",0,23,","836.2","0","400.7",",0","124.3",",,,0","0",",,,0","3.87","2,0","8.45",",,,0","-0.71","2,,,0"
"USC00062658","1992-12","41.95","-73.36667","167.6","FALLS VILLAGE, CT US","172.6","0","0.0",",0","13",",0","10",",0","1",",0","20",",0","3",",0","0",",0","28",",0","5",",0","0",",0","0",",0","4","","","","-16.1",",0,27,","254",",,0,12,","152",",,0,12,","40.9",",,0,12,","9.4",",0,01,","1447.3","0","611.1",",0","134.0",",,,0","305",",,,0","-1.38",",0","3.69",",,,0","-6.45",",,,0"
"USC00062658","1993-01","41.95","-73.36667","167.6","FALLS VILLAGE, CT US","0.0","0","0.0","1,0","13",",0","8",",0","0",",0","13",",0","5",",0","2","1,0","30","1,0","7",",0","0",",0","0",",0","","","","","-18.3","1,0,20,","127",",,0,14,","51",",,0,12,","12.2",",,0,14,","15.0",",0,05,","2077.9","0","630.6",",0","57.4",",,,0","151",",,,0","-2.49","1,0","3.05",",,,0","-8.02","1,,,0"
"USC00062658","1993-02","41.95","-73.36667","167.6","FALLS VILLAGE, CT US","0.0","0","0.0","1,0","4",",0","4",",0","1",",0","17","1,0","3",",0","7","1,0","27","1,0","11",",0","0",",0","0",",0","","","","","-22.2","1,0,20,","127","1,,0,26,+","127",",,0,13,","25.9",",,0,13,","10.0",",0,10,","2725.4","0","647.5",",0","57.4",",,,0","203",",,,0","-5.73","1,0","1.01",",,,0","-12.47","1,,,0"
"USC00062658","1993-03","41.95","-73.36667","167.6","FALLS VILLAGE, CT US","0.0","0","0.0",",0","15",",0","10",",0","1",",0","26",",0","4","2,0","1",",0","27",",0","5",",0","0",",0","0",",0","","","","","-22.2",",0,19,","559",",,0,14,","457","2,,0,14,","48.3",",,0,14,","17.8",",0,27,","3302.0","0","576.6",",0","152.2",",,,0","622","2,,,0","-0.27",",0","6.08",",,,0","-6.61",",,,0"
"USC00062658","1993-04","41.95","-73.36667","167.6","FALLS VILLAGE, CT US","0.0","0","0.0",",0","16",",0","9",",0","1",",0","0",",0","0",",0","0",",0","15",",0","0",",0","7",",0","0",",0","3","","","","-6.7",",0,05,","0",",,0,30,+","0",",,0,30,+","25.4",",,0,27,","25.6",",0,30,+","3591.5","0","289.5",",0","117.5",",,,0","0",",,,0","8.68",",0","16.20",",,,0","1.17",",,,0"
"USC00062658","1993-05","41.95","-73.36667","167.6","FALLS VILLAGE, CT US","4.4","0","4.4",",0","8",",0","3",",0","0",",0","0",",0","0",",0","0",",0","0",",0","0",",0","24",",0","0",",0","1","","2","","1.1",",0,23,","0",",,0,31,+","0",",,0,31,+","14.0",",,0,21,","31.1",",0,11,","3700.2","0","108.7",",0","34.5",",,,0","0",",,,0","14.97",",0","23.63",",,,0","6.31",",,,0"
"USC00062658","1993-06","41.95","-73.36667","167.6","FALLS VILLAGE, CT US","53.6","0","49.2",",0","13",",0","6",",0","0",",0","0",",0","0",",0","0",",0","1",",0","0",",0","27",",0","2",",0","","","3","","0.0",",0,02,","0",",,0,30,+","0",",,0,30,+","21.6",",,0,01,","32.8",",0,19,","3742.5","0","42.3",",0","66.4",",,,0","0",",,,0","18.56",",0","26.86",",,,0","10.27",",,,0"
"USC00062658","1993-07","41.95","-73.36667","167.6","FALLS VILLAGE, CT US","170.1","0","116.5",",0","10",",0","2",",0","1",",0","0",",0","0",",0","0",",0","0",",0","0",",0","31",",0","11",",0","","","6","","8.3",",0,22,","0",",,0,31,+","0",",,0,31,+","28.4",",,0,28,","35.6",",0,07,","0.0","0","0.0",",0","40.1",",,,0","0",",,,0","22.09",",0","30.58",",,,0","13.60",",,,0"
"USC00062658","1993-08","41.95","-73.36667","167.6","FALLS VILLAGE, CT US","275.5","0","105.4",",0","7",",0","6",",0","1",",0","0",",0","0",",0","0",",0","0",",0","0",",0","30",",0","6",",0","","","4","","5.6",",0,06,","0",",,0,31,+","0",",,0,31,+","36.1",",,0,18,","33.9",",0,28,+","5.8","0","5.8",",0","81.3",",,,0","0",",,,0","21.55",",0","28.54",",,,0","14.55",",,,0"
"USC00062658","1993-09","41.95","-73.36667","167.6","FALLS VILLAGE, CT US","302.9","0","27.4",",0","17",",0","10",",0","1",",0","0",",0","0",",0","0",",0","1",",0","0",",0","16",",0","0",",0","","","1","","-2.8",",0,20,","0",",,0,30,+","0",",,0,30,+","26.7",",,0,22,","31.1",",0,03,","115.8","0","110.0",",0","155.5",",,,0","0",",,,0","15.58",",0","22.05",",,,0","9.11",",,,0"
"USC00062658","1993-10","41.95","-73.36667","167.6","FALLS VILLAGE, CT US","302.9","0","0.0",",0","11",",0","6",",0","1",",0","0",",0","0",",0","0",",0","14",",0","0",",0","5",",0","0",",0","","","","","-6.7",",0,11,","0",",,0,31,+","0",",,0,31,+","26.9",",,0,31,","25.0",",0,09,","416.2","0","300.4",",0","98.9",",,,0","0",",,,0","8.64",",0","16.34",",,,0","0.95",",,,0"
"USC00062658","1993-11","41.95","-73.36667","167.6","FALLS VILLAGE, CT US","302.9","0","0.0",",0","14",",0","9",",0","1",",0","0",",0","0",",0","0",",0","25",",0","0",",0","1",",0","0",",0","1","","1","","-15.0",",0,26,","0",",,0,30,+","0",",,0,30,+","59.2",",,0,29,","22.8",",0,15,","870.3","0","454.1",",0","119.7",",,,0","0",",,,0","3.20",",0","10.94",",,,0","-4.55",",,,0"
"USC00062658","1993-12","41.95","-73.36667","167.6","FALLS VILLAGE, CT US","302.9","0","0.0","1,0","13",",0","7",",0","1",",0","","","4","2,0","5",",0","30",",0","9","1,0","0","1,0","0","1,0","1","","","","-22.8",",0,27,","","","102","2,,0,20,","36.1",",,0,05,","11.7","1,0,03,","1521.4","0","651.1","1,0","107.8",",,,0","203","2,,,0","-3.29","1,0","3.00","1,,,0","-9.59",",,,0"
"USC00062658","1994-01","41.95","-73.36667","167.6","FALLS VILLAGE, CT US","0.0","0","0.0","1,0","12",",0","9",",0","2",",0","","","8","1,0","12","1,0","30","1,0","19",",0","0",",0","0",",0","1","","","","-32.8","1,0,27,","","","152","1,,0,08,","40.1",",,0,18,","12.2",",0,28,","2344.4","0","823.0",",0","116.3",",,,0","642","1,,,0","-8.97","1,0","-1.64",",,,0","-16.31","1,,,0"
"USC00062658","1994-02","41.95","-73.36667","167.6","FALLS VILLAGE, CT US","0.0","0","0.0",",0","13",",0","5",",0","0",",0","","","6","1,0","9",",0","28",",0","14",",0","0",",0","0",",0","","","","","-25.6",",0,02,","","","152","1,,0,09,","16.8",",,0,09,","16.7",",0,20,","3054.2","0","709.8",",0","62.0",",,,0","432","1,,,0","-7.02",",0","0.63",",,,0","-14.66",",,,0"
"USC00062658","1994-03","41.95","-73.36667","167.6","FALLS VILLAGE, CT US","0.0","0","0.0",",0","16",",0","11",",0","1",",0","28",",0","4",",0","2",",0","30",",0","1",",0","0",",0","0",",0","1","","","","-19.4",",0,02,","305",",,0,10,+","76",",,0,03,","26.9",",,0,10,","18.3",",0,23,","3615.4","0","561.2",",0","120.2",",,,0","226",",,,0","0.23",",0","7.05",",,,0","-6.60",",,,0"
"USC00062658","1994-04","41.95","-73.36667","167.6","FALLS VILLAGE, CT US","0.3","0","0.3",",0","11",",0","9",",0","1",",0","0",",0","0",",0","0",",0","15",",0","0",",0","7",",0","0",",0","2","","","","-7.2",",0,05,","0",",,0,30,+","0",",,0,30,+","33.3",",,0,14,","30.0",",0,27,","3898.2","0","282.8",",0","106.0",",,,0","0",",,,0","8.92",",0","17.82",",,,0","0.02",",,,0"
"USC00062658","1994-05","41.95","-73.36667","167.6","FALLS VILLAGE, CT US","2.7","0","2.4","1,0","16",",0","10",",0","0",",0","0",",0","0",",0","0",",0","5",",0","0","1,0","19","1,0","0","1,0","","","2","","-3.9",",0,03,","0",",,0,31,+","0",",,0,31,+","23.1",",,0,08,","31.1","1,0,23,+","4052.0","0","153.8","1,0","94.9",",,,0","0",",,,0","13.32","1,0","22.20","1,,,0","4.43",",,,0"
"USC00062658","1994-06","41.95","-73.36667","167.6","FALLS VILLAGE, CT US","69.8","0","67.1",",0","13",",0","7",",0","0",",0","0",",0","0",",0","0",",0","0",",0","0",",0","29",",0","5",",0","","","4","","1.1",",0,04,","0",",,0,30,+","0",",,0,30,+","20.3",",,0,13,","34.4",",0,18,","4084.2","0","32.2",",0","77.7",",,,0","0",",,,0","19.50",",0","27.81",",,,0","11.18",",,,0"
"USC00062658","1994-07","41.95","-73.36667","167.6","FALLS VILLAGE, CT US","204.6","0","134.8",",0","18",",0","9",",0","3",",0","0",",0","0",",0","0",",0","0",",0","0",",0","31",",0","8",",0","","","12","","8.9",",0,12,","0",",,0,31,+","0",",,0,31,+","41.7",",,0,14,","33.3",",0,07,+","0.0","0","0.0",",0","189.0",",,,0","0",",,,0","22.68",",0","29.98",",,,0","15.38",",,,0"
"USC00062658","1994-08","41.95","-73.36667","167.6","FALLS VILLAGE, CT US","259.9","0","55.3",",0","16",",0","11",",0","1",",0","0",",0","0",",0","0",",0","0",",0","0",",0","31",",0","0",",0","","","3","","5.0",",0,06,","0",",,0,31,+","0",",,0,31,+","27.9",",,0,18,","31.1",",0,13,+","30.7","0","30.7",",0","165.8",",,,0","0",",,,0","19.12",",0","26.52",",,,0","11.73",",,,0"
"USC00062658","1994-09","41.95","-73.36667","167.6","FALLS VILLAGE, CT US","265.2","0","5.3","1,0","12",",0","6",",0","0",",0","0",",0","0",",0","0",",0","0",",0","0","1,0","20","1,0","0","1,0","","","2","","1.7",",0,20,+","0",",,0,30,+","0",",,0,30,+","23.4",",,0,28,","28.3","1,0,17,","131.4","0","100.7","1,0","68.7",",,,0","0",",,,0","15.02","1,0","22.28","1,,,0","7.77",",,,0"
"USC00062658","1994-10","41.95","-73.36667","167.6","FALLS VILLAGE, CT US","265.2","0","0.0","1,0","5",",0","4",",0","0",",0","0",",0","0",",0","0",",0","17",",0","0","1,0","5","1,0","0","1,0","","","","","-6.7",",0,28,+","0",",,0,31,+","0",",,0,31,+","14.2",",,0,24,","23.9","1,0,08,","441.9","0","310.5","1,0","41.2",",,,0","0",",,,0","8.15","1,0","17.20","1,,,0","-0.90",",,,0"
"USC00062658","1994-11","41.95","-73.36667","167.6","FALLS VILLAGE, CT US","265.2","0","0.0",",0","9",",0","7",",0","0",",0","0","1,0","0","1,0","0",",0","20",",0","1",",0","2",",0","0",",0","","","","","-13.3",",0,27,","0","1,,0,30,+","0","1,,0,30,+","24.1",",,0,28,+","25.0",",0,04,","836.2","0","394.3",",0","97.1",",,,0","0","1,,,0","5.19",",0","13.22",",,,0","-2.84",",,,0"
"USC00062658","1994-12","41.95","-73.36667","167.6","FALLS VILLAGE, CT US","265.2","0","0.0",",0","11",",0","7",",0","2",",0","0",",0","0","1,0","0",",0","29",",0","1",",0","0",",0","0",",0","","","","","-15.6",",0,30,+","0",",,0,31,+","0","1,,0,31,+","34.0",",,0,24,","16.7",",0,04,","1411.1","0","574.9",",0","128.1",",,,0","0","1,,,0","-0.21",",0","6.83",",,,0","-7.25",",,,0"
"USC00062658","1995-01","41.95","-73.36667","167.6","FALLS VILLAGE, CT US","0.0","0","0.0",",0","16",",0","10",",0","0",",0","0","4,0","2","2,0","2",",0","28",",0","8",",0","0",",0","0",",0","","","","","-17.8",",0,30,+","0","4,T,0,02,","51","2,,0,02,","24.1",",,0,21,","16.7",",0,15,","2031.3","0","620.2",",0","109.6",",,,0","76","2,,,0","-1.67",",0","3.84",",,,0","-7.19",",,,0"
"USC00062658","1995-02","41.95","-73.36667","167.6","FALLS VILLAGE, CT US","0.0","0","0.0",",0","6",",0","5",",0","0",",0","","","1","1,0","8",",0","28",",0","10",",0","0",",0","0",",0","","","","","-29.4",",0,07,","","","216","1,,0,05,","15.2",",,0,05,","11.7",",0,19,","2705.9","0","674.6",",0","48.7",",,,0","216","1,,,0","-5.76",",0","2.23",",,,0","-13.74",",,,0"
"USC00062658","1995-03","41.95","-73.36667","167.6","FALLS VILLAGE, CT US","0.0","0","0.0",",0","9",",0","5",",0","1",",0","0","2,0","1",",0","0",",0","25",",0","1",",0","0",",0","0",",0","","","","","-13.3",",0,10,","0","2,,0,31,+","25",",,0,09,","39.6",",,0,09,","20.6",",0,16,","3176.7","0","470.8",",0","78.1",",,,0","25",",,,0","3.15",",0","10.57",",,,0","-4.27",",,,0"
"USC00062658","1995-04","41.95","-73.36667","167.6","FALLS VILLAGE, CT US","0.0","0","0.0","1,0","10",",0","7",",0","0",",0","0","1,0","0","1,0","0",",0","19",",0","0","1,0","2","1,0","0","1,0","","","1","","-12.2",",0,05,","0","1,,0,30,+","0","1,,0,30,+","18.5",",,0,13,","23.3","1,0,27,","3537.8","0","361.1","1,0","60.6",",,,0","0","1,,,0","5.99","1,0","14.24","1,,,0","-2.27",",,,0"
"USC00062658","1995-05","41.95","-73.36667","167.6","FALLS VILLAGE, CT US","0.3","0","0.3",",0","15",",0","7",",0","0",",0","0",",0","0",",0","0",",0","5",",0","0",",0","17",",0","0",",0","","","2","","-5.0",",0,07,","0",",,0,31,+","0",",,0,31,+","18.5",",,0,25,","30.6",",0,24,","3710.1","0","172.3",",0","62.3",",,,0","0",",,,0","12.79",",0","21.38",",,,0","4.19",",,,0"
"USC00062658","1995-06","41.95","-73.36667","167.6","FALLS VILLAGE, CT US","42.7","0","42.4",",0","6",",0","3",",0","0",",0","0",",0","0",",0","0",",0","0",",0","0",",0","30",",0","3",",0","","","1","","2.2",",0,28,","0",",,0,30,+","0",",,0,30,+","5.6",",,0,27,","34.4",",0,20,","3738.5","0","28.4",",0","19.6",",,,0","0",",,,0","18.80",",0","27.99",",,,0","9.61",",,,0"
"USC00062658","1995-07","41.95","-73.36667","167.6","FALLS VILLAGE, CT US","167.4","0","124.7",",0","11",",0","9",",0","1",",0","0",",0","0",",0","0",",0","0",",0","0",",0","31",",0","8",",0","","","5","","6.1",",0,04,","0",",,0,31,+","0",",,0,31,+","38.4",",,0,27,","37.2",",0,15,","6.1","0","6.1",",0","130.5",",,,0","0",",,,0","22.16",",0","30.27",",,,0","14.05",",,,0"
"USC00062658","1995-08","41.95","-73.36667","167.6","FALLS VILLAGE, CT US","233.8","0","66.4",",0","3",",0","3",",0","1",",0","0",",0","0",",0","0",",0","0",",0","0",",0","31",",0","7",",0","","","1","","2.2",",0,31,","0",",,0,31,+","0",",,0,31,+","43.9",",,0,06,","34.4",",0,02,","24.7","0","18.6",",0","54.1",",,,0","0",",,,0","19.88",",0","29.28",",,,0","10.47",",,,0"
"USC00062658","1995-09","41.95","-73.36667","167.6","FALLS VILLAGE, CT US","248.3","0","14.5",",0","9",",0","6",",0","0",",0","0",",0","0",",0","0",",0","4",",0","0",",0","21",",0","0",",0","","","","","-2.2",",0,11,","0",",,0,30,+","0",",,0,30,+","22.4",",,0,23,","31.1",",0,01,","133.2","0","108.5",",0","72.8",",,,0","0",",,,0","15.20",",0","23.27",",,,0","7.13",",,,0"
"USC00062658","1995-10","41.95","-73.36667","167.6","FALLS VILLAGE, CT US","248.3","0","0.0",",0","12",",0","8",",0","4",",0","0",",0","0",",0","0",",0","5",",0","0",",0","12",",0","0",",0","","","1","","-1.7",",0,31,+","0",",,0,31,+","0",",,0,31,+","99.1",",,0,28,","27.8",",0,13,","326.0","0","192.8",",0","298.3",",,,0","0",",,,0","12.11",",0","19.15",",,,0","5.08",",,,0"
"USC00062658","1995-11","41.95","-73.36667","167.6","FALLS VILLAGE, CT US","248.3","0","0.0",",0","14",",0","8",",0","1",",0","0","2,0","1",",0","0",",0","22",",0","0",",0","0",",0","0",",0","","","","","-15.0",",0,30,","0","2,,0,30,+","76",",,0,29,","59.7",",,0,12,","17.2",",0,12,+","799.6","0","473.6",",0","128.3",",,,0","76",",,,0","2.55",",0","7.70",",,,0","-2.61",",,,0"
"USC00062658","1995-12","41.95","-73.36667","167.6","FALLS VILLAGE, CT US","248.3","0","0.0",",0","12",",0","5",",0","0",",0","","","2","5,0","1",",0","31",",0","14",",0","0",",0","0",",0","","","","","-18.9",",0,13,","","","127","5,,0,15,","13.7",",,0,15,","6.7",",0,04,","1484.9","0","685.3",",0","45.5",",,,0","241","5,,,0","-3.77",",0","0.68",",,,0","-8.23",",,,0"
"USC00062658","1996-01","41.95","-73.36667","167.6","FALLS VILLAGE, CT US","0.0","0","0.0",",0","14",",0","10",",0","3",",0","","","6","1,0","5",",0","30",",0","12",",0","0",",0","0",",0","","","","","-26.7",",0,06,","","","254","1,,0,09,","40.9",",,0,20,","14.4",",0,19,","2188.4","0","703.5",",0","194.6",",,,0","888","1,,,0","-4.36",",0","1.86",",,,0","-10.58",",,,0"
"USC00062658","1996-02","41.95","-73.36667","167.6","FALLS VILLAGE, CT US","0.0","0","0.0",",0","15",",0","9",",0","0",",0","","","1","4,0","6",",0","23",",0","12",",0","0",",0","0",",0","","","","","-29.4",",0,05,","","","356","4,,0,17,","12.2",",,0,17,","12.8",",0,25,","2816.4","0","628.0",",0","63.9",",,,0","356","4,,,0","-3.32",",0","1.95",",,,0","-8.60",",,,0"
"USC00062658","1996-03","41.95","-73.36667","167.6","FALLS VILLAGE, CT US","0.0","0","0.0",",0","11",",0","9",",0","0",",0","","","1","1,0","1",",0","27",",0","2",",0","0",",0","0",",0","","","","","-18.3",",0,11,","","","203","1,,0,08,","19.1",",,0,08,","18.9",",0,25,","3366.2","0","549.8",",0","76.8",",,,0","203","1,,,0","0.60",",0","7.50",",,,0","-6.31",",,,0"
"USC00062658","1996-04","41.95","-73.36667","167.6","FALLS VILLAGE, CT US","1.7","0","1.7",",0","14",",0","11",",0","3",",0","0","4,0","0","4,0","0",",0","11",",0","0",",0","7",",0","0",",0","","","","","-5.0",",0,09,","0","4,,0,30,+","0","4,,0,30,+","26.9",",,0,14,","28.3",",0,23,","3652.3","0","286.1",",0","164.8",",,,0","0","4,,,0","8.85",",0","15.70",",,,0","2.00",",,,0"
"USC00062658","1996-05","41.95","-73.36667","167.6","FALLS VILLAGE, CT US","15.9","0","14.2","1,0","15",",0","11",",0","1",",0","0",",0","0",",0","0",",0","5",",0","0","1,0","10","1,0","2","1,0","","","1","","-2.8",",0,14,","0",",,0,31,+","0",",,0,31,+","37.8",",,0,12,","33.3","1,0,20,","3806.2","0","153.9","1,0","121.4",",,,0","0",",,,0","13.66","1,0","21.49","1,,,0","5.84",",,,0"
"USC00062658","1996-06","41.95","-73.36667","167.6","FALLS VILLAGE, CT US","92.4","0","76.5",",0","9",",0","6",",0","0",",0","0",",0","0",",0","0",",0","0",",0","0",",0","30",",0","0",",0","","","","","3.9",",0,01,","0",",,0,30,+","0",",,0,30,+","23.6",",,0,04,","31.1",",0,08,","3816.4","0","10.2",",0","64.0",",,,0","0",",,,0","20.54",",0","26.89",",,,0","14.20",",,,0"
"USC00062658","1996-07","41.95","-73.36667","167.6","FALLS VILLAGE, CT US","177.0","0","84.6","2,0","17",",0","13",",0","2",",0","0",",0","0",",0","0","1,0","0","1,0","0","2,0","29","2,0","0","2,0","","","7","","8.9","1,0,11,","0",",,0,31,+","0",",,0,31,+","85.9",",,0,14,","30.6","2,0,18,+","0.5","0","0.5","2,0","254.8",",,,0","0",",,,0","21.21","2,0","27.88","2,,,0","14.54","1,,,0"
"USC00062658","1996-08","41.95","-73.36667","167.6","FALLS VILLAGE, CT US","270.4","0","93.4","1,0","11",",0","6",",0","0",",0","0",",0","0",",0","0",",0","0",",0","0","1,0","30","1,0","1","1,0","","","2","","7.8",",0,31,","0",",,0,31,+","0",",,0,31,+","15.7",",,0,17,","32.8","1,0,06,","1.9","0","1.4","1,0","52.4",",,,0","0",",,,0","21.47","1,0","28.03","1,,,0","14.92",",,,0"
"USC00062658","1996-09","41.95","-73.36667","167.6","FALLS VILLAGE, CT US","297.6","0","27.2","1,0","13",",0","9",",0","3",",0","0",",0","0",",0","0",",0","0",",0","0","1,0","18","1,0","0","1,0","","","1","","4.4",",0,26,","0",",,0,30,+","0",",,0,30,+","36.6",",,0,18,","30.6","1,0,06,","72.9","0","71.0","1,0","159.2",",,,0","0",",,,0","16.89","1,0","22.44","1,,,0","11.34",",,,0"
"USC00062658","1996-10","41.95","-73.36667","167.6","FALLS VILLAGE, CT US","297.6","0","0.0",",0","11",",0","8",",0","2",",0","0",",0","0",",0","0",",0","7",",0","0",",0","5",",0","0",",0","","","","","-3.9",",0,12,+","0",",,0,31,+","0",",,0,31,+","62.5",",,0,20,","22.8",",0,27,+","323.2","0","250.3",",0","142.3",",,,0","0",",,,0","10.26",",0","17.10",",,,0","3.42",",,,0"
"USC00062658","1996-11","41.95","-73.36667","167.6","FALLS VILLAGE, CT US","297.6","0","0.0","1,0","11",",0","7",",0","1",",0","0",",0","0","1,0","0",",0","22",",0","1","1,0","0","1,0","0","1,0","","","","","-12.8",",0,16,","0",",,0,30,+","0","1,,0,30,+","39.4",",,0,09,","18.9","1,0,09,+","785.4","0","462.2","1,0","86.7",",,,0","0","1,,,0","2.44","1,0","7.95","1,,,0","-3.07",",,,0"
"USC00062658","1996-12","41.95","-73.36667","167.6","FALLS VILLAGE, CT US","297.6","0","0.0",",0","19",",0","13",",0","2",",0","","","3",",0","0",",0","22",",0","1",",0","0",",0","0",",0","","","","","-11.7",",0,31,+","","","76",",,0,08,+","45.2",",,0,02,","13.9",",0,25,+","1294.3","0","508.9",",0","174.9",",,,0","203",",,,0","1.92",",0","6.35",",,,0","-2.52",",,,0"
"USC00062658","1997-01","41.95","-73.36667","167.6","FALLS VILLAGE, CT US","0.0","0","0.0",",0","13",",0","7",",0","0",",0","","","","","2",",0","30",",0","13",",0","0",",0","0",",0","","","","","-21.1",",0,19,","","","","","18.8",",,0,25,","11.7",",0,06,","1967.9","0","673.6",",0","80.6",",,,0","","","-3.40",",0","1.75",",,,0","-8.54",",,,0"
"USC00062658","1997-02","41.95","-73.36667","167.6","FALLS VILLAGE, CT US","0.0","0","0.0",",0","12",",0","5",",0","0",",0","","","1",",0","0",",0","25",",0","1",",0","1",",0","0",",0","","","","","-12.8",",0,25,","","","89",",,0,17,","15.5",",,0,05,","21.1",",0,22,","2453.3","0","485.4",",0","41.5",",,,0","109",",,,0","1.00",",0","6.79",",,,0","-4.79",",,,0"
"USC00062658","1997-03","41.95","-73.36667","167.6","FALLS VILLAGE, CT US","0.0","0","0.0",",0","14",",0","11",",0","1",",0","","","4",",0","0",",0","26",",0","2",",0","0",",0","0",",0","","","","","-10.6",",0,16,+","","","76",",,0,10,","29.7",",,0,26,","18.9",",0,28,","2976.8","0","523.5",",0","103.7",",,,0","151",",,,0","1.45",",0","6.65",",,,0","-3.76",",,,0"
"USC00062658","1997-04","41.95","-73.36667","167.6","FALLS VILLAGE, CT US","0.0","0","0.0",",0","8",",0","6",",0","2",",0","","","2",",0","0",",0","16",",0","0",",0","1",",0","0",",0","","","","","-7.2",",0,03,","","","356",",,0,01,","63.5",",,0,01,","23.3",",0,30,","3324.6","0","347.8",",0","128.1",",,,0","381",",,,0","6.74",",0","13.44",",,,0","0.03",",,,0"
"USC00062658","1997-05","41.95","-73.36667","167.6","FALLS VILLAGE, CT US","2.0","0","2.0","1,0","20",",0","6",",0","1",",0","0",",0","0",",0","0",",0","2",",0","0","1,0","11","1,0","0","1,0","","","","","-1.7",",0,05,","0",",,0,31,+","0",",,0,31,+","27.9",",,0,04,","26.7","1,0,31,","3519.4","0","194.8","1,0","99.2",",,,0","0",",,,0","12.01","1,0","18.70","1,,,0","5.32",",,,0"
"USC00062658","1997-06","41.95","-73.36667","167.6","FALLS VILLAGE, CT US","53.5","0","51.5",",0","6",",0","5",",0","0",",0","0",",0","0",",0","0",",0","0",",0","0",",0","26",",0","0",",0","","","1","","4.4",",0,15,+","0",",,0,30,+","0",",,0,30,+","13.5",",,0,14,","31.7",",0,21,","3561.9","0","42.5",",0","41.2",",,,0","0",",,,0","18.63",",0","25.74",",,,0","11.52",",,,0"
"USC00062658","1997-07","41.95","-73.36667","167.6","FALLS VILLAGE, CT US","124.6","0","71.1",",0","8",",0","4",",0","1",",0","0",",0","0",",0","0",",0","0",",0","0",",0","31",",0","2",",0","","","3","","6.7",",0,30,","0",",,0,31,+","0",",,0,31,+","44.7",",,0,10,","33.9",",0,15,","7.0","0","7.0",",0","93.0",",,,0","0",",,,0","20.40",",0","27.34",",,,0","13.46",",,,0"
"USC00062658","1997-08","41.95","-73.36667","167.6","FALLS VILLAGE, CT US","179.3","0","54.7","1,0","16",",0","8",",0","0",",0","0",",0","0",",0","0","1,0","0","1,0","0",",0","30",",0","0",",0","","","2","","7.8","1,0,08,","0",",,0,31,+","0",",,0,31,+","22.9",",,0,18,","31.1",",0,16,","22.3","0","15.3",",0","109.3",",,,0","0",",,,0","19.70","1,0","25.88",",,,0","13.53","1,,,0"
"USC00062658","1997-09","41.95","-73.36667","167.6","FALLS VILLAGE, CT US","201.8","0","22.5",",0","9",",0","4",",0","0",",0","0",",0","0",",0","0",",0","2",",0","0",",0","21",",0","0",",0","","","","","-0.6",",0,25,","0",",,0,30,+","0",",,0,30,+","9.4",",,0,29,","28.9",",0,02,","106.6","0","84.3",",0","26.3",",,,0","0",",,,0","16.27",",0","23.22",",,,0","9.33",",,,0"
"USC00062658","1997-10","41.95","-73.36667","167.6","FALLS VILLAGE, CT US","202.9","0","1.1",",0","11",",0","7",",0","0",",0","0",",0","0",",0","0",",0","13",",0","0",",0","10",",0","0",",0","","","1","","-7.8",",0,23,","0",",,0,31,+","0",",,0,31,+","9.7",",,0,27,","28.3",",0,06,","379.5","0","272.9",",0","41.4",",,,0","0",",,,0","9.57",",0","16.88",",,,0","2.25",",,,0"
"USC00062658","1997-11","41.95","-73.36667","167.6","FALLS VILLAGE, CT US","202.9","0","0.0",",0","16",",0","10",",0","2",",0","","","","","0",",0","23",",0","0",",0","0",",0","0",",0","","","2","","-11.7",",0,25,+","","","","","35.1",",,0,09,","16.7",",0,02,","854.9","0","475.4",",0","160.4",",,,0","","","2.49",",0","7.39",",,,0","-2.42",",,,0"
"USC00062658","1997-12","41.95","-73.36667","167.6","FALLS VILLAGE, CT US","202.9","0","0.0",",0","12",",0","8",",0","0",",0","","","2",",0","0",",0","31",",0","2",",0","0",",0","0",",0","","","","","-14.4",",0,15,","","","165",",,0,11,","24.6",",,0,30,","10.0",",0,16,","1456.8","0","601.9",",0","93.3",",,,0","198",",,,0","-1.08",",0","3.91",",,,0","-6.07",",,,0"
"USC00062658","1998-01","41.95","-73.36667","167.6","FALLS VILLAGE, CT US","0.0","0","0.0",",0","16",",0","10",",0","0",",0","","","3","1,0","1",",0","25",",0","5",",0","0",",0","0",",0","","","1","","-21.7",",0,01,","","","25","1,,0,25,+","23.4",",,0,24,","13.3",",0,06,+","2034.6","0","577.8",",0","97.2",",,,0","95","1,,,0","-0.30",",0","4.14",",,,0","-4.75",",,,0"
"USC00062658","1998-02","41.95","-73.36667","167.6","FALLS VILLAGE, CT US","0.0","0","0.0",",0","8",",0","7",",0","0",",0","0",",0","1","2,0","0",",0","24",",0","1",",0","0",",0","0",",0","","","1","","-15.0",",0,15,","0",",,0,28,+","25","2,,0,25,","18.5",",,0,25,","15.6",",0,28,","2512.6","0","478.0",",0","58.5",",,,0","25","2,,,0","1.26",",0","6.81",",,,0","-4.29",",,,0"
"USC00062658","1998-03","41.95","-73.36667","167.6","FALLS VILLAGE, CT US","1.1","0","1.1",",0","10",",0","8",",0","0",",0","","","2","3,0","0",",0","24",",0","2",",0","5",",0","0",",0","2","","","","-12.8",",0,12,","","","89","3,,0,15,","22.9",",,0,10,","31.1",",0,31,","2972.0","0","459.4",",0","107.4",",,,0","127","3,,,0","3.55",",0","10.50",",,,0","-3.40",",,,0"
"USC00062658","1998-04","41.95","-73.36667","167.6","FALLS VILLAGE, CT US","1.1","0","0.0",",0","8",",0","8",",0","0",",0","0",",0","0",",0","0",",0","14",",0","0",",0","5",",0","0",",0","","","","","-5.6",",0,11,","0",",,0,30,+","0",",,0,30,+","21.6",",,0,20,","28.9",",0,01,","3242.5","0","270.5",",0","87.0",",,,0","0",",,,0","9.32",",0","17.31",",,,0","1.32",",,,0"
"USC00062658","1998-05","41.95","-73.36667","167.6","FALLS VILLAGE, CT US","15.8","0","14.7",",0","13",",0","11",",0","0",",0","0",",0","0",",0","0",",0","1",",0","0",",0","24",",0","0",",0","","","3","","-1.1",",0,14,","0",",,0,31,+","0",",,0,31,+","17.0",",,0,10,","31.1",",0,29,","3309.1","0","66.6",",0","91.8",",,,0","0",",,,0","16.66",",0","24.28",",,,0","9.04",",,,0"
"USC00062658","1998-06","41.95","-73.36667","167.6","FALLS VILLAGE, CT US","85.2","0","69.4","1,0","13",",0","8",",0","2",",0","0",",0","0",",0","0",",0","0",",0","0","1,0","21","1,0","0","1,0","","","5","","1.1",",0,04,","0",",,0,30,+","0",",,0,30,+","44.2",",,0,14,","31.7","1,0,26,+","3359.1","0","50.0","1,0","168.4",",,,0","0",",,,0","18.93","1,0","25.10","1,,,0","12.77",",,,0"
"USC00062658","1998-07","41.95","-73.36667","167.6","FALLS VILLAGE, CT US","184.0","0","98.8","1,0","9",",0","8",",0","2",",0","0",",0","0",",0","0",",0","0",",0","0","1,0","30","1,0","0","1,0","","","2","","8.9",",0,06,","0",",,0,31,+","0",",,0,31,+","47.8",",,0,01,","31.7","1,0,23,+","1.4","0","1.4","1,0","148.3",",,,0","0",",,,0","21.52","1,0","28.54","1,,,0","14.49",",,,0"
"USC00062658","1998-08","41.95","-73.36667","167.6","FALLS VILLAGE, CT US","295.0","0","111.0",",0","6",",0","4",",0","0",",0","0","1,0","0",",0","0",",0","0",",0","0",",0","31",",0","1",",0","1","","2","","5.0",",0,20,","0","1,,0,31,+","0",",,0,31,+","7.6",",,0,26,","32.2",",0,24,","8.3","0","6.9",",0","20.0",",,,0","0",",,,0","21.69",",0","29.01",",,,0","14.37",",,,0"
"USC00062658","1998-09","41.95","-73.36667","167.6","FALLS VILLAGE, CT US","331.1","0","36.1","1,0","9",",0","6",",0","0",",0","0",",0","0",",0","0",",0","0",",0","0","1,0","24","1,0","0","1,0","1","","2","","0.6",",0,24,","0",",,0,30,+","0",",,0,30,+","21.1",",,0,23,","31.1","1,0,07,","64.2","0","55.9","1,0","85.1",",,,0","0",",,,0","17.67","1,0","25.11","1,,,0","10.22",",,,0"
"USC00062658","1998-10","41.95","-73.36667","167.6","FALLS VILLAGE, CT US","331.1","0","0.0",",0","10",",0","6",",0","2",",0","","","0",",0","0",",0","7",",0","0",",0","3",",0","0",",0","","","","","-2.8",",0,22,","","","0",",,0,31,+","56.9",",,0,09,","25.0",",0,18,","314.3","0","250.1",",0","140.9",",,,0","0",",,,0","10.26",",0","16.34",",,,0","4.19",",,,0"
"USC00062658","1998-11","41.95","-73.36667","167.6","FALLS VILLAGE, CT US","331.1","0","0.0",",0","12",",0","5",",0","1",",0","0",",0","0",",0","0",",0","21",",0","0",",0","0",",0","0",",0","","","","","-7.2",",0,19,+","0",",,0,30,+","0",",,0,30,+","27.2",",,0,27,","17.8",",0,11,","743.3","0","429.0",",0","56.7",",,,0","0",",,,0","4.03",",0","9.62",",,,0","-1.56",",,,0"
"USC00062658","1998-12","41.95","-73.36667","167.6","FALLS VILLAGE, CT US","331.1","0","0.0",",0","6",",0","4",",0","0",",0","0","2,0","1","1,0","0",",0","25",",0","4",",0","1",",0","0",",0","","","","","-16.1",",0,31,","0","2,,0,31,+","38","1,,0,30,","7.9",",,0,30,","22.2",",0,07,","1280.6","0","537.3",",0","26.8",",,,0","38","1,,,0","1.00",",0","7.25",",,,0","-5.25",",,,0"
"USC00062658","1999-01","41.95","-73.36667","167.6","FALLS VILLAGE, CT US","0.0","0","0.0",",0","16",",0","11",",0","2",",0","","","4","3,0","4",",0","30",",0","12",",0","0",",0","0",",0","","","","","-20.6",",0,02,","","","51","3,,0,04,","26.4",",,0,16,","15.0",",0,24,","1964.1","0","683.5",",0","160.2",",,,0","152","3,,,0","-3.72",",0","2.07",",,,0","-9.50",",,,0"
"USC00062658","1999-02","41.95","-73.36667","167.6","FALLS VILLAGE, CT US","0.0","0","0.0",",0","10",",0","8",",0","0",",0","","","2","1,0","0",",0","28",",0","4",",0","0",",0","0",",0","","","","","-17.2",",0,23,","","","64","1,,0,26,","21.1",",,0,03,","12.8",",0,16,","2508.0","0","543.9",",0","70.2",",,,0","123","1,,,0","-1.09",",0","4.83",",,,0","-7.01",",,,0"
"USC00062658","1999-03","41.95","-73.36667","167.6","FALLS VILLAGE, CT US","0.0","0","0.0",",0","12",",0","8",",0","2",",0","","","2",",0","0",",0","29",",0","2",",0","1",",0","0",",0","","","","","-13.9",",0,09,+","","","76",",,0,07,","35.6",",,0,22,","22.8",",0,31,","3016.8","0","508.8",",0","135.0",",,,0","140",",,,0","1.92",",0","8.44",",,,0","-4.60",",,,0"
"USC00062658","1999-04","41.95","-73.36667","167.6","FALLS VILLAGE, CT US","0.0","0","0.0",",0","10",",0","5",",0","0",",0","0",",0","0",",0","0",",0","19",",0","0",",0","4",",0","0",",0","","","","","-6.1",",0,11,","0",",,0,30,+","0",",,0,30,+","10.2",",,0,24,","23.9",",0,08,","3318.5","0","301.7",",0","35.9",",,,0","0",",,,0","8.28",",0","16.65",",,,0","-0.10",",,,0"
"USC00062658","1999-05","41.95","-73.36667","167.6","FALLS VILLAGE, CT US","3.3","0","3.3",",0","9",",0","6",",0","1",",0","0",",0","0",",0","0",",0","2",",0","0",",0","23",",0","1",",0","","","1","","-1.7",",0,01,","0",",,0,31,+","0",",,0,31,+","98.8",",,0,20,","32.8",",0,31,","3435.5","0","117.0",",0","153.1",",,,0","0",",,,0","14.67",",0","22.85",",,,0","6.48",",,,0"
"USC00062658","1999-06","41.95","-73.36667","167.6","FALLS VILLAGE, CT US","85.0","0","81.7",",0","5",",0","4",",0","1",",0","0",",0","0",",0","0",",0","0",",0","0",",0","30",",0","8",",0","","","3","","5.0",",0,05,","0",",,0,30,+","0",",,0,30,+","35.1",",,0,29,","35.0",",0,07,","3451.6","0","16.1",",0","66.6",",,,0","0",",,,0","20.52",",0","28.94",",,,0","12.10",",,,0"
"USC00062658","1999-07","41.95","-73.36667","167.6","FALLS VILLAGE, CT US","245.8","0","160.8",",0","8",",0","7",",0","0",",0","0",",0","0",",0","0",",0","0",",0","0",",0","31",",0","17",",0","","","6","","6.7",",0,12,","0",",,0,31,+","0",",,0,31,+","14.7",",,0,07,","36.1",",0,06,","3.8","0","3.8",",0","60.5",",,,0","0",",,,0","23.40",",0","31.21",",,,0","15.58",",,,0"
"USC00062658","1999-08","41.95","-73.36667","167.6","FALLS VILLAGE, CT US","331.0","0","85.2",",0","12",",0","8",",0","1",",0","0",",0","0",",0","0",",0","0",",0","0",",0","29",",0","3",",0","","","1","","6.7",",0,30,+","0",",,0,31,+","0",",,0,31,+","25.4",",,0,28,","33.9",",0,01,","17.4","0","13.6",",0","118.5",",,,0","0",",,,0","20.65",",0","27.98",",,,0","13.31",",,,0"
"USC00062658","1999-09","41.95","-73.36667","167.6","FALLS VILLAGE, CT US","372.3","0","41.3",",0","11",",0","8",",0","3",",0","0",",0","0",",0","0",",0","0",",0","0",",0","26",",0","1",",0","","","","","2.2",",0,26,","0",",,0,30,+","0",",,0,30,+","120.9",",,0,16,","32.8",",0,03,","72.7","0","55.3",",0","247.6",",,,0","0",",,,0","17.87",",0","24.63",",,,0","11.11",",,,0"
"USC00062658","1999-10","41.95","-73.36667","167.6","FALLS VILLAGE, CT US","372.3","0","0.0",",0","13",",0","9",",0","0",",0","0",",0","0",",0","0",",0","13",",0","0",",0","3",",0","0",",0","2","","","","-5.0",",0,28,","0",",,0,31,+","0",",,0,31,+","24.6",",,0,04,","22.2",",0,31,","350.4","0","277.7",",0","77.9",",,,0","0",",,,0","9.37",",0","16.75",",,,0","2.00",",,,0"
"USC00062658","1999-11","41.95","-73.36667","167.6","FALLS VILLAGE, CT US","372.3","0","0.0",",0","8",",0","4",",0","1",",0","0",",0","0",",0","0",",0","15",",0","0",",0","1",",0","0",",0","","","","","-8.3",",0,18,","0",",,0,30,+","0",",,0,30,+","31.8",",,0,02,","22.2",",0,10,","703.0","0","352.6",",0","80.7",",,,0","0",",,,0","6.58",",0","13.32",",,,0","-0.16",",,,0"
"USC00062658","1999-12","41.95","-73.36667","167.6","FALLS VILLAGE, CT US","372.3","0","0.0",",0","10",",0","5",",0","0",",0","0",",0","0",",0","0",",0","28",",0","7",",0","0",",0","0",",0","","","","","-16.1",",0,28,+","0",",,0,31,+","0",",,0,31,+","10.9",",,0,10,","16.1",",0,05,","1284.6","0","581.6",",0","49.5",",,,0","0",",,,0","-0.43",",0","5.25",",,,0","-6.11",",,,0"
"USC00062658","2000-01","41.95","-73.36667","167.6","FALLS VILLAGE, CT US","0.0","0","0.0",",0","10",",0","6",",0","1",",0","","","3",",0","10",",0","29",",0","14",",0","0",",0","0",",0","","","","","-23.3",",0,18,","","","203",",,0,25,","25.9",",,0,25,","16.1",",0,04,","2017.3","0","732.7",",0","85.1",",,,0","457",",,,0","-5.30",",0","1.12",",,,0","-11.72",",,,0"
"USC00062658","2000-02","41.95","-73.36667","167.6","FALLS VILLAGE, CT US","0.0","0","0.0",",0","9",",0","6",",0","0",",0","","","2",",0","2",",0","28",",0","3",",0","0",",0","0",",0","","","","","-19.4",",0,08,","","","102",",,0,18,","21.8",",,0,14,","16.1",",0,24,","2591.7","0","574.4",",0","57.2",",,,0","191",",,,0","-1.47",",0","5.30",",,,0","-8.25",",,,0"
"USC00062658","2000-03","41.95","-73.36667","167.6","FALLS VILLAGE, CT US","0.0","0","0.0",",0","10",",0","7",",0","1",",0","0",",0","1",",0","0",",0","23",",0","0",",0","1",",0","0",",0","4","","2","","-12.2",",0,18,","0",",,0,31,+","25",",,0,17,","25.7",",,0,11,","22.8",",0,09,","3003.8","0","412.1",",0","99.6",",,,0","25",",,,0","5.04",",0","12.31",",,,0","-2.24",",,,0"
"USC00062658","2000-04","41.95","-73.36667","167.6","FALLS VILLAGE, CT US","0.0","0","0.0",",0","15",",0","8",",0","2",",0","0",",0","1",",0","0",",0","13",",0","0",",0","5",",0","0",",0","","","","","-6.7",",0,10,","0",",,0,30,+","127",",,0,09,","29.5",",,0,21,","23.3",",0,16,+","3299.0","0","295.2",",0","91.8",",,,0","127",",,,0","8.49",",0","15.46",",,,0","1.52",",,,0"
"USC00062658","2000-05","41.95","-73.36667","167.6","FALLS VILLAGE, CT US","18.9","0","18.9",",0","18",",0","9",",0","0",",0","0",",0","0",",0","0",",0","3",",0","0",",0","19",",0","4",",0","","","5","","-2.8",",0,01,","0",",,0,31,+","0",",,0,31,+","24.1",",,0,18,","34.4",",0,09,","3435.4","0","136.4",",0","127.0",",,,0","0",",,,0","14.54",",0","22.49",",,,0","6.59",",,,0"
"USC00062658","2000-06","41.95","-73.36667","167.6","FALLS VILLAGE, CT US","80.5","0","61.6","1,0","19",",0","15",",0","4",",0","0",",0","0",",0","0",",0","0",",0","0","1,0","26","1,0","3","1,0","1","","4","","3.9",",0,04,","0",",,0,30,+","0",",,0,30,+","67.1",",,0,06,","33.3","1,0,10,","3468.1","0","32.7","1,0","262.9",",,,0","0",",,,0","19.30","1,0","26.63","1,,,0","11.96",",,,0"
"USC00062658","2000-07","41.95","-73.36667","167.6","FALLS VILLAGE, CT US","125.0","0","44.5",",0","13",",0","8",",0","2",",0","0",",0","0",",0","0",",0","0",",0","0",",0","30",",0","0",",0","1","","","","6.1",",0,08,","0",",,0,31,+","0",",,0,31,+","152.9",",,0,15,","30.0",",0,03,+","10.7","0","10.7",",0","277.2",",,,0","0",",,,0","19.43",",0","26.28",",,,0","12.57",",,,0"
"USC00062658","2000-08","41.95","-73.36667","167.6","FALLS VILLAGE, CT US","187.8","0","62.8",",0","11",",0","9",",0","0",",0","0",",0","0",",0","0",",0","0",",0","0",",0","31",",0","0",",0","","","2","","5.0",",0,21,","0",",,0,31,+","0",",,0,31,+","10.2",",,0,11,","31.1",",0,09,+","27.4","0","16.7",",0","58.1",",,,0","0",",,,0","19.82",",0","26.61",",,,0","13.03",",,,0"
"USC00062658","2000-09","41.95","-73.36667","167.6","FALLS VILLAGE, CT US","226.0","0","38.2",",0","11",",0","5",",0","1",",0","0",",0","0",",0","0",",0","2",",0","0",",0","19",",0","0",",0","","","1","","-2.2",",0,29,","0",",,0,30,+","0",",,0,30,+","36.6",",,0,15,","30.6",",0,02,","131.9","0","104.5",",0","106.4",",,,0","0",",,,0","16.12",",0","22.96",",,,0","9.29",",,,0"
"USC00062658","2000-10","41.95","-73.36667","167.6","FALLS VILLAGE, CT US","226.0","0","0.0",",0","10",",0","4",",0","1",",0","0",",0","0",",0","0",",0","13",",0","0",",0","11",",0","0",",0","2","","1","","-5.0",",0,23,","0",",,0,31,+","0",",,0,31,+","25.4",",,0,18,","25.6",",0,14,","390.4","0","258.5",",0","55.6",",,,0","0",",,,0","9.99",",0","17.66",",,,0","2.33",",,,0"
"USC00062658","2000-11","41.95","-73.36667","167.6","FALLS VILLAGE, CT US","226.0","0","0.0",",0","10",",0","7",",0","1",",0","0",",0","0",",0","0",",0","23",",0","2",",0","0",",0","0",",0","","","","","-13.9",",0,24,","0",",,0,30,+","0",",,0,30,+","25.7",",,0,10,","17.8",",0,04,","837.3","0","446.9",",0","63.3",",,,0","0",",,,0","3.44",",0","8.91",",,,0","-2.04",",,,0"
"USC00062658","2000-12","41.95","-73.36667","167.6","FALLS VILLAGE, CT US","226.0","0","0.0",",0","11",",0","5",",0","1",",0","","","6",",0","0",",0","30",",0","15",",0","0",",0","0",",0","1","","1","","-17.2",",0,23,","","","229",",,0,30,","58.9",",,0,17,","17.8",",0,17,","1536.3","0","699.0",",0","110.7",",,,0","380",",,,0","-4.22",",0","1.45",",,,0","-9.88",",,,0"
"USC00062658","2001-01","41.95","-73.36667","167.6","FALLS VILLAGE, CT US","0.0","0","0.0","1,0","9",",0","6",",0","0",",0","","","3","1,0","3","1,0","30","1,0","6",",0","0",",0","0",",0","","","","","-20.6","1,0,02,","","","102","1,,0,21,","14.2",",,0,30,","7.2",",0,16,","2221.3","0","685.0",",0","45.6",",,,0","191","1,,,0","-4.50","1,0","2.06",",,,0","-11.06","1,,,0"
"USC00062658","2001-02","41.95","-73.36667","167.6","FALLS VILLAGE, CT US","0.0","0","0.0","1,0","9",",0","5",",0","0",",0","","","3","2,0","1","1,0","27","1,0","5",",0","0",",0","0",",0","2","","","","-17.8","1,0,12,","","","356","2,,0,05,","25.1",",,0,05,","12.2",",0,20,","2783.5","0","562.2",",0","55.5",",,,0","458","2,,,0","-2.47","1,0","3.27",",,,0","-8.21","1,,,0"
"USC00062658","2001-03","41.95","-73.36667","167.6","FALLS VILLAGE, CT US","0.0","0","0.0",",0","16",",0","7",",0","1",",0","","","5",",0","0",",0","30",",0","2",",0","0",",0","0",",0","","","","","-13.3",",0,08,","","","203",",,0,05,","41.9",",,0,30,","12.8",",0,20,","3350.7","0","567.2",",0","142.9",",,,0","533",",,,0","0.04",",0","5.43",",,,0","-5.36",",,,0"
"USC00062658","2001-04","41.95","-73.36667","167.6","FALLS VILLAGE, CT US","1.3","0","1.3","1,0","8",",0","5",",0","0",",0","0",",0","0",",0","0",",0","16",",0","0","1,0","6","1,0","0","1,0","","","2","","-6.7",",0,01,","0",",,0,30,+","0",",,0,30,+","10.2",",,0,06,","29.4","1,0,24,+","3633.8","0","283.1","1,0","36.8",",,,0","0",",,,0","8.55","1,0","16.52","1,,,0","0.58",",,,0"
"USC00062658","2001-05","41.95","-73.36667","167.6","FALLS VILLAGE, CT US","11.3","0","10.0",",0","9",",0","4",",0","1",",0","0",",0","0",",0","0",",0","5",",0","0",",0","19",",0","3",",0","","","","","-3.3",",0,07,","0",",,0,31,+","0",",,0,31,+","37.3",",,0,26,","32.8",",0,03,","3764.0","0","130.2",",0","66.9",",,,0","0",",,,0","14.46",",0","22.71",",,,0","6.21",",,,0"
"USC00062658","2001-06","41.95","-73.36667","167.6","FALLS VILLAGE, CT US","84.9","0","73.6",",0","10",",0","7",",0","2",",0","0",",0","0",",0","0",",0","1",",0","0",",0","28",",0","4",",0","","","7","","-0.6",",0,01,","0",",,0,30,+","0",",,0,30,+","95.5",",,0,02,","32.8",",0,14,","3799.9","0","35.9",",0","192.8",",,,0","0",",,,0","19.59",",0","27.41",",,,0","11.77",",,,0"
"USC00062658","2001-07","41.95","-73.36667","167.6","FALLS VILLAGE, CT US","155.2","0","70.3",",0","10",",0","5",",0","0",",0","0",",0","0",",0","0",",0","0",",0","0",",0","31",",0","4",",0","","","","","5.6",",0,31,+","0",",,0,31,+","0",",,0,31,+","15.2",",,0,26,","35.0",",0,25,+","21.7","0","21.7",",0","42.3",",,,0","0",",,,0","19.90",",0","27.89",",,,0","11.91",",,,0"
"USC00062658","2001-08","41.95","-73.36667","167.6","FALLS VILLAGE, CT US","286.6","0","131.4",",0","10",",0","5",",0","1",",0","0",",0","0",",0","0",",0","0",",0","0",",0","31",",0","8",",0","2","","3","","8.3",",0,30,+","0",",,0,31,+","0",",,0,31,+","60.5",",,0,04,","37.2",",0,09,","22.6","0","0.9",",0","108.0",",,,0","0",",,,0","22.54",",0","29.87",",,,0","15.21",",,,0"
"USC00062658","2001-09","41.95","-73.36667","167.6","FALLS VILLAGE, CT US","306.4","0","19.8",",0","8",",0","5",",0","2",",0","0",",0","0",",0","0",",0","1",",0","0",",0","24",",0","0",",0","1","","","","0.0",",0,30,","0",",,0,30,+","0",",,0,30,+","36.6",",,0,21,","31.1",",0,04,","95.9","0","73.3",",0","109.6",",,,0","0",",,,0","16.55",",0","24.78",",,,0","8.32",",,,0"
"USC00062658","2001-10","41.95","-73.36667","167.6","FALLS VILLAGE, CT US","306.4","0","0.0",",0","6",",0","4",",0","0",",0","0",",0","0",",0","0",",0","8",",0","0",",0","13",",0","0",",0","","","","","-7.8",",0,31,","0",",,0,31,+","0",",,0,31,+","11.7",",,0,15,","26.7",",0,04,","328.6","0","232.7",",0","24.4",",,,0","0",",,,0","10.83",",0","18.84",",,,0","2.81",",,,0"
"USC00062658","2001-11","41.95","-73.36667","167.6","FALLS VILLAGE, CT US","306.4","0","0.0","1,0","11",",0","3",",0","0",",0","0",",0","0",",0","0",",0","16",",0","0","1,0","1","1,0","0","1,0","","","","","-10.0",",0,13,","0",",,0,30,+","0",",,0,30,+","6.1",",,0,25,","23.3","1,0,02,","672.3","0","343.7","1,0","25.0",",,,0","0",",,,0","6.52","1,0","13.84","1,,,0","-0.81",",,,0"
"USC00062658","2001-12","41.95","-73.36667","167.6","FALLS VILLAGE, CT US","306.4","0","0.0",",0","13",",0","7",",0","0",",0","","","2",",0","0",",0","23",",0","3",",0","1",",0","0",",0","3","","","","-13.3",",0,27,","","","76",",,0,21,+","11.9",",,0,24,","21.1",",0,06,","1198.1","0","525.8",",0","65.9",",,,0","178",",,,0","1.37",",0","7.11",",,,0","-4.37",",,,0"
"USC00062658","2002-01","41.95","-73.36667","167.6","FALLS VILLAGE, CT US","0.0","0","0.0",",0","10",",0","5",",0","0",",0","","","4","1,0","0",",0","30",",0","3",",0","0",",0","0",",0","1","","","","-16.7",",0,08,","","","114","1,,0,19,","7.1",",,0,19,","15.6",",0,29,","1793.8","0","595.7",",0","32.5",",,,0","254","1,,,0","-0.88",",0","5.36",",,,0","-7.13",",,,0"
"USC00062658","2002-02","41.95","-73.36667","167.6","FALLS VILLAGE, CT US","0.0","0","0.0",",0","8",",0","5",",0","0",",0","0",",0","0","3,0","0",",0","27",",0","0",",0","0",",0","0",",0","","","","","-14.4",",0,14,","0",",,0,28,+","0","3,,0,28,+","12.2",",,0,10,","17.2",",0,26,","2276.0","0","482.2",",0","35.3",",,,0","0","3,,,0","1.11",",0","7.92",",,,0","-5.70",",,,0"
"USC00062658","2002-03","41.95","-73.36667","167.6","FALLS VILLAGE, CT US","0.0","0","0.0",",0","14",",0","7",",0","0",",0","0","4,0","0","3,0","0",",0","24",",0","0",",0","0",",0","0",",0","","","1","","-12.8",",0,05,","0","4,,0,31,+","0","3,,0,31,+","14.0",",,0,03,","19.4",",0,09,","2724.6","0","448.6",",0","69.7",",,,0","0","3,,,0","3.86",",0","10.68",",,,0","-2.96",",,,0"
"USC00062658","2002-04","41.95","-73.36667","167.6","FALLS VILLAGE, CT US","17.4","0","17.4",",0","16",",0","11",",0","0",",0","0",",0","0",",0","0",",0","10",",0","0",",0","9",",0","1",",0","","","3","","-8.9",",0,07,","0",",,0,30,+","0",",,0,30,+","22.6",",,0,28,","33.3",",0,17,","2990.4","0","265.8",",0","104.0",",,,0","0",",,,0","10.05",",0","17.11",",,,0","2.99",",,,0"
"USC00062658","2002-05","41.95","-73.36667","167.6","FALLS VILLAGE, CT US","28.3","0","10.9","1,0","13",",0","7",",0","2",",0","0",",0","0",",0","0","1,0","8","1,0","0",",0","16",",0","0",",0","","","2","","-3.3","1,0,20,","0",",,0,31,+","0",",,0,31,+","41.9",",,0,13,","28.9",",0,31,","3154.5","0","164.1",",0","135.4",",,,0","0",",,,0","13.27","1,0","21.01",",,,0","5.53","1,,,0"
"USC00062658","2002-06","41.95","-73.36667","167.6","FALLS VILLAGE, CT US","91.2","0","62.9",",0","14",",0","7",",0","1",",0","0",",0","0",",0","0",",0","1",",0","0",",0","26",",0","1",",0","3","","7","","0.0",",0,04,","0",",,0,30,+","0",",,0,30,+","40.9",",,0,06,","33.3",",0,26,","3187.0","0","32.5",",0","127.4",",,,0","0",",,,0","19.35",",0","26.95",",,,0","11.74",",,,0"
"USC00062658","2002-07","41.95","-73.36667","167.6","FALLS VILLAGE, CT US","225.6","0","134.4",",0","5",",0","4",",0","1",",0","0",",0","0",",0","0",",0","0",",0","0",",0","31",",0","12",",0","1","","4","","6.1",",0,12,","0",",,0,31,+","0",",,0,31,+","29.2",",,0,23,","40.0",",0,30,","5.5","0","5.5",",0","45.5",",,,0","0",",,,0","22.49",",0","30.45",",,,0","14.54",",,,0"
"USC00062658","2002-08","41.95","-73.36667","167.6","FALLS VILLAGE, CT US","352.2","0","126.6",",0","8",",0","5",",0","1",",0","0",",0","0",",0","0",",0","0",",0","0",",0","31",",0","13",",0","1","","2","","6.7",",0,09,","0",",,0,31,+","0",",,0,31,+","49.8",",,0,29,","37.8",",0,01,","11.0","0","5.5",",0","89.6",",,,0","0",",,,0","22.24",",0","30.17",",,,0","14.30",",,,0"
"USC00062658","2002-09","41.95","-73.36667","167.6","FALLS VILLAGE, CT US","376.3","0","24.1","1,0","11",",0","6",",0","2",",0","0",",0","0",",0","0","1,0","0","1,0","0",",0","26",",0","2",",0","","","","","3.3","1,0,12,","0",",,0,30,+","0",",,0,30,+","48.5",",,0,27,","33.3",",0,10,","78.1","0","67.1",",0","117.2",",,,0","0",",,,0","16.90","1,0","24.71",",,,0","9.10","1,,,0"
"USC00062658","2002-10","41.95","-73.36667","167.6","FALLS VILLAGE, CT US","380.2","0","3.9","1,0","12",",0","7",",0","0",",0","0",",0","0",",0","0","1,0","10","1,0","0",",0","4",",0","0",",0","","","","","-5.0","1,0,24,","0",",,0,31,+","0",",,0,31,+","15.0",",,0,16,","27.8",",0,02,","370.1","0","292.0",",0","58.1",",,,0","0",",,,0","8.92","1,0","13.89",",,,0","3.95","1,,,0"
"USC00062658","2002-11","41.95","-73.36667","167.6","FALLS VILLAGE, CT US","380.2","0","0.0",",0","16",",0","9",",0","1",",0","0",",0","0",",0","0",",0","19",",0","1",",0","0",",0","0",",0","","","","","-11.7",",0,28,","0",",,0,30,+","0",",,0,30,+","49.3",",,0,17,","20.6",",0,11,","807.4","0","437.3",",0","127.6",",,,0","0",",,,0","3.76",",0","8.32",",,,0","-0.81",",,,0"
"USC00062658","2002-12","41.95","-73.36667","167.6","FALLS VILLAGE, CT US","380.2","0","0.0",",0","11",",0","8",",0","0",",0","","","","","0",",0","26",",0","7",",0","0",",0","0",",0","","","","","-16.7",",0,07,","","","","","22.6",",,0,25,","14.4",",0,20,","1441.5","0","634.1",",0","73.4",",,,0","","","-2.12",",0","2.36",",,,0","-6.61",",,,0"
"USC00062658","2003-01","41.95","-73.36667","167.6","FALLS VILLAGE, CT US","0.0","0","0.0","1,0","7",",0","4",",0","1",",0","","","","","8","1,0","30","1,0","23",",0","0",",0","0",",0","","","","","-23.3","1,0,18,","","","","","25.4",",,0,01,","5.0",",0,09,","2220.7","0","779.2",",0","63.0",",,,0","","","-7.59","1,0","-2.65",",,,0","-12.52","1,,,0"
"USC00062658","2003-02","41.95","-73.36667","167.6","FALLS VILLAGE, CT US","0.0","0","0.0",",0","9",",0","5",",0","0",",0","","","","","4",",0","24",",0","14",",0","0",",0","0",",0","","","","","-21.7",",0,14,","","","","","16.0",",,0,22,","11.1",",0,21,","2886.8","0","666.1",",0","51.3",",,,0","","","-5.46",",0","-0.36",",,,0","-10.55",",,,0"
"USC00062658","2003-03","41.95","-73.36667","167.6","FALLS VILLAGE, CT US","0.0","0","0.0","2,0","9",",0","9",",0","0",",0","","","0","4,0","3","1,0","26","1,0","4","1,0","1","1,0","0","1,0","","","","","-23.3","1,0,07,","","","0","4,,0,31,+","14.2",",,0,29,","21.1","1,0,29,","3367.7","0","480.9","1,0","62.6",",,,0","0","4,,,0","1.47","2,0","8.68","1,,,0","-5.74","1,,,0"
"USC00062658","2003-04","41.95","-73.36667","167.6","FALLS VILLAGE, CT US","","","","","9",",0","4",",0","0",",0","0",",0","0","1,0","0","2,0","10","2,0","0","2,0","5","2,0","0","2,0","","","","","-5.0","2,0,01,","0",",,0,30,+","0","1,,0,30,+","6.9",",,0,11,","28.9","2,0,16,","","","","","25.9",",,,0","0","1,,,0","7.61","4,0","13.59","2,,,0","1.63","2,,,0"
"USC00062658","2003-05","41.95","-73.36667","167.6","FALLS VILLAGE, CT US","","","0.0","1,0","16",",0","9",",0","1",",0","0","3,0","0","1,0","0","1,0","1","1,0","0",",0","9",",0","0",",0","","","","","-0.6","1,0,04,","0","3,,0,31,+","0","1,,0,31,+","44.5",",,0,26,","26.7",",0,20,","","","157.6",",0","131.6",",,,0","0","1,,,0","13.01","1,0","18.67",",,,0","7.35","1,,,0"
"USC00062658","2003-06","41.95","-73.36667","167.6","FALLS VILLAGE, CT US","","","36.7","1,0","16",",0","11",",0","1",",0","0",",0","0",",0","0","1,0","0","1,0","0","1,0","17","1,0","2","1,0","","","","","6.1","1,0,03,+","0",",,0,30,+","0",",,0,30,+","33.5",",,0,13,","32.8","1,0,25,","","","45.6","1,0","143.6",",,,0","0",",,,0","18.02","1,0","23.15","1,,,0","12.90","1,,,0"
"USC00062658","2003-07","41.95","-73.36667","167.6","FALLS VILLAGE, CT US","","","82.9","1,0","11",",0","9",",0","0",",0","0",",0","0",",0","0","1,0","0","1,0","0","1,0","30","1,0","0","1,0","","","","","8.9","1,0,01,","0",",,0,31,+","0",",,0,31,+","17.3",",,0,21,","31.7","1,0,04,","0.6","0","0.6","1,0","93.0",",,,0","0",",,,0","21.08","1,0","27.08","1,,,0","15.08","1,,,0"
"USC00062658","2003-08","41.95","-73.36667","167.6","FALLS VILLAGE, CT US","","","121.2","1,0","16",",0","11",",0","0",",0","0",",0","0",",0","0","1,0","0","1,0","0","1,0","30","1,0","0","1,0","","","","","7.8","1,0,24,","0",",,0,31,+","0",",,0,31,+","15.7",",,0,16,","31.7","1,0,22,","9.2","0","8.6","1,0","83.2",",,,0","0",",,,0","22.09","1,0","27.06","1,,,0","17.11","1,,,0"
"USC00062658","2003-09","41.95","-73.36667","167.6","FALLS VILLAGE, CT US","","","16.1",",0","16",",0","11",",0","3",",0","0",",0","0",",0","0",",0","0",",0","0",",0","20",",0","0",",0","","","","","5.0",",0,30,","0",",,0,30,+","0",",,0,30,+","59.4",",,0,23,","26.1",",0,19,+","69.6","0","60.4",",0","206.3",",,,0","0",",,,0","16.86",",0","22.00",",,,0","11.71",",,,0"
"USC00062658","2003-10","41.95","-73.36667","167.6","FALLS VILLAGE, CT US","","","0.0",",0","11",",0","5",",0","2",",0","0",",0","0",",0","0",",0","5",",0","0",",0","5",",0","0",",0","","","","","-4.4",",0,25,","0",",,0,31,+","0",",,0,31,+","37.1",",,0,29,","24.4",",0,11,+","358.0","0","288.4",",0","114.7",",,,0","0",",,,0","9.03",",0","15.05",",,,0","3.01",",,,0"
"USC00062658","2003-11","41.95","-73.36667","167.6","FALLS VILLAGE, CT US","","","0.0",",0","12",",0","7",",0","2",",0","0",",0","0",",0","0",",0","16",",0","0",",0","2",",0","0",",0","","","","","-8.3",",0,09,","0",",,0,30,+","0",",,0,30,+","33.5",",,0,28,","24.4",",0,03,","722.2","0","364.2",",0","106.6",",,,0","0",",,,0","6.19",",0","11.37",",,,0","1.01",",,,0"
"USC00062658","2003-12","41.95","-73.36667","167.6","FALLS VILLAGE, CT US","","","0.0","1,0","11",",0","7",",0","2",",0","","","","","0","1,0","28","1,0","8",",0","0",",0","0",",0","","","","","-14.4","1,0,09,","","","","","26.7",",,0,17,","15.6",",0,29,","1286.6","0","564.4",",0","118.5",",,,0","","","-0.54","1,0","4.83",",,,0","-5.92","1,,,0"
"USC00062658","2004-01","41.95","-73.36667","167.6","FALLS VILLAGE, CT US","0.0","0","0.0",",0","9",",0","4",",0","0",",0","","","","","9",",0","28",",0","23",",0","0",",0","0",",0","","","","","-22.8",",0,15,","","","","","9.9",",,0,05,","6.7",",0,04,+","2108.4","0","821.8",",0","32.1",",,,0","","","-8.18",",0","-3.10",",,,0","-13.26",",,,0"
"USC00062658","2004-02","41.95","-73.36667","167.6","FALLS VILLAGE, CT US","0.0","0","0.0","1,0","4",",0","3",",0","0",",0","","","0","3,0","4","1,0","28","1,0","4","1,0","0","1,0","0","1,0","","","","","-20.0","1,0,16,","","","0","3,,0,29,+","19.1",",,0,06,","12.8","1,0,29,","2704.1","0","595.7","1,0","36.1",",,,0","0","3,,,0","-2.94","1,0","4.14","1,,,0","-10.03","1,,,0"
"USC00062658","2004-03","41.95","-73.36667","167.6","FALLS VILLAGE, CT US","0.0","0","0.0",",0","15",",0","4",",0","1",",0","0","2,0","0","2,0","0",",0","22",",0","2",",0","1",",0","0",",0","","","","","-13.3",",0,23,","0","2,,0,31,+","0","2,,0,31,+","26.9",",,0,31,","24.4",",0,26,","3169.7","0","465.6",",0","44.1",",,,0","0","2,,,0","3.31",",0","8.99",",,,0","-2.37",",,,0"
"USC00062658","2004-04","41.95","-73.36667","167.6","FALLS VILLAGE, CT US","0.0","0","0.0",",0","10",",0","6",",0","1",",0","0",",0","0",",0","0",",0","12",",0","0",",0","6",",0","0",",0","","","","","-3.9",",0,16,+","0",",,0,30,+","0",",,0,30,+","27.4",",,0,13,","31.7",",0,19,","3450.4","0","280.7",",0","94.6",",,,0","0",",,,0","8.98",",0","15.75",",,,0","2.20",",,,0"
"USC00062658","2004-05","41.95","-73.36667","167.6","FALLS VILLAGE, CT US","31.9","0","31.9",",0","18",",0","8",",0","2",",0","0",",0","0",",0","0",",0","2",",0","0",",0","23",",0","2",",0","","","","","-1.7",",0,05,","0",",,0,31,+","0",",,0,31,+","31.0",",,0,28,","32.2",",0,15,+","3531.2","0","80.8",",0","122.0",",,,0","0",",,,0","16.75",",0","24.47",",,,0","9.04",",,,0"
"USC00062658","2004-06","41.95","-73.36667","167.6","FALLS VILLAGE, CT US","81.8","0","49.9",",0","11",",0","9",",0","0",",0","0",",0","0",",0","0",",0","0",",0","0",",0","28",",0","4",",0","","","","","5.0",",0,21,+","0",",,0,30,+","0",",,0,30,+","22.9",",,0,19,","35.0",",0,09,","3573.7","0","42.5",",0","77.1",",,,0","0",",,,0","18.58",",0","26.18",",,,0","10.97",",,,0"
"USC00062658","2004-07","41.95","-73.36667","167.6","FALLS VILLAGE, CT US","","","","","13",",0","8",",0","2",",0","","","0","2,0","","","","","","","","","","","","","","","","","","","0","2,,0,31,+","29.7",",,0,27,","","","","","","","127.5",",,,0","0","2,,,0","","","","","",""
"USC00062658","2004-08","41.95","-73.36667","167.6","FALLS VILLAGE, CT US","","","56.9",",0","16",",0","9",",0","3",",0","0",",0","0",",0","0",",0","0",",0","0",",0","27",",0","0",",0","","","","","8.3",",0,08,","0",",,0,31,+","0",",,0,31,+","52.6",",,0,21,","30.0",",0,28,","","","23.1",",0","184.1",",,,0","0",",,,0","19.42",",0","24.49",",,,0","14.36",",,,0"
"USC00062658","2004-09","41.95","-73.36667","167.6","FALLS VILLAGE, CT US","","","7.0","1,0","9",",0","7",",0","3",",0","0",",0","0",",0","0","1,0","0","1,0","0",",0","21",",0","0",",0","","","","","5.6","1,0,19,","0",",,0,30,+","0",",,0,30,+","90.2",",,0,18,","26.1",",0,04,","","","65.4",",0","253.0",",,,0","0",",,,0","16.28","1,0","21.72",",,,0","10.83","1,,,0"
"USC00062658","2004-10","41.95","-73.36667","167.6","FALLS VILLAGE, CT US","","","0.0",",0","7",",0","5",",0","0",",0","0",",0","0",",0","0",",0","5",",0","0",",0","2",",0","0",",0","","","","","-2.2",",0,28,","0",",,0,31,+","0",",,0,31,+","18.0",",,0,19,","23.3",",0,08,","","","283.5",",0","41.7",",,,0","0",",,,0","9.19",",0","14.16",",,,0","4.21",",,,0"
"USC00062658","2004-11","41.95","-73.36667","167.6","FALLS VILLAGE, CT US","","","0.0",",0","13",",0","6",",0","0",",0","0","2,0","0","2,0","0",",0","22",",0","0",",0","0",",0","0",",0","","","","","-8.9",",0,10,","0","2,,0,30,+","0","2,,0,30,+","22.9",",,0,28,","18.3",",0,07,","","","430.3",",0","56.0",",,,0","0","2,,,0","3.99",",0","9.48",",,,0","-1.50",",,,0"
"USC00062658","2004-12","41.95","-73.36667","167.6","FALLS VILLAGE, CT US","","","0.0","1,0","11",",0","5",",0","1",",0","0",",0","0","3,0","3","1,0","27","1,0","10",",0","0",",0","0",",0","","","","","-18.9","1,0,28,","0",",,0,31,+","0","3,,0,31,+","35.8",",,0,23,","12.8",",0,23,","","","626.6",",0","75.3",",,,0","0","3,,,0","-2.54","1,0","2.24",",,,0","-7.32","1,,,0"
"USC00062658","2005-01","41.95","-73.36667","167.6","FALLS VILLAGE, CT US","0.0","0","0.0","2,0","11",",0","8",",0","1",",0","","","","","9","1,0","28","1,0","18","1,0","0","1,0","0","1,0","","","","","-23.9","1,0,28,","","","","","27.7",",,0,14,","14.4","1,0,14,","","","701.2","1,0","105.4",",,,0","","","-6.08","2,0","-1.33","1,,,0","-10.82","1,,,0"
"USC00062658","2005-03","41.95","-73.36667","167.6","FALLS VILLAGE, CT US","","","0.0",",0","11",",0","6",",0","1",",0","","","","","1",",0","30",",0","7",",0","0",",0","0",",0","","","","","-18.9",",0,10,","","","","","57.2",",,0,28,","13.3",",0,31,+","","","623.8",",0","101.9",",,,0","","","-1.79",",0","3.81",",,,0","-7.39",",,,0"
"USC00062658","2005-04","41.95","-73.36667","167.6","FALLS VILLAGE, CT US","","","0.0",",0","13",",0","7",",0","1",",0","0",",0","0",",0","0",",0","12",",0","0",",0","5",",0","0",",0","","","","","-3.3",",0,16,","0",",,0,30,+","0",",,0,30,+","30.2",",,0,02,","27.8",",0,20,","","","302.4",",0","74.9",",,,0","0",",,,0","8.25",",0","15.32",",,,0","1.18",",,,0"
"USC00062658","2005-05","41.95","-73.36667","167.6","FALLS VILLAGE, CT US","","","0.0",",0","15",",0","6",",0","0",",0","0",",0","0",",0","0",",0","5",",0","0",",0","8",",0","0",",0","","","","","-3.3",",0,05,","0",",,0,31,+","0",",,0,31,+","5.3",",,0,28,","26.7",",0,11,","","","231.2",",0","33.9",",,,0","0",",,,0","10.88",",0","16.64",",,,0","5.11",",,,0"
"USC00062658","2005-06","41.95","-73.36667","167.6","FALLS VILLAGE, CT US","","","76.4","1,0","11",",0","5",",0","1",",0","0",",0","0","1,0","0","1,0","0","1,0","0","1,0","26","1,0","1","1,0","","","","","7.2","1,0,23,","0",",,0,30,+","0","1,,0,30,+","76.2",",,0,29,","33.3","1,0,26,","","","21.8","1,0","118.0",",,,0","0","1,,,0","20.22","1,0","26.27","1,,,0","14.17","1,,,0"
"USC00062658","2005-07","41.95","-73.36667","167.6","FALLS VILLAGE, CT US","","","97.6",",0","14",",0","3",",0","0",",0","0",",0","0",",0","0",",0","0",",0","0",",0","29",",0","1",",0","","","","","9.4",",0,03,","0",",,0,31,+","0",",,0,31,+","24.4",",,0,08,","32.8",",0,27,","4.2","0","4.2",",0","60.1",",,,0","0",",,,0","21.35",",0","27.00",",,,0","15.69",",,,0"
"USC00062658","2005-08","41.95","-73.36667","167.6","FALLS VILLAGE, CT US","","","107.6",",0","15",",0","6",",0","0",",0","0",",0","0",",0","0",",0","0",",0","0",",0","31",",0","4",",0","","","","","7.8",",0,25,","0",",,0,31,+","0",",,0,31,+","22.4",",,0,28,","33.9",",0,13,","11.7","0","7.5",",0","64.7",",,,0","0",",,,0","21.56",",0","27.66",",,,0","15.47",",,,0"
"USC00062658","2005-09","41.95","-73.36667","167.6","FALLS VILLAGE, CT US","","","22.5","1,0","5",",0","4",",0","0",",0","0",",0","0",",0","0","1,0","0","1,0","0",",0","26",",0","0",",0","","","","","3.3","1,0,30,","0",",,0,30,+","0",",,0,30,+","19.1",",,0,17,","31.1",",0,13,","63.9","0","52.2",",0","38.7",",,,0","0",",,,0","17.25","1,0","24.31",",,,0","10.19","1,,,0"
"USC00062658","2005-10","41.95","-73.36667","167.6","FALLS VILLAGE, CT US","","","2.2",",0","15",",0","11",",0","2",",0","0",",0","0",",0","0",",0","4",",0","0",",0","7",",0","0",",0","","","","","-2.8",",0,28,","0",",,0,31,+","0",",,0,31,+","209.0",",,0,08,","26.1",",0,05,","315.0","0","251.1",",0","414.5",",,,0","0",",,,0","10.30",",0","15.04",",,,0","5.57",",,,0"
"USC00062658","2005-11","41.95","-73.36667","167.6","FALLS VILLAGE, CT US","","","0.0","1,0","14",",0","9",",0","3",",0","","","0","5,0","0","1,0","20","1,0","3","1,0","1","1,0","0","1,0","","","","","-11.7","1,0,26,","","","0","5,,0,30,+","31.2",",,0,30,","21.7","1,0,05,","712.6","0","397.6","1,0","128.9",",,,0","0","5,,,0","4.62","1,0","10.82","1,,,0","-1.58","1,,,0"
"USC00062658","2005-12","41.95","-73.36667","167.6","FALLS VILLAGE, CT US","","","0.0","1,0","9",",0","6",",0","1",",0","","","0","5,0","3","1,0","28","1,0","12",",0","0",",0","0",",0","","","","","-22.8","1,0,14,","","","0","5,,0,31,+","31.5",",,0,26,","7.8",",0,24,","1379.0","0","666.4",",0","89.3",",,,0","0","5,,,0","-3.86","1,0","0.83",",,,0","-8.55","1,,,0"
"USC00062658","2006-01","41.95","-73.36667","167.6","FALLS VILLAGE, CT US","0.0","0","0.0",",0","13",",0","7",",0","2",",0","","","","","0",",0","30",",0","4",",0","0",",0","0",",0","","","","","-15.6",",0,16,+","","","","","38.9",",,0,14,","13.3",",0,21,+","1965.6","0","586.6",",0","132.8",",,,0","","","-0.59",",0","4.34",",,,0","-5.52",",,,0"
"USC00062658","2006-02","41.95","-73.36667","167.6","FALLS VILLAGE, CT US","0.0","0","0.0",",0","5",",0","5",",0","0",",0","0","5,0","0","1,0","0",",0","26",",0","12",",0","0",",0","0",",0","","","","","-15.6",",0,27,","0","5,,0,28,+","0","1,,0,28,+","11.9",",,0,03,","15.0",",0,16,","2557.5","0","591.9",",0","37.5",",,,0","0","1,,,0","-2.81",",0","2.29",",,,0","-7.91",",,,0"
"USC00062658","2006-03","41.95","-73.36667","167.6","FALLS VILLAGE, CT US","0.0","0","0.0",",0","5",",0","2",",0","0",",0","","","0","1,0","0",",0","29",",0","4",",0","1",",0","0",",0","","","","","-13.3",",0,02,","","","0","1,,0,31,+","10.9",",,0,13,","22.2",",0,31,","3086.0","0","528.5",",0","19.1",",,,0","0","1,,,0","1.29",",0","6.83",",,,0","-4.26",",,,0"
"USC00062658","2006-04","41.95","-73.36667","167.6","FALLS VILLAGE, CT US","0.0","0","0.0",",0","12",",0","7",",0","1",",0","0","2,0","0","1,0","0",",0","14",",0","0",",0","2",",0","0",",0","","","","","-3.9",",0,10,+","0","2,,0,30,+","0","1,,0,30,+","50.0",",,0,23,","23.3",",0,15,","3402.4","0","316.4",",0","108.3",",,,0","0","1,,,0","7.79",",0","14.32",",,,0","1.25",",,,0"
"USC00062658","2006-05","41.95","-73.36667","167.6","FALLS VILLAGE, CT US","12.2","0","12.2","3,0","16",",0","10",",0","1",",0","","","0","2,0","0","3,0","1","3,0","0","1,0","10","1,0","0","1,0","","","","","0.0","3,0,01,","","","0","2,,0,31,+","56.9",",,0,12,","30.0","1,0,30,","3556.3","0","153.9","1,0","135.1",",,,0","0","2,,,0","13.06","3,0","18.65","1,,,0","7.48","3,,,0"
"USC00062658","2006-06","41.95","-73.36667","167.6","FALLS VILLAGE, CT US","57.7","0","45.5","2,0","20",",0","14",",0","3",",0","0",",0","0","1,0","0","1,0","0","1,0","0","1,0","22","1,0","0","1,0","","","","","8.3","1,0,16,+","0",",,0,30,+","0","1,,0,30,+","40.9",",,0,25,","31.1","1,0,18,","3592.5","0","36.2","1,0","211.6",",,,0","0","1,,,0","18.60","2,0","23.37","1,,,0","13.83","1,,,0"
"USC00062658","2006-09","41.95","-73.36667","167.6","FALLS VILLAGE, CT US","","","2.0",",0","17",",0","6",",0","1",",0","0","1,0","0",",0","0",",0","0",",0","0",",0","10",",0","0",",0","","","","","2.2",",0,30,","0","1,,0,30,+","0",",,0,30,+","80.0",",,0,15,","26.1",",0,18,+","","","110.0",",0","139.7",",,,0","0",",,,0","14.73",",0","20.20",",,,0","9.26",",,,0"
"USC00062658","2006-10","41.95","-73.36667","167.6","FALLS VILLAGE, CT US","","","0.0",",0","11",",0","7",",0","2",",0","0",",0","0",",0","0",",0","9",",0","0",",0","4",",0","0",",0","","","","","-3.9",",0,27,","0",",,0,31,+","0",",,0,31,+","41.4",",,0,11,","23.9",",0,09,","","","286.0",",0","139.5",",,,0","0",",,,0","9.11",",0","14.87",",,,0","3.35",",,,0"
"USC00062658","2006-11","41.95","-73.36667","167.6","FALLS VILLAGE, CT US","","","0.0","2,0","9",",0","6",",0","2",",0","0",",0","0",",0","0","2,0","14","2,0","0",",0","0",",0","0",",0","","","","","-5.6","2,0,25,+","0",",,0,30,+","0",",,0,30,+","57.7",",,0,08,","19.4",",0,16,","","","321.2",",0","123.4",",,,0","0",",,,0","6.68","2,0","11.56",",,,0","1.79","2,,,0"
"USC00062658","2006-12","41.95","-73.36667","167.6","FALLS VILLAGE, CT US","","","0.0","2,0","6",",0","5",",0","0",",0","0",",0","0",",0","0","1,0","23","1,0","1","1,0","0","1,0","0","1,0","","","","","-11.7","1,0,08,","0",",,0,31,+","0",",,0,31,+","11.2",",,0,01,","18.3","1,0,01,","","","481.6","1,0","35.4",",,,0","0",",,,0","1.59","2,0","6.50","1,,,0","-3.33","1,,,0"
"USC00062658","2007-01","41.95","-73.36667","167.6","FALLS VILLAGE, CT US","0.0","0","0.0","3,0","8",",0","6",",0","0",",0","0",",0","0",",0","1","3,0","22","3,0","12",",0","0",",0","0",",0","","","","","-18.3","3,0,26,","0",",,0,31,+","0",",,0,31,+","13.7",",,0,01,","19.4",",0,06,","","","572.5",",0","43.4",",,,0","0",",,,0","-2.14","3,0","2.35",",,,0","-6.63","3,,,0"
"USC00062658","2007-02","41.95","-73.36667","167.6","FALLS VILLAGE, CT US","0.0","0","0.0",",0","5",",0","3",",0","1",",0","","","0","1,0","2",",0","28",",0","18",",0","0",",0","0",",0","","","","","-19.4",",0,06,","","","0","1,,0,28,+","31.5",",,0,14,","6.7",",0,20,","","","698.7",",0","38.1",",,,0","0","1,,,0","-6.62",",0","-1.65",",,,0","-11.59",",,,0"
"USC00062658","2007-03","41.95","-73.36667","167.6","FALLS VILLAGE, CT US","0.0","0","0.0","2,0","16",",0","6",",0","1",",0","","","0",",0","1","1,0","26","1,0","4","1,0","1","1,0","0","1,0","","","","","-17.8","1,0,06,","","","0",",,0,31,+","30.2",",,0,16,","21.7","1,0,14,","","","511.4","1,0","91.8",",,,0","0",",,,0","0.41","2,0","6.70","1,,,0","-5.89","1,,,0"
"USC00062658","2007-04","41.95","-73.36667","167.6","FALLS VILLAGE, CT US","0.0","0","0.0",",0","13",",0","8",",0","2",",0","0",",0","0",",0","0",",0","11",",0","0",",0","4",",0","0",",0","","","","","-7.2",",0,11,","0",",,0,30,+","0",",,0,30,+","46.5",",,0,16,","28.3",",0,23,","","","367.8",",0","149.5",",,,0","0",",,,0","6.07",",0","11.45",",,,0","0.69",",,,0"
"USC00062658","2007-05","41.95","-73.36667","167.6","FALLS VILLAGE, CT US","10.9","0","10.9",",0","10",",0","4",",0","0",",0","0",",0","0",",0","0",",0","5",",0","0",",0","16",",0","0",",0","","","","","-0.6",",0,14,+","0",",,0,31,+","0",",,0,31,+","8.9",",,0,16,","30.0",",0,25,","","","138.0",",0","36.6",",,,0","0",",,,0","14.23",",0","21.90",",,,0","6.56",",,,0"
"USC00062658","2007-06","41.95","-73.36667","167.6","FALLS VILLAGE, CT US","51.0","0","40.1",",0","15",",0","7",",0","1",",0","0",",0","0",",0","0",",0","0",",0","0",",0","23",",0","2",",0","","","","","3.9",",0,24,+","0",",,0,30,+","0",",,0,30,+","30.0",",,0,04,","33.3",",0,27,","","","47.8",",0","87.3",",,,0","0",",,,0","18.08",",0","24.52",",,,0","11.64",",,,0"
"USC00062658","2007-07","41.95","-73.36667","167.6","FALLS VILLAGE, CT US","121.5","0","70.5",",0","15",",0","8",",0","2",",0","0",",0","0",",0","0",",0","0",",0","0",",0","28",",0","1",",0","","","","","6.7",",0,03,+","0",",,0,31,+","0",",,0,31,+","67.1",",,0,11,","32.8",",0,10,","17.2","0","17.2",",0","160.1",",,,0","0",",,,0","20.05",",0","25.81",",,,0","14.30",",,,0"
"USC00062658","2007-08","41.95","-73.36667","167.6","FALLS VILLAGE, CT US","199.2","0","77.7",",0","8",",0","5",",0","0",",0","0",",0","0",",0","0",",0","0",",0","0",",0","26",",0","0",",0","","","","","7.2",",0,19,","0",",,0,31,+","0",",,0,31,+","20.3",",,0,10,","31.7",",0,25,+","42.7","0","25.5",",0","51.2",",,,0","0",",,,0","20.01",",0","25.88",",,,0","14.15",",,,0"
"USC00062658","2007-09","41.95","-73.36667","167.6","FALLS VILLAGE, CT US","222.0","0","22.8","1,0","6",",0","4",",0","1",",0","0",",0","0",",0","0","1,0","0","1,0","0",",0","21",",0","0",",0","","","","","2.8","1,0,17,","0",",,0,30,+","0",",,0,30,+","48.3",",,0,11,","31.7",",0,08,","119.3","0","76.6",",0","60.5",",,,0","0",",,,0","16.61","1,0","23.67",",,,0","9.54","1,,,0"
"USC00062658","2007-10","41.95","-73.36667","167.6","FALLS VILLAGE, CT US","231.2","0","9.2","1,0","12",",0","9",",0","2",",0","0",",0","0","1,0","0",",0","4",",0","0","1,0","11","1,0","0","1,0","","","","","-3.3",",0,29,","0",",,0,31,+","0","1,,0,31,+","42.2",",,0,27,","28.3","1,0,06,+","293.1","0","173.8","1,0","126.2",",,,0","0","1,,,0","12.89","1,0","18.87","1,,,0","6.90",",,,0"
"USC00062658","2007-11","41.95","-73.36667","167.6","FALLS VILLAGE, CT US","231.2","0","0.0",",0","9",",0","6",",0","1",",0","0",",0","0",",0","0",",0","24",",0","1",",0","0",",0","0",",0","","","","","-7.8",",0,25,+","0",",,0,30,+","0",",,0,30,+","26.7",",,0,15,","15.6",",0,22,","763.1","0","470.0",",0","87.7",",,,0","0",",,,0","2.67",",0","7.78",",,,0","-2.45",",,,0"
"USC00062658","2007-12","41.95","-73.36667","167.6","FALLS VILLAGE, CT US","231.2","0","0.0",",0","15",",0","9",",0","2",",0","0",",0","0","1,0","0",",0","31",",0","14",",0","0",",0","0",",0","","","","","-14.4",",0,18,","0",",,0,31,+","0","1,,0,31,+","30.2",",,0,23,","12.8",",0,23,","1406.3","0","643.2",",0","115.0",",,,0","0","1,,,0","-2.42",",0","1.33",",,,0","-6.16",",,,0"
"USC00062658","2008-01","41.95","-73.36667","167.6","FALLS VILLAGE, CT US","0.0","0","0.0",",0","8",",0","5",",0","0",",0","0",",0","0",",0","2",",0","30",",0","12",",0","0",",0","0",",0","","","","","-20.0",",0,04,+","0",",,0,31,+","0",",,0,31,+","10.7",",,0,11,","15.0",",0,09,","2075.1","0","668.8",",0","35.8",",,,0","0",",,,0","-3.24",",0","1.76",",,,0","-8.24",",,,0"
"USC00062658","2008-02","41.95","-73.36667","167.6","FALLS VILLAGE, CT US","0.0","0","0.0",",0","13",",0","12",",0","3",",0","","","0","4,0","0",",0","28",",0","10",",0","0",",0","0",",0","","","","","-16.7",",0,29,","","","0","4,,0,29,+","81.8",",,0,13,","13.9",",0,18,","2704.5","0","629.4",",0","220.5",",,,0","0","4,,,0","-3.37",",0","1.06",",,,0","-7.80",",,,0"
"USC00062658","2008-03","41.95","-73.36667","167.6","FALLS VILLAGE, CT US","0.0","0","0.0","1,0","10",",0","10",",0","1",",0","","","0",",0","0",",0","29",",0","1","1,0","0","1,0","0","1,0","","","","","-9.4",",0,30,+","","","0",",,0,31,+","36.8",",,0,07,","12.8","1,0,26,","3230.3","0","525.8","1,0","112.6",",,,0","0",",,,0","0.80","1,0","5.87","1,,,0","-4.26",",,,0"
"USC00062658","2008-04","41.95","-73.36667","167.6","FALLS VILLAGE, CT US","0.0","0","0.0","1,0","7",",0","5",",0","1",",0","0",",0","0",",0","0","1,0","10","1,0","0",",0","9",",0","0",",0","","","","","-6.7","1,0,03,","0",",,0,30,+","0",",,0,30,+","32.0",",,0,28,","25.6",",0,19,+","3500.1","0","269.8",",0","71.0",",,,0","0",",,,0","9.04","1,0","16.06",",,,0","2.03","1,,,0"
"USC00062658","2008-05","41.95","-73.36667","167.6","FALLS VILLAGE, CT US","","","","","12",",0","7",",0","0",",0","0",",0","0",",0","","","","","","","","","","","","","","","","","0",",,0,31,+","0",",,0,31,+","19.8",",,0,17,","","","","","","","60.8",",,,0","0",",,,0","","","","","",""
"USC00062658","2008-06","41.95","-73.36667","167.6","FALLS VILLAGE, CT US","","","50.3",",0","19",",0","12",",0","2",",0","0",",0","0",",0","0",",0","0",",0","0",",0","26",",0","3",",0","","","","","4.4",",0,13,","0",",,0,30,+","0",",,0,30,+","56.9",",,0,24,","32.8",",0,10,+","","","27.6",",0","210.2",",,,0","0",",,,0","19.09",",0","25.11",",,,0","13.07",",,,0"
"USC00062658","2008-07","41.95","-73.36667","167.6","FALLS VILLAGE, CT US","","","","","10",",0","10",",0","2",",0","0",",0","0",",0","","","","","","","","","","","","","","","","","0",",,0,31,+","0",",,0,31,+","55.9",",,0,28,","","","","","","","150.5",",,,0","0",",,,0","","","","","",""
"USC00062658","2008-08","41.95","-73.36667","167.6","FALLS VILLAGE, CT US","","","28.5",",0","12","2,0","6","2,0","0","2,0","0",",0","0",",0","0",",0","0",",0","0",",0","28",",0","0",",0","","","","","6.7",",0,28,","0",",,0,31,+","0",",,0,31,+","14.2","2,,0,08,","29.4",",0,08,","","","19.7",",0","52.2","2,,,0","0",",,,0","18.62",",0","24.45",",,,0","12.79",",,,0"
"USC00062658","2008-09","41.95","-73.36667","167.6","FALLS VILLAGE, CT US","","","26.7",",0","12",",0","7",",0","2",",0","0",",0","0",",0","0",",0","0",",0","0",",0","17",",0","0",",0","","","","","2.8",",0,20,","0",",,0,30,+","0",",,0,30,+","106.4",",,0,07,","28.9",",0,05,","","","75.9",",0","212.2",",,,0","0",",,,0","16.69",",0","22.15",",,,0","11.24",",,,0"
"USC00062658","2008-10","41.95","-73.36667","167.6","FALLS VILLAGE, CT US","","","0.0","2,0","9",",0","2",",0","1",",0","0",",0","0",",0","0","2,0","12","2,0","0","2,0","1","2,0","0","2,0","","","","","-5.6","2,0,21,","0",",,0,31,+","0",",,0,31,+","32.5",",,0,26,","21.7","2,0,10,","","","286.1","2,0","61.4",",,,0","0",",,,0","8.47","2,0","14.54","2,,,0","2.40","2,,,0"
"USC00062658","2008-11","41.95","-73.36667","167.6","FALLS VILLAGE, CT US","","","0.0",",0","11",",0","5",",0","0",",0","0",",0","0",",0","0",",0","21",",0","5",",0","0",",0","0",",0","","","","","-11.7",",0,24,","0",",,0,30,+","0",",,0,30,+","18.3",",,0,26,","19.4",",0,16,","","","445.0",",0","56.0",",,,0","0",",,,0","3.50",",0","8.16",",,,0","-1.16",",,,0"
"USC00062658","2008-12","41.95","-73.36667","167.6","FALLS VILLAGE, CT US","","","0.0","1,0","16",",0","11",",0","3",",0","","","","","0","1,0","26","1,0","8","1,0","0","1,0","0","1,0","","","","","-16.7","1,0,24,","","","","","38.9",",,0,13,","15.6","1,0,16,","","","586.7","1,0","168.1",",,,0","","","-1.23","1,0","3.42","1,,,0","-5.87","1,,,0"
"USC00062658","2009-01","41.95","-73.36667","167.6","FALLS VILLAGE, CT US","0.0","0","0.0",",0","10",",0","5",",0","0",",0","","","","","6",",0","31",",0","23",",0","0",",0","0",",0","","","","","-24.4",",0,18,+","","","","","15.5",",,0,29,","6.1",",0,24,","","","818.9",",0","44.9",",,,0","","","-8.08",",0","-2.46",",,,0","-13.71",",,,0"
"USC00062658","2009-02","41.95","-73.36667","167.6","FALLS VILLAGE, CT US","0.0","0","0.0",",0","7",",0","5",",0","0",",0","","","0","3,0","0",",0","28",",0","8",",0","0",",0","0",",0","","","","","-16.7",",0,08,","","","0","3,,0,28,+","8.4",",,0,28,+","13.9",",0,12,","","","591.5",",0","36.1",",,,0","0","3,,,0","-2.79",",0","2.70",",,,0","-8.28",",,,0"
"USC00062658","2009-03","41.95","-73.36667","167.6","FALLS VILLAGE, CT US","0.0","0","0.0",",0","11",",0","5",",0","0",",0","","","0","1,0","0",",0","24",",0","4",",0","0",",0","0",",0","","","","","-15.6",",0,06,","","","0","1,,0,31,+","19.6",",,0,10,","17.2",",0,29,","","","525.9",",0","56.5",",,,0","0","1,,,0","1.37",",0","7.13",",,,0","-4.39",",,,0"
"USC00062658","2009-04","41.95","-73.36667","167.6","FALLS VILLAGE, CT US","4.4","0","4.4","1,0","13",",0","7",",0","0",",0","0",",0","0",",0","0","1,0","12","1,0","0",",0","5",",0","0",",0","","","","","-3.9","1,0,10,","0",",,0,30,+","0",",,0,30,+","10.7",",,0,04,","31.7",",0,29,","","","295.5",",0","55.9",",,,0","0",",,,0","8.58","1,0","14.91",",,,0","2.26","1,,,0"
"USC00062658","2009-05","41.95","-73.36667","167.6","FALLS VILLAGE, CT US","4.4","0","0.0","1,0","16",",0","12",",0","1",",0","0",",0","0",",0","0","1,0","1","1,0","0","1,0","11","1,0","0","1,0","","","","","-1.1","1,0,20,","0",",,0,31,+","0",",,0,31,+","29.0",",,0,08,","29.4","1,0,22,","","","157.5","1,0","129.1",",,,0","0",",,,0","13.08","1,0","19.26","1,,,0","6.90","1,,,0"
"USC00062658","2009-06","41.95","-73.36667","167.6","FALLS VILLAGE, CT US","19.7","0","15.3","1,0","19","2,0","10","2,0","3","2,0","0",",0","0",",0","0","1,0","0","1,0","0","1,0","19","1,0","0","1,0","","","","","1.7","1,0,02,","0",",,0,30,+","0",",,0,30,+","53.3","2,,0,19,","27.8","1,0,26,","","","57.0","1,0","247.9",",a,,0","0",",,,0","16.89","1,0","21.51","1,,,0","12.28","1,,,0"
"USC00062658","2009-07","41.95","-73.36667","167.6","FALLS VILLAGE, CT US","59.1","0","39.4",",0","19",",0","14",",0","3",",0","0",",0","0",",0","0",",0","0",",0","0",",0","29",",0","0",",0","","","","","7.8",",0,15,+","0",",,0,31,+","0",",,0,31,+","50.8",",,0,22,","28.9",",0,29,","19.1","0","19.1",",0","260.2",",,,0","0",",,,0","18.99",",0","24.42",",,,0","13.55",",,,0"
"USC00062658","2009-08","41.95","-73.36667","167.6","FALLS VILLAGE, CT US","149.2","0","90.1",",0","14",",0","10",",0","2",",0","0",",0","0",",0","0",",0","0",",0","0",",0","28",",0","0",",0","","","","","7.8",",0,09,","0",",,0,31,+","0",",,0,31,+","28.2",",,0,01,","31.7",",0,18,","33.5","0","14.4",",0","143.6",",,,0","0",",,,0","20.78",",0","25.85",",,,0","15.70",",,,0"
"USC00062658","2009-09","41.95","-73.36667","167.6","FALLS VILLAGE, CT US","153.2","0","4.0",",0","8",",0","4",",0","0",",0","0",",0","0",",0","0",",0","0",",0","0",",0","17",",0","0",",0","","","","","2.8",",0,21,","0",",,0,30,+","0",",,0,30,+","21.6",",,0,28,","26.7",",0,05,","138.9","0","105.4",",0","53.2",",,,0","0",",,,0","14.95",",0","20.91",",,,0","8.99",",,,0"
"USC00062658","2009-10","41.95","-73.36667","167.6","FALLS VILLAGE, CT US","153.2","0","0.0",",0","12",",0","7",",0","2",",0","0",",0","0",",0","0",",0","9",",0","0",",0","2",",0","0",",0","","","","","-2.8",",0,21,","0",",,0,31,+","0",",,0,31,+","38.4",",,0,25,","21.7",",0,23,","444.6","0","305.7",",0","110.1",",,,0","0",",,,0","8.47",",0","13.45",",,,0","3.49",",,,0"
"USC00062658","2009-11","41.95","-73.36667","167.6","FALLS VILLAGE, CT US","153.2","0","0.0",",0","11",",0","4",",0","1",",0","0",",0","0",",0","0",",0","15",",0","0",",0","0",",0","0",",0","","","","","-5.0",",0,19,","0",",,0,30,+","0",",,0,30,+","27.4",",,0,15,","18.9",",0,01,","800.6","0","356.0",",0","66.0",",,,0","0",",,,0","6.47",",0","11.32",",,,0","1.61",",,,0"
"USC00062658","2009-12","41.95","-73.36667","167.6","FALLS VILLAGE, CT US","153.2","0","0.0",",0","10",",0","8",",0","0",",0","0",",0","0","2,0","0",",0","30",",0","12",",0","0",",0","0",",0","","","","","-15.6",",0,19,","0",",,0,31,+","0","2,,0,31,+","18.5",",,0,04,","15.6",",0,04,","1436.5","0","635.9",",0","86.1",",,,0","0","2,,,0","-2.18",",0","1.72",",,,0","-6.08",",,,0"
"USC00062658","2010-01","41.95","-73.36667","167.6","FALLS VILLAGE, CT US","0.0","0","0.0",",0","6",",0","2",",0","1",",0","0",",0","0","1,0","2",",0","30",",0","14",",0","0",",0","0",",0","","","","","-18.3",",0,31,+","0",",,0,31,+","0","1,,0,31,+","45.0",",,0,26,","12.2",",0,26,","2128.0","0","691.5",",0","59.0",",,,0","0","1,,,0","-3.97",",0","0.21",",,,0","-8.16",",,,0"
"USC00062658","2010-02","41.95","-73.36667","167.6","FALLS VILLAGE, CT US","0.0","0","0.0",",0","9",",0","6",",0","1",",0","0",",0","0","1,0","1",",0","27",",0","11",",0","0",",0","0",",0","","","","","-17.8",",0,01,","0",",,0,28,+","0","1,,0,28,+","37.1",",,0,26,","6.1",",0,23,","2718.0","0","590.0",",0","81.9",",,,0","0","1,,,0","-2.74",",0","0.66",",,,0","-6.14",",,,0"
"USC00062658","2010-03","41.95","-73.36667","167.6","FALLS VILLAGE, CT US","0.0","0","0.0",",0","10",",0","6",",0","4",",0","0",",0","0",",0","0",",0","20",",0","0",",0","0",",0","0",",0","","","","","-7.8",",0,07,","0",",,0,31,+","0",",,0,31,+","32.8",",,0,14,","20.6",",0,22,+","3137.0","0","419.0",",0","131.9",",,,0","0",",,,0","4.82",",0","10.23",",,,0","-0.60",",,,0"
"USC00062658","2010-04","41.95","-73.36667","167.6","FALLS VILLAGE, CT US","0.3","0","0.3",",0","11",",0","6",",0","0",",0","0",",0","0",",0","0",",0","9",",0","0",",0","6",",0","0",",0","","","","","-2.2",",0,29,","0",",,0,30,+","0",",,0,30,+","9.4",",,0,27,+","30.0",",0,08,","3395.4","0","258.4",",0","41.2",",,,0","0",",,,0","9.73",",0","16.87",",,,0","2.59",",,,0"
"USC00062658","2010-05","41.95","-73.36667","167.6","FALLS VILLAGE, CT US","16.9","0","16.6",",0","11",",0","6",",0","0",",0","0",",0","0",",0","0",",0","2",",0","0",",0","20",",0","1",",0","","","","","-2.2",",0,12,","0",",,0,31,+","0",",,0,31,+","14.7",",,0,09,","32.8",",0,27,","3514.4","0","119.0",",0","58.5",",,,0","0",",,,0","15.03",",0","22.11",",,,0","7.95",",,,0"
"USC00062658","2010-06","41.95","-73.36667","167.6","FALLS VILLAGE, CT US","70.9","0","54.0",",0","16",",0","10",",0","1",",0","0",",0","0",",0","0",",0","0",",0","0",",0","22",",0","0",",0","","","","","4.4",",0,10,","0",",,0,30,+","0",",,0,30,+","28.4",",,0,13,","30.0",",0,21,","3547.7","0","33.3",",0","116.0",",,,0","0",",,,0","19.02",",0","24.93",",,,0","13.12",",,,0"
"USC00062658","2010-07","41.95","-73.36667","167.6","FALLS VILLAGE, CT US","195.1","0","124.2",",0","11",",0","7",",0","1",",0","0",",0","0",",0","0",",0","0",",0","0",",0","31",",0","4",",0","","","","","6.1",",0,02,","0",",,0,31,+","0",",,0,31,+","26.2",",,0,22,","34.4",",0,07,","9.2","0","9.2",",0","131.6",",,,0","0",",,,0","22.04",",0","28.37",",,,0","15.71",",,,0"
"USC00062658","2010-08","41.95","-73.36667","167.6","FALLS VILLAGE, CT US","248.5","0","53.4","2,0","8","2,0","5","2,0","1","2,0","0",",0","0",",0","0","2,0","0","2,0","0","2,0","27","2,0","0","2,0","","","","","7.2","2,0,29,","0",",,0,31,+","0",",,0,31,+","32.8","2,,0,23,","30.6","2,0,10,+","20.2","0","11.0","2,0","71.0",",a,,0","0",",,,0","19.80","2,0","25.52","2,,,0","14.07","2,,,0"
"USC00062658","2010-09","41.95","-73.36667","167.6","FALLS VILLAGE, CT US","284.0","0","35.5",",0","5",",0","3",",0","0",",0","0",",0","0",",0","0",",0","0",",0","0",",0","22",",0","2",",0","","","","","1.7",",0,22,","0",",,0,30,+","0",",,0,30,+","16.5",",,0,28,","32.8",",0,03,","85.8","0","65.6",",0","27.6",",,,0","0",",,,0","17.33",",0","23.91",",,,0","10.75",",,,0"
"USC00062658","2010-10","41.95","-73.36667","167.6","FALLS VILLAGE, CT US","284.9","0","0.9","2,0","12",",0","7",",0","3",",0","0","3,0","0","1,0","0","2,0","8","2,0","0","2,0","7","2,0","0","2,0","","","","","-1.7","2,0,23,","0","3,,0,31,+","0","1,,0,31,+","99.1",",,0,02,","23.9","2,0,27,","309.3","0","223.5","2,0","266.9",",,,0","0","1,,,0","10.66","2,0","16.27","2,,,0","5.04","2,,,0"
"USC00062658","2010-11","41.95","-73.36667","167.6","FALLS VILLAGE, CT US","284.9","0","0.0",",0","5",",0","5",",0","1",",0","0",",0","0",",0","0",",0","22",",0","0",",0","0",",0","0",",0","","","","","-7.2",",0,30,","0",",,0,30,+","0",",,0,30,+","29.0",",,0,17,","17.2",",0,14,","745.9","0","436.6",",0","68.4",",,,0","0",",,,0","3.78",",0","8.97",",,,0","-1.41",",,,0"
"USC00062658","2010-12","41.95","-73.36667","167.6","FALLS VILLAGE, CT US","284.9","0","0.0","1,0","7",",0","6",",0","2",",0","0","4,0","0","4,0","0","1,0","29","1,0","14","1,0","0","1,0","0","1,0","","","","","-17.2","1,0,18,","0","4,,0,31,+","0","4,,0,31,+","40.4",",,0,02,","13.9","1,0,02,","1415.1","0","669.2","1,0","99.6",",,,0","0","4,,,0","-3.98","1,0","1.11","1,,,0","-9.06","1,,,0"
"USC00062658","2011-01","41.95","-73.36667","167.6","FALLS VILLAGE, CT US","0.0","7","0.0",",K","11",",K","7",",K","1",",K","","","","","5",",K","31",",K","17",",K","0",",K","0",",K","","","","","-25.6",",K,25,","","","","","28.7",",,K,13,","11.1",",K,02,+","2174.6","7","759.5",",K","63.8",",,,K","","","-6.17",",K","0.05",",,,K","-12.39",",,,K"
"USC00062658","2011-02","41.95","-73.36667","167.6","FALLS VILLAGE, CT US","0.0","7","0.0",",7","10",",7","6",",7","1",",7","","","","","8",",7","28",",7","11",",7","0",",7","0",",7","","","","","-24.4",",7,12,","","","","","33.0",",,7,26,","17.2",",7,19,","2815.8","7","641.2",",7","84.3",",,,7","","","-4.57",",7","3.27",",,,7","-12.40",",,,7"
"USC00062658","2011-03","41.95","-73.36667","167.6","FALLS VILLAGE, CT US","0.0","7","0.0","1,7","7","3,7","6","3,7","1","3,7","","","","","0","1,7","27","1,7","1","1,7","1","1,7","0","1,7","","","","","-15.0","1,7,05,+","","","","","67.8","3,,7,07,","21.1","1,7,19,","3330.6","7","514.8","1,7","142.0","3,,,7","","","1.17","1,7","7.24","1,,,7","-4.89","1,,,7"
"USC00062658","2011-04","41.95","-73.36667","167.6","FALLS VILLAGE, CT US","3.9","7","3.9",",K","19",",K","11",",K","1",",K","","","","","0",",K","12",",K","0",",K","4",",K","0",",K","","","","","-6.1",",K,16,","","","","","27.7",",,K,17,","28.9",",K,27,","3631.4","7","300.8",",K","127.9",",,,K","","","8.44",",K","14.78",",,,K","2.10",",,,K"
"USC00062658","2011-05","41.95","-73.36667","167.6","FALLS VILLAGE, CT US","29.8","7","25.9","1,7","9","1,7","7","1,7","1","1,7","","","","","0","1,7","3","1,7","0","1,7","17","1,7","1","1,7","","","","","-1.7","1,7,07,","","","","","26.9","1,,7,19,","32.8","1,7,28,","3745.4","7","114.0","1,7","92.3","1,,,7","","","15.40","1,7","22.20","1,,,7","8.59","1,,,7"
"USC00062658","2011-06","41.95","-73.36667","167.6","FALLS VILLAGE, CT US","98.1","7","68.3",",7","15","4,7","11","4,7","1","4,7","","","","","0",",7","0",",7","0",",7","26",",7","6",",7","","","","","3.3",",7,05,","","","","","35.6","4,,7,19,","36.1",",7,09,","3767.6","7","22.2",",7","133.8","4,,,7","","","19.87",",7","27.37",",,,7","12.37",",,,7"
"USC00062658","2011-07","41.95","-73.36667","167.6","FALLS VILLAGE, CT US","238.9","7","140.8","1,7","7","1,7","3","1,7","0","1,7","","","","","0","1,7","0","1,7","0","1,7","30","1,7","15","1,7","","","","","7.8","1,7,02,","","","","","20.8","1,,7,26,","38.9","1,7,23,","0.8","7","0.8","1,7","44.6","1,,,7","","","23.00","1,7","31.27","1,,,7","14.72","1,,,7"
"USC00062658","2011-08","41.95","-73.36667","167.6","FALLS VILLAGE, CT US","335.8","7","96.9","1,7","16","1,7","11","1,7","2","1,7","","","","","0","1,7","0","1,7","0","1,7","29","1,7","4","1,7","","","","","8.9","1,7,13,","","","","","134.6","1,,7,29,","35.0","1,7,08,","3.4","7","2.6","1,7","285.4","1,,,7","","","21.48","1,7","28.70","1,,,7","14.25","1,,,7"
"USC00062658","2011-09","41.95","-73.36667","167.6","FALLS VILLAGE, CT US","408.5","7","72.7","1,7","12",",7","10",",7","4",",7","","","","","0","1,7","0","1,7","0","1,7","23","1,7","1","1,7","","","","","2.2","1,7,20,+","","","","","68.6",",,7,08,","32.8","1,7,04,","43.7","7","40.3","1,7","269.7",",,,7","","","19.45","1,7","26.01","1,,,7","12.89","1,,,7"
"USC00062658","2011-10","41.95","-73.36667","167.6","FALLS VILLAGE, CT US","409.8","7","1.3","2,K","15",",K","8",",K","1",",K","","","","","0","2,K","6","2,K","0","2,K","8","2,K","0","2,K","","","","","-3.3","2,K,29,","","","","","40.1",",,K,30,","29.4","2,K,11,+","244.6","7","200.9","2,K","97.0",",,,K","","","11.45","2,K","17.69","2,,,K","5.21","2,,,K"
"USC00062658","2011-11","41.95","-73.36667","167.6","FALLS VILLAGE, CT US","409.8","7","0.0","2,7","7","1,7","4","1,7","0","1,7","","","","","0","2,7","19","2,7","0","2,7","2","2,7","0","2,7","","","","","-7.8","2,7,07,","","","","","21.8","1,,7,24,","22.2","2,7,10,","583.6","7","339.0","2,7","57.4","1,,,7","","","6.23","2,7","13.70","2,,,7","-1.24","2,,,7"
"USC00062658","2011-12","41.95","-73.36667","167.6","FALLS VILLAGE, CT US","409.8","7","0.0","2,7","10","1,7","7","1,7","2","1,7","","","","","0","2,7","24","2,7","2","2,7","0","2,7","0","2,7","","","","","-13.9","2,7,20,","","","","","51.6","1,,7,08,","15.6","2,7,07,+","1073.7","7","490.1","2,7","125.7","1,,,7","","","1.43","2,7","7.50","2,,,7","-4.64","2,,,7"
"USC00062658","2012-01","41.95","-73.36667","167.6","FALLS VILLAGE, CT US","0.0","7","0.0","2,7","11","2,7","7","2,7","1","2,7","","","","","1","2,7","27","2,7","8","2,7","0","2,7","0","2,7","","","","","-18.3","2,7,23,","","","","","26.9","2,,7,28,","15.0","2,7,08,","1658.7","7","585.0","2,7","59.4","2,,,7","","","-1.84","2,7","3.78","2,,,7","-7.46","2,,,7"
"USC00062658","2012-02","41.95","-73.36667","167.6","FALLS VILLAGE, CT US","0.0","7","0.0",",K","4","2,K","2","2,K","0","2,K","","","","","0",",K","29",",K","1",",K","0",",K","0",",K","","","","","-11.1",",K,22,+","","","","","15.7","2,,K,25,","13.9",",K,02,","2193.9","7","535.2",",K","20.5","2,,,K","","","-0.12",",K","6.11",",,,K","-6.36",",,,K"
"USC00062658","2012-03","41.95","-73.36667","167.6","FALLS VILLAGE, CT US","0.0","7","0.0","3,7","9","2,7","5","2,7","0","2,7","","","","","0","3,7","15","3,7","0","3,7","8","3,7","0","3,7","","","","","-7.8","3,7,06,","","","","","7.6","2,,7,29,","28.3","3,7,20,","2496.1","7","302.2","3,7","32.1","2,,,7","","","7.54","3,7","14.49","3,,,7","0.60","3,,,7"
"USC00062658","2012-04","41.95","-73.36667","167.6","FALLS VILLAGE, CT US","3.0","7","3.0",",7","9",",7","6",",7","1",",7","","","","","0",",7","17",",7","0",",7","7",",7","1",",7","","","","","-6.1",",7,07,+","","","","","27.9",",,7,23,","33.3",",7,17,","2802.6","7","306.5",",7","66.9",",,,7","","","8.22",",7","16.00",",,,7","0.43",",,,7"
"USC00062658","2012-05","41.95","-73.36667","167.6","FALLS VILLAGE, CT US","40.6","7","37.6","1,7","18",",7","11",",7","0",",7","","","","","0","1,7","2","1,7","0","1,7","21","1,7","2","1,7","","","","","-4.4","1,7,01,","","","","","14.2",",,7,30,+","35.0","1,7,30,","2884.9","7","82.3","1,7","108.5",",,,7","","","16.84","1,7","24.06","1,,,7","9.62","1,,,7"
"USC00062658","2012-06","41.95","-73.36667","167.6","FALLS VILLAGE, CT US","85.6","7","45.0","1,7","13","3,7","6","3,7","0","3,7","","","","","0","1,7","0","1,7","0","1,7","26","1,7","4","1,7","","","","","7.8","1,7,06,+","","","","","17.5","3,,7,14,","36.7","1,7,22,","2916.1","7","31.2","1,7","65.5","3,,,7","","","18.81","1,7","26.49","1,,,7","11.12","1,,,7"
"USC00062658","2012-07","41.95","-73.36667","167.6","FALLS VILLAGE, CT US","230.6","7","145.0","2,7","12","1,7","5","1,7","1","1,7","","","","","0","2,7","0","2,7","0","2,7","29","2,7","11","2,7","","","","","8.9","2,7,11,","","","","","69.3","1,,7,29,","38.3","2,7,19,","0.0","7","0.0","2,7","119.3","1,,,7","","","23.33","2,7","31.68","2,,,7","14.98","2,,,7"
"USC00062658","2012-08","41.95","-73.36667","167.6","FALLS VILLAGE, CT US","349.2","7","118.6",",7","9",",7","6",",7","2",",7","","","","","0",",7","0",",7","0",",7","31",",7","6",",7","","","","","7.8",",7,31,","","","","","28.4",",,7,16,","35.0",",7,04,","3.6","7","3.6",",7","100.4",",,,7","","","22.04",",7","29.78",",,,7","14.30",",,,7"
"USC00062658","2012-09","41.95","-73.36667","167.6","FALLS VILLAGE, CT US","381.7","7","32.5",",7","10",",7","7",",7","3",",7","","","","","0",",7","0",",7","0",",7","20",",7","2",",7","","","","","2.8",",7,26,","","","","","69.1",",,7,19,","32.8",",7,08,","83.3","7","79.7",",7","176.0",",,,7","","","16.76",",7","23.97",",,,7","9.55",",,,7"
"USC00062658","2012-10","41.95","-73.36667","167.6","FALLS VILLAGE, CT US","383.4","7","1.7","2,7","16","1,7","9","1,7","2","1,7","","","","","0","2,7","5","2,7","0","2,7","6","2,7","0","2,7","","","","","-6.1","2,7,14,","","","","","35.8","1,,7,30,","26.1","2,7,06,","279.2","7","195.9","2,7","146.0","1,,,7","","","11.64","2,7","17.28","2,,,7","6.00","2,,,7"
"USC00062658","2012-11","41.95","-73.36667","167.6","FALLS VILLAGE, CT US","","","","","5","1,7","3","1,7","0","1,7","","","","","","","","","","","","","","","","","","","","","","","","","14.5","1,,7,14,","","","","","","","23.3","1,,,7","","","","","","","",""
"USC00062658","2012-12","41.95","-73.36667","167.6","FALLS VILLAGE, CT US","","","0.0",",7","14",",7","10",",7","1",",7","","","","","0",",7","24",",7","3",",7","0",",7","0",",7","","","","","-9.4",",7,27,+","","","","","29.5",",,7,22,","12.2",",7,11,","","","543.8",",7","100.1",",,,7","","","0.79",",7","5.25",",,,7","-3.67",",,,7"
"USC00062658","2013-01","41.95","-73.36667","167.6","FALLS VILLAGE, CT US","0.0","7","0.0",",7","7",",7","3",",7","0",",7","","","","","4",",7","27",",7","12",",7","0",",7","0",",7","","","","","-21.1",",7,25,","","","","","7.9",",,7,17,","13.3",",7,31,","","","677.6",",7","21.2",",,,7","","","-3.52",",7","2.11",",,,7","-9.16",",,,7"
"USC00062658","2013-02","41.95","-73.36667","167.6","FALLS VILLAGE, CT US","0.0","7","0.0","3,7","7","3,7","3","3,7","0","3,7","","","","","1","3,7","25","3,7","9","3,7","0","3,7","0","3,7","","","","","-21.1","3,7,11,","","","","","19.3","3,,7,01,","14.4","3,7,01,","","","524.2","3,7","35.9","3,,,7","","","-2.63","3,7","3.40","3,,,7","-8.67","3,,,7"
"USC00062658","2013-03","41.95","-73.36667","167.6","FALLS VILLAGE, CT US","0.0","7","0.0","1,7","6","2,7","3","2,7","1","2,7","","","","","0","1,7","28","1,7","1","1,7","0","1,7","0","1,7","","","","","-12.2","1,7,19,","","","","","26.9","2,,7,13,","12.2","1,7,31,+","","","532.7","1,7","48.4",",a,,7","","","0.58","1,7","5.48","1,,,7","-4.33","1,,,7"
"USC00062658","2013-04","41.95","-73.36667","167.6","FALLS VILLAGE, CT US","0.0","7","0.0",",7","9",",7","4",",7","0",",7","","","","","0",",7","19",",7","0",",7","3",",7","0",",7","","","","","-7.8",",7,03,","","","","","15.2",",,7,21,","24.4",",7,25,","","","339.0",",7","43.7",",,,7","","","7.03",",7","14.59",",,,7","-0.52",",,,7"
"USC00062658","2013-05","41.95","-73.36667","167.6","FALLS VILLAGE, CT US","20.3","7","20.3",",7","14",",7","8",",7","2",",7","","","","","0",",7","7",",7","0",",7","20",",7","2",",7","","","","","-3.3",",7,16,","","","","","49.0",",,7,30,","33.9",",7,22,","","","155.0",",7","169.6",",,,7","","","13.99",",7","22.49",",,,7","5.49",",,,7"
"USC00062658","2013-06","41.95","-73.36667","167.6","FALLS VILLAGE, CT US","97.4","7","77.1",",7","18",",7","12",",7","5",",7","","","","","0",",7","0",",7","0",",7","27",",7","5",",7","","","","","5.6",",7,21,+","","","","","39.9",",,7,14,","35.0",",7,25,+","","","36.6",",7","239.0",",,,7","","","19.68",",7","27.25",",,,7","12.11",",,,7"
"USC00062658","2013-07","41.95","-73.36667","167.6","FALLS VILLAGE, CT US","283.6","7","186.2","1,7","11",",7","6",",7","1",",7","","","","","0",",7","0",",7","0","1,7","30","1,7","14","1,7","","","","","11.1",",7,31,","","","","","27.9",",,7,02,","37.2","1,7,19,+","0.8","7","0.8","1,7","88.6",",,,7","","","24.56","1,7","31.47","1,,,7","17.66",",,,7"
"USC00062658","2013-08","41.95","-73.36667","167.6","FALLS VILLAGE, CT US","358.9","7","75.3",",7","9",",7","6",",7","3",",7","","","","","0",",7","0",",7","0",",7","31",",7","2",",7","","","","","7.2",",7,25,+","","","","","107.4",",,7,10,","33.9",",7,29,","5.3","7","4.5",",7","192.1",",,,7","","","20.62",",7","28.46",",,,7","12.77",",,,7"
"USC00062658","2013-09","41.95","-73.36667","167.6","FALLS VILLAGE, CT US","379.4","7","20.5","2,7","9","2,7","5","2,7","1","2,7","","","","","0","1,7","0","1,7","0","2,7","20","2,7","0","2,7","","","","","0.6","1,7,18,","","","","","29.2","2,,7,02,","30.0","2,7,21,","94.6","7","89.3","2,7","108.0",",a,,7","","","16.04","2,7","23.80","2,,,7","8.29","1,,,7"
"USC00062658","2013-10","41.95","-73.36667","167.6","FALLS VILLAGE, CT US","381.4","7","2.0",",7","5",",7","2",",7","0",",7","","","","","0",",7","9",",7","0",",7","14",",7","0",",7","","","","","-5.0",",7,29,+","","","","","24.1",",,7,08,","26.7",",7,04,","317.4","7","222.8",",7","48.0",",,,7","","","11.21",",7","19.16",",,,7","3.26",",,,7"
"USC00062658","2013-11","41.95","-73.36667","167.6","FALLS VILLAGE, CT US","381.4","7","0.0",",7","10",",7","7",",7","1",",7","","","","","0",",7","20",",7","2",",7","0",",7","0",",7","","","","","-12.2",",7,26,","","","","","43.7",",,7,28,","18.9",",7,03,+","780.7","7","463.3",",7","91.5",",,,7","","","2.89",",7","9.01",",,,7","-3.23",",,,7"
"USC00062658","2013-12","41.95","-73.36667","167.6","FALLS VILLAGE, CT US","381.4","7","0.0",",7","10",",7","4",",7","0",",7","","","","","2",",7","28",",7","11",",7","0",",7","0",",7","","","","","-21.1",",7,18,","","","","","24.4",",,7,30,","18.3",",7,23,","1422.8","7","642.1",",7","67.5",",,,7","","","-2.38",",7","3.18",",,,7","-7.94",",,,7"
"USC00062658","2014-01","41.95","-73.36667","167.6","FALLS VILLAGE, CT US","0.0","","0.0","2,7","10","4,7","5","4,7","0","4,7","","","","","9","2,7","28","2,7","17","2,7","0","2,7","0","2,7","","","","","-24.4","2,7,05,","","","","","20.6","4,,7,07,","13.3","2,7,12,+","2134.8","","712.0","2,7","72.4",",a,,7","","","-6.22","2,7","-0.23","2,,,7","-12.21","2,,,7"
"USC00062658","2014-02","41.95","-73.36667","167.6","FALLS VILLAGE, CT US","0.0","","0.0",",7","12",",7","7",",7","0",",7","","","","","6",",7","28",",7","16",",7","0",",7","0",",7","","","","","-23.3",",7,08,","","","","","23.9",",,7,06,","12.8",",7,21,","2806.4","","671.6",",7","85.4",",,,7","","","-5.65",",7","0.95",",,,7","-12.26",",,,7"
"USC00062658","2014-03","41.95","-73.36667","167.6","FALLS VILLAGE, CT US","0.0","","0.0","2,7","7","3,7","5","3,7","0","3,7","","","","","6","2,7","29","2,7","8","2,7","0","2,7","0","2,7","","","","","-20.6","2,7,05,+","","","","","13.0","3,,7,30,","15.6","2,7,12,","3426.6","","620.2","2,7","36.0","1,a,,7","","","-3.05","2,7","3.93","2,,,7","-10.04","2,,,7"
