"STATION","DATE","LATITUDE","LONGITUDE","ELEVATION","NAME","CDSD","CDSD_ATTRIBUTES","CLDD","CLDD_ATTRIBUTES","DT00","DT00_ATTRIBUTES","DT32","DT32_ATTRIBUTES","DX32","DX32_ATTRIBUTES","DX70","DX70_ATTRIBUTES","DX90","DX90_ATTRIBUTES","EMNT","EMNT_ATTRIBUTES","EMXT","EMXT_ATTRIBUTES","HDSD","HDSD_ATTRIBUTES","HTDD","HTDD_ATTRIBUTES","TAVG","TAVG_ATTRIBUTES","TMAX","TMAX_ATTRIBUTES","TMIN","TMIN_ATTRIBUTES"
"USR0000WCAM","1988-09","42.3458","-107.5528","2249.4","CAMP CREEK WYOMING, WY US","","","5.3",",U","0",",U","5",",U","0",",U","12",",U","0",",U","-1.7",",U,28,+","26.7",",U,09,+","","","182.1",",U","12.44",",U","18.33",",,,U","6.55",",,,U"
"USR0000WCAM","1988-10","42.3458","-107.5528","2249.4","CAMP CREEK WYOMING, WY US","","","0.0","2,U","0","1,U","2","1,U","0","2,U","1","2,U","0","2,U","-5.0","1,U,27,","21.1","2,U,02,","","","226.7","2,U","10.34","2,U","15.57","2,,,U","5.11","1,,,U"
"USR0000WCAM","1988-11","42.3458","-107.5528","2249.4","CAMP CREEK WYOMING, WY US","","","0.0","2,U","0","2,U","25","2,U","12","2,U","0","2,U","0","2,U","-15.6","2,U,27,","13.9","2,U,01,","","","568.4","2,U","-1.97","2,U","1.83","2,,,U","-5.76","2,,,U"
"USR0000WCAM","1988-12","42.3458","-107.5528","2249.4","CAMP CREEK WYOMING, WY US","","","0.0","4,U","2","2,U","29","2,U","16","2,U","0","2,U","0","2,U","-22.8","2,U,26,","7.8","2,U,04,","","","628.6","2,U","-5.23","4,U","-1.05","2,,,U","-9.41","2,,,U"
"USR0000WCAM","1989-01","42.3458","-107.5528","2249.4","CAMP CREEK WYOMING, WY US","0.0","U","0.0",",U","2",",U","30",",U","20",",U","0",",U","0",",U","-21.1",",U,07,","6.7",",U,29,","","","748.0",",U","-5.80",",U","-2.21",",,,U","-9.39",",,,U"
"USR0000WCAM","1989-02","42.3458","-107.5528","2249.4","CAMP CREEK WYOMING, WY US","0.0","U","0.0","3,U","8",",U","27",",U","16","3,U","0","3,U","0","3,U","-36.7",",U,03,","6.7","3,U,25,","","","663.9","3,U","-9.08","3,U","-3.49","3,,,U","-14.66",",,,U"
"USR0000WCAM","1989-03","42.3458","-107.5528","2249.4","CAMP CREEK WYOMING, WY US","0.0","U","0.0","3,U","2","2,U","22","2,U","3","1,U","0","1,U","0","1,U","-23.3","2,U,03,","17.8","1,U,10,","","","456.5","1,U","1.52","3,U","7.05","1,,,U","-4.01","2,,,U"
"USR0000WCAM","1989-04","42.3458","-107.5528","2249.4","CAMP CREEK WYOMING, WY US","0.0","U","0.0","1,U","0",",U","19",",U","1","1,U","3","1,U","0","1,U","-12.8",",U,10,+","23.9","1,U,20,","","","360.9","1,U","5.69","1,U","12.54","1,,,U","-1.16",",,,U"
"USR0000WCAM","1989-05","42.3458","-107.5528","2249.4","CAMP CREEK WYOMING, WY US","0.0","U","0.0",",U","0",",U","8",",U","0",",U","8",",U","0",",U","-1.7",",U,25,+","24.4",",U,28,+","","","266.4",",U","9.74",",U","15.94",",,,U","3.54",",,,U"
"USR0000WCAM","1989-06","42.3458","-107.5528","2249.4","CAMP CREEK WYOMING, WY US","22.4","U","22.4",",U","0",",U","0",",U","0",",U","15",",U","1",",U","1.1",",U,21,","32.2",",U,19,","","","150.7",",U","14.06",",U","20.63",",,,U","7.49",",,,U"
"USR0000WCAM","1989-07","42.3458","-107.5528","2249.4","CAMP CREEK WYOMING, WY US","124.6","U","102.2",",U","0",",U","0",",U","0",",U","30",",U","6",",U","8.9",",U,15,","33.9",",U,08,+","5.8","U","5.8",",U","21.44",",U","27.97",",,,U","14.91",",,,U"
"USR0000WCAM","1989-08","42.3458","-107.5528","2249.4","CAMP CREEK WYOMING, WY US","153.2","U","28.6",",U","0",",U","0",",U","0",",U","29",",U","0",",U","5.6",",U,26,+","30.0",",U,01,","44.3","U","38.5",",U","18.01",",U","24.95",",,,U","11.07",",,,U"
"USR0000WCAM","1989-09","42.3458","-107.5528","2249.4","CAMP CREEK WYOMING, WY US","156.0","U","2.8",",U","0",",U","5",",U","0",",U","18",",U","0",",U","-3.9",",U,11,","26.7",",U,05,","211.3","U","167.0",",U","12.86",",U","18.93",",,,U","6.79",",,,U"
"USR0000WCAM","1989-10","42.3458","-107.5528","2249.4","CAMP CREEK WYOMING, WY US","156.0","U","0.0",",U","0",",U","13",",U","4",",U","0",",U","0",",U","-12.2",",U,31,","20.6",",U,13,","597.9","U","386.6",",U","5.86",",U","10.83",",,,U","0.89",",,,U"
"USR0000WCAM","1989-11","42.3458","-107.5528","2249.4","CAMP CREEK WYOMING, WY US","156.0","U","0.0","2,U","0","1,U","23","1,U","5","1,U","0","1,U","0","1,U","-14.4","1,U,01,","15.0","1,U,20,","1095.7","U","497.8","1,U","0.54","2,U","4.94","1,,,U","-3.86","1,,,U"
"USR0000WCAM","1989-12","42.3458","-107.5528","2249.4","CAMP CREEK WYOMING, WY US","156.0","U","0.0","1,U","7",",U","30",",U","14","1,U","0","1,U","0","1,U","-24.4",",U,21,","8.3","1,U,26,","1791.6","U","695.9","1,U","-5.10","1,U","0.00","1,,,U","-10.20",",,,U"
"USR0000WCAM","1990-01","42.3458","-107.5528","2249.4","CAMP CREEK WYOMING, WY US","0.0","U","0.0",",U","0",",U","31",",U","19",",U","0",",U","0",",U","-15.6",",U,27,","7.2",",U,10,","2501.6","U","710.0",",U","-4.57",",U","-0.92",",,,U","-8.23",",,,U"
"USR0000WCAM","1990-02","42.3458","-107.5528","2249.4","CAMP CREEK WYOMING, WY US","0.0","U","0.0","2,U","4","1,U","25","1,U","12","1,U","0","1,U","0","1,U","-21.7","1,U,14,","7.8","1,U,23,","3089.6","U","588.0","1,U","-4.41","2,U","0.34","1,,,U","-9.17","1,,,U"
"USR0000WCAM","1990-03","42.3458","-107.5528","2249.4","CAMP CREEK WYOMING, WY US","0.0","U","0.0",",U","1",",U","28",",U","7",",U","0",",U","0",",U","-17.8",",U,24,","13.3",",U,20,","3658.8","U","569.2",",U","-0.03",",U","5.22",",,,U","-5.27",",,,U"
"USR0000WCAM","1990-04","42.3458","-107.5528","2249.4","CAMP CREEK WYOMING, WY US","0.0","U","0.0",",U","0",",U","18",",U","1",",U","0",",U","0",",U","-10.0",",U,29,","20.0",",U,20,","4058.7","U","399.9",",U","5.00",",U","11.22",",,,U","-1.22",",,,U"
"USR0000WCAM","1990-05","42.3458","-107.5528","2249.4","CAMP CREEK WYOMING, WY US","0.0","U","0.0",",U","0",",U","12",",U","0",",U","3",",U","0",",U","-7.8",",U,09,","21.7",",U,23,+","4381.8","U","323.1",",U","7.91",",U","14.21",",,,U","1.61",",,,U"
"USR0000WCAM","1990-06","42.3458","-107.5528","2249.4","CAMP CREEK WYOMING, WY US","51.1","U","51.1",",U","0",",U","1",",U","0",",U","19",",U","3",",U","-0.6",",U,02,","33.3",",U,29,","4496.6","U","114.8",",U","16.21",",U","22.82",",,,U","9.60",",,,U"
"USR0000WCAM","1990-07","42.3458","-107.5528","2249.4","CAMP CREEK WYOMING, WY US","97.8","U","46.7",",U","0",",U","0",",U","0",",U","27",",U","1",",U","6.1",",U,22,+","32.2",",U,01,","37.8","U","37.8",",U","18.62",",U","25.35",",,,U","11.88",",,,U"
"USR0000WCAM","1990-08","42.3458","-107.5528","2249.4","CAMP CREEK WYOMING, WY US","144.5","U","46.7",",U","0",",U","0",",U","0",",U","31",",U","0",",U","8.9",",U,12,+","30.6",",U,09,+","49.0","U","11.2",",U","19.48",",U","26.07",",,,U","12.88",",,,U"
"USR0000WCAM","1990-09","42.3458","-107.5528","2249.4","CAMP CREEK WYOMING, WY US","163.9","U","19.4",",U","0",",U","0",",U","0",",U","21",",U","0",",U","2.2",",U,21,","30.0",",U,12,","131.0","U","82.0",",U","16.25",",U","22.22",",,,U","10.28",",,,U"
"USR0000WCAM","1990-10","42.3458","-107.5528","2249.4","CAMP CREEK WYOMING, WY US","163.9","U","0.0",",U","0",",U","18",",U","3",",U","1",",U","0",",U","-7.2",",U,21,","22.2",",U,01,","518.7","U","387.7",",U","5.83",",U","11.27",",,,U","0.39",",,,U"
"USR0000WCAM","1990-11","42.3458","-107.5528","2249.4","CAMP CREEK WYOMING, WY US","163.9","U","0.0","2,U","0","1,U","22","1,U","10","1,U","0","1,U","0","1,U","-14.4","1,U,07,","13.3","1,U,14,","1067.5","U","548.8","1,U","-1.02","2,U","3.12","1,,,U","-5.17","1,,,U"
"USR0000WCAM","1990-12","42.3458","-107.5528","2249.4","CAMP CREEK WYOMING, WY US","163.9","U","0.0","2,U","9","1,U","28","1,U","21","1,U","0","1,U","0","1,U","-37.2","1,U,21,+","11.1","1,U,09,","1896.5","U","829.0","1,U","-10.55","2,U","-5.92","1,,,U","-15.18","1,,,U"
"USR0000WCAM","1991-01","42.3458","-107.5528","2249.4","CAMP CREEK WYOMING, WY US","0.0","U","0.0",",U","3",",U","31",",U","25",",U","0",",U","0",",U","-25.6",",U,29,","1.7",",U,14,","2678.8","U","782.3",",U","-6.90",",U","-3.12",",,,U","-10.68",",,,U"
"USR0000WCAM","1991-02","42.3458","-107.5528","2249.4","CAMP CREEK WYOMING, WY US","0.0","U","0.0","2,U","0","1,U","24","1,U","4","1,U","0","1,U","0","1,U","-10.6","1,U,24,","8.9","1,U,15,","3160.4","U","481.6","1,U","-0.20","2,U","3.83","1,,,U","-4.23","1,,,U"
"USR0000WCAM","1991-03","42.3458","-107.5528","2249.4","CAMP CREEK WYOMING, WY US","0.0","U","0.0",",U","0",",U","31",",U","5",",U","0",",U","0",",U","-12.8",",U,07,","13.3",",U,31,","3741.4","U","581.0",",U","-0.41",",U","4.76",",,,U","-5.58",",,,U"
"USR0000WCAM","1991-04","42.3458","-107.5528","2249.4","CAMP CREEK WYOMING, WY US","0.0","U","0.0","1,U","0",",U","22",",U","2","1,U","0","1,U","0","1,U","-10.0",",U,12,","18.9","1,U,06,","4216.6","U","475.2","1,U","2.10","1,U","7.30","1,,,U","-3.09",",,,U"
"USR0000WCAM","1991-05","42.3458","-107.5528","2249.4","CAMP CREEK WYOMING, WY US","0.0","U","0.0",",U","0",",U","6",",U","0",",U","5",",U","0",",U","-5.6",",U,03,","22.2",",U,21,+","4528.9","U","312.3",",U","8.26",",U","13.16",",,,U","3.36",",,,U"
"USR0000WCAM","1991-06","42.3458","-107.5528","2249.4","CAMP CREEK WYOMING, WY US","8.6","U","8.6",",U","0",",U","0",",U","0",",U","20",",U","0",",U","3.3",",U,15,","27.2",",U,12,","4622.1","U","93.2",",U","15.51",",U","21.89",",,,U","9.14",",,,U"
"USR0000WCAM","1991-07","42.3458","-107.5528","2249.4","CAMP CREEK WYOMING, WY US","66.7","U","58.1",",U","0",",U","0",",U","0",",U","29",",U","1",",U","7.8",",U,01,","32.2",",U,14,","28.0","U","28.0",",U","19.31",",U","25.68",",,,U","12.93",",,,U"
"USR0000WCAM","1991-08","42.3458","-107.5528","2249.4","CAMP CREEK WYOMING, WY US","122.1","U","55.4",",U","0",",U","0",",U","0",",U","31",",U","0",",U","8.3",",U,03,","30.0",",U,25,","40.6","U","12.6",",U","19.72",",U","25.78",",,,U","13.65",",,,U"
"USR0000WCAM","1991-09","42.3458","-107.5528","2249.4","CAMP CREEK WYOMING, WY US","129.1","U","7.0",",U","0",",U","5",",U","0",",U","11",",U","0",",U","-2.2",",U,18,","27.2",",U,05,","205.7","U","165.1",",U","13.06",",U","19.11",",,,U","7.01",",,,U"
"USR0000WCAM","1991-10","42.3458","-107.5528","2249.4","CAMP CREEK WYOMING, WY US","129.1","U","0.0",",U","2",",U","14",",U","3",",U","7",",U","0",",U","-18.9",",U,30,","23.3",",U,11,","587.4","U","381.7",",U","6.02",",U","12.04",",,,U","0.00",",,,U"
"USR0000WCAM","1991-11","42.3458","-107.5528","2249.4","CAMP CREEK WYOMING, WY US","129.1","U","0.0",",U","3",",U","28",",U","13",",U","0",",U","0",",U","-22.8",",U,02,","10.6",",U,13,","1247.3","U","659.9",",U","-3.67",",U","0.41",",,,U","-7.74",",,,U"
"USR0000WCAM","1991-12","42.3458","-107.5528","2249.4","CAMP CREEK WYOMING, WY US","129.1","U","0.0",",U","1",",U","31",",U","17",",U","0",",U","0",",U","-18.3",",U,01,","5.6",",U,17,","1931.0","U","683.7",",U","-3.72",",U","-0.29",",,,U","-7.15",",,,U"
"USR0000WCAM","1992-01","42.3458","-107.5528","2249.4","CAMP CREEK WYOMING, WY US","0.0","U","0.0","2,U","2","1,U","30","1,U","14","1,U","0","1,U","0","1,U","-20.6","1,U,14,","7.8","1,U,30,","2568.2","U","637.2","1,U","-3.59","2,U","0.63","1,,,U","-7.81","1,,,U"
"USR0000WCAM","1992-02","42.3458","-107.5528","2249.4","CAMP CREEK WYOMING, WY US","0.0","U","0.0",",U","0",",U","26",",U","6",",U","0",",U","0",",U","-10.0",",U,18,","11.1",",U,28,","3116.3","U","548.1",",U","-0.57",",U","3.03",",,,U","-4.16",",,,U"
"USR0000WCAM","1992-03","42.3458","-107.5528","2249.4","CAMP CREEK WYOMING, WY US","0.0","U","0.0",",U","0",",U","24",",U","3",",U","0",",U","0",",U","-10.0",",U,22,+","11.7",",U,15,","3619.4","U","503.1",",U","2.10",",U","6.51",",,,U","-2.30",",,,U"
"USR0000WCAM","1992-04","42.3458","-107.5528","2249.4","CAMP CREEK WYOMING, WY US","0.0","U","0.0",",U","0",",U","15",",U","0",",U","4",",U","0",",U","-6.7",",U,07,","23.3",",U,30,","3941.6","U","322.2",",U","7.59",",U","13.78",",,,U","1.41",",,,U"
"USR0000WCAM","1992-05","42.3458","-107.5528","2249.4","CAMP CREEK WYOMING, WY US","0.8","U","0.8",",U","0",",U","1",",U","0",",U","7",",U","0",",U","-0.6",",U,09,","25.0",",U,19,+","4159.3","U","217.7",",U","11.34",",U","17.09",",,,U","5.59",",,,U"
"USR0000WCAM","1992-06","42.3458","-107.5528","2249.4","CAMP CREEK WYOMING, WY US","6.1","U","5.3",",U","0",",U","0",",U","0",",U","16",",U","0",",U","0.6",",U,15,","28.3",",U,23,","4276.1","U","116.8",",U","14.62",",U","20.76",",,,U","8.47",",,,U"
"USR0000WCAM","1992-07","42.3458","-107.5528","2249.4","CAMP CREEK WYOMING, WY US","23.0","U","16.9",",U","0",",U","0",",U","0",",U","23",",U","0",",U","3.3",",U,02,","28.9",",U,31,+","76.1","U","76.1",",U","16.42",",U","22.98",",,,U","9.86",",,,U"
"USR0000WCAM","1992-08","42.3458","-107.5528","2249.4","CAMP CREEK WYOMING, WY US","71.3","U","48.3",",U","0",",U","0",",U","0",",U","25",",U","0",",U","0.6",",U,26,","30.6",",U,09,","143.0","U","66.9",",U","17.74",",U","24.45",",,,U","11.02",",,,U"
"USR0000WCAM","1992-09","42.3458","-107.5528","2249.4","CAMP CREEK WYOMING, WY US","77.7","U","6.4",",U","0",",U","2",",U","0",",U","15",",U","0",",U","-2.2",",U,18,","26.1",",U,23,","284.0","U","141.0",",U","13.85",",U","19.89",",,,U","7.80",",,,U"
"USR0000WCAM","1992-10","42.3458","-107.5528","2249.4","CAMP CREEK WYOMING, WY US","79.6","U","1.9","1,U","0",",U","9",",U","0","1,U","2","1,U","0","1,U","-7.8",",U,15,","25.0","1,U,01,","585.8","U","301.8","1,U","8.38","1,U","14.05","1,,,U","2.72",",,,U"
"USR0000WCAM","1992-11","42.3458","-107.5528","2249.4","CAMP CREEK WYOMING, WY US","79.6","U","0.0",",U","0",",U","27",",U","17",",U","0",",U","0",",U","-16.7",",U,24,","10.6",",U,14,","1223.9","U","638.1",",U","-2.94",",U","0.86",",,,U","-6.74",",,,U"
"USR0000WCAM","1992-12","42.3458","-107.5528","2249.4","CAMP CREEK WYOMING, WY US","79.6","U","0.0","3,U","1","1,U","30","1,U","26","2,U","0","2,U","0","2,U","-21.1","1,U,04,","3.9","2,U,10,","1937.0","U","713.1","2,U","-7.24","3,U","-3.93","2,,,U","-10.56","1,,,U"
"USR0000WCAM","1993-01","42.3458","-107.5528","2249.4","CAMP CREEK WYOMING, WY US","0.0","U","0.0","1,U","3",",U","31",",U","23","1,U","0","1,U","0","1,U","-20.0",",U,09,","8.9","1,U,31,","2655.9","U","718.9","1,U","-5.76","1,U","-1.83","1,,,U","-9.68",",,,U"
"USR0000WCAM","1993-02","42.3458","-107.5528","2249.4","CAMP CREEK WYOMING, WY US","0.0","U","0.0",",U","4",",U","28",",U","15",",U","0",",U","0",",U","-27.2",",U,17,+","5.6",",U,20,","3354.6","U","698.7",",U","-6.62",",U","-1.96",",,,U","-11.29",",,,U"
"USR0000WCAM","1993-04","42.3458","-107.5528","2249.4","CAMP CREEK WYOMING, WY US","","","0.0","2,U","0","1,U","19","1,U","2","2,U","0","2,U","0","2,U","-6.7","1,U,07,+","18.9","2,U,22,","","","415.0","2,U","3.41","2,U","7.99","2,,,U","-1.17","1,,,U"
"USR0000WCAM","1993-05","42.3458","-107.5528","2249.4","CAMP CREEK WYOMING, WY US","","","0.0","2,U","0","1,U","5","1,U","0","1,U","6","1,U","0","1,U","-3.9","1,U,08,","22.2","1,U,26,+","","","245.8","1,U","9.96","2,U","15.59","1,,,U","4.33","1,,,U"
"USR0000WCAM","1993-06","42.3458","-107.5528","2249.4","CAMP CREEK WYOMING, WY US","","","6.1","4,U","0","2,U","1","2,U","0","2,U","12","2,U","0","2,U","-0.6","2,U,04,","27.2","2,U,28,+","","","154.5","2,U","12.47","4,U","18.72","2,,,U","6.21","2,,,U"
"USR0000WCAM","1993-07","42.3458","-107.5528","2249.4","CAMP CREEK WYOMING, WY US","","","18.1",",U","0",",U","0",",U","0",",U","19",",U","0",",U","3.9",",U,04,","28.3",",U,31,+","99.9","U","99.9",",U","15.69",",U","22.08",",,,U","9.31",",,,U"
"USR0000WCAM","1993-08","42.3458","-107.5528","2249.4","CAMP CREEK WYOMING, WY US","","","10.8",",U","0",",U","0",",U","0",",U","26",",U","0",",U","3.3",",U,30,","29.4",",U,24,+","167.5","U","67.6",",U","16.50",",U","23.21",",,,U","9.79",",,,U"
"USR0000WCAM","1993-09","42.3458","-107.5528","2249.4","CAMP CREEK WYOMING, WY US","","","2.0","1,U","0",",U","3",",U","0","1,U","8","1,U","0","1,U","-3.9",",U,13,","25.6","1,U,11,","364.6","U","197.1","1,U","11.45","1,U","17.95","1,,,U","4.95",",,,U"
"USR0000WCAM","1993-10","42.3458","-107.5528","2249.4","CAMP CREEK WYOMING, WY US","","","0.5","4,U","0","2,U","12","2,U","1","2,U","3","2,U","0","2,U","-14.4","2,U,29,","23.3","2,U,05,","703.5","U","338.9","2,U","5.60","4,U","10.72","2,,,U","0.48","2,,,U"
"USR0000WCAM","1993-11","42.3458","-107.5528","2249.4","CAMP CREEK WYOMING, WY US","","","0.0",",U","3",",U","30",",U","13",",U","0",",U","0",",U","-25.0",",U,24,+","8.3",",U,11,","1384.8","U","681.3",",U","-4.38",",U","-0.20",",,,U","-8.55",",,,U"
"USR0000WCAM","1993-12","42.3458","-107.5528","2249.4","CAMP CREEK WYOMING, WY US","","","0.0","1,U","0","1,U","30","1,U","18","1,U","0","1,U","0","1,U","-14.4","1,U,21,","5.0","1,U,11,","2070.3","U","685.5","1,U","-4.52","1,U","-1.12","1,,,U","-7.91","1,,,U"
"USR0000WCAM","1994-01","42.3458","-107.5528","2249.4","CAMP CREEK WYOMING, WY US","0.0","U","0.0","1,U","2","1,U","30","1,U","15","1,U","0","1,U","0","1,U","-19.4","1,U,30,","8.3","1,U,22,","2726.0","U","655.7","1,U","-3.52","1,U","-0.51","1,,,U","-6.54","1,,,U"
"USR0000WCAM","1994-02","42.3458","-107.5528","2249.4","CAMP CREEK WYOMING, WY US","0.0","U","0.0","2,U","2","1,U","26","1,U","19","1,U","0","1,U","0","1,U","-22.2","1,U,08,","7.8","1,U,26,","3347.2","U","621.2","1,U","-5.76","2,U","-1.71","1,,,U","-9.82","1,,,U"
"USR0000WCAM","1994-03","42.3458","-107.5528","2249.4","CAMP CREEK WYOMING, WY US","0.0","U","0.0",",U","0",",U","24",",U","4",",U","0",",U","0",",U","-11.7",",U,27,","15.0",",U,16,","3867.0","U","519.8",",U","1.56",",U","6.35",",,,U","-3.23",",,,U"
"USR0000WCAM","1994-04","42.3458","-107.5528","2249.4","CAMP CREEK WYOMING, WY US","0.0","U","0.0",",U","0",",U","19",",U","3",",U","2",",U","0",",U","-11.7",",U,27,","22.2",",U,21,","4283.5","U","416.5",",U","4.45",",U","10.08",",,,U","-1.19",",,,U"
"USR0000WCAM","1994-05","42.3458","-107.5528","2249.4","CAMP CREEK WYOMING, WY US","0.0","U","0.0",",U","0",",U","0",",U","0",",U","14",",U","0",",U","0.6",",U,02,","25.6",",U,30,","4458.9","U","175.4",",U","12.68",",U","19.30",",,,U","6.05",",,,U"
"USR0000WCAM","1994-06","42.3458","-107.5528","2249.4","CAMP CREEK WYOMING, WY US","37.8","U","37.8",",U","0",",U","0",",U","0",",U","23",",U","0",",U","3.3",",U,08,","30.0",",U,30,+","4522.7","U","63.8",",U","17.47",",U","24.41",",,,U","10.52",",,,U"
"USR0000WCAM","1994-07","42.3458","-107.5528","2249.4","CAMP CREEK WYOMING, WY US","101.4","U","63.6",",U","0",",U","0",",U","0",",U","28",",U","0",",U","1.7",",U,07,","31.7",",U,10,","34.1","U","34.1",",U","19.29",",U","26.35",",,,U","12.22",",,,U"
"USR0000WCAM","1994-08","42.3458","-107.5528","2249.4","CAMP CREEK WYOMING, WY US","178.1","U","76.7",",U","0",",U","0",",U","0",",U","30",",U","1",",U","5.0",",U,31,","32.8",",U,05,","50.5","U","16.4",",U","20.28",",U","27.18",",,,U","13.38",",,,U"
"USR0000WCAM","1994-09","42.3458","-107.5528","2249.4","CAMP CREEK WYOMING, WY US","187.0","U","8.9",",U","0",",U","2",",U","0",",U","20",",U","0",",U","-2.8",",U,22,+","28.3",",U,08,","156.5","U","106.0",",U","15.10",",U","21.10",",,,U","9.09",",,,U"
"USR0000WCAM","1994-10","42.3458","-107.5528","2249.4","CAMP CREEK WYOMING, WY US","187.0","U","0.0",",U","0",",U","16",",U","2",",U","0",",U","0",",U","-5.6",",U,30,","17.2",",U,11,+","567.8","U","411.3",",U","5.07",",U","9.89",",,,U","0.25",",,,U"
"USR0000WCAM","1994-11","42.3458","-107.5528","2249.4","CAMP CREEK WYOMING, WY US","187.0","U","0.0","2,U","0","1,U","26","1,U","13","1,U","0","1,U","0","1,U","-15.0","1,U,18,","13.3","1,U,01,","1191.3","U","623.5","1,U","-3.78","2,U","0.13","1,,,U","-7.70","1,,,U"
"USR0000WCAM","1994-12","42.3458","-107.5528","2249.4","CAMP CREEK WYOMING, WY US","187.0","U","0.0",",U","1",",U","30",",U","13",",U","0",",U","0",",U","-18.3",",U,31,","8.3",",U,22,","1861.4","U","670.1",",U","-3.28",",U","-0.01",",,,U","-6.56",",,,U"
"USR0000WCAM","1995-01","42.3458","-107.5528","2249.4","CAMP CREEK WYOMING, WY US","0.0","U","0.0","2,U","0","2,U","29","2,U","18","2,U","0","2,U","0","2,U","-14.4","2,U,03,","5.0","2,U,14,+","2499.2","U","637.8","2,U","-3.66","2,U","-0.31","2,,,U","-7.01","2,,,U"
"USR0000WCAM","1995-02","42.3458","-107.5528","2249.4","CAMP CREEK WYOMING, WY US","0.0","U","0.0",",U","3",",U","20",",U","8",",U","0",",U","0",",U","-21.7",",U,12,","10.6",",U,23,+","3073.6","U","574.4",",U","-2.18",",U","1.94",",,,U","-6.30",",,,U"
"USR0000WCAM","1995-03","42.3458","-107.5528","2249.4","CAMP CREEK WYOMING, WY US","0.0","U","0.0",",U","0",",U","27",",U","8",",U","0",",U","0",",U","-17.2",",U,01,","12.8",",U,10,","3656.1","U","582.5",",U","-0.46",",U","4.04",",,,U","-4.95",",,,U"
"USR0000WCAM","1995-04","42.3458","-107.5528","2249.4","CAMP CREEK WYOMING, WY US","0.0","U","0.0",",U","0",",U","25",",U","2",",U","0",",U","0",",U","-12.2",",U,10,","17.8",",U,13,","4137.8","U","481.7",",U","2.28",",U","7.62",",,,U","-3.07",",,,U"
"USR0000WCAM","1995-05","42.3458","-107.5528","2249.4","CAMP CREEK WYOMING, WY US","0.0","U","0.0","1,U","0","1,U","14","1,U","1","1,U","0","1,U","0","1,U","-6.7","1,U,14,+","20.0","1,U,15,","4524.2","U","386.4","1,U","5.45","1,U","10.14","1,,,U","0.77","1,,,U"
"USR0000WCAM","1995-06","42.3458","-107.5528","2249.4","CAMP CREEK WYOMING, WY US","8.7","U","8.7","2,U","0","1,U","3","1,U","0","1,U","13","1,U","0","1,U","-1.7","1,U,09,+","26.7","1,U,14,+","4698.5","U","174.3","1,U","12.48","2,U","18.24","1,,,U","6.72","1,,,U"
"USR0000WCAM","1995-07","42.3458","-107.5528","2249.4","CAMP CREEK WYOMING, WY US","56.4","U","47.7",",U","0",",U","0",",U","0",",U","24",",U","1",",U","5.0",",U,31,","32.2",",U,29,","50.1","U","50.1",",U","18.26",",U","24.51",",,,U","12.00",",,,U"
"USR0000WCAM","1995-08","42.3458","-107.5528","2249.4","CAMP CREEK WYOMING, WY US","132.2","U","75.8",",U","0",",U","0",",U","0",",U","31",",U","0",",U","8.3",",U,14,","31.1",",U,07,+","57.1","U","7.0",",U","20.55",",U","27.25",",,,U","13.86",",,,U"
"USR0000WCAM","1995-09","42.3458","-107.5528","2249.4","CAMP CREEK WYOMING, WY US","150.5","U","18.3",",U","0",",U","5",",U","0",",U","13",",U","0",",U","-5.6",",U,21,+","30.0",",U,04,+","236.9","U","179.8",",U","12.95",",U","19.04",",,,U","6.86",",,,U"
"USR0000WCAM","1995-10","42.3458","-107.5528","2249.4","CAMP CREEK WYOMING, WY US","150.5","U","0.0",",U","0",",U","20",",U","2",",U","1",",U","0",",U","-9.4",",U,31,","21.1",",U,11,","673.3","U","436.4",",U","4.26",",U","9.30",",,,U","-0.79",",,,U"
"USR0000WCAM","1995-11","42.3458","-107.5528","2249.4","CAMP CREEK WYOMING, WY US","150.5","U","0.0",",U","1",",U","17",",U","5",",U","0",",U","0",",U","-18.3",",U,02,","12.2",",U,25,+","1195.3","U","522.0",",U","0.93",",U","5.13",",,,U","-3.27",",,,U"
"USR0000WCAM","1995-12","42.3458","-107.5528","2249.4","CAMP CREEK WYOMING, WY US","150.5","U","0.0","1,U","1",",U","30",",U","10","1,U","0","1,U","0","1,U","-20.0",",U,08,","10.6","1,U,01,","1818.8","U","623.5","1,U","-2.67","1,U","1.51","1,,,U","-6.85",",,,U"
"USR0000WCAM","1996-01","42.3458","-107.5528","2249.4","CAMP CREEK WYOMING, WY US","0.0","U","0.0",",U","7",",U","30",",U","20",",U","0",",U","0",",U","-23.9",",U,17,","10.0",",U,12,","2591.4","U","772.6",",U","-6.59",",U","-2.44",",,,U","-10.74",",,,U"
"USR0000WCAM","1996-02","42.3458","-107.5528","2249.4","CAMP CREEK WYOMING, WY US","0.0","U","0.0","3,U","6","2,U","23","2,U","8","2,U","0","2,U","0","2,U","-26.1","2,U,28,","12.2","2,U,13,","3169.8","U","578.4","2,U","-3.72","3,U","1.36","2,,,U","-8.79","2,,,U"
"USR0000WCAM","1996-03","42.3458","-107.5528","2249.4","CAMP CREEK WYOMING, WY US","0.0","U","0.0",",U","4",",U","29",",U","9",",U","0",",U","0",",U","-24.4",",U,25,+","13.9",",U,22,","3790.4","U","620.6",",U","-1.69",",U","4.30",",,,U","-7.68",",,,U"
"USR0000WCAM","1996-04","42.3458","-107.5528","2249.4","CAMP CREEK WYOMING, WY US","0.0","U","0.0",",U","0",",U","21",",U","1",",U","1",",U","0",",U","-8.9",",U,05,","21.1",",U,09,","4224.1","U","433.7",",U","3.88",",U","9.74",",,,U","-1.99",",,,U"
"USR0000WCAM","1996-05","42.3458","-107.5528","2249.4","CAMP CREEK WYOMING, WY US","0.0","U","0.0",",U","0",",U","7",",U","0",",U","3",",U","0",",U","-2.8",",U,05,+","25.0",",U,13,","4532.4","U","308.3",",U","8.39",",U","13.98",",,,U","2.79",",,,U"
"USR0000WCAM","1996-06","42.3458","-107.5528","2249.4","CAMP CREEK WYOMING, WY US","21.9","U","21.9",",U","0",",U","0",",U","0",",U","25",",U","0",",U","3.3",",U,06,+","28.3",",U,14,","4596.9","U","64.5",",U","16.91",",U","23.63",",,,U","10.20",",,,U"
"USR0000WCAM","1996-07","42.3458","-107.5528","2249.4","CAMP CREEK WYOMING, WY US","82.8","U","60.9",",U","0",",U","0",",U","0",",U","31",",U","0",",U","7.8",",U,14,","31.7",",U,02,","3.9","U","3.9",",U","20.17",",U","27.56",",,,U","12.78",",,,U"
"USR0000WCAM","1996-08","42.3458","-107.5528","2249.4","CAMP CREEK WYOMING, WY US","151.8","U","69.0",",U","0",",U","0",",U","0",",U","28",",U","2",",U","5.6",",U,19,","33.3",",U,12,","22.5","U","18.6",",U","19.96",",U","26.96",",,,U","12.95",",,,U"
"USR0000WCAM","1996-09","42.3458","-107.5528","2249.4","CAMP CREEK WYOMING, WY US","161.0","U","9.2",",U","0",",U","6",",U","0",",U","13",",U","0",",U","-6.7",",U,27,+","27.8",",U,04,+","213.9","U","191.4",",U","12.26",",U","18.52",",,,U","6.00",",,,U"
"USR0000WCAM","1996-10","42.3458","-107.5528","2249.4","CAMP CREEK WYOMING, WY US","161.0","U","0.0",",U","0",",U","17",",U","5",",U","9",",U","0",",U","-10.6",",U,27,+","23.9",",U,10,","608.1","U","394.2",",U","5.62",",U","10.72",",,,U","0.52",",,,U"
"USR0000WCAM","1996-11","42.3458","-107.5528","2249.4","CAMP CREEK WYOMING, WY US","161.0","U","0.0",",U","0",",U","23",",U","11",",U","0",",U","0",",U","-13.9",",U,16,","12.8",",U,10,","1166.9","U","558.8",",U","-0.29",",U","3.53",",,,U","-4.12",",,,U"
"USR0000WCAM","1996-12","42.3458","-107.5528","2249.4","CAMP CREEK WYOMING, WY US","161.0","U","0.0",",U","4",",U","30",",U","21",",U","0",",U","0",",U","-22.8",",U,17,","4.4",",U,09,+","1923.5","U","756.6",",U","-6.07",",U","-2.71",",,,U","-9.44",",,,U"
"USR0000WCAM","1997-01","42.3458","-107.5528","2249.4","CAMP CREEK WYOMING, WY US","0.0","U","0.0",",U","3",",U","30",",U","20",",U","0",",U","0",",U","-31.1",",U,12,","8.9",",U,19,","2699.8","U","776.3",",U","-6.71",",U","-2.43",",,,U","-10.99",",,,U"
"USR0000WCAM","1997-02","42.3458","-107.5528","2249.4","CAMP CREEK WYOMING, WY US","0.0","U","0.0",",U","0",",U","28",",U","19",",U","0",",U","0",",U","-15.6",",U,24,","5.6",",U,17,","3362.8","U","663.0",",U","-5.35",",U","-1.34",",,,U","-9.35",",,,U"
"USR0000WCAM","1997-03","42.3458","-107.5528","2249.4","CAMP CREEK WYOMING, WY US","0.0","U","0.0","2,U","0","1,U","23","1,U","7","1,U","0","1,U","0","1,U","-16.7","1,U,14,","14.4","1,U,19,","3892.9","U","530.1","1,U","0.09","2,U","5.35","1,,,U","-5.17","1,,,U"
"USR0000WCAM","1997-04","42.3458","-107.5528","2249.4","CAMP CREEK WYOMING, WY US","0.0","U","0.0",",U","3",",U","24",",U","7",",U","0",",U","0",",U","-18.9",",U,12,+","18.3",",U,27,","4435.5","U","542.6",",U","0.25",",U","5.83",",,,U","-5.34",",,,U"
"USR0000WCAM","1997-05","42.3458","-107.5528","2249.4","CAMP CREEK WYOMING, WY US","0.0","U","0.0","2,U","0","1,U","8","1,U","0","1,U","4","1,U","0","1,U","-4.4","1,U,02,","25.6","1,U,31,","4678.3","U","242.8","1,U","9.83","2,U","16.19","1,,,U","3.47","1,,,U"
"USR0000WCAM","1997-06","42.3458","-107.5528","2249.4","CAMP CREEK WYOMING, WY US","10.7","U","10.7",",U","0",",U","0",",U","0",",U","15",",U","0",",U","6.1",",U,13,","27.8",",U,26,","4766.6","U","88.3",",U","15.75",",U","21.50",",,,U","9.99",",,,U"
"USR0000WCAM","1997-07","42.3458","-107.5528","2249.4","CAMP CREEK WYOMING, WY US","55.4","U","44.7",",U","0",",U","0",",U","0",",U","28",",U","1",",U","3.9",",U,03,+","32.2",",U,16,","42.2","U","42.2",",U","18.41",",U","25.20",",,,U","11.63",",,,U"
"USR0000WCAM","1997-09","42.3458","-107.5528","2249.4","CAMP CREEK WYOMING, WY US","","","2.5","2,U","0","2,U","1","2,U","0","2,U","12","2,U","0","2,U","0.0","2,U,19,","27.8","2,U,10,","","","150.8","2,U","13.04","2,U","18.28","2,,,U","7.79","2,,,U"
"USR0000WCAM","1997-10","42.3458","-107.5528","2249.4","CAMP CREEK WYOMING, WY US","","","0.0",",U","0",",U","18",",U","2",",U","3",",U","0",",U","-12.2",",U,25,","22.2",",U,01,","","","386.3",",U","5.87",",U","11.34",",,,U","0.41",",,,U"
"USR0000WCAM","1997-11","42.3458","-107.5528","2249.4","CAMP CREEK WYOMING, WY US","","","0.0",",U","1",",U","27",",U","10",",U","0",",U","0",",U","-18.3",",U,14,","13.9",",U,07,","","","612.9",",U","-2.10",",U","2.21",",,,U","-6.41",",,,U"
"USR0000WCAM","1997-12","42.3458","-107.5528","2249.4","CAMP CREEK WYOMING, WY US","","","0.0",",U","0",",U","31",",U","20",",U","0",",U","0",",U","-15.6",",U,25,","7.8",",U,13,","","","715.7",",U","-4.75",",U","-1.05",",,,U","-8.46",",,,U"
"USR0000WCAM","1998-01","42.3458","-107.5528","2249.4","CAMP CREEK WYOMING, WY US","0.0","U","0.0",",U","0",",U","31",",U","18",",U","0",",U","0",",U","-16.7",",U,09,","4.4",",U,01,","","","688.3",",U","-3.87",",U","-0.63",",,,U","-7.11",",,,U"
"USR0000WCAM","1998-02","42.3458","-107.5528","2249.4","CAMP CREEK WYOMING, WY US","0.0","U","0.0","2,U","0","1,U","27","1,U","13","1,U","0","1,U","0","1,U","-13.9","1,U,28,","8.3","1,U,04,","","","564.2","1,U","-3.34","2,U","0.14","1,,,U","-6.83","1,,,U"
"USR0000WCAM","1998-03","42.3458","-107.5528","2249.4","CAMP CREEK WYOMING, WY US","0.0","U","0.0",",U","2",",U","26",",U","9",",U","0",",U","0",",U","-18.3",",U,07,","13.3",",U,24,","","","621.1",",U","-1.70",",U","3.25",",,,U","-6.65",",,,U"
"USR0000WCAM","1998-04","42.3458","-107.5528","2249.4","CAMP CREEK WYOMING, WY US","0.0","U","0.0",",U","0",",U","23",",U","0",",U","0",",U","0",",U","-6.7",",U,18,","20.0",",U,23,","","","431.1",",U","3.96",",U","9.42",",,,U","-1.50",",,,U"
"USR0000WCAM","1998-05","42.3458","-107.5528","2249.4","CAMP CREEK WYOMING, WY US","0.0","U","0.0",",U","0",",U","2",",U","0",",U","5",",U","0",",U","-0.6",",U,12,","23.3",",U,20,","","","255.9",",U","10.08",",U","16.40",",,,U","3.76",",,,U"
"USR0000WCAM","1998-07","42.3458","-107.5528","2249.4","CAMP CREEK WYOMING, WY US","","","90.3",",U","0",",U","0",",U","0",",U","29",",U","4",",U","10.0",",U,03,+","34.4",",U,18,","6.1","U","6.1",",U","21.05",",U","27.38",",,,U","14.71",",,,U"
"USR0000WCAM","1998-08","42.3458","-107.5528","2249.4","CAMP CREEK WYOMING, WY US","","","67.9",",U","0",",U","0",",U","0",",U","29",",U","0",",U","10.0",",U,20,","30.6",",U,07,","18.1","U","12.0",",U","20.14",",U","26.34",",,,U","13.94",",,,U"
"USR0000WCAM","1998-09","42.3458","-107.5528","2249.4","CAMP CREEK WYOMING, WY US","","","47.2",",U","0",",U","0",",U","0",",U","20",",U","0",",U","3.3",",U,21,","31.7",",U,04,","107.1","U","89.0",",U","16.94",",U","22.54",",,,U","11.34",",,,U"
"USR0000WCAM","1998-10","42.3458","-107.5528","2249.4","CAMP CREEK WYOMING, WY US","","","0.0",",U","0",",U","13",",U","1",",U","0",",U","0",",U","-2.2",",U,17,+","20.0",",U,01,","458.4","U","351.3",",U","7.00",",U","11.68",",,,U","2.32",",,,U"
"USR0000WCAM","1998-11","42.3458","-107.5528","2249.4","CAMP CREEK WYOMING, WY US","","","0.0",",U","0",",U","24",",U","8",",U","0",",U","0",",U","-11.7",",U,10,","13.3",",U,27,","998.9","U","540.5",",U","0.32",",U","3.79",",,,U","-3.16",",,,U"
"USR0000WCAM","1998-12","42.3458","-107.5528","2249.4","CAMP CREEK WYOMING, WY US","","","0.0",",U","6",",U","27",",U","14",",U","0",",U","0",",U","-30.0",",U,20,","9.4",",U,01,","1736.7","U","737.8",",U","-5.47",",U","-1.65",",,,U","-9.29",",,,U"
"USR0000WCAM","1999-01","42.3458","-107.5528","2249.4","CAMP CREEK WYOMING, WY US","0.0","U","0.0",",U","0",",U","31",",U","11",",U","0",",U","0",",U","-15.0",",U,03,","6.7",",U,12,","2399.8","U","663.1",",U","-3.06",",U","0.86",",,,U","-6.97",",,,U"
"USR0000WCAM","1999-02","42.3458","-107.5528","2249.4","CAMP CREEK WYOMING, WY US","0.0","U","0.0",",U","0",",U","28",",U","9",",U","0",",U","0",",U","-15.6",",U,11,","6.7",",U,25,","2991.7","U","591.9",",U","-2.81",",U","1.13",",,,U","-6.75",",,,U"
"USR0000WCAM","1999-03","42.3458","-107.5528","2249.4","CAMP CREEK WYOMING, WY US","0.0","U","0.0",",U","0",",U","21",",U","1",",U","0",",U","0",",U","-11.7",",U,05,","16.7",",U,25,","3491.5","U","499.8",",U","2.21",",U","7.86",",,,U","-3.45",",,,U"
"USR0000WCAM","1999-04","42.3458","-107.5528","2249.4","CAMP CREEK WYOMING, WY US","0.0","U","0.0",",U","0",",U","22",",U","7",",U","0",",U","0",",U","-11.1",",U,03,","17.2",",U,18,","3989.8","U","498.3",",U","1.72",",U","6.49",",,,U","-3.04",",,,U"
"USR0000WCAM","1999-05","42.3458","-107.5528","2249.4","CAMP CREEK WYOMING, WY US","0.0","U","0.0",",U","0",",U","12",",U","0",",U","1",",U","0",",U","-5.6",",U,11,+","22.8",",U,28,","4305.9","U","316.1",",U","8.14",",U","13.98",",,,U","2.29",",,,U"
"USR0000WCAM","1999-06","42.3458","-107.5528","2249.4","CAMP CREEK WYOMING, WY US","8.9","U","8.9",",U","0",",U","0",",U","0",",U","15",",U","0",",U","3.3",",U,09,","29.4",",U,20,","4436.7","U","130.8",",U","14.27",",U","21.01",",,,U","7.53",",,,U"
"USR0000WCAM","1999-07","42.3458","-107.5528","2249.4","CAMP CREEK WYOMING, WY US","88.3","U","79.4",",U","0",",U","0",",U","0",",U","30",",U","0",",U","5.6",",U,01,","31.7",",U,13,","15.0","U","15.0",",U","20.41",",U","27.40",",,,U","13.42",",,,U"
"USR0000WCAM","1999-08","42.3458","-107.5528","2249.4","CAMP CREEK WYOMING, WY US","141.4","U","53.1",",U","0",",U","0",",U","0",",U","29",",U","0",",U","8.9",",U,13,+","30.0",",U,24,","30.6","U","15.6",",U","19.54",",U","25.97",",,,U","13.11",",,,U"
"USR0000WCAM","1999-09","42.3458","-107.5528","2249.4","CAMP CREEK WYOMING, WY US","141.4","U","0.0",",U","0",",U","6",",U","0",",U","10",",U","0",",U","-3.9",",U,28,","24.4",",U,06,","236.8","U","206.2",",U","11.46",",U","17.81",",,,U","5.11",",,,U"
"USR0000WCAM","1999-10","42.3458","-107.5528","2249.4","CAMP CREEK WYOMING, WY US","141.4","U","0.0",",U","0",",U","12",",U","1",",U","4",",U","0",",U","-7.2",",U,16,","22.2",",U,10,","541.0","U","304.2",",U","8.52",",U","14.66",",,,U","2.38",",,,U"
"USR0000WCAM","1999-11","42.3458","-107.5528","2249.4","CAMP CREEK WYOMING, WY US","141.4","U","0.0",",U","0",",U","10",",U","3",",U","0",",U","0",",U","-12.8",",U,23,","17.8",",U,07,","939.2","U","398.2",",U","5.06",",U","9.35",",,,U","0.77",",,,U"
"USR0000WCAM","1999-12","42.3458","-107.5528","2249.4","CAMP CREEK WYOMING, WY US","141.4","U","0.0",",U","0",",U","30",",U","19",",U","0",",U","0",",U","-13.9",",U,14,","11.1",",U,24,","1601.3","U","662.1",",U","-3.02",",U","0.76",",,,U","-6.81",",,,U"
"USR0000WCAM","2000-01","42.3458","-107.5528","2249.4","CAMP CREEK WYOMING, WY US","0.0","U","0.0","2,U","0","1,U","29","1,U","16","1,U","0","1,U","0","1,U","-13.9","1,U,03,","6.1","1,U,17,+","2235.0","U","633.7","1,U","-3.52","2,U","0.02","1,,,U","-7.06","1,,,U"
"USR0000WCAM","2000-02","42.3458","-107.5528","2249.4","CAMP CREEK WYOMING, WY US","0.0","U","0.0",",U","0",",U","29",",U","8",",U","0",",U","0",",U","-14.4",",U,04,","7.2",",U,08,","2810.7","U","575.7",",U","-1.52",",U","2.54",",,,U","-5.58",",,,U"
"USR0000WCAM","2000-03","42.3458","-107.5528","2249.4","CAMP CREEK WYOMING, WY US","0.0","U","0.0",",U","0",",U","30",",U","3",",U","0",",U","0",",U","-10.0",",U,21,","13.3",",U,27,","3365.5","U","554.8",",U","0.44",",U","5.13",",,,U","-4.25",",,,U"
"USR0000WCAM","2000-04","42.3458","-107.5528","2249.4","CAMP CREEK WYOMING, WY US","0.0","U","0.0",",U","0",",U","17",",U","1",",U","1",",U","0",",U","-11.7",",U,03,","22.8",",U,28,","3735.9","U","370.4",",U","5.99",",U","12.38",",,,U","-0.41",",,,U"
"USR0000WCAM","2000-05","42.3458","-107.5528","2249.4","CAMP CREEK WYOMING, WY US","1.4","U","1.4",",U","0",",U","8",",U","0",",U","12",",U","0",",U","-5.0",",U,12,","26.1",",U,29,","3953.3","U","217.4",",U","11.37",",U","17.88",",,,U","4.85",",,,U"
"USR0000WCAM","2000-06","42.3458","-107.5528","2249.4","CAMP CREEK WYOMING, WY US","20.0","U","18.6",",U","0",",U","2",",U","0",",U","20",",U","0",",U","0.0",",U,16,+","30.0",",U,07,","4067.2","U","113.9",",U","15.16",",U","22.57",",,,U","7.74",",,,U"
"USR0000WCAM","2000-07","42.3458","-107.5528","2249.4","CAMP CREEK WYOMING, WY US","136.6","U","116.6",",U","0",",U","0",",U","0",",U","31",",U","3",",U","10.0",",U,18,+","34.4",",U,14,","2.0","U","2.0",",U","22.03",",U","29.10",",,,U","14.96",",,,U"
"USR0000WCAM","2000-08","42.3458","-107.5528","2249.4","CAMP CREEK WYOMING, WY US","244.3","U","107.7",",U","0",",U","0",",U","0",",U","30",",U","4",",U","6.7",",U,30,","33.3",",U,01,","10.9","U","8.9",",U","21.52",",U","28.61",",,,U","14.42",",,,U"
"USR0000WCAM","2000-09","42.3458","-107.5528","2249.4","CAMP CREEK WYOMING, WY US","264.3","U","20.0",",U","0",",U","7",",U","2",",U","15",",U","0",",U","-8.3",",U,23,+","30.0",",U,16,","192.1","U","181.2",",U","12.96",",U","19.09",",,,U","6.83",",,,U"
"USR0000WCAM","2000-10","42.3458","-107.5528","2249.4","CAMP CREEK WYOMING, WY US","264.3","U","0.0","2,U","0","1,U","12","1,U","1","1,U","0","1,U","0","1,U","-6.1","1,U,07,","19.4","1,U,01,","538.5","U","346.4","1,U","6.36","2,U","11.55","1,,,U","1.17","1,,,U"
"USR0000WCAM","2000-11","42.3458","-107.5528","2249.4","CAMP CREEK WYOMING, WY US","264.3","U","0.0",",U","2",",U","30",",U","20",",U","0",",U","0",",U","-20.0",",U,11,","7.8",",U,22,","1266.4","U","727.9",",U","-5.93",",U","-1.94",",,,U","-9.92",",,,U"
"USR0000WCAM","2000-12","42.3458","-107.5528","2249.4","CAMP CREEK WYOMING, WY US","264.3","U","0.0",",U","2",",U","31",",U","19",",U","0",",U","0",",U","-21.1",",U,11,","6.1",",U,27,","1998.4","U","732.0",",U","-5.28",",U","-1.10",",,,U","-9.46",",,,U"
"USR0000WCAM","2001-01","42.3458","-107.5528","2249.4","CAMP CREEK WYOMING, WY US","0.0","U","0.0",",U","0",",U","30",",U","18",",U","0",",U","0",",U","-15.6",",U,16,","8.3",",U,03,","2696.7","U","698.3",",U","-4.19",",U","-0.36",",,,U","-8.03",",,,U"
"USR0000WCAM","2001-02","42.3458","-107.5528","2249.4","CAMP CREEK WYOMING, WY US","0.0","U","0.0","2,U","3","1,U","27","1,U","17","1,U","0","1,U","0","1,U","-23.3","1,U,08,","3.9","1,U,28,+","3315.9","U","619.2","1,U","-5.66","2,U","-1.30","1,,,U","-10.02","1,,,U"
"USR0000WCAM","2001-03","42.3458","-107.5528","2249.4","CAMP CREEK WYOMING, WY US","0.0","U","0.0","2,U","0","1,U","27","1,U","2","1,U","0","1,U","0","1,U","-10.6","1,U,15,","11.7","1,U,23,","3850.3","U","534.4","1,U","-0.04","2,U","4.65","1,,,U","-4.74","1,,,U"
"USR0000WCAM","2001-04","42.3458","-107.5528","2249.4","CAMP CREEK WYOMING, WY US","0.0","U","0.0",",U","0",",U","20",",U","2",",U","3",",U","0",",U","-7.8",",U,16,+","23.3",",U,27,","4256.1","U","405.8",",U","4.81",",U","9.99",",,,U","-0.38",",,,U"
"USR0000WCAM","2001-05","42.3458","-107.5528","2249.4","CAMP CREEK WYOMING, WY US","1.1","U","1.1",",U","0",",U","9",",U","2",",U","11",",U","0",",U","-5.0",",U,21,","25.6",",U,13,","4485.7","U","229.6",",U","10.96",",U","17.38",",,,U","4.55",",,,U"
"USR0000WCAM","2001-06","42.3458","-107.5528","2249.4","CAMP CREEK WYOMING, WY US","48.9","U","47.8",",U","0",",U","4",",U","0",",U","24",",U","0",",U","-2.8",",U,13,","31.1",",U,28,","4577.9","U","92.2",",U","16.86",",U","24.22",",,,U","9.49",",,,U"
"USR0000WCAM","2001-07","42.3458","-107.5528","2249.4","CAMP CREEK WYOMING, WY US","165.3","U","116.4",",U","0",",U","0",",U","0",",U","31",",U","5",",U","11.1",",U,16,+","33.3",",U,05,+","0.6","U","0.6",",U","22.07",",U","28.92",",,,U","15.22",",,,U"
"USR0000WCAM","2001-08","42.3458","-107.5528","2249.4","CAMP CREEK WYOMING, WY US","243.9","U","78.6","3,U","0","3,U","0","3,U","0","3,U","27","3,U","1","3,U","10.0","3,U,15,","32.8","3,U,05,","7.3","U","6.7","3,U","20.90","3,U","27.58","3,,,U","14.22","3,,,U"
"USR0000WCAM","2001-09","42.3458","-107.5528","2249.4","CAMP CREEK WYOMING, WY US","267.2","U","23.3","2,U","0","1,U","2","1,U","0","1,U","18","1,U","0","1,U","-1.1","1,U,08,+","29.4","1,U,04,+","105.5","U","98.2","1,U","15.64","2,U","21.07","1,,,U","10.21","1,,,U"
"USR0000WCAM","2002-07","42.3458","-107.5528","2249.4","CAMP CREEK WYOMING, WY US","","","143.7",",U","0",",U","0",",U","0",",U","31",",U","11",",U","10.0",",U,28,","35.0",",U,15,+","1.9","","1.9",",U","22.91",",U","30.52",",,,U","15.30",",,,U"
"USR0000WCAM","2002-08","42.3458","-107.5528","2249.4","CAMP CREEK WYOMING, WY US","","","22.4",",U","0",",U","0",",U","0",",U","27",",U","0",",U","2.2",",U,17,","31.1",",U,16,","42.0","","40.1",",U","17.76",",U","25.54",",,,U","9.98",",,,U"
"USR0000WCAM","2002-09","42.3458","-107.5528","2249.4","CAMP CREEK WYOMING, WY US","","","13.9","1,U","0","1,U","3","1,U","0",",U","14",",U","0",",U","0.0","1,U,23,+","28.9",",U,05,","187.3","","145.3",",U","13.68","1,U","20.14",",,,U","7.22","1,,,U"
"USR0000WCAM","2003-06","42.3458","-107.5528","2249.4","CAMP CREEK WYOMING, WY US","","","5.6",",U","0",",U","2",",U","0",",U","17",",U","0",",U","0.0",",U,07,+","28.9",",U,30,","","","161.0",",U","13.15",",U","19.71",",,,U","6.60",",,,U"
"USR0000WCAM","2003-07","42.3458","-107.5528","2249.4","CAMP CREEK WYOMING, WY US","","","147.1",",U","0",",U","0",",U","0",",U","31",",U","9",",U","10.0",",U,07,","35.0",",U,24,+","1.1","U","1.1",",U","23.04",",U","30.29",",,,U","15.79",",,,U"
"USR0000WCAM","2003-08","42.3458","-107.5528","2249.4","CAMP CREEK WYOMING, WY US","","","121.2",",U","0",",U","0",",U","0",",U","28",",U","5",",U","5.0",",U,31,","33.3",",U,12,","26.1","U","25.0",",U","21.44",",U","28.09",",,,U","14.78",",,,U"
"USR0000WCAM","2003-09","42.3458","-107.5528","2249.4","CAMP CREEK WYOMING, WY US","","","5.8","2,U","0","1,U","6","1,U","0","1,U","13","1,U","0","1,U","-5.0","1,U,18,","27.2","1,U,05,+","208.6","U","182.5","1,U","11.93","2,U","18.62","1,,,U","5.25","1,,,U"
"USR0000WCAM","2003-10","42.3458","-107.5528","2249.4","CAMP CREEK WYOMING, WY US","","","0.0","2,U","0","1,U","9","1,U","1","1,U","7","1,U","0","1,U","-13.9","1,U,31,","24.4","1,U,21,","445.9","U","237.3","1,U","9.82","2,U","16.02","1,,,U","3.62","1,,,U"
"USR0000WCAM","2003-11","42.3458","-107.5528","2249.4","CAMP CREEK WYOMING, WY US","","","0.0",",U","1",",U","30",",U","13",",U","0",",U","0",",U","-18.9",",U,23,","7.2",",U,13,","1111.4","U","665.5",",U","-3.85",",U","-0.18",",,,U","-7.52",",,,U"
"USR0000WCAM","2003-12","42.3458","-107.5528","2249.4","CAMP CREEK WYOMING, WY US","","","0.0","2,U","0","1,U","30","1,U","15","1,U","0","1,U","0","1,U","-12.8","1,U,29,+","6.7","1,U,19,","1740.3","U","628.9","1,U","-3.41","2,U","0.14","1,,,U","-6.95","1,,,U"
"USR0000WCAM","2004-01","42.3458","-107.5528","2249.4","CAMP CREEK WYOMING, WY US","0.0","U","0.0",",U","1",",U","31",",U","17",",U","0",",U","0",",U","-24.4",",U,05,","6.7",",U,15,","2448.9","U","708.6",",U","-4.53",",U","-1.16",",,,U","-7.89",",,,U"
"USR0000WCAM","2004-02","42.3458","-107.5528","2249.4","CAMP CREEK WYOMING, WY US","0.0","U","0.0",",U","2",",U","29",",U","13",",U","0",",U","0",",U","-20.0",",U,12,+","6.1",",U,24,","3106.0","U","657.1",",U","-4.32",",U","-0.43",",,,U","-8.22",",,,U"
"USR0000WCAM","2004-03","42.3458","-107.5528","2249.4","CAMP CREEK WYOMING, WY US","0.0","U","0.0",",U","0",",U","21",",U","4",",U","0",",U","0",",U","-10.6",",U,04,+","20.0",",U,31,","3595.2","U","489.2",",U","2.55",",U","7.50",",,,U","-2.40",",,,U"
"USR0000WCAM","2004-04","42.3458","-107.5528","2249.4","CAMP CREEK WYOMING, WY US","0.0","U","0.0",",U","0",",U","18",",U","2",",U","0",",U","0",",U","-8.3",",U,10,","18.9",",U,27,","4009.4","U","414.2",",U","4.53",",U","10.09",",,,U","-1.03",",,,U"
"USR0000WCAM","2004-05","42.3458","-107.5528","2249.4","CAMP CREEK WYOMING, WY US","0.0","U","0.0",",U","0",",U","6",",U","0",",U","8",",U","0",",U","-5.6",",U,13,","23.9",",U,06,+","4269.7","U","260.3",",U","9.94",",U","16.16",",,,U","3.71",",,,U"
"USR0000WCAM","2004-06","42.3458","-107.5528","2249.4","CAMP CREEK WYOMING, WY US","4.2","U","4.2",",U","0",",U","0",",U","0",",U","15",",U","0",",U","1.7",",U,18,","27.8",",U,07,","4420.7","U","151.0",",U","13.44",",U","20.03",",,,U","6.84",",,,U"
"USR0000WCAM","2004-07","42.3458","-107.5528","2249.4","CAMP CREEK WYOMING, WY US","60.7","U","56.5","1,U","0","1,U","0","1,U","0","1,U","28","1,U","0","1,U","5.6","1,U,06,","31.1","1,U,14,+","23.3","U","23.3","1,U","19.44","1,U","26.37","1,,,U","12.51","1,,,U"
"USR0000WCAM","2004-08","42.3458","-107.5528","2249.4","CAMP CREEK WYOMING, WY US","88.1","U","27.4",",U","0",",U","0",",U","0",",U","22",",U","0",",U","3.9",",U,27,","29.4",",U,02,","87.3","U","64.0",",U","17.15",",U","23.71",",,,U","10.60",",,,U"
"USR0000WCAM","2004-09","42.3458","-107.5528","2249.4","CAMP CREEK WYOMING, WY US","98.5","U","10.4",",U","0",",U","2",",U","0",",U","13",",U","0",",U","-1.7",",U,22,","28.9",",U,01,","251.4","U","164.1",",U","13.21",",U","19.01",",,,U","7.41",",,,U"
"USR0000WCAM","2004-10","42.3458","-107.5528","2249.4","CAMP CREEK WYOMING, WY US","98.5","U","0.0",",U","0",",U","12",",U","0",",U","0",",U","0",",U","-7.8",",U,31,","19.4",",U,09,","611.6","U","360.2",",U","6.71",",U","11.21",",,,U","2.21",",,,U"
"USR0000WCAM","2004-11","42.3458","-107.5528","2249.4","CAMP CREEK WYOMING, WY US","98.5","U","0.0",",U","0",",U","25",",U","6",",U","0",",U","0",",U","-16.7",",U,29,","16.7",",U,08,","1160.3","U","548.7",",U","0.04",",U","4.04",",,,U","-3.95",",,,U"
"USR0000WCAM","2004-12","42.3458","-107.5528","2249.4","CAMP CREEK WYOMING, WY US","98.5","U","0.0","2,U","1","1,U","29","1,U","12","1,U","0","1,U","0","1,U","-25.0","1,U,23,","6.7","1,U,11,","1758.6","U","598.3","1,U","-2.65","2,U","0.79","1,,,U","-6.08","1,,,U"
"USR0000WCAM","2005-01","42.3458","-107.5528","2249.4","CAMP CREEK WYOMING, WY US","0.0","U","0.0","2,U","2","1,U","27","1,U","9","1,U","0","1,U","0","1,U","-20.0","1,U,05,","11.1","1,U,23,","2331.8","U","573.2","1,U","-1.66","2,U","2.39","1,,,U","-5.71","1,,,U"
"USR0000WCAM","2005-02","42.3458","-107.5528","2249.4","CAMP CREEK WYOMING, WY US","0.0","U","0.0",",U","0",",U","28",",U","6",",U","0",",U","0",",U","-12.8",",U,08,","11.1",",U,03,","2875.8","U","544.0",",U","-1.09",",U","3.43",",,,U","-5.62",",,,U"
"USR0000WCAM","2005-03","42.3458","-107.5528","2249.4","CAMP CREEK WYOMING, WY US","0.0","U","0.0",",U","0",",U","29",",U","5",",U","0",",U","0",",U","-11.7",",U,15,","13.9",",U,09,","3434.7","U","558.9",",U","0.30",",U","5.39",",,,U","-4.78",",,,U"
"USR0000WCAM","2005-04","42.3458","-107.5528","2249.4","CAMP CREEK WYOMING, WY US","0.0","U","0.0",",U","0",",U","19",",U","1",",U","0",",U","0",",U","-9.4",",U,28,","20.6",",U,17,","3838.8","U","404.1",",U","4.86",",U","10.81",",,,U","-1.09",",,,U"
"USR0000WCAM","2005-05","42.3458","-107.5528","2249.4","CAMP CREEK WYOMING, WY US","2.5","U","2.5",",U","0",",U","8",",U","0",",U","7",",U","0",",U","-6.7",",U,02,","27.2",",U,20,","4116.3","U","277.5",",U","9.46",",U","16.02",",,,U","2.90",",,,U"
"USR0000WCAM","2005-06","42.3458","-107.5528","2249.4","CAMP CREEK WYOMING, WY US","30.7","U","28.2",",U","0",",U","0",",U","0",",U","17",",U","0",",U","1.1",",U,08,+","31.7",",U,21,","4235.4","U","119.1",",U","15.30",",U","22.14",",,,U","8.47",",,,U"
"USR0000WCAM","2005-07","42.3458","-107.5528","2249.4","CAMP CREEK WYOMING, WY US","164.7","U","134.0",",U","0",",U","0",",U","0",",U","30",",U","9",",U","6.7",",U,26,","36.1",",U,13,","8.3","U","8.3",",U","22.39",",U","29.91",",,,U","14.86",",,,U"
"USR0000WCAM","2005-08","42.3458","-107.5528","2249.4","CAMP CREEK WYOMING, WY US","220.5","U","55.8",",U","0",",U","0",",U","0",",U","29",",U","2",",U","3.9",",U,13,","32.8",",U,08,","42.2","U","33.9",",U","19.04",",U","26.46",",,,U","11.62",",,,U"
"USR0000WCAM","2005-09","42.3458","-107.5528","2249.4","CAMP CREEK WYOMING, WY US","240.0","U","19.5",",U","0",",U","0",",U","0",",U","16",",U","0",",U","0.6",",U,28,","29.4",",U,08,+","160.1","U","117.9",",U","15.05",",U","21.83",",,,U","8.27",",,,U"
"USR0000WCAM","2005-10","42.3458","-107.5528","2249.4","CAMP CREEK WYOMING, WY US","240.3","U","0.3",",U","0",",U","10",",U","0",",U","2",",U","0",",U","-5.0",",U,05,","23.3",",U,01,","468.9","U","308.8",",U","8.38",",U","13.62",",,,U","3.14",",,,U"
"USR0000WCAM","2005-11","42.3458","-107.5528","2249.4","CAMP CREEK WYOMING, WY US","240.3","U","0.0",",U","0",",U","19",",U","8",",U","0",",U","0",",U","-15.0",",U,15,","15.6",",U,10,","977.1","U","508.2",",U","1.39",",U","5.74",",,,U","-2.96",",,,U"
"USR0000WCAM","2005-12","42.3458","-107.5528","2249.4","CAMP CREEK WYOMING, WY US","240.3","U","0.0",",U","4",",U","29",",U","12",",U","0",",U","0",",U","-24.4",",U,07,","7.8",",U,27,","1687.4","U","710.3",",U","-4.58",",U","-0.27",",,,U","-8.89",",,,U"
"USR0000WCAM","2006-01","42.3458","-107.5528","2249.4","CAMP CREEK WYOMING, WY US","0.0","U","0.0",",U","0",",U","30",",U","14",",U","0",",U","0",",U","-11.7",",U,23,","8.3",",U,24,","2351.7","U","664.3",",U","-3.10",",U","0.50",",,,U","-6.69",",,,U"
"USR0000WCAM","2006-02","42.3458","-107.5528","2249.4","CAMP CREEK WYOMING, WY US","0.0","U","0.0",",U","4",",U","28",",U","12",",U","0",",U","0",",U","-30.0",",U,17,","11.1",",U,08,","3019.3","U","667.6",",U","-5.51",",U","-0.64",",,,U","-10.38",",,,U"
"USR0000WCAM","2006-03","42.3458","-107.5528","2249.4","CAMP CREEK WYOMING, WY US","0.0","U","0.0",",U","0",",U","27",",U","6",",U","0",",U","0",",U","-14.4",",U,13,+","11.1",",U,25,","3603.7","U","584.4",",U","-0.52",",U","4.38",",,,U","-5.42",",,,U"
"USR0000WCAM","2006-04","42.3458","-107.5528","2249.4","CAMP CREEK WYOMING, WY US","0.0","U","0.0",",U","0",",U","17",",U","1",",U","1",",U","0",",U","-8.9",",U,25,","22.2",",U,22,","3956.7","U","353.0",",U","6.57",",U","12.93",",,,U","0.20",",,,U"
"USR0000WCAM","2006-05","42.3458","-107.5528","2249.4","CAMP CREEK WYOMING, WY US","4.7","U","4.7",",U","0",",U","7",",U","0",",U","13",",U","0",",U","-5.0",",U,09,","26.7",",U,18,","4169.3","U","212.6",",U","11.63",",U","18.36",",,,U","4.90",",,,U"
"USR0000WCAM","2006-06","42.3458","-107.5528","2249.4","CAMP CREEK WYOMING, WY US","45.5","U","40.8",",U","0",",U","0",",U","0",",U","28",",U","1",",U","5.6",",U,15,","32.2",",U,06,","4198.4","U","29.1",",U","18.72",",U","26.54",",,,U","10.91",",,,U"
"USR0000WCAM","2006-07","42.3458","-107.5528","2249.4","CAMP CREEK WYOMING, WY US","180.5","U","135.0",",U","0",",U","0",",U","0",",U","30",",U","10",",U","7.8",",U,10,","35.6",",U,23,","8.9","U","8.9",",U","22.40",",U","29.47",",,,U","15.33",",,,U"
"USR0000WCAM","2006-08","42.3458","-107.5528","2249.4","CAMP CREEK WYOMING, WY US","254.4","U","73.9",",U","0",",U","0",",U","0",",U","29",",U","0",",U","7.2",",U,31,+","31.1",",U,11,+","34.4","U","25.5",",U","19.90",",U","26.83",",,,U","12.96",",,,U"
"USR0000WCAM","2006-09","42.3458","-107.5528","2249.4","CAMP CREEK WYOMING, WY US","259.7","U","5.3",",U","0",",U","5",",U","0",",U","12",",U","0",",U","-1.1",",U,17,","27.8",",U,05,","225.4","U","191.0",",U","12.14",",U","18.03",",,,U","6.26",",,,U"
"USR0000WCAM","2006-10","42.3458","-107.5528","2249.4","CAMP CREEK WYOMING, WY US","259.7","U","0.0","2,U","0","1,U","15","1,U","0","1,U","1","1,U","0","1,U","-11.1","1,U,31,","22.2","1,U,01,","604.8","U","379.4","1,U","5.11","2,U","10.37","1,,,U","-0.15","1,,,U"
"USR0000WCAM","2006-11","42.3458","-107.5528","2249.4","CAMP CREEK WYOMING, WY US","259.7","U","0.0",",U","0",",U","23",",U","4",",U","0",",U","0",",U","-17.2",",U,29,","15.6",",U,08,","1154.5","U","549.7",",U","0.01",",U","3.94",",,,U","-3.92",",,,U"
"USR0000WCAM","2006-12","42.3458","-107.5528","2249.4","CAMP CREEK WYOMING, WY US","259.7","U","0.0","1,U","0",",U","31",",U","11","1,U","0","1,U","0","1,U","-14.4",",U,02,","7.2","1,U,07,","1813.6","U","659.1","1,U","-3.66","1,U","0.04","1,,,U","-7.36",",,,U"
"USR0000WCAM","2007-01","42.3458","-107.5528","2249.4","CAMP CREEK WYOMING, WY US","0.0","U","0.0",",U","4",",U","31",",U","18",",U","0",",U","0",",U","-26.1",",U,12,","7.8",",U,24,","2598.1","U","784.5",",U","-6.97",",U","-2.47",",,,U","-11.48",",,,U"
"USR0000WCAM","2007-02","42.3458","-107.5528","2249.4","CAMP CREEK WYOMING, WY US","0.0","U","0.0",",U","2",",U","25",",U","9",",U","0",",U","0",",U","-26.7",",U,01,","9.4",",U,07,","3193.9","U","595.8",",U","-2.95",",U","1.34",",,,U","-7.24",",,,U"
"USR0000WCAM","2007-03","42.3458","-107.5528","2249.4","CAMP CREEK WYOMING, WY US","0.0","U","0.0",",U","0",",U","18",",U","5",",U","0",",U","0",",U","-13.9",",U,02,+","16.1",",U,20,+","3658.0","U","464.1",",U","3.36",",U","8.42",",,,U","-1.70",",,,U"
"USR0000WCAM","2007-04","42.3458","-107.5528","2249.4","CAMP CREEK WYOMING, WY US","0.3","U","0.3",",U","0",",U","18",",U","1",",U","3",",U","0",",U","-8.3",",U,12,+","25.6",",U,29,","4066.2","U","408.2",",U","4.74",",U","11.00",",,,U","-1.53",",,,U"
"USR0000WCAM","2007-05","42.3458","-107.5528","2249.4","CAMP CREEK WYOMING, WY US","3.1","U","2.8",",U","0",",U","8",",U","0",",U","12",",U","0",",U","-3.9",",U,04,","26.7",",U,12,","4278.9","U","212.7",",U","11.56",",U","18.35",",,,U","4.77",",,,U"
"USR0000WCAM","2007-06","42.3458","-107.5528","2249.4","CAMP CREEK WYOMING, WY US","58.6","U","55.5",",U","0",",U","1",",U","0",",U","25",",U","4",",U","0.0",",U,07,","34.4",",U,30,","4352.2","U","73.3",",U","17.74",",U","25.25",",,,U","10.23",",,,U"
"USR0000WCAM","2007-07","42.3458","-107.5528","2249.4","CAMP CREEK WYOMING, WY US","203.3","U","144.7",",U","0",",U","0",",U","0",",U","30",",U","11",",U","10.0",",U,11,+","33.9",",U,22,+","2.8","U","2.8",",U","22.91",",U","30.09",",,,U","15.74",",,,U"
"USR0000WCAM","2007-08","42.3458","-107.5528","2249.4","CAMP CREEK WYOMING, WY US","289.3","U","86.0",",U","0",",U","0",",U","0",",U","30",",U","1",",U","6.1",",U,24,","33.9",",U,13,","15.0","U","12.2",",U","20.71",",U","27.52",",,,U","13.91",",,,U"
"USR0000WCAM","2007-09","42.3458","-107.5528","2249.4","CAMP CREEK WYOMING, WY US","306.9","U","17.6",",U","0",",U","3",",U","0",",U","14",",U","0",",U","-0.6",",U,24,","30.0",",U,01,","168.9","U","153.9",",U","13.79",",U","20.06",",,,U","7.52",",,,U"
"USR0000WCAM","2007-10","42.3458","-107.5528","2249.4","CAMP CREEK WYOMING, WY US","306.9","U","0.0","2,U","0","1,U","14","1,U","1","1,U","0","1,U","0","1,U","-6.1","1,U,22,","20.0","1,U,10,","479.8","U","310.9","1,U","7.63","2,U","13.30","1,,,U","1.96","1,,,U"
"USR0000WCAM","2007-11","42.3458","-107.5528","2249.4","CAMP CREEK WYOMING, WY US","306.9","U","0.0",",U","0",",U","18",",U","5",",U","0",",U","0",",U","-13.9",",U,21,","14.4",",U,08,","977.7","U","497.9",",U","1.74",",U","6.65",",,,U","-3.18",",,,U"
"USR0000WCAM","2007-12","42.3458","-107.5528","2249.4","CAMP CREEK WYOMING, WY US","306.9","U","0.0",",U","0",",U","30",",U","27",",U","0",",U","0",",U","-16.7",",U,28,","5.6",",U,04,","1763.9","U","786.2",",U","-7.03",",U","-3.67",",,,U","-10.38",",,,U"
"USR0000WCAM","2008-01","42.3458","-107.5528","2249.4","CAMP CREEK WYOMING, WY US","0.0","U","0.0",",U","4",",U","31",",U","26",",U","0",",U","0",",U","-25.0",",U,21,","3.3",",U,14,+","2581.4","U","817.5",",U","-8.04",",U","-4.04",",,,U","-12.04",",,,U"
"USR0000WCAM","2008-02","42.3458","-107.5528","2249.4","CAMP CREEK WYOMING, WY US","0.0","U","0.0",",U","0",",U","29",",U","13",",U","0",",U","0",",U","-16.1",",U,05,+","5.6",",U,21,+","3233.8","U","652.4",",U","-4.16",",U","-0.02",",,,U","-8.31",",,,U"
"USR0000WCAM","2008-03","42.3458","-107.5528","2249.4","CAMP CREEK WYOMING, WY US","0.0","U","0.0",",U","0",",U","31",",U","7",",U","0",",U","0",",U","-13.3",",U,05,","8.9",",U,19,","3870.7","U","636.9",",U","-2.21",",U","2.21",",,,U","-6.63",",,,U"
"USR0000WCAM","2008-04","42.3458","-107.5528","2249.4","CAMP CREEK WYOMING, WY US","0.0","U","0.0",",U","0",",U","25",",U","2",",U","0",",U","0",",U","-11.1",",U,01,","20.0",",U,29,","4361.5","U","490.8",",U","1.97",",U","7.53",",,,U","-3.59",",,,U"
"USR0000WCAM","2008-05","42.3458","-107.5528","2249.4","CAMP CREEK WYOMING, WY US","0.0","U","0.0",",U","0",",U","11",",U","1",",U","4",",U","0",",U","-5.0",",U,02,","25.6",",U,20,","4678.8","U","317.3",",U","8.10",",U","13.97",",,,U","2.23",",,,U"
"USR0000WCAM","2008-06","42.3458","-107.5528","2249.4","CAMP CREEK WYOMING, WY US","17.6","U","17.6",",U","0",",U","2",",U","0",",U","17",",U","0",",U","0.0",",U,11,+","31.1",",U,30,","4814.0","U","135.2",",U","14.41",",U","21.10",",,,U","7.72",",,,U"
"USR0000WCAM","2008-07","42.3458","-107.5528","2249.4","CAMP CREEK WYOMING, WY US","119.0","U","101.4",",U","0",",U","0",",U","0",",U","31",",U","2",",U","5.0",",U,12,","32.8",",U,27,+","4.7","U","4.7",",U","21.45",",U","28.75",",,,U","14.16",",,,U"
"USR0000WCAM","2008-08","42.3458","-107.5528","2249.4","CAMP CREEK WYOMING, WY US","191.2","U","72.2","1,U","0","1,U","0","1,U","0",",U","29",",U","2",",U","5.0","1,U,16,","33.9",",U,01,","38.5","U","33.8",",U","19.55","1,U","26.13",",,,U","12.96","1,,,U"
"USR0000WCAM","2008-09","42.3458","-107.5528","2249.4","CAMP CREEK WYOMING, WY US","194.0","U","2.8","1,U","0",",U","1",",U","0","1,U","13","1,U","0","1,U","0.0",",U,14,","25.6","1,U,17,+","197.5","U","159.0","1,U","12.89","1,U","19.52","1,,,U","6.26",",,,U"
"USR0000WCAM","2008-10","42.3458","-107.5528","2249.4","CAMP CREEK WYOMING, WY US","194.0","U","0.0","2,U","0","1,U","9","1,U","1","1,U","2","1,U","0","1,U","-6.7","1,U,13,","24.4","1,U,01,","505.3","U","307.8","1,U","7.30","2,U","12.61","1,,,U","2.00","1,,,U"
"USR0000WCAM","2008-11","42.3458","-107.5528","2249.4","CAMP CREEK WYOMING, WY US","194.0","U","0.0",",U","0",",U","23",",U","2",",U","0",",U","0",",U","-9.4",",U,14,","15.6",",U,17,","987.6","U","482.3",",U","2.26",",U","6.43",",,,U","-1.92",",,,U"
"USR0000WCAM","2008-12","42.3458","-107.5528","2249.4","CAMP CREEK WYOMING, WY US","194.0","U","0.0","2,U","3","1,U","29","1,U","18","1,U","0","1,U","0","1,U","-25.0","1,U,14,","7.8","1,U,06,","1701.9","U","714.3","1,U","-6.36","2,U","-2.00","1,,,U","-10.72","1,,,U"
"USR0000WCAM","2009-01","42.3458","-107.5528","2249.4","CAMP CREEK WYOMING, WY US","0.0","U","0.0",",U","4",",U","27",",U","12",",U","0",",U","0",",U","-23.9",",U,26,","10.0",",U,20,","2381.3","U","679.4",",U","-3.58",",U","0.70",",,,U","-7.86",",,,U"
"USR0000WCAM","2009-02","42.3458","-107.5528","2249.4","CAMP CREEK WYOMING, WY US","0.0","U","0.0",",U","0",",U","28",",U","9",",U","0",",U","0",",U","-13.3",",U,20,","8.3",",U,03,","2954.5","U","573.2",",U","-2.14",",U","2.14",",,,U","-6.42",",,,U"
"USR0000WCAM","2009-03","42.3458","-107.5528","2249.4","CAMP CREEK WYOMING, WY US","0.0","U","0.0",",U","2",",U","27",",U","6",",U","0",",U","0",",U","-20.0",",U,10,","17.8",",U,21,","3528.5","U","574.0",",U","-0.18",",U","5.22",",,,U","-5.59",",,,U"
"USR0000WCAM","2009-04","42.3458","-107.5528","2249.4","CAMP CREEK WYOMING, WY US","0.0","U","0.0","1,U","0","1,U","20","1,U","3","1,U","0","1,U","0","1,U","-11.7","1,U,05,","19.4","1,U,22,","3959.7","U","431.2","1,U","3.46","1,U","8.52","1,,,U","-1.59","1,,,U"
"USR0000WCAM","2009-05","42.3458","-107.5528","2249.4","CAMP CREEK WYOMING, WY US","2.3","U","2.3",",U","0",",U","8",",U","0",",U","8",",U","0",",U","-3.3",",U,08,","26.7",",U,18,","4206.2","U","246.5",",U","10.45",",U","16.68",",,,U","4.23",",,,U"
"USR0000WCAM","2009-06","42.3458","-107.5528","2249.4","CAMP CREEK WYOMING, WY US","14.3","U","12.0",",U","0",",U","0",",U","0",",U","11",",U","0",",U","0.6",",U,07,","27.8",",U,30,","4355.2","U","149.0",",U","13.77",",U","20.14",",,,U","7.39",",,,U"
"USR0000WCAM","2009-07","42.3458","-107.5528","2249.4","CAMP CREEK WYOMING, WY US","55.4","U","41.1",",U","0",",U","0",",U","0",",U","26",",U","0",",U","5.0",",U,30,","31.7",",U,23,","43.3","U","43.3",",U","18.26",",U","25.33",",,,U","11.20",",,,U"
"USR0000WCAM","2009-08","42.3458","-107.5528","2249.4","CAMP CREEK WYOMING, WY US","104.5","U","49.1",",U","0",",U","0",",U","0",",U","27",",U","1",",U","4.4",",U,17,+","33.3",",U,22,","93.0","U","49.7",",U","18.31",",U","25.15",",,,U","11.47",",,,U"
"USR0000WCAM","2009-09","42.3458","-107.5528","2249.4","CAMP CREEK WYOMING, WY US","128.9","U","24.4",",U","0",",U","3",",U","0",",U","18",",U","0",",U","-1.7",",U,30,","28.9",",U,05,","205.6","U","112.6",",U","15.39",",U","22.02",",,,U","8.77",",,,U"
"USR0000WCAM","2009-10","42.3458","-107.5528","2249.4","CAMP CREEK WYOMING, WY US","128.9","U","0.0",",U","0",",U","24",",U","7",",U","0",",U","0",",U","-14.4",",U,10,+","18.9",",U,18,","735.4","U","529.8",",U","1.24",",U","5.84",",,,U","-3.35",",,,U"
"USR0000WCAM","2009-11","42.3458","-107.5528","2249.4","CAMP CREEK WYOMING, WY US","128.9","U","0.0",",U","0",",U","24",",U","3",",U","0",",U","0",",U","-11.1",",U,15,","15.0",",U,05,","1225.7","U","490.3",",U","1.99",",U","6.72",",,,U","-2.74",",,,U"
"USR0000WCAM","2009-12","42.3458","-107.5528","2249.4","CAMP CREEK WYOMING, WY US","128.9","U","0.0",",U","7",",U","31",",U","22",",U","0",",U","0",",U","-25.6",",U,08,+","1.7",",U,20,+","2071.2","U","845.5",",U","-8.94",",U","-5.21",",,,U","-12.67",",,,U"
"USR0000WCAM","2010-01","42.3458","-107.5528","2249.4","CAMP CREEK WYOMING, WY US","0.0","U","0.0",",U","2",",U","31",",U","14",",U","0",",U","0",",U","-21.7",",U,06,","5.6",",U,17,+","2738.2","U","667.0",",U","-3.18",",U","0.95",",,,U","-7.32",",,,U"
"USR0000WCAM","2010-02","42.3458","-107.5528","2249.4","CAMP CREEK WYOMING, WY US","0.0","U","0.0",",U","0",",U","28",",U","13",",U","0",",U","0",",U","-17.2",",U,22,","3.9",",U,17,+","3386.1","U","647.9",",U","-4.81",",U","-0.53",",,,U","-9.08",",,,U"
"USR0000WCAM","2010-03","42.3458","-107.5528","2249.4","CAMP CREEK WYOMING, WY US","0.0","U","0.0",",U","0",",U","30",",U","3",",U","0",",U","0",",U","-11.1",",U,20,+","15.0",",U,17,","3921.7","U","535.6",",U","1.06",",U","5.77",",,,U","-3.66",",,,U"
"USR0000WCAM","2010-04","42.3458","-107.5528","2249.4","CAMP CREEK WYOMING, WY US","0.0","U","0.0",",U","0",",U","21",",U","2",",U","0",",U","0",",U","-6.7",",U,04,+","18.9",",U,19,","4365.9","U","444.2",",U","3.53",",U","8.61",",,,U","-1.56",",,,U"
"USR0000WCAM","2010-05","42.3458","-107.5528","2249.4","CAMP CREEK WYOMING, WY US","0.0","U","0.0",",U","0",",U","16",",U","1",",U","3",",U","0",",U","-6.7",",U,07,","24.4",",U,28,","4736.2","U","370.3",",U","6.39",",U","12.17",",,,U","0.60",",,,U"
"USR0000WCAM","2010-06","42.3458","-107.5528","2249.4","CAMP CREEK WYOMING, WY US","17.8","U","17.8",",U","0",",U","2",",U","0",",U","18",",U","0",",U","0.0",",U,17,+","29.4",",U,29,","4867.5","U","131.3",",U","14.55",",U","21.04",",,,U","8.06",",,,U"
"USR0000WCAM","2010-07","42.3458","-107.5528","2249.4","CAMP CREEK WYOMING, WY US","87.4","U","69.6",",U","0",",U","0",",U","0",",U","28",",U","1",",U","4.4",",U,07,","33.3",",U,26,","29.7","U","29.7",",U","19.62",",U","26.52",",,,U","12.72",",,,U"
"USR0000WCAM","2010-08","42.3458","-107.5528","2249.4","CAMP CREEK WYOMING, WY US","134.3","U","46.9",",U","0",",U","0",",U","0",",U","27",",U","0",",U","5.0",",U,31,","31.7",",U,26,","69.1","U","39.4",",U","18.58",",U","25.37",",,,U","11.79",",,,U"
"USR0000WCAM","2010-09","42.3458","-107.5528","2249.4","CAMP CREEK WYOMING, WY US","148.7","U","14.4",",U","0",",U","1",",U","0",",U","22",",U","0",",U","0.0",",U,18,","28.9",",U,28,","166.5","U","97.4",",U","15.57",",U","23.30",",,,U","7.83",",,,U"
"USR0000WCAM","2010-10","42.3458","-107.5528","2249.4","CAMP CREEK WYOMING, WY US","148.7","U","0.0",",U","0",",U","4",",U","0",",U","3",",U","0",",U","-5.6",",U,27,+","26.1",",U,03,","447.4","U","280.9",",U","9.27",",U","14.93",",,,U","3.62",",,,U"
"USR0000WCAM","2010-11","42.3458","-107.5528","2249.4","CAMP CREEK WYOMING, WY US","148.7","U","0.0","2,U","2","1,U","22","1,U","13","1,U","0","1,U","0","1,U","-20.6","1,U,24,","15.6","1,U,06,+","979.7","U","532.3","1,U","-1.07","2,U","3.34","1,,,U","-5.48","1,,,U"
"USR0000WCAM","2010-12","42.3458","-107.5528","2249.4","CAMP CREEK WYOMING, WY US","148.7","U","0.0",",U","2",",U","30",",U","10",",U","0",",U","0",",U","-25.0",",U,31,","5.6",",U,07,","1649.4","U","669.7",",U","-3.27",",U","0.31",",,,U","-6.85",",,,U"
"USR0000WCAM","2011-01","42.3458","-107.5528","2249.4","CAMP CREEK WYOMING, WY US","0.0","U","0.0","4,U","4","2,U","29","2,U","15","2,U","0","2,U","0","2,U","-27.2","2,U,31,","6.1","2,U,27,","2267.8","U","618.4","2,U","-5.00","4,U","-0.77","2,,,U","-9.24","2,,,U"
"USR0000WCAM","2011-02","42.3458","-107.5528","2249.4","CAMP CREEK WYOMING, WY US","0.0","U","0.0","2,U","5","1,U","27","1,U","16","1,U","0","1,U","0","1,U","-31.1","1,U,01,","5.6","1,U,15,","2938.4","U","670.6","1,U","-7.30","2,U","-2.37","1,,,U","-12.22","1,,,U"
"USR0000WCAM","2011-03","42.3458","-107.5528","2249.4","CAMP CREEK WYOMING, WY US","0.0","U","0.0",",U","0",",U","30",",U","2",",U","0",",U","0",",U","-11.7",",U,07,","11.7",",U,21,","3517.3","U","578.9",",U","-0.34",",U","3.94",",,,U","-4.63",",,,U"
"USR0000WCAM","2011-04","42.3458","-107.5528","2249.4","CAMP CREEK WYOMING, WY US","0.0","U","0.0",",U","0",",U","27",",U","1",",U","0",",U","0",",U","-8.9",",U,03,","17.2",",U,02,","3993.1","U","475.8",",U","2.47",",U","7.83",",,,U","-2.89",",,,U"
"USR0000WCAM","2011-05","42.3458","-107.5528","2249.4","CAMP CREEK WYOMING, WY US","0.0","U","0.0",",U","0",",U","15",",U","0",",U","1",",U","0",",U","-5.6",",U,01,","21.1",",U,08,","4367.7","U","374.6",",U","6.25",",U","11.65",",,,U","0.85",",,,U"
"USR0000WCAM","2011-06","42.3458","-107.5528","2249.4","CAMP CREEK WYOMING, WY US","9.7","U","9.7",",U","0",",U","0",",U","0",",U","17",",U","0",",U","1.1",",U,17,+","30.0",",U,28,","4490.9","U","123.2",",U","14.55",",U","21.57",",,,U","7.53",",,,U"
"USR0000WCAM","2011-07","42.3458","-107.5528","2249.4","CAMP CREEK WYOMING, WY US","100.4","U","90.7",",U","0",",U","0",",U","0",",U","31",",U","1",",U","9.4",",U,23,","32.2",",U,25,","1.9","U","1.9",",U","21.20",",U","28.08",",,,U","14.31",",,,U"
"USR0000WCAM","2011-08","42.3458","-107.5528","2249.4","CAMP CREEK WYOMING, WY US","191.2","U","90.8",",U","0",",U","0",",U","0",",U","31",",U","2",",U","10.0",",U,13,+","32.8",",U,26,","2.2","U","0.3",",U","21.25",",U","28.86",",,,U","13.64",",,,U"
"USR0000WCAM","2011-09","42.3458","-107.5528","2249.4","CAMP CREEK WYOMING, WY US","198.7","U","7.5",",U","0",",U","0",",U","0",",U","19",",U","0",",U","1.1",",U,21,+","27.8",",U,01,","110.0","U","107.8",",U","14.99",",U","21.68",",,,U","8.30",",,,U"
"USR0000WCAM","2011-10","42.3458","-107.5528","2249.4","CAMP CREEK WYOMING, WY US","200.9","U","2.2",",U","0",",U","12",",U","1",",U","3",",U","0",",U","-5.6",",U,26,","26.1",",U,01,","449.1","U","339.1",",U","7.47",",U","12.53",",,,U","2.40",",,,U"
"USR0000WCAM","2011-11","42.3458","-107.5528","2249.4","CAMP CREEK WYOMING, WY US","200.9","U","0.0",",U","0",",U","30",",U","4",",U","0",",U","0",",U","-11.1",",U,16,","8.9",",U,04,","1050.3","U","601.2",",U","-1.71",",U","2.51",",,,U","-5.93",",,,U"
"USR0000WCAM","2011-12","42.3458","-107.5528","2249.4","CAMP CREEK WYOMING, WY US","200.9","U","0.0","2,U","2","1,U","30","1,U","13","1,U","0","1,U","0","1,U","-21.1","1,U,05,","5.6","1,U,30,","1703.2","U","652.9","1,U","-4.06","2,U","-0.17","1,,,U","-7.95","1,,,U"
"USR0000WCAM","2012-01","42.3458","-107.5528","2249.4","CAMP CREEK WYOMING, WY US","0.0","U","0.0","2,U","0","1,U","28","1,U","9","1,U","0","1,U","0","1,U","-17.2","1,U,11,","6.7","1,U,05,+","2308.0","U","604.8","1,U","-2.68","2,U","1.28","1,,,U","-6.64","1,,,U"
"USR0000WCAM","2012-02","42.3458","-107.5528","2249.4","CAMP CREEK WYOMING, WY US","0.0","U","0.0",",U","0",",U","29",",U","18",",U","0",",U","0",",U","-14.4",",U,07,","5.0",",U,12,","2977.5","U","669.5",",U","-4.75",",U","-0.27",",,,U","-9.23",",,,U"
"USR0000WCAM","2012-03","42.3458","-107.5528","2249.4","CAMP CREEK WYOMING, WY US","0.0","U","0.0","1,U","0","1,U","17","1,U","5","1,U","0","1,U","0","1,U","-12.8","1,U,02,","19.4","1,U,31,","3412.8","U","435.3","1,U","3.82","1,U","9.24","1,,,U","-1.59","1,,,U"
"USR0000WCAM","2012-04","42.3458","-107.5528","2249.4","CAMP CREEK WYOMING, WY US","0.0","U","0.0",",U","0",",U","16",",U","1",",U","6",",U","0",",U","-7.2",",U,07,","25.0",",U,23,","3744.9","U","332.1",",U","7.27",",U","13.49",",,,U","1.04",",,,U"
"USR0000WCAM","2012-05","42.3458","-107.5528","2249.4","CAMP CREEK WYOMING, WY US","0.3","U","0.3",",U","0",",U","9",",U","0",",U","9",",U","0",",U","-2.8",",U,06,","25.6",",U,21,+","3992.8","U","247.9",",U","10.35",",U","17.14",",,,U","3.55",",,,U"
"USR0000WCAM","2012-06","42.3458","-107.5528","2249.4","CAMP CREEK WYOMING, WY US","62.7","U","62.4",",U","0",",U","1",",U","0",",U","27",",U","2",",U","0.0",",U,06,","34.4",",U,25,","4047.2","U","54.4",",U","18.60",",U","26.53",",,,U","10.67",",,,U"
"USR0000WCAM","2012-07","42.3458","-107.5528","2249.4","CAMP CREEK WYOMING, WY US","187.8","U","125.1",",U","0",",U","0",",U","0",",U","31",",U","5",",U","10.0",",U,06,","34.4",",U,19,","0.5","U","0.5",",U","22.35",",U","29.52",",,,U","15.18",",,,U"
"USR0000WCAM","2012-08","42.3458","-107.5528","2249.4","CAMP CREEK WYOMING, WY US","286.8","U","99.0",",U","0",",U","0",",U","0",",U","31",",U","3",",U","6.7",",U,03,","32.8",",U,10,+","11.8","U","11.3",",U","21.16",",U","28.41",",,,U","13.91",",,,U"
"USR0000WCAM","2012-09","42.3458","-107.5528","2249.4","CAMP CREEK WYOMING, WY US","296.6","U","9.8",",U","0",",U","0",",U","0",",U","24",",U","0",",U","5.0",",U,05,","27.2",",U,15,+","82.1","U","70.3",",U","16.32",",U","23.16",",,,U","9.47",",,,U"
"USR0000WCAM","2012-10","42.3458","-107.5528","2249.4","CAMP CREEK WYOMING, WY US","296.6","U","0.0",",U","0",",U","15",",U","1",",U","1",",U","0",",U","-10.0",",U,26,","22.2",",U,02,","461.5","U","379.4",",U","6.09",",U","11.62",",,,U","0.56",",,,U"
"USR0000WCAM","2012-11","42.3458","-107.5528","2249.4","CAMP CREEK WYOMING, WY US","296.6","U","0.0","2,U","0","1,U","16","1,U","2","1,U","0","1,U","0","1,U","-14.4","1,U,11,","15.6","1,U,06,+","877.2","U","415.7","1,U","3.33","2,U","7.98","1,,,U","-1.32","1,,,U"
"USR0000WCAM","2012-12","42.3458","-107.5528","2249.4","CAMP CREEK WYOMING, WY US","296.6","U","0.0",",U","0",",U","29",",U","19",",U","0",",U","0",",U","-16.7",",U,25,","8.3",",U,02,","1591.5","U","714.3",",U","-4.71",",U","-1.14",",,,U","-8.28",",,,U"
"USR0000WCAM","2013-01","42.3458","-107.5528","2249.4","CAMP CREEK WYOMING, WY US","0.0","U","0.0","1,U","4",",U","31",",U","12","1,U","0","1,U","0","1,U","-22.8",",U,14,+","6.1","1,U,23,+","2265.0","U","673.5","1,U","-4.15","1,U","-0.06","1,,,U","-8.24",",,,U"
"USR0000WCAM","2013-02","42.3458","-107.5528","2249.4","CAMP CREEK WYOMING, WY US","0.0","U","0.0",",U","0",",U","28",",U","16",",U","0",",U","0",",U","-16.1",",U,11,+","5.6",",U,08,+","2904.4","U","639.4",",U","-4.50",",U","-0.48",",,,U","-8.53",",,,U"
"USR0000WCAM","2013-03","42.3458","-107.5528","2249.4","CAMP CREEK WYOMING, WY US","0.0","U","0.0",",U","0",",U","27",",U","5",",U","0",",U","0",",U","-14.4",",U,25,+","15.0",",U,31,","3467.8","U","563.4",",U","0.16",",U","5.36",",,,U","-5.05",",,,U"
"USR0000WCAM","2013-04","42.3458","-107.5528","2249.4","CAMP CREEK WYOMING, WY US","0.0","U","0.0",",U","0",",U","22",",U","4",",U","0",",U","0",",U","-16.1",",U,09,","18.9",",U,27,","3976.8","U","509.0",",U","1.37",",U","6.84",",,,U","-4.11",",,,U"
"USR0000WCAM","2013-05","42.3458","-107.5528","2249.4","CAMP CREEK WYOMING, WY US","3.3","U","3.3",",U","0",",U","3",",U","1",",U","10",",U","0",",U","-8.3",",U,02,","27.2",",U,13,","4221.1","U","244.3",",U","10.56",",U","16.69",",,,U","4.43",",,,U"
"USR0000WCAM","2013-06","42.3458","-107.5528","2249.4","CAMP CREEK WYOMING, WY US","50.2","U","46.9",",U","0",",U","1",",U","0",",U","26",",U","2",",U","0.0",",U,05,","32.8",",U,27,","4277.9","U","56.8",",U","18.00",",U","25.73",",,,U","10.28",",,,U"
"USR0000WCAM","2013-07","42.3458","-107.5528","2249.4","CAMP CREEK WYOMING, WY US","146.4","U","96.2",",U","0",",U","0",",U","0",",U","31",",U","4",",U","9.4",",U,31,","33.3",",U,11,","0.0","U","0.0",",U","21.44",",U","28.77",",,,U","14.10",",,,U"
"USR0000WCAM","2013-08","42.3458","-107.5528","2249.4","CAMP CREEK WYOMING, WY US","238.4","U","92.0",",U","0",",U","0",",U","0",",U","31",",U","2",",U","11.1",",U,09,+","32.2",",U,19,+","4.2","U","4.2",",U","21.17",",U","28.31",",,,U","14.02",",,,U"
"USR0000WCAM","2013-09","42.3458","-107.5528","2249.4","CAMP CREEK WYOMING, WY US","270.4","U","32.0",",U","0",",U","3",",U","0",",U","12",",U","0",",U","-2.2",",U,27,","31.1",",U,05,","156.8","U","152.6",",U","14.31",",U","19.73",",,,U","8.90",",,,U"
"USR0000WCAM","2013-10","42.3458","-107.5528","2249.4","CAMP CREEK WYOMING, WY US","270.4","U","0.0","2,U","0","1,U","17","1,U","2","1,U","0","1,U","0","1,U","-6.1","1,U,04,","19.4","1,U,01,","571.1","U","414.3","1,U","4.03","2,U","8.69","1,,,U","-0.62","1,,,U"
"USR0000WCAM","2013-11","42.3458","-107.5528","2249.4","CAMP CREEK WYOMING, WY US","270.4","U","0.0",",U","0",",U","25",",U","4",",U","0",",U","0",",U","-15.6",",U,21,","11.7",",U,11,","1108.3","U","537.2",",U","0.43",",U","4.91",",,,U","-4.06",",,,U"
"USR0000WCAM","2013-12","42.3458","-107.5528","2249.4","CAMP CREEK WYOMING, WY US","270.4","U","0.0",",U","7",",U","31",",U","18",",U","0",",U","0",",U","-23.9",",U,06,+","7.8",",U,27,","1877.5","U","769.2",",U","-6.48",",U","-2.42",",,,U","-10.54",",,,U"
"USR0000WCAM","2014-01","42.3458","-107.5528","2249.4","CAMP CREEK WYOMING, WY US","0.0","U","0.0","1,U","3",",U","31",",U","14","1,U","0","1,U","0","1,U","-22.8",",U,05,","6.1","1,U,24,+","2531.4","U","653.9","1,U","-3.70","1,U","0.90","1,,,U","-8.31",",,,U"
"USR0000WCAM","2014-02","42.3458","-107.5528","2249.4","CAMP CREEK WYOMING, WY US","0.0","U","0.0","1,U","3","1,U","27","1,U","10",",U","0",",U","0",",U","-28.9","1,U,05,","7.8",",U,15,","3177.2","U","645.8",",U","-5.50","1,U","-0.18",",,,U","-10.83","1,,,U"
"USR0000WCAM","2014-03","42.3458","-107.5528","2249.4","CAMP CREEK WYOMING, WY US","0.0","U","0.0","1,U","2",",U","30",",U","3","1,U","0","1,U","0","1,U","-22.2",",U,01,","12.2","1,U,25,+","3711.5","U","534.3","1,U","0.24","1,U","5.86","1,,,U","-5.37",",,,U"
"USR0000WCAM","2014-04","42.3458","-107.5528","2249.4","CAMP CREEK WYOMING, WY US","0.0","U","0.0","2,U","0","1,U","18","1,U","0","1,U","0","1,U","0","1,U","-12.2","1,U,13,","18.9","1,U,22,+","4084.8","U","373.3","1,U","4.88","2,U","10.72","1,,,U","-0.97","1,,,U"
"USR0000WCAM","2014-05","42.3458","-107.5528","2249.4","CAMP CREEK WYOMING, WY US","2.8","U","2.8","2,U","0","1,U","7","1,U","0","1,U","8","1,U","0","1,U","-7.2","1,U,13,","26.7","1,U,28,","4296.4","U","211.6","1,U","10.87","2,U","17.05","1,,,U","4.69","1,,,U"
"USR0000WCAM","2014-06","42.3458","-107.5528","2249.4","CAMP CREEK WYOMING, WY US","6.7","U","3.9",",U","0",",U","0",",U","0",",U","19",",U","0",",U","1.7",",U,19,+","28.9",",U,26,","4419.5","U","123.1",",U","14.36",",U","21.83",",,,U","6.89",",,,U"
"USR0000WCAM","2014-07","42.3458","-107.5528","2249.4","CAMP CREEK WYOMING, WY US","93.7","U","87.0",",U","0",",U","0",",U","0",",U","28",",U","4",",U","5.0",",U,01,","35.6",",U,23,","19.5","U","19.5",",U","20.51",",U","27.71",",,,U","13.32",",,,U"
"USR0000WCAM","2014-08","42.3458","-107.5528","2249.4","CAMP CREEK WYOMING, WY US","128.2","U","34.5",",U","0",",U","0",",U","0",",U","27",",U","0",",U","5.0",",U,24,","31.7",",U,12,","61.5","U","42.0",",U","18.09",",U","24.33",",,,U","11.85",",,,U"
"USR0000WCAM","2014-09","42.3458","-107.5528","2249.4","CAMP CREEK WYOMING, WY US","144.6","U","16.4",",U","0",",U","2",",U","0",",U","18",",U","0",",U","-7.8",",U,12,","28.9",",U,18,","196.1","U","134.6",",U","14.40",",U","21.02",",,,U","7.77",",,,U"
"USR0000WCAM","2014-10","42.3458","-107.5528","2249.4","CAMP CREEK WYOMING, WY US","144.6","U","0.0",",U","0",",U","8",",U","0",",U","3",",U","0",",U","-3.3",",U,03,+","22.2",",U,07,","462.4","U","266.3",",U","9.74",",U","15.53",",,,U","3.96",",,,U"
"USR0000WCAM","2014-11","42.3458","-107.5528","2249.4","CAMP CREEK WYOMING, WY US","144.6","U","0.0","4,U","4","2,U","19","2,U","6","2,U","0","2,U","0","2,U","-25.0","2,U,12,","16.1","2,U,01,","942.1","U","479.7","2,U","-0.77","4,U","4.15","2,,,U","-5.70","2,,,U"
"USR0000WCAM","2014-12","42.3458","-107.5528","2249.4","CAMP CREEK WYOMING, WY US","144.6","U","0.0","2,U","2","1,U","25","1,U","13","1,U","0","1,U","0","1,U","-26.1","1,U,30,","10.0","1,U,10,","1529.3","U","587.2","1,U","-2.28","2,U","1.40","1,,,U","-5.96","1,,,U"
"USR0000WCAM","2015-01","42.3458","-107.5528","2249.4","CAMP CREEK WYOMING, WY US","0.0","U","0.0",",U","0",",U","29",",U","9",",U","0",",U","0",",U","-13.9",",U,08,+","14.4",",U,26,","2147.6","U","618.3",",U","-1.61",",U","2.95",",,,U","-6.18",",,,U"
"USR0000WCAM","2015-02","42.3458","-107.5528","2249.4","CAMP CREEK WYOMING, WY US","0.0","U","0.0",",U","4",",U","24",",U","10",",U","0",",U","0",",U","-22.2",",U,23,","13.3",",U,13,","2711.6","U","564.0",",U","-1.81",",U","3.21",",,,U","-6.84",",,,U"
"USR0000WCAM","2015-03","42.3458","-107.5528","2249.4","CAMP CREEK WYOMING, WY US","0.0","U","0.0","2,U","2","1,U","18","1,U","2","1,U","0","1,U","0","1,U","-20.0","1,U,04,","20.6","1,U,31,","3101.8","U","390.2","1,U","4.41","2,U","10.47","1,,,U","-1.64","1,,,U"
"USR0000WCAM","2015-04","42.3458","-107.5528","2249.4","CAMP CREEK WYOMING, WY US","0.0","U","0.0",",U","0",",U","20",",U","2",",U","1",",U","0",",U","-8.9",",U,03,","21.7",",U,29,","3501.8","U","400.0",",U","5.00",",U","10.71",",,,U","-0.71",",,,U"
"USR0000WCAM","2015-05","42.3458","-107.5528","2249.4","CAMP CREEK WYOMING, WY US","0.0","U","0.0",",U","0",",U","11",",U","0",",U","1",",U","0",",U","-5.0",",U,11,","25.0",",U,31,","3837.1","U","335.3",",U","7.52",",U","12.65",",,,U","2.38",",,,U"
"USR0000WCAM","2015-06","42.3458","-107.5528","2249.4","CAMP CREEK WYOMING, WY US","44.2","U","44.2",",U","0",",U","0",",U","0",",U","26",",U","0",",U","6.1",",U,03,","31.1",",U,30,+","3875.9","U","38.8",",U","18.51",",U","25.77",",,,U","11.26",",,,U"
"USR0000WCAM","2015-07","42.3458","-107.5528","2249.4","CAMP CREEK WYOMING, WY US","87.1","U","42.9",",U","0",",U","0",",U","0",",U","28",",U","0",",U","5.0",",U,28,","31.1",",U,26,+","28.0","U","28.0",",U","18.81",",U","25.75",",,,U","11.87",",,,U"
"USR0000WCAM","2015-08","42.3458","-107.5528","2249.4","CAMP CREEK WYOMING, WY US","154.0","U","66.9",",U","0",",U","0",",U","0",",U","29",",U","1",",U","2.2",",U,19,","32.8",",U,25,","59.9","U","31.9",",U","19.46",",U","26.63",",,,U","12.30",",,,U"
"USR0000WCAM","2015-09","42.3458","-107.5528","2249.4","CAMP CREEK WYOMING, WY US","178.5","U","24.5",",U","0",",U","0",",U","0",",U","24",",U","0",",U","2.2",",U,18,","28.3",",U,26,+","123.5","U","63.6",",U","17.03",",U","24.04",",,,U","10.02",",,,U"
"USR0000WCAM","2015-10","42.3458","-107.5528","2249.4","CAMP CREEK WYOMING, WY US","178.5","U","0.0",",U","0",",U","4",",U","0",",U","8",",U","0",",U","-1.7",",U,28,","23.3",",U,02,+","374.9","U","251.4",",U","10.22",",U","15.71",",,,U","4.73",",,,U"
"USR0000WCAM","2015-11","42.3458","-107.5528","2249.4","CAMP CREEK WYOMING, WY US","178.5","U","0.0","2,U","0","2,U","22","2,U","4","2,U","0","2,U","0","2,U","-16.7","2,U,29,","14.4","2,U,02,","898.8","U","523.9","2,U","-0.38","2,U","4.21","2,,,U","-4.96","2,,,U"
"USR0000WCAM","2015-12","42.3458","-107.5528","2249.4","CAMP CREEK WYOMING, WY US","178.5","U","0.0",",U","0",",U","30",",U","18",",U","0",",U","0",",U","-17.2",",U,26,+","7.2",",U,09,","1629.4","U","730.6",",U","-5.24",",U","-1.51",",,,U","-8.96",",,,U"
"USR0000WCAM","2016-01","42.3458","-107.5528","2249.4","CAMP CREEK WYOMING, WY US","0.0","U","0.0",",U","0",",U","31",",U","14",",U","0",",U","0",",U","-12.8",",U,08,+","6.7",",U,27,","2306.7","U","677.3",",U","-3.52",",U","0.06",",,,U","-7.10",",,,U"
"USR0000WCAM","2016-02","42.3458","-107.5528","2249.4","CAMP CREEK WYOMING, WY US","0.0","U","0.0",",U","0",",U","26",",U","5",",U","0",",U","0",",U","-15.0",",U,02,","11.1",",U,10,","2861.2","U","554.5",",U","-0.79",",U","3.39",",,,U","-4.96",",,,U"
"USR0000WCAM","2016-03","42.3458","-107.5528","2249.4","CAMP CREEK WYOMING, WY US","0.0","U","0.0","2,U","0","1,U","25","1,U","3","1,U","0","1,U","0","1,U","-13.9","1,U,19,","15.0","1,U,05,","3360.1","U","498.9","1,U","1.18","2,U","6.02","1,,,U","-3.67","1,,,U"
"USR0000WCAM","2016-04","42.3458","-107.5528","2249.4","CAMP CREEK WYOMING, WY US","0.0","U","0.0",",U","0",",U","19",",U","2",",U","0",",U","0",",U","-6.1",",U,01,","20.6",",U,22,","3761.5","U","401.4",",U","4.95",",U","10.31",",,,U","-0.41",",,,U"
"USR0000WCAM","2016-05","42.3458","-107.5528","2249.4","CAMP CREEK WYOMING, WY US","0.0","U","0.0",",U","0",",U","9",",U","0",",U","3",",U","0",",U","-2.8",",U,11,+","23.9",",U,05,","4080.7","U","319.2",",U","8.04",",U","13.96",",,,U","2.12",",,,U"
"USR0000WCAM","2016-06","42.3458","-107.5528","2249.4","CAMP CREEK WYOMING, WY US","53.6","U","53.6",",U","0",",U","0",",U","0",",U","29",",U","0",",U","3.3",",U,01,","31.1",",U,21,","4103.5","U","22.8",",U","19.36",",U","26.16",",,,U","12.56",",,,U"
"USR0000WCAM","2016-07","42.3458","-107.5528","2249.4","CAMP CREEK WYOMING, WY US","139.3","U","85.7",",U","0",",U","0",",U","0",",U","30",",U","1",",U","6.7",",U,11,","32.2",",U,22,","9.4","U","9.4",",U","20.79",",U","27.76",",,,U","13.83",",,,U"
"USR0000WCAM","2016-08","42.3458","-107.5528","2249.4","CAMP CREEK WYOMING, WY US","201.9","U","62.6",",U","0",",U","0",",U","0",",U","27",",U","1",",U","3.3",",U,20,","32.2",",U,02,","54.4","U","45.0",",U","18.90",",U","25.38",",,,U","12.42",",,,U"
"USR0000WCAM","2016-09","42.3458","-107.5528","2249.4","CAMP CREEK WYOMING, WY US","212.7","U","10.8",",U","0",",U","0",",U","0",",U","12",",U","0",",U","0.6",",U,13,","28.9",",U,01,","208.4","U","154.0",",U","13.56",",U","18.75",",,,U","8.37",",,,U"
"USR0000WCAM","2016-10","42.3458","-107.5528","2249.4","CAMP CREEK WYOMING, WY US","212.7","U","0.0",",U","0",",U","10",",U","0",",U","0",",U","0",",U","-5.6",",U,12,+","20.6",",U,01,","502.4","U","294.0",",U","8.85",",U","13.95",",,,U","3.75",",,,U"
"USR0000WCAM","2016-11","42.3458","-107.5528","2249.4","CAMP CREEK WYOMING, WY US","212.7","U","0.0",",U","0",",U","17",",U","6",",U","0",",U","0",",U","-11.7",",U,18,","16.7",",U,05,","951.0","U","448.6",",U","3.38",",U","7.68",",,,U","-0.92",",,,U"
"USR0000WCAM","2016-12","42.3458","-107.5528","2249.4","CAMP CREEK WYOMING, WY US","212.7","U","0.0","2,U","6","1,U","30","1,U","22","1,U","0","1,U","0","1,U","-27.8","1,U,17,","5.0","1,U,24,+","1690.0","U","739.0","1,U","-7.21","2,U","-2.83","1,,,U","-11.58","1,,,U"
"USR0000WCAM","2017-01","42.3458","-107.5528","2249.4","CAMP CREEK WYOMING, WY US","0.0","U","0.0","2,U","5","1,U","30","1,U","17","1,U","0","1,U","0","1,U","-23.3","1,U,05,","7.8","1,U,29,","2386.6","U","696.6","1,U","-5.74","2,U","-1.53","1,,,U","-9.94","1,,,U"
"USR0000WCAM","2017-02","42.3458","-107.5528","2249.4","CAMP CREEK WYOMING, WY US","0.0","U","0.0",",U","1",",U","24",",U","10",",U","0",",U","0",",U","-17.8",",U,02,","7.8",",U,21,","2966.6","U","580.0",",U","-2.38",",U","1.63",",,,U","-6.39",",,,U"
"USR0000WCAM","2017-03","42.3458","-107.5528","2249.4","CAMP CREEK WYOMING, WY US","0.0","U","0.0",",U","0",",U","18",",U","4",",U","0",",U","0",",U","-12.8",",U,01,","19.4",",U,18,","3436.6","U","470.0",",U","3.17",",U","7.42",",,,U","-1.07",",,,U"
"USR0000WCAM","2017-04","42.3458","-107.5528","2249.4","CAMP CREEK WYOMING, WY US","0.0","U","0.0",",U","0",",U","20",",U","3",",U","0",",U","0",",U","-6.7",",U,04,","18.9",",U,13,","3872.8","U","436.2",",U","3.79",",U","9.02",",,,U","-1.43",",,,U"
"USR0000WCAM","2017-05","42.3458","-107.5528","2249.4","CAMP CREEK WYOMING, WY US","0.0","U","0.0",",U","0",",U","8",",U","1",",U","5",",U","0",",U","-3.3",",U,19,+","23.3",",U,31,+","4151.6","U","278.8",",U","9.34",",U","14.88",",,,U","3.80",",,,U"
"USR0000WCAM","2017-06","42.3458","-107.5528","2249.4","CAMP CREEK WYOMING, WY US","17.5","U","17.5",",U","0",",U","0",",U","0",",U","24",",U","0",",U","3.3",",U,23,+","30.0",",U,20,","4225.8","U","74.2",",U","16.44",",U","23.37",",,,U","9.52",",,,U"
"USR0000WCAM","2017-07","42.3458","-107.5528","2249.4","CAMP CREEK WYOMING, WY US","126.8","U","109.3",",U","0",",U","0",",U","0",",U","31",",U","0",",U","11.7",",U,26,","31.7",",U,16,+","3.6","U","3.6",",U","21.74",",U","28.27",",,,U","15.21",",,,U"
"USR0000WCAM","2017-08","42.3458","-107.5528","2249.4","CAMP CREEK WYOMING, WY US","173.5","U","46.7",",U","0",",U","0",",U","0",",U","27",",U","0",",U","8.3",",U,15,+","29.4",",U,29,+","32.3","U","28.7",",U","18.91",",U","25.05",",,,U","12.77",",,,U"
"USR0000WCAM","2017-09","42.3458","-107.5528","2249.4","CAMP CREEK WYOMING, WY US","204.0","U","30.5",",U","0",",U","7",",U","0",",U","13",",U","0",",U","-1.1",",U,25,+","30.0",",U,03,","234.2","U","201.9",",U","12.62",",U","17.82",",,,U","7.42",",,,U"
"USR0000WCAM","2017-10","42.3458","-107.5528","2249.4","CAMP CREEK WYOMING, WY US","204.0","U","0.0",",U","0",",U","19",",U","1",",U","0",",U","0",",U","-8.9",",U,26,","18.3",",U,04,","652.6","U","418.4",",U","4.84",",U","10.37",",,,U","-0.70",",,,U"
"USR0000WCAM","2017-11","42.3458","-107.5528","2249.4","CAMP CREEK WYOMING, WY US","204.0","U","0.0","2,U","0","1,U","22","1,U","2","1,U","0","1,U","0","1,U","-9.4","1,U,18,","12.8","1,U,16,","1102.4","U","449.8","1,U","2.29","2,U","6.74","1,,,U","-2.17","1,,,U"
"USR0000WCAM","2017-12","42.3458","-107.5528","2249.4","CAMP CREEK WYOMING, WY US","204.0","U","0.0",",U","2",",U","29",",U","14",",U","0",",U","0",",U","-20.6",",U,26,","12.8",",U,12,","1769.8","U","667.4",",U","-3.20",",U","1.25",",,,U","-7.64",",,,U"
"USR0000WCAM","2018-01","42.3458","-107.5528","2249.4","CAMP CREEK WYOMING, WY US","0.0","U","0.0",",U","0",",U","29",",U","10",",U","0",",U","0",",U","-12.8",",U,15,","6.7",",U,30,","2407.5","U","637.7",",U","-2.24",",U","1.53",",,,U","-6.00",",,,U"
"USR0000WCAM","2018-02","42.3458","-107.5528","2249.4","CAMP CREEK WYOMING, WY US","0.0","U","0.0",",U","4",",U","28",",U","15",",U","0",",U","0",",U","-24.4",",U,20,+","7.8",",U,03,","3097.3","U","689.8",",U","-6.30",",U","-1.35",",,,U","-11.26",",,,U"
"USR0000WCAM","2018-03","42.3458","-107.5528","2249.4","CAMP CREEK WYOMING, WY US","0.0","U","0.0",",U","0",",U","28",",U","4",",U","0",",U","0",",U","-11.1",",U,31,+","14.4",",U,22,","3649.3","U","552.0",",U","0.53",",U","5.23",",,,U","-4.18",",,,U"
"USR0000WCAM","2018-04","42.3458","-107.5528","2249.4","CAMP CREEK WYOMING, WY US","0.0","U","0.0","2,U","0","1,U","22","1,U","1","1,U","1","1,U","0","1,U","-13.9","1,U,03,","22.2","1,U,28,","4033.3","U","384.0","1,U","4.43","2,U","11.26","1,,,U","-2.40","1,,,U"
"USR0000WCAM","2018-05","42.3458","-107.5528","2249.4","CAMP CREEK WYOMING, WY US","2.0","U","2.0",",U","0",",U","1",",U","0",",U","11",",U","0",",U","-2.2",",U,01,","25.6",",U,26,+","4248.2","U","214.9",",U","11.46",",U","17.10",",,,U","5.83",",,,U"
"USR0000WCAM","2018-06","42.3458","-107.5528","2249.4","CAMP CREEK WYOMING, WY US","32.9","U","30.9",",U","0",",U","0",",U","0",",U","21",",U","0",",U","1.7",",U,12,","30.6",",U,28,","4334.0","U","85.8",",U","16.50",",U","23.34",",,,U","9.66",",,,U"
"USR0000WCAM","2018-07","42.3458","-107.5528","2249.4","CAMP CREEK WYOMING, WY US","123.9","U","91.0",",U","0",",U","0",",U","0",",U","31",",U","3",",U","9.4",",U,28,+","32.8",",U,10,","4.5","U","4.5",",U","21.13",",U","27.93",",,,U","14.33",",,,U"
"USR0000WCAM","2018-08","42.3458","-107.5528","2249.4","CAMP CREEK WYOMING, WY US","185.6","U","61.7",",U","0",",U","0",",U","0",",U","27",",U","1",",U","6.1",",U,28,","33.3",",U,12,","42.1","U","37.6",",U","19.11",",U","25.52",",,,U","12.71",",,,U"
"USR0000WCAM","2018-09","42.3458","-107.5528","2249.4","CAMP CREEK WYOMING, WY US","205.1","U","19.5",",U","0",",U","3",",U","0",",U","22",",U","0",",U","-1.7",",U,28,","27.8",",U,15,","132.7","U","90.6",",U","15.97",",U","22.97",",,,U","8.96",",,,U"
"USR0000WCAM","2018-10","42.3458","-107.5528","2249.4","CAMP CREEK WYOMING, WY US","205.1","U","0.0",",U","0",",U","15",",U","3",",U","0",",U","0",",U","-11.1",",U,14,","20.6",",U,02,+","550.4","U","417.7",",U","4.86",",U","9.82",",,,U","-0.10",",,,U"
"USR0000WCAM","2018-11","42.3458","-107.5528","2249.4","CAMP CREEK WYOMING, WY US","205.1","U","0.0",",U","0",",U","27",",U","8",",U","0",",U","0",",U","-13.3",",U,17,+","10.0",",U,02,","1136.9","U","586.5",",U","-1.22",",U","2.57",",,,U","-5.00",",,,U"
"USR0000WCAM","2018-12","42.3458","-107.5528","2249.4","CAMP CREEK WYOMING, WY US","205.1","U","0.0",",U","2",",U","31",",U","20",",U","0",",U","0",",U","-22.8",",U,31,","6.1",",U,16,","1885.3","U","748.4",",U","-5.81",",U","-2.27",",,,U","-9.35",",,,U"
"USR0000WCAM","2019-01","42.3458","-107.5528","2249.4","CAMP CREEK WYOMING, WY US","0.0","U","0.0",",U","1",",U","31",",U","15",",U","0",",U","0",",U","-22.8",",U,01,","5.0",",U,03,","2585.9","U","700.6",",U","-4.27",",U","-0.16",",,,U","-8.37",",,,U"
"USR0000WCAM","2019-02","42.3458","-107.5528","2249.4","CAMP CREEK WYOMING, WY US","0.0","U","0.0",",U","6",",U","28",",U","19",",U","0",",U","0",",U","-24.4",",U,06,","5.0",",U,14,","3289.2","U","703.3",",U","-6.78",",U","-2.49",",,,U","-11.08",",,,U"
"USR0000WCAM","2019-03","42.3458","-107.5528","2249.4","CAMP CREEK WYOMING, WY US","0.0","U","0.0",",U","3",",U","30",",U","10",",U","0",",U","0",",U","-24.4",",U,03,","11.1",",U,27,","3936.6","U","647.4",",U","-2.55",",U","2.22",",,,U","-7.33",",,,U"
"USR0000WCAM","2019-04","42.3458","-107.5528","2249.4","CAMP CREEK WYOMING, WY US","0.0","U","0.0",",U","0",",U","20",",U","3",",U","0",",U","0",",U","-10.0",",U,29,","20.0",",U,20,","4360.5","U","423.9",",U","4.20",",U","9.77",",,,U","-1.37",",,,U"
"USR0000WCAM","2019-05","42.3458","-107.5528","2249.4","CAMP CREEK WYOMING, WY US","0.0","U","0.0",",U","0",",U","15",",U","2",",U","3",",U","0",",U","-6.1",",U,01,","22.2",",U,16,+","4736.8","U","376.3",",U","6.19",",U","11.25",",,,U","1.13",",,,U"
"USR0000WCAM","2019-06","42.3458","-107.5528","2249.4","CAMP CREEK WYOMING, WY US","11.9","U","11.9",",U","0",",U","2",",U","0",",U","17",",U","0",",U","-1.1",",U,09,","28.3",",U,28,","4862.6","U","125.8",",U","14.54",",U","20.65",",,,U","8.43",",,,U"
"USR0000WCAM","2019-07","42.3458","-107.5528","2249.4","CAMP CREEK WYOMING, WY US","91.1","U","79.2",",U","0",",U","0",",U","0",",U","31",",U","0",",U","8.3",",U,10,+","30.6",",U,30,+","9.5","U","9.5",",U","20.58",",U","27.37",",,,U","13.79",",,,U"
"USR0000WCAM","2019-08","42.3458","-107.5528","2249.4","CAMP CREEK WYOMING, WY US","155.0","U","63.9",",U","0",",U","0",",U","0",",U","31",",U","0",",U","6.7",",U,27,","30.6",",U,04,","22.3","U","12.8",",U","19.98",",U","27.24",",,,U","12.73",",,,U"
"USR0000WCAM","2019-09","42.3458","-107.5528","2249.4","CAMP CREEK WYOMING, WY US","185.6","U","30.6",",U","0",",U","0",",U","0",",U","14",",U","0",",U","0.6",",U,30,","31.1",",U,02,","157.4","U","135.1",",U","14.85",",U","21.12",",,,U","8.58",",,,U"
"USR0000WCAM","2019-10","42.3458","-107.5528","2249.4","CAMP CREEK WYOMING, WY US","185.6","U","0.0",",U","4",",U","25",",U","6",",U","0",",U","0",",U","-22.2",",U,29,","17.8",",U,17,+","697.3","U","539.9",",U","0.92",",U","6.56",",,,U","-4.73",",,,U"
"USR0000WCAM","2019-11","42.3458","-107.5528","2249.4","CAMP CREEK WYOMING, WY US","185.6","U","0.0",",U","1",",U","25",",U","7",",U","0",",U","0",",U","-18.3",",U,11,","13.9",",U,08,","1265.9","U","568.6",",U","-0.62",",U","4.19",",,,U","-5.43",",,,U"
"USR0000WCAM","2019-12","42.3458","-107.5528","2249.4","CAMP CREEK WYOMING, WY US","185.6","U","0.0",",U","0",",U","31",",U","19",",U","0",",U","0",",U","-14.4",",U,16,","4.4",",U,23,+","1963.0","U","697.1",",U","-4.15",",U","-0.92",",,,U","-7.39",",,,U"
"USR0000WCAM","2020-01","42.3458","-107.5528","2249.4","CAMP CREEK WYOMING, WY US","0.0","U","0.0",",U","0",",U","31",",U","18",",U","0",",U","0",",U","-16.7",",U,10,","3.9",",U,19,","2669.7","U","706.7",",U","-4.46",",U","-1.13",",,,U","-7.80",",,,U"
"USR0000WCAM","2020-02","42.3458","-107.5528","2249.4","CAMP CREEK WYOMING, WY US","0.0","U","0.0","2,U","1","1,U","28","1,U","16","1,U","0","1,U","0","1,U","-18.3","1,U,04,","6.7","1,U,02,","3323.2","U","653.5","1,U","-5.83","2,U","-1.19","1,,,U","-10.47","1,,,U"
"USR0000WCAM","2020-03","42.3458","-107.5528","2249.4","CAMP CREEK WYOMING, WY US","0.0","U","0.0",",U","0",",U","28",",U","3",",U","0",",U","0",",U","-11.1",",U,01,","9.4",",U,17,","3893.9","U","570.7",",U","-0.08",",U","4.46",",,,U","-4.62",",,,U"
"USR0000WCAM","2020-04","42.3458","-107.5528","2249.4","CAMP CREEK WYOMING, WY US","0.0","U","0.0",",U","0",",U","18",",U","5",",U","2",",U","0",",U","-16.7",",U,13,","22.8",",U,30,","4347.6","U","453.7",",U","3.21",",U","9.28",",,,U","-2.86",",,,U"
"USR0000WCAM","2020-05","42.3458","-107.5528","2249.4","CAMP CREEK WYOMING, WY US","6.0","U","6.0",",U","0",",U","8",",U","0",",U","8",",U","0",",U","-3.9",",U,08,","27.8",",U,29,","4589.7","U","242.1",",U","10.72",",U","17.22",",,,U","4.22",",,,U"
"USR0000WCAM","2020-06","42.3458","-107.5528","2249.4","CAMP CREEK WYOMING, WY US","27.4","U","21.4",",U","0",",U","0",",U","0",",U","20",",U","0",",U","0.6",",U,09,","30.0",",U,24,","4686.6","U","96.9",",U","15.82",",U","22.21",",,,U","9.43",",,,U"
"USR0000WCAM","2020-07","42.3458","-107.5528","2249.4","CAMP CREEK WYOMING, WY US","113.9","U","86.5",",U","0",",U","0",",U","0",",U","31",",U","0",",U","5.0",",U,01,","31.7",",U,12,","6.9","U","6.9",",U","20.90",",U","28.51",",,,U","13.29",",,,U"
"USR0000WCAM","2020-08","42.3458","-107.5528","2249.4","CAMP CREEK WYOMING, WY US","249.2","U","135.3",",U","0",",U","0",",U","0",",U","30",",U","4",",U","3.3",",U,30,","32.8",",U,23,+","21.8","U","14.9",",U","22.22",",U","29.07",",,,U","15.36",",,,U"
"USR0000WCAM","2020-09","42.3458","-107.5528","2249.4","CAMP CREEK WYOMING, WY US","269.4","U","20.2",",U","0",",U","6",",U","1",",U","21",",U","0",",U","-6.1",",U,08,","31.7",",U,05,","171.3","U","149.5",",U","14.03",",U","20.40",",,,U","7.65",",,,U"
"USR0000WCAM","2020-10","42.3458","-107.5528","2249.4","CAMP CREEK WYOMING, WY US","269.4","U","0.0",",U","2",",U","14",",U","3",",U","6",",U","0",",U","-21.7",",U,25,","22.2",",U,09,+","555.9","U","384.6",",U","5.93",",U","11.91",",,,U","-0.06",",,,U"
"USR0000WCAM","2020-11","42.3458","-107.5528","2249.4","CAMP CREEK WYOMING, WY US","269.4","U","0.0","2,U","0","1,U","21","1,U","6","1,U","0","1,U","0","1,U","-11.1","1,U,12,","17.2","1,U,03,","1048.8","U","492.9","1,U","0.82","2,U","4.93","1,,,U","-3.29","1,,,U"
"USR0000WCAM","2020-12","42.3458","-107.5528","2249.4","CAMP CREEK WYOMING, WY US","269.4","U","0.0",",U","0",",U","30",",U","19",",U","0",",U","0",",U","-14.4",",U,23,","11.1",",U,04,","1742.6","U","693.8",",U","-4.05",",U","-0.24",",,,U","-7.85",",,,U"
"USR0000WCAM","2021-01","42.3458","-107.5528","2249.4","CAMP CREEK WYOMING, WY US","0.0","U","0.0",",U","0",",U","31",",U","20",",U","0",",U","0",",U","-15.0",",U,26,","3.3",",U,29,","2456.4","U","713.8",",U","-4.69",",U","-0.84",",,,U","-8.55",",,,U"
"USR0000WCAM","2021-02","42.3458","-107.5528","2249.4","CAMP CREEK WYOMING, WY US","0.0","U","0.0",",U","4",",U","28",",U","21",",U","0",",U","0",",U","-29.4",",U,14,","5.0",",U,02,","3195.5","U","739.1",",U","-8.06",",U","-3.73",",,,U","-12.40",",,,U"
"USR0000WCAM","2021-03","42.3458","-107.5528","2249.4","CAMP CREEK WYOMING, WY US","0.0","U","0.0",",U","0",",U","29",",U","6",",U","0",",U","0",",U","-12.2",",U,30,","12.8",",U,08,","3778.5","U","583.0",",U","-0.47",",U","4.37",",,,U","-5.32",",,,U"
"USR0000WCAM","2021-04","42.3458","-107.5528","2249.4","CAMP CREEK WYOMING, WY US","0.0","U","0.0","2,U","0","1,U","22","1,U","7","1,U","1","1,U","0","1,U","-13.3","1,U,20,+","22.8","1,U,30,","4228.0","U","449.5","1,U","2.46","2,U","8.04","1,,,U","-3.12","1,,,U"
"USR0000WCAM","2021-05","42.3458","-107.5528","2249.4","CAMP CREEK WYOMING, WY US","0.0","U","0.0","4,U","0","2,U","11","2,U","1","2,U","4","2,U","0","2,U","-3.3","2,U,11,+","22.2","2,U,28,+","4495.7","U","267.7","2,U","8.52","4,U","14.69","2,,,U","2.34","2,,,U"
"USR0000WCAM","2021-06","42.3458","-107.5528","2249.4","CAMP CREEK WYOMING, WY US","71.9","U","71.9",",U","0",",U","0",",U","0",",U","25",",U","3",",U","1.7",",U,11,","32.8",",U,16,","4541.2","U","45.5",",U","19.21",",U","25.70",",,,U","12.72",",,,U"
"USR0000WCAM","2021-07","42.3458","-107.5528","2249.4","CAMP CREEK WYOMING, WY US","184.8","U","112.9",",U","0",",U","0",",U","0",",U","30",",U","0",",U","10.0",",U,06,","31.7",",U,27,+","6.0","U","6.0",",U","21.78",",U","28.15",",,,U","15.41",",,,U"
"USR0000WCAM","2021-08","42.3458","-107.5528","2249.4","CAMP CREEK WYOMING, WY US","228.9","U","44.1",",U","0",",U","0",",U","0",",U","26",",U","0",",U","3.9",",U,20,","30.6",",U,14,","43.1","U","37.1",",U","18.56",",U","25.28",",,,U","11.83",",,,U"
"USR0000WCAM","2021-09","42.3458","-107.5528","2249.4","CAMP CREEK WYOMING, WY US","251.7","U","22.8","2,U","0","1,U","2","1,U","0","1,U","22","1,U","0","1,U","0.0","1,U,30,+","30.6","1,U,09,","129.0","U","85.9","1,U","15.96","2,U","22.73","1,,,U","9.18","1,,,U"
"USR0000WCAM","2021-10","42.3458","-107.5528","2249.4","CAMP CREEK WYOMING, WY US","251.7","U","0.0",",U","0",",U","14",",U","3",",U","2",",U","0",",U","-6.1",",U,15,+","21.7",",U,04,","505.5","U","376.5",",U","6.19",",U","10.75",",,,U","1.63",",,,U"
"USR0000WCAM","2021-11","42.3458","-107.5528","2249.4","CAMP CREEK WYOMING, WY US","251.7","U","0.0",",U","0",",U","17",",U","3",",U","0",",U","0",",U","-11.1",",U,17,","13.9",",U,15,","971.2","U","465.7",",U","2.81",",U","7.02",",,,U","-1.40",",,,U"
